-1.873560994863510132e-01
-1.887561231851577759e-01
-1.853382885456085205e-01
-1.868289858102798462e-01
-1.868290305137634277e-01
-1.875925511121749878e-01
-1.856109946966171265e-01
-1.831749528646469116e-01
-1.857927888631820679e-01
-1.867380440235137939e-01
-1.856656074523925781e-01
-1.873198598623275757e-01
-1.856290847063064575e-01
-1.839929521083831787e-01
-1.857200860977172852e-01
-1.877743154764175415e-01
-1.874652057886123657e-01
-1.874653398990631104e-01
-1.846475303173065186e-01
-1.862471848726272583e-01
-1.871198117733001709e-01
-1.826295703649520874e-01
-1.860289573669433594e-01
-1.875198930501937866e-01
-1.859928369522094727e-01
-1.884833425283432007e-01
-1.838657855987548828e-01
-1.863200962543487549e-01
-1.890105456113815308e-01
-1.874106973409652710e-01
-1.878289282321929932e-01
-1.865745484828948975e-01
-1.859200596809387207e-01
-1.880288720130920410e-01
-1.812476813793182373e-01
-1.820834875106811523e-01
-1.756846010684967041e-01
-1.702131181955337524e-01
-1.607958972454071045e-01
-1.545960009098052979e-01
-1.544859558343887329e-01
-1.549782454967498779e-01
-1.540868729352951050e-01
-1.587233990430831909e-01
-1.585953235626220703e-01
-1.619229018688201904e-01
-1.662679016590118408e-01
-1.715578287839889526e-01
-1.762300729751586914e-01
-1.799023002386093140e-01
-1.845747679471969604e-01
-1.866472214460372925e-01
-1.864654570817947388e-01
-1.887378841638565063e-01
-1.855017691850662231e-01
-1.864836961030960083e-01
-1.859926730394363403e-01
-1.857383400201797485e-01
-1.884834468364715576e-01
-1.851383447647094727e-01
-1.857018470764160156e-01
-1.861199587583541870e-01
-1.747029721736907959e-01
-1.520505547523498535e-01
-1.332892477512359619e-01
-1.194356158375740051e-01
-1.221258193254470825e-01
-1.365785151720046997e-01
-1.530503779649734497e-01
-1.758300960063934326e-01
-1.971014738082885742e-01
-2.122660875320434570e-01
-2.161763608455657959e-01
-2.111016511917114258e-01
-2.091887891292572021e-01
-1.939723044633865356e-01
-1.732279956340789795e-01
-1.550495624542236328e-01
-1.498869210481643677e-01
-1.697944402694702148e-01
-1.785391569137573242e-01
-1.839020550251007080e-01
-1.866834759712219238e-01
-1.865562647581100464e-01
-1.864289641380310059e-01
-1.878106892108917236e-01
-1.851746439933776855e-01
-1.851201653480529785e-01
-1.829385757446289062e-01
-1.676862239837646484e-01
-1.465974301099777222e-01
-1.109986975789070129e-01
-9.579957276582717896e-02
-1.040545031428337097e-01
-1.285628378391265869e-01
-1.626136898994445801e-01
-2.035383582115173340e-01
-2.619735896587371826e-01
-3.070619404315948486e-01
-3.297712206840515137e-01
-3.354967236518859863e-01
-3.181891739368438721e-01
-2.774659097194671631e-01
-2.235581427812576294e-01
-1.825568825006484985e-01
-1.537223309278488159e-01
-1.447237133979797363e-01
-1.442880630493164062e-01
-1.583596169948577881e-01
-1.793390959501266479e-01
-1.853020489215850830e-01
-1.866290718317031860e-01
-1.861018389463424683e-01
-1.856109052896499634e-01
-1.885924041271209717e-01
-1.848838329315185547e-01
-1.688676923513412476e-01
-1.229088380932807922e-01
-9.463523328304290771e-02
-7.281740009784698486e-02
-6.332758069038391113e-02
-9.581816941499710083e-02
-1.471792161464691162e-01
-2.280291467905044556e-01
-3.425184190273284912e-01
-4.610796272754669189e-01
-5.336379408836364746e-01
-5.801534652709960938e-01
-5.924763679504394531e-01
-5.394968986511230469e-01
-4.391902983188629150e-01
-3.204633891582489014e-01
-2.151749283075332642e-01
-1.531037241220474243e-01
-1.242179274559020996e-01
-1.254717111587524414e-01
-1.338709294795989990e-01
-1.531247049570083618e-01
-1.801390200853347778e-01
-1.878834962844848633e-01
-1.865927278995513916e-01
-1.862291544675827026e-01
-1.851018667221069336e-01
-1.743213981389999390e-01
-1.227811798453330994e-01
-8.027160912752151489e-02
-4.180062934756278992e-02
-1.894576102495193481e-02
-3.741848841309547424e-02
-1.124191582202911377e-01
-2.209772914648056030e-01
-3.465346097946166992e-01
-4.917337298393249512e-01
-6.209145188331604004e-01
-6.956962347030639648e-01
-7.310891747474670410e-01
-7.338562607765197754e-01
-6.623012423515319824e-01
-5.336292386054992676e-01
-3.823445737361907959e-01
-2.398503720760345459e-01
-1.417586654424667358e-01
-1.055642887949943542e-01
-1.187269166111946106e-01
-1.286729425191879272e-01
-1.355085372924804688e-01
-1.604325771331787109e-01
-1.849747300148010254e-01
-1.867925077676773071e-01
-1.855381578207015991e-01
-1.815750598907470703e-01
-1.442156434059143066e-01
-8.678134530782699585e-02
-3.338248282670974731e-02
-7.275611860677599907e-04
7.257895777001976967e-05
-5.449113994836807251e-02
-1.839056760072708130e-01
-3.432822227478027344e-01
-5.023332238197326660e-01
-6.411446928977966309e-01
-7.473106980323791504e-01
-7.997727990150451660e-01
-8.165915608406066895e-01
-7.864292860031127930e-01
-7.368100285530090332e-01
-6.190694570541381836e-01
-4.528323411941528320e-01
-2.660343050956726074e-01
-1.191453710198402405e-01
-7.372736930847167969e-02
-8.878173679113388062e-02
-1.248726844787597656e-01
-1.388166248798370361e-01
-1.441066712141036987e-01
-1.811933517456054688e-01
-1.852474063634872437e-01
-1.839566975831985474e-01
-1.613413989543914795e-01
-1.155092194676399231e-01
-5.476379022002220154e-02
-2.618262078613042831e-03
3.414544463157653809e-02
7.763572502881288528e-03
-1.072556599974632263e-01
-2.772492468357086182e-01
-4.709692299365997314e-01
-6.219463348388671875e-01
-6.928087472915649414e-01
-7.195567488670349121e-01
-7.202484607696533203e-01
-7.052845358848571777e-01
-7.145274281501770020e-01
-7.125385403633117676e-01
-6.639806032180786133e-01
-5.303071141242980957e-01
-3.262508213520050049e-01
-1.398356854915618896e-01
-4.599999636411666870e-02
-6.676369905471801758e-02
-1.214000806212425232e-01
-1.453437954187393188e-01
-1.423250287771224976e-01
-1.800481528043746948e-01
-1.873016357421875000e-01
-1.753577291965484619e-01
-1.338534355163574219e-01
-9.078107029199600220e-02
-3.318191319704055786e-02
3.105448558926582336e-02
6.201826035976409912e-02
7.454213919118046761e-04
-1.523615717887878418e-01
-3.653364181518554688e-01
-5.734844207763671875e-01
-6.642591357231140137e-01
-6.571939587593078613e-01
-6.102613806724548340e-01
-5.627174973487854004e-01
-5.636622309684753418e-01
-5.911380648612976074e-01
-6.422498822212219238e-01
-6.835043430328369141e-01
-5.813927054405212402e-01
-3.995076417922973633e-01
-1.637982130050659180e-01
-5.080019682645797729e-02
-5.763640254735946655e-02
-1.147821396589279175e-01
-1.466157883405685425e-01
-1.425615251064300537e-01
-1.815024614334106445e-01
-1.847565174102783203e-01
-1.656679958105087280e-01
-1.296709924936294556e-01
-8.732657134532928467e-02
-1.570873335003852844e-02
4.490904882550239563e-02
6.985449790954589844e-02
-9.163721464574337006e-03
-1.999597102403640747e-01
-4.418120682239532471e-01
-5.914468169212341309e-01
-6.189405322074890137e-01
-5.553218722343444824e-01
-4.756665825843811035e-01
-4.148088693618774414e-01
-4.445386826992034912e-01
-5.051217675209045410e-01
-5.824573040008544922e-01
-6.325342059135437012e-01
-5.790852904319763184e-01
-4.045429825782775879e-01
-1.725432425737380981e-01
-3.907310590147972107e-02
-3.060021251440048218e-02
-9.134525060653686523e-02
-1.335996091365814209e-01
-1.422699689865112305e-01
-1.769758611917495728e-01
-1.840657740831375122e-01
-1.645045727491378784e-01
-1.277269721031188965e-01
-8.459989726543426514e-02
-7.890820503234863281e-03
5.296390503644943237e-02
6.829115003347396851e-02
-3.690945729613304138e-02
-2.538135945796966553e-01
-4.893573522567749023e-01
-5.844876170158386230e-01
-5.545358657836914062e-01
-4.486441612243652344e-01
-3.575004935264587402e-01
-3.388100266456604004e-01
-3.804604113101959229e-01
-4.286257326602935791e-01
-5.246823430061340332e-01
-5.851594805717468262e-01
-5.212549567222595215e-01
-3.627796471118927002e-01
-1.515620201826095581e-01
-2.263684011995792389e-02
-1.700037531554698944e-02
-7.689058035612106323e-02
-1.232351064682006836e-01
-1.516334265470504761e-01
-1.812661439180374146e-01
-1.863745003938674927e-01
-1.662317812442779541e-01
-1.327631771564483643e-01
-9.180006384849548340e-02
-1.585449837148189545e-02
4.905466735363006592e-02
3.096342086791992188e-02
-1.100188642740249634e-01
-3.494845628738403320e-01
-5.250476598739624023e-01
-5.582444667816162109e-01
-5.007587075233459473e-01
-4.039339721202850342e-01
-3.385736048221588135e-01
-3.514447212219238281e-01
-3.706274926662445068e-01
-4.201396107673645020e-01
-5.231500864028930664e-01
-5.304904580116271973e-01
-4.405747354030609131e-01
-2.815436422824859619e-01
-1.426515132188796997e-01
-1.709140278398990631e-02
-1.243658177554607391e-02
-6.036415323615074158e-02
-1.223260387778282166e-01
-1.598685830831527710e-01
-1.820295155048370361e-01
-1.861563622951507568e-01
-1.767941117286682129e-01
-1.403622478246688843e-01
-9.369056671857833862e-02
-1.863620430231094360e-02
2.134554088115692139e-02
-1.514565665274858475e-02
-1.894877254962921143e-01
-4.271408319473266602e-01
-5.428140163421630859e-01
-5.263794660568237305e-01
-4.523596167564392090e-01
-3.797331452369689941e-01
-3.938869535923004150e-01
-4.261013269424438477e-01
-4.564803838729858398e-01
-5.092298388481140137e-01
-5.527961254119873047e-01
-4.908924698829650879e-01
-3.680725693702697754e-01
-2.449616044759750366e-01
-1.451623588800430298e-01
-4.398224130272865295e-02
-2.340020798146724701e-02
-5.521917343139648438e-02
-1.211637780070304871e-01
-1.693946868181228638e-01
-1.836841106414794922e-01
-1.857927590608596802e-01
-1.838475912809371948e-01
-1.572871655225753784e-01
-1.018364280462265015e-01
-2.867285162210464478e-02
-9.636816103011369705e-04
-6.181840226054191589e-02
-2.452682703733444214e-01
-4.569584727287292480e-01
-5.472995638847351074e-01
-5.223777890205383301e-01
-4.551563858985900879e-01
-4.245401620864868164e-01
-4.707251489162445068e-01
-5.383712053298950195e-01
-5.759524106979370117e-01
-5.961514711380004883e-01
-5.914389491081237793e-01
-4.866517484188079834e-01
-3.711990714073181152e-01
-2.656317055225372314e-01
-1.820524185895919800e-01
-8.290916681289672852e-02
-3.592744842171669006e-02
-5.152758583426475525e-02
-1.104725599288940430e-01
-1.641772985458374023e-01
-1.837566047906875610e-01
-1.880470812320709229e-01
-1.844475418329238892e-01
-1.690310686826705933e-01
-1.100909039378166199e-01
-3.838159143924713135e-02
-1.992717385292053223e-02
-9.776419401168823242e-02
-2.597057819366455078e-01
-4.703928828239440918e-01
-5.804792642593383789e-01
-5.645744204521179199e-01
-5.164913535118103027e-01
-4.738685190677642822e-01
-5.753189325332641602e-01
-6.390610337257385254e-01
-6.682810783386230469e-01
-6.279536485671997070e-01
-6.186800003051757812e-01
-5.324854850769042969e-01
-4.238851368427276611e-01
-3.285039663314819336e-01
-2.281250357627868652e-01
-1.139452904462814331e-01
-4.398202523589134216e-02
-5.418210849165916443e-02
-9.959994256496429443e-02
-1.615777462720870972e-01
-1.849383711814880371e-01
-1.860292106866836548e-01
-1.868835687637329102e-01
-1.729035526514053345e-01
-1.072726473212242126e-01
-4.336411133408546448e-02
-3.780030831694602966e-02
-1.058915108442306519e-01
-2.728362679481506348e-01
-4.630470275878906250e-01
-5.735182762145996094e-01
-5.776633620262145996e-01
-5.297572612762451172e-01
-5.359045863151550293e-01
-6.379156708717346191e-01
-6.871832013130187988e-01
-6.582998633384704590e-01
-6.090587973594665527e-01
-6.223293542861938477e-01
-5.622319579124450684e-01
-4.805899858474731445e-01
-3.746308684349060059e-01
-2.507598698139190674e-01
-1.149638816714286804e-01
-4.510935395956039429e-02
-5.401888117194175720e-02
-1.042721047997474670e-01
-1.552869677543640137e-01
-1.813388615846633911e-01
-1.875017285346984863e-01
-1.851564347743988037e-01
-1.684672832489013672e-01
-1.014358103275299072e-01
-5.134579166769981384e-02
-5.503691360354423523e-02
-1.318902522325515747e-01
-2.728334665298461914e-01
-4.505255520343780518e-01
-5.285744071006774902e-01
-5.276815891265869141e-01
-4.927563965320587158e-01
-5.162308216094970703e-01
-5.907145738601684570e-01
-6.422402262687683105e-01
-6.024432182312011719e-01
-5.661681890487670898e-01
-5.879138708114624023e-01
-5.383353829383850098e-01
-4.969557225704193115e-01
-3.996629714965820312e-01
-2.461607903242111206e-01
-9.667306393384933472e-02
-2.863705717027187347e-02
-5.620029196143150330e-02
-1.105268076062202454e-01
-1.531787961721420288e-01
-1.838294118642807007e-01
-1.860653460025787354e-01
-1.844474971294403076e-01
-1.693946570158004761e-01
-1.028159484267234802e-01
-6.360066682100296021e-02
-7.160047441720962524e-02
-1.535810381174087524e-01
-2.909433841705322266e-01
-4.213411211967468262e-01
-4.718664586544036865e-01
-4.502134621143341064e-01
-4.163403213024139404e-01
-4.312131106853485107e-01
-4.946299195289611816e-01
-5.407000780105590820e-01
-5.380850434303283691e-01
-5.331332683563232422e-01
-5.513602495193481445e-01
-5.350463390350341797e-01
-4.950966238975524902e-01
-3.801939785480499268e-01
-2.005974501371383667e-01
-6.587306410074234009e-02
-2.654626220464706421e-02
-6.140017509460449219e-02
-1.193267032504081726e-01
-1.476885229349136353e-01
-1.844293177127838135e-01
-1.863198429346084595e-01
-1.833747625350952148e-01
-1.544867008924484253e-01
-1.056332066655158997e-01
-6.000024825334548950e-02
-8.090976625680923462e-02
-1.741619259119033813e-01
-3.150322139263153076e-01
-4.220303595066070557e-01
-4.559769630432128906e-01
-4.273047149181365967e-01
-3.948844075202941895e-01
-4.023741185665130615e-01
-4.714429676532745361e-01
-5.002256631851196289e-01
-5.085923671722412109e-01
-5.380822420120239258e-01
-5.388860106468200684e-01
-5.438625812530517578e-01
-4.664110541343688965e-01
-3.165256977081298828e-01
-1.358907073736190796e-01
-3.138227388262748718e-02
-1.945470087230205536e-02
-7.220048457384109497e-02
-1.254187822341918945e-01
-1.571964174509048462e-01
-1.840838491916656494e-01
-1.874108761548995972e-01
-1.827931404113769531e-01
-1.499594002962112427e-01
-1.045612320303916931e-01
-6.358228623867034912e-02
-8.418157696723937988e-02
-1.761073917150497437e-01
-3.227030634880065918e-01
-4.364144206047058105e-01
-4.931553900241851807e-01
-4.742676615715026855e-01
-4.381382167339324951e-01
-4.573382437229156494e-01
-5.093529224395751953e-01
-5.603910088539123535e-01
-5.604830980300903320e-01
-5.696645975112915039e-01
-5.597172379493713379e-01
-5.287219285964965820e-01
-4.205960333347320557e-01
-2.061435729265213013e-01
-2.700039371848106384e-02
2.229074575006961823e-02
-7.909167557954788208e-03
-7.999996840953826904e-02
-1.302351355552673340e-01
-1.533972769975662231e-01
-1.835203170776367188e-01
-1.843747645616531372e-01
-1.820660382509231567e-01
-1.422162801027297974e-01
-1.085433959960937500e-01
-5.625516176223754883e-02
-6.952733546495437622e-02
-1.504177600145339966e-01
-3.026152849197387695e-01
-4.597910940647125244e-01
-5.487589836120605469e-01
-5.668084621429443359e-01
-5.614297389984130859e-01
-5.684615373611450195e-01
-6.102070212364196777e-01
-6.299738287925720215e-01
-6.312787532806396484e-01
-6.131853461265563965e-01
-5.701184272766113281e-01
-4.548305571079254150e-01
-2.634330689907073975e-01
-6.447292119264602661e-02
6.052735447883605957e-02
6.472709774971008301e-02
-3.655010601505637169e-03
-8.590882271528244019e-02
-1.220178604125976562e-01
-1.598869264125823975e-01
-1.853018105030059814e-01
-1.876288652420043945e-01
-1.826477944850921631e-01
-1.478696614503860474e-01
-1.094166561961174011e-01
-6.314644217491149902e-02
-4.052737355232238770e-02
-1.009092405438423157e-01
-2.224733531475067139e-01
-3.877066075801849365e-01
-5.441805124282836914e-01
-6.355777382850646973e-01
-6.830082535743713379e-01
-6.969358921051025391e-01
-7.122992277145385742e-01
-7.057868242263793945e-01
-6.812063455581665039e-01
-6.204804182052612305e-01
-5.159725546836853027e-01
-3.262819647789001465e-01
-1.274169981479644775e-01
2.656347304582595825e-02
9.358219802379608154e-02
5.705431476235389709e-02
-2.272748760879039764e-02
-9.539885073900222778e-02
-1.324170827865600586e-01
-1.721763163805007935e-01
-1.846474409103393555e-01
-1.869199126958847046e-01
-1.866835355758666992e-01
-1.531061679124832153e-01
-1.219444200396537781e-01
-7.885321974754333496e-02
-4.898215085268020630e-02
-7.043605297803878784e-02
-1.634724140167236328e-01
-3.096348643302917480e-01
-4.662148654460906982e-01
-6.141216754913330078e-01
-7.261397242546081543e-01
-7.694906592369079590e-01
-7.753924131393432617e-01
-7.315552830696105957e-01
-6.661018133163452148e-01
-5.507903099060058594e-01
-3.834425210952758789e-01
-2.238694131374359131e-01
-5.912779644131660461e-02
4.334538429975509644e-02
5.616369843482971191e-02
9.527150541543960571e-03
-5.580015853047370911e-02
-1.088366210460662842e-01
-1.533243060111999512e-01
-1.807389259338378906e-01
-1.880833804607391357e-01
-1.874833703041076660e-01
-1.855927258729934692e-01
-1.706490963697433472e-01
-1.374710500240325928e-01
-1.158714145421981812e-01
-8.336278051137924194e-02
-8.581811189651489258e-02
-1.412906646728515625e-01
-2.563785314559936523e-01
-4.074480235576629639e-01
-5.482857227325439453e-01
-6.699753403663635254e-01
-7.274807095527648926e-01
-7.064611911773681641e-01
-6.391881704330444336e-01
-5.527333021163940430e-01
-4.250057041645050049e-01
-2.968660891056060791e-01
-1.751237064599990845e-01
-7.456342130899429321e-02
-3.434568643569946289e-02
-2.552743814885616302e-02
-4.490905627608299255e-02
-8.465465903282165527e-02
-1.298359781503677368e-01
-1.720128953456878662e-01
-1.856838911771774292e-01
-1.877197623252868652e-01
-1.869926303625106812e-01
-1.869380474090576172e-01
-1.835748851299285889e-01
-1.645231544971466064e-01
-1.343434005975723267e-01
-1.221800595521926880e-01
-1.154353171586990356e-01
-1.478689610958099365e-01
-2.185186296701431274e-01
-3.127378225326538086e-01
-4.372667372226715088e-01
-5.333368778228759766e-01
-5.703506469726562500e-01
-5.370432734489440918e-01
-4.816443026065826416e-01
-3.968985378742218018e-01
-3.126628398895263672e-01
-2.311041951179504395e-01
-1.781061291694641113e-01
-1.314188688993453979e-01
-1.068184301257133484e-01
-8.463659137487411499e-02
-9.187368303537368774e-02
-1.170189082622528076e-01
-1.589415073394775391e-01
-1.822295486927032471e-01
-1.855746507644653320e-01
-1.876652389764785767e-01
-1.876106113195419312e-01
-1.870472133159637451e-01
-1.875380277633666992e-01
-1.815024614334106445e-01
-1.616860330104827881e-01
-1.377236992120742798e-01
-1.433940678834915161e-01
-1.564810723066329956e-01
-1.886812895536422729e-01
-2.367912828922271729e-01
-2.975180745124816895e-01
-3.260827064514160156e-01
-3.396980166435241699e-01
-3.133383989334106445e-01
-2.847007811069488525e-01
-2.435404807329177856e-01
-2.231064885854721069e-01
-2.133042961359024048e-01
-1.929037868976593018e-01
-1.644501090049743652e-01
-1.333994716405868530e-01
-1.170911341905593872e-01
-1.215460374951362610e-01
-1.559238731861114502e-01
-1.760303974151611328e-01
-1.844657361507415771e-01
-1.855201125144958496e-01
-1.853200197219848633e-01
-1.882469207048416138e-01
-1.845565140247344971e-01
-1.853384077548980713e-01
-1.897558271884918213e-01
-1.826292574405670166e-01
-1.589772701263427734e-01
-1.493229418992996216e-01
-1.618474125862121582e-01
-1.861922442913055420e-01
-2.127888947725296021e-01
-2.399717718362808228e-01
-2.661915719509124756e-01
-2.749727368354797363e-01
-2.573904097080230713e-01
-2.340285032987594604e-01
-2.108491957187652588e-01
-1.953220516443252563e-01
-1.793397367000579834e-01
-1.539592742919921875e-01
-1.363793909549713135e-01
-1.253264099359512329e-01
-1.427980810403823853e-01
-1.738489717245101929e-01
-1.838839650154113770e-01
-1.867198944091796875e-01
-1.858109086751937866e-01
-1.868108361959457397e-01
-1.877924799919128418e-01
-1.860472559928894043e-01
-1.848293393850326538e-01
-1.872289925813674927e-01
-1.871017515659332275e-01
-1.859564185142517090e-01
-1.799207925796508789e-01
-1.796115636825561523e-01
-1.671404838562011719e-01
-1.658321022987365723e-01
-1.584870964288711548e-01
-1.585768014192581177e-01
-1.578688770532608032e-01
-1.618492901325225830e-01
-1.589230895042419434e-01
-1.589052081108093262e-01
-1.486877650022506714e-01
-1.397249996662139893e-01
-1.373795568943023682e-01
-1.437243521213531494e-01
-1.636139750480651855e-01
-1.735395044088363647e-01
-1.810478866100311279e-01
-1.802479922771453857e-01
-1.849929243326187134e-01
-1.857380419969558716e-01
-1.861017346382141113e-01
-1.879924833774566650e-01
-1.852291375398635864e-01
