-3.668009638786315918e-01 -2.477524995803833008e+00 1.496481895446777344e-01 -2.003739118576049805e+00 6.950769573450088501e-02 -1.844089150428771973e+00 -1.082564592361450195e+00 -1.633146047592163086e+00 -1.933654427528381348e+00 -1.519657492637634277e+00
7.938396930694580078e-02 -4.160248115658760071e-02 -6.027530431747436523e-01 -1.410462021827697754e+00 -2.572616338729858398e-01 -1.469645380973815918e+00 5.618907511234283447e-02 1.760282158851623535e+00 5.601339340209960938e-01 9.130261540412902832e-01
-4.358789920806884766e-01 6.136339902877807617e-01 6.233564615249633789e-01 8.229509592056274414e-01 1.677937865257263184e+00 -6.643861532211303711e-01 5.558611154556274414e-01 -1.863961219787597656e+00 1.479054450988769531e+00 1.261739492416381836e+00
-2.029031753540039062e+00 -2.410892724990844727e+00 -1.859568834304809570e+00 -2.116345405578613281e+00 9.893737435340881348e-01 -1.691535234451293945e+00 -8.637761324644088745e-02 2.484415769577026367e-01 -2.074407100677490234e+00 -1.156880021095275879e+00
-1.413204550743103027e+00 1.217884540557861328e+00 8.175916224718093872e-02 -6.206348538398742676e-01 -1.704884529113769531e+00 -7.503054738044738770e-01 -1.101537346839904785e+00 -2.187440395355224609e+00 -1.771361470222473145e+00 -2.068436384201049805e+00
-2.169431686401367188e+00 9.313458204269409180e-01 -1.697500824928283691e+00 -1.516487598419189453e+00 -2.071676731109619141e+00 -1.758451104164123535e+00 -2.133790254592895508e+00 -2.175827026367187500e+00 -1.925410628318786621e+00 -2.085424184799194336e+00
-1.272918820381164551e+00 -2.661960422992706299e-01 3.138831555843353271e-01 2.087911963462829590e-01 -5.633034706115722656e-01 1.121069118380546570e-01 -2.166418075561523438e+00 9.962052702903747559e-01 1.488061785697937012e+00 1.569097042083740234e+00
5.452086925506591797e-01 -5.625996589660644531e-01 -9.216626733541488647e-02 -9.027652740478515625e-01 -1.238157629966735840e+00 -6.435807943344116211e-01 5.985326170921325684e-01 -3.100521266460418701e-01 -1.401044607162475586e+00 -1.303508758544921875e+00
-2.133483648300170898e+00 -3.909640312194824219e-01 -2.028703927993774414e+00 -2.071674823760986328e+00 -5.512508153915405273e-01 -8.348079919815063477e-01 -2.141637563705444336e+00 5.235444307327270508e-01 -8.021087646484375000e-01 -4.164246022701263428e-01
-2.142952442169189453e+00 1.701628789305686951e-02 -1.652199745178222656e+00 -7.060339450836181641e-01 -8.561350703239440918e-01 2.499913573265075684e-01 -1.294416308403015137e+00 -1.658982992172241211e+00 -1.027684807777404785e+00 -4.988255202770233154e-01
-2.048570394515991211e+00 1.650367081165313721e-01 -1.839021325111389160e+00 -2.160635471343994141e+00 -1.087154150009155273e+00 -1.081328749656677246e+00 -2.069115161895751953e+00 -8.550204038619995117e-01 -1.510110020637512207e+00 -1.489511966705322266e+00
-1.679454207420349121e+00 1.675312280654907227e+00 7.904339432716369629e-01 6.443451642990112305e-01 -9.016203284263610840e-01 -4.501069784164428711e-01 -4.859765172004699707e-01 -1.330949783325195312e+00 4.234242066740989685e-02 -1.357744097709655762e+00
-1.518090367317199707e+00 -4.768120348453521729e-01 -1.639977812767028809e+00 -8.462464213371276855e-01 2.464238554239273071e-01 2.741745412349700928e-01 -1.192544102668762207e+00 1.032320976257324219e+00 3.059878945350646973e-01 6.256797909736633301e-01
5.257234573364257812e-01 -4.392703175544738770e-01 -5.042606219649314880e-02 -2.928405106067657471e-01 6.423378586769104004e-01 7.393804192543029785e-01 8.934068083763122559e-01 -2.135517597198486328e+00 5.318751931190490723e-01 -1.339870810508728027e+00
-2.152524232864379883e+00 -5.422621369361877441e-01 -1.954951882362365723e+00 -1.930602431297302246e+00 -1.003429651260375977e+00 -1.728135824203491211e+00 -2.131615161895751953e+00 7.011425495147705078e-01 -2.016349077224731445e+00 -3.524710610508918762e-02
-1.225839972496032715e+00 -2.315211892127990723e-01 1.048507690429687500e+00 1.424741387367248535e+00 -1.330157279968261719e+00 -5.434368848800659180e-01 -3.214421868324279785e-01 -4.202452600002288818e-01 -5.778479576110839844e-01 -1.660223722457885742e+00
-9.854281544685363770e-01 -6.858213543891906738e-01 -1.637858033180236816e+00 2.013069391250610352e+00 5.999481081962585449e-01 1.358530282974243164e+00 1.711616106331348419e-02 -5.176966190338134766e-01 8.761748075485229492e-01 1.304693520069122314e-01
-1.975998163223266602e+00 7.656003832817077637e-01 -1.660632371902465820e+00 -9.898825287818908691e-01 -2.046576738357543945e+00 -1.405915170907974243e-01 -4.481582045555114746e-01 -2.228846311569213867e+00 -1.707965373992919922e+00 -2.107460260391235352e+00
3.818148076534271240e-01 8.939545750617980957e-01 -6.269728541374206543e-01 2.120911359786987305e+00 -5.168016254901885986e-02 1.059425592422485352e+00 -4.417943358421325684e-01 1.198175787925720215e+00 1.477907896041870117e+00 1.226305484771728516e+00
-2.171321153640747070e+00 2.388029992580413818e-01 -2.023016214370727539e+00 -2.150901794433593750e+00 -2.075246334075927734e+00 -1.789497613906860352e+00 -2.156809091567993164e+00 -2.225748777389526367e+00 -2.066803216934204102e+00 -2.115425586700439453e+00
2.280955761671066284e-01 -4.895831644535064697e-01 1.776697754859924316e+00 1.221631884574890137e+00 2.511678338050842285e-01 -3.565552830696105957e-01 -3.515957593917846680e-01 -5.679990649223327637e-01 -5.464388728141784668e-01 -7.912822365760803223e-01
-1.632227659225463867e+00 5.142560601234436035e-01 4.294845759868621826e-01 1.109071224927902222e-01 -1.723672032356262207e+00 -9.695410132408142090e-01 -4.606599733233451843e-02 -2.166975498199462891e+00 -1.493180871009826660e+00 -2.055370092391967773e+00
-2.158062696456909180e+00 1.043944358825683594e+00 -3.599772155284881592e-01 -1.835730552673339844e+00 -2.012177944183349609e+00 -1.755497455596923828e+00 -2.103102445602416992e+00 -1.842152476310729980e+00 -1.424033641815185547e+00 -2.102756023406982422e+00
-2.133061408996582031e+00 4.668118953704833984e-01 -6.790906190872192383e-01 -5.221514701843261719e-01 -1.934143543243408203e+00 -1.362883687019348145e+00 -2.053508996963500977e+00 6.443390250205993652e-01 -5.972964763641357422e-01 -1.892568588256835938e+00
1.753029942512512207e+00 -1.033203840255737305e+00 1.403504133224487305e+00 -1.088193535804748535e+00 8.103145360946655273e-01 -1.416421771049499512e+00 -5.825501680374145508e-01 1.081288695335388184e+00 1.691196799278259277e+00 2.007233500480651855e-01
-2.334840446710586548e-01 2.213093638420104980e-01 -1.383258938789367676e+00 -1.687587022781372070e+00 -9.418119192123413086e-01 -1.092290282249450684e-01 2.559805214405059814e-01 -1.645748972892761230e+00 -1.041143536567687988e+00 -1.087787866592407227e+00
-6.091356873512268066e-01 -2.655774354934692383e-01 -1.521898150444030762e+00 -2.152884721755981445e+00 -6.459141373634338379e-01 -5.095233768224716187e-02 4.484201669692993164e-01 -1.834091067314147949e+00 -1.161120533943176270e-01 -3.516789078712463379e-01
1.028670787811279297e+00 -3.912495374679565430e-01 1.251225024461746216e-01 -1.790546059608459473e+00 1.587757587432861328e+00 -2.971802651882171631e-01 2.099684715270996094e+00 -2.120409011840820312e+00 -1.513757586479187012e+00 5.524731874465942383e-01
-2.170892715454101562e+00 1.116801332682371140e-02 -2.039700984954833984e+00 -2.157682895660400391e+00 -2.100443601608276367e+00 -1.773099541664123535e+00 -2.140360116958618164e+00 -2.249156951904296875e+00 -2.086676597595214844e+00 -2.139726638793945312e+00
2.362435340881347656e+00 8.095341920852661133e-02 1.679194569587707520e+00 1.496749639511108398e+00 -8.013686537742614746e-02 1.582796096801757812e+00 -7.922973632812500000e-01 4.643799364566802979e-01 1.649037122726440430e+00 -6.396024823188781738e-01
-2.062309026718139648e+00 -1.440902799367904663e-01 -1.475903987884521484e+00 -6.216497421264648438e-01 -1.697314143180847168e+00 -4.848166406154632568e-01 6.759638190269470215e-01 -1.790307402610778809e+00 -1.675293087959289551e+00 -9.519402980804443359e-01
-2.158999919891357422e+00 1.442351579666137695e+00 -1.263089299201965332e+00 -2.081278324127197266e+00 -1.574540615081787109e+00 -1.447225689888000488e+00 -2.071193218231201172e+00 -1.324773192405700684e+00 -4.024591147899627686e-01 -1.765961408615112305e+00
-2.140040159225463867e+00 -3.459672629833221436e-02 -1.386597275733947754e+00 1.783076226711273193e-01 -1.221991419792175293e+00 -7.311345934867858887e-01 -2.132639408111572266e+00 -7.267034053802490234e-01 -1.056730628013610840e+00 2.051372081041336060e-01
-2.116524219512939453e+00 1.552702426910400391e+00 -3.715538084506988525e-01 -9.969416856765747070e-01 -9.792760610580444336e-01 2.431820929050445557e-01 -1.689122438430786133e+00 -1.260097861289978027e+00 -2.353688627481460571e-01 -5.813942551612854004e-01
-2.168707132339477539e+00 1.901312321424484253e-01 -2.041902303695678711e+00 -2.176022529602050781e+00 -2.086464405059814453e+00 -1.763401389122009277e+00 -2.154636383056640625e+00 -2.234019517898559570e+00 -2.073835372924804688e+00 -2.132490396499633789e+00
-2.171222925186157227e+00 -8.935036063194274902e-01 -2.011162281036376953e+00 -2.053683042526245117e+00 -6.361292004585266113e-01 -1.746693968772888184e+00 -2.126553773880004883e+00 -6.582064926624298096e-02 -2.058618783950805664e+00 1.310878396034240723e-01
-2.168882846832275391e+00 -3.879663646221160889e-01 -2.046324729919433594e+00 -2.125681638717651367e+00 -1.398867964744567871e+00 -1.671570301055908203e+00 -2.151590108871459961e+00 -2.050765305757522583e-01 -1.943902730941772461e+00 -7.770659923553466797e-01
-9.663407802581787109e-01 -1.285458207130432129e+00 1.771993041038513184e+00 1.438634514808654785e+00 -5.542074441909790039e-01 6.122017502784729004e-01 -7.123850584030151367e-01 1.372215449810028076e-01 2.642127871513366699e-01 -8.739459514617919922e-01
-1.794187068939208984e+00 -4.712539613246917725e-01 4.761192202568054199e-01 -3.466986119747161865e-01 -1.182706430554389954e-01 -1.328676104545593262e+00 -4.280287027359008789e-01 -4.457133710384368896e-01 -4.460970163345336914e-01 1.571297645568847656e-01
4.784317612648010254e-01 4.420939683914184570e-01 -5.340447425842285156e-01 -9.230839014053344727e-01 -2.039098262786865234e+00 -2.315502017736434937e-01 4.894116222858428955e-01 -2.201850414276123047e+00 -1.563695669174194336e+00 -2.095079183578491211e+00
-1.964568495750427246e+00 2.262764275074005127e-01 -1.923868298530578613e+00 -1.464706182479858398e+00 8.004216849803924561e-02 -3.085557222366333008e-01 -1.849338650703430176e+00 9.248550534248352051e-01 -3.719864785671234131e-01 2.960347533226013184e-01
-2.125015735626220703e+00 -3.141050934791564941e-01 -1.856654286384582520e+00 -2.023050069808959961e+00 -7.754019647836685181e-02 -1.615041732788085938e+00 -1.974069237709045410e+00 9.291273355484008789e-01 -1.865284323692321777e+00 3.998347744345664978e-02
1.204303093254566193e-02 -7.776836156845092773e-01 -1.728875279426574707e+00 -2.844897806644439697e-01 4.880006611347198486e-01 7.384193539619445801e-01 -1.343536019325256348e+00 4.520993828773498535e-01 1.037563681602478027e-01 -5.163605511188507080e-02
-8.020295947790145874e-02 -5.831997394561767578e-01 2.771386504173278809e-01 4.202695786952972412e-01 1.156890034675598145e+00 -3.508887887001037598e-01 5.703123807907104492e-01 -1.300700426101684570e+00 -1.509148836135864258e+00 8.272213339805603027e-01
-1.543705940246582031e+00 -1.352576851844787598e+00 8.519926667213439941e-01 7.111791372299194336e-01 3.641238212585449219e-01 8.167583346366882324e-01 -4.499596655368804932e-01 9.844506531953811646e-02 6.755165457725524902e-01 9.645236730575561523e-01
-2.162688732147216797e+00 -9.408126771450042725e-02 -1.983955740928649902e+00 -1.992154121398925781e+00 -1.836264252662658691e+00 -1.668116450309753418e+00 -2.104279756546020508e+00 1.653404906392097473e-03 -1.911426901817321777e+00 -6.462081670761108398e-01
-9.551548957824707031e-01 1.485138177871704102e+00 2.250059604644775391e+00 -1.873902231454849243e-02 1.212385177612304688e+00 1.358102262020111084e-01 2.152077674865722656e+00 7.220715880393981934e-01 1.564720392227172852e+00 5.351509451866149902e-01
-1.061778664588928223e+00 -8.955827355384826660e-01 3.031339049339294434e-01 1.288482546806335449e+00 1.525725871324539185e-01 9.138576984405517578e-01 -1.974941730499267578e+00 1.611524939537048340e+00 9.120543003082275391e-01 5.434470176696777344e-01
-2.165844678878784180e+00 1.717116951942443848e+00 -1.294657349586486816e+00 -1.706155061721801758e+00 -1.613364934921264648e+00 -1.537275910377502441e+00 -2.093037128448486328e+00 -1.022176861763000488e+00 -2.380163818597793579e-01 -1.423150420188903809e+00
1.555531382560729980e+00 -7.513226866722106934e-01 1.782945156097412109e+00 1.809745073318481445e+00 -6.448426842689514160e-02 6.125937104225158691e-01 1.421165227890014648e+00 -1.920656710863113403e-01 1.610243439674377441e+00 1.156352877616882324e+00
-2.168426275253295898e+00 -6.941307783126831055e-01 -2.062361717224121094e+00 -2.115222454071044922e+00 -5.711497068405151367e-01 -1.572380065917968750e+00 -2.165385484695434570e+00 7.056604027748107910e-01 -2.044566869735717773e+00 1.044211462140083313e-01
-1.126652836799621582e+00 -1.159057497978210449e+00 1.000048995018005371e+00 -2.124620437622070312e+00 2.138228900730609894e-02 -1.580619454383850098e+00 3.689011037349700928e-01 -1.285365819931030273e+00 -1.877772450447082520e+00 -1.674057245254516602e+00
-5.384246110916137695e-01 -1.197501301765441895e+00 -1.466535449028015137e+00 -3.123509287834167480e-01 1.282757371664047241e-01 -3.709447383880615234e-01 -2.174598217010498047e+00 1.331458926200866699e+00 4.673777222633361816e-01 9.538682103157043457e-01
-1.527858227491378784e-01 -5.337517857551574707e-01 -3.345286846160888672e-01 5.838961899280548096e-02 1.960283517837524414e+00 -6.597954034805297852e-02 -1.305589556694030762e+00 1.885021209716796875e+00 7.046570181846618652e-01 1.635723471641540527e+00
2.391581773757934570e+00 5.119144544005393982e-02 7.749891281127929688e-01 1.982744216918945312e+00 -1.863995194435119629e-01 1.703084826469421387e+00 -1.382621526718139648e+00 8.070436716079711914e-01 1.767870306968688965e+00 -2.131432145833969116e-01
-6.919629573822021484e-01 1.023581549525260925e-01 3.770533716306090355e-03 -7.028990983963012695e-01 -1.309715747833251953e+00 -1.776637792587280273e+00 8.493363261222839355e-01 -3.348425328731536865e-01 -1.245151400566101074e+00 5.293079018592834473e-01
-4.821811020374298096e-01 1.055825948715209961e+00 -2.353495359420776367e-01 9.529589414596557617e-01 -3.187948763370513916e-01 -6.068270206451416016e-01 -1.389623403549194336e+00 1.866789698600769043e+00 -3.633181154727935791e-01 1.823676109313964844e+00
-2.117110967636108398e+00 1.043795049190521240e-01 -1.973493456840515137e+00 -1.779740571975708008e+00 -8.410988450050354004e-01 -7.605808973312377930e-01 -2.125707626342773438e+00 7.150860428810119629e-01 -1.916116327047348022e-01 -1.054630726575851440e-01
2.096502780914306641e+00 -7.184065580368041992e-01 1.453782469034194946e-01 2.804434597492218018e-01 -5.597064495086669922e-01 7.563440203666687012e-01 -1.766112208366394043e+00 4.438662230968475342e-01 1.245150208473205566e+00 2.287350594997406006e-01
1.322180151939392090e+00 -4.242587685585021973e-01 -1.089385032653808594e+00 1.266277134418487549e-01 -6.261190772056579590e-02 5.668089985847473145e-01 -4.263027310371398926e-01 -5.540442466735839844e-01 -1.247914791107177734e+00 -7.801260352134704590e-01
-1.427605390548706055e+00 -9.925578236579895020e-01 -1.713704705238342285e+00 -3.024804294109344482e-01 -1.234219074249267578e-01 1.094594478607177734e+00 -2.147008031606674194e-01 4.264798462390899658e-01 -3.258788213133811951e-02 6.187749505043029785e-01
-1.975156188011169434e+00 5.450841188430786133e-01 -1.889005899429321289e+00 -1.946511983871459961e+00 -2.649213075637817383e-01 -9.028416275978088379e-01 -1.999351978302001953e+00 7.419103384017944336e-01 -1.003831744194030762e+00 -3.346528410911560059e-01
2.260877609252929688e+00 3.452638862654566765e-03 4.987237751483917236e-01 1.125603318214416504e+00 -3.891348838806152344e-01 7.179743647575378418e-01 1.518864393234252930e+00 -6.121867895126342773e-01 -1.024547576904296875e+00 -4.149683117866516113e-01
-1.935789823532104492e+00 8.304808735847473145e-01 1.132517904043197632e-01 6.613593697547912598e-01 -1.814785301685333252e-01 -7.620847225189208984e-01 -5.061888098716735840e-01 -1.584951639175415039e+00 -1.458957552909851074e+00 -9.314056634902954102e-01
-2.030898809432983398e+00 1.462390899658203125e+00 7.243725657463073730e-01 -5.993837714195251465e-01 -9.965872764587402344e-02 -9.190953969955444336e-01 -2.160624414682388306e-01 8.067032098770141602e-01 1.347516179084777832e+00 6.165756583213806152e-01
-2.039940595626831055e+00 -1.432771921157836914e+00 -1.202084898948669434e+00 -2.085729122161865234e+00 1.701514959335327148e+00 -1.655100464820861816e+00 -1.008818149566650391e+00 1.389989137649536133e+00 -1.958588838577270508e+00 9.354475885629653931e-02
-2.070546627044677734e+00 -1.190145254135131836e+00 1.161157116293907166e-01 5.829500555992126465e-01 4.172182381153106689e-01 -1.751292109489440918e+00 -2.131566286087036133e+00 -2.991711795330047607e-01 -9.202300310134887695e-01 1.219061762094497681e-01
-2.255587577819824219e-01 5.629798173904418945e-01 -1.882369518280029297e+00 -1.401961296796798706e-01 -1.360890865325927734e+00 -4.876361042261123657e-02 1.857669204473495483e-01 -1.144874915480613708e-01 -4.279172122478485107e-01 -3.890439271926879883e-01
-1.954770088195800781e+00 1.047376394271850586e+00 -1.453538417816162109e+00 -1.407899737358093262e+00 -5.912278890609741211e-01 1.254903435707092285e+00 6.729431152343750000e-01 -3.543203771114349365e-01 -7.074082493782043457e-01 8.625410795211791992e-01
-2.161005496978759766e+00 -1.264178395271301270e+00 -2.042712211608886719e+00 -1.992998957633972168e+00 -2.021973431110382080e-01 -1.420237660408020020e+00 -2.135000467300415039e+00 6.636923551559448242e-02 -1.966226458549499512e+00 5.013654232025146484e-01
-6.005616784095764160e-01 -2.554043292999267578e+00 6.195880770683288574e-01 8.227654099464416504e-01 9.055452942848205566e-01 -1.069803118705749512e+00 8.217311650514602661e-02 -1.260667085647583008e+00 -6.605975627899169922e-01 3.299307227134704590e-01
-2.135386705398559570e+00 5.702878236770629883e-01 -1.991384029388427734e+00 -1.959302902221679688e+00 -7.673178911209106445e-01 -8.661516904830932617e-01 -2.083919286727905273e+00 -3.151710033416748047e-01 -6.508529782295227051e-01 -3.240755200386047363e-02
-2.070508480072021484e+00 6.549030542373657227e-01 -4.226347506046295166e-01 9.303585439920425415e-02 -3.969244658946990967e-02 -7.047190070152282715e-01 -1.435410618782043457e+00 1.324479222297668457e+00 9.114459156990051270e-01 2.259134352207183838e-01
-2.166335582733154297e+00 1.611741542816162109e+00 -1.367430210113525391e+00 -9.110010266304016113e-01 -1.663860201835632324e+00 -9.132539629936218262e-01 -1.712684750556945801e+00 -1.314512729644775391e+00 -7.051173597574234009e-02 -1.210687994956970215e+00
-7.690477371215820312e-01 -1.438168525695800781e+00 -9.868022985756397247e-03 -1.921239137649536133e+00 -8.219172358512878418e-01 -8.401490449905395508e-01 2.111913561820983887e-01 -8.979654312133789062e-01 -1.856817364692687988e+00 -1.730105519294738770e+00
1.062356710433959961e+00 -1.493572831153869629e+00 -3.515135347843170166e-01 1.556261897087097168e+00 -4.385275840759277344e-01 -6.993306428194046021e-02 2.175294011831283569e-01 -7.892857789993286133e-01 1.997520178556442261e-01 -3.373051583766937256e-01
-2.127351045608520508e+00 1.462698698043823242e+00 -5.981439352035522461e-01 6.523942351341247559e-01 -1.835185766220092773e+00 -4.559216201305389404e-01 -1.363647460937500000e+00 -1.895329236984252930e+00 -2.102589160203933716e-01 -1.737155079841613770e+00
-1.149433016777038574e+00 1.931530237197875977e-01 -1.250654339790344238e+00 -3.315711319446563721e-01 9.207361936569213867e-01 -3.787383139133453369e-01 -2.154662273824214935e-02 4.145747125148773193e-01 4.695270657539367676e-01 -5.361722782254219055e-02
-2.080219268798828125e+00 1.618653088808059692e-01 -1.226728916168212891e+00 1.018211245536804199e+00 -1.901153445243835449e+00 -3.486751019954681396e-01 -8.899590969085693359e-01 3.245321512222290039e-01 -1.472388505935668945e+00 -1.021933913230895996e+00
-2.164379835128784180e+00 1.532968878746032715e+00 -9.542166590690612793e-01 -6.248490810394287109e-01 -1.738692998886108398e+00 -1.785824298858642578e+00 -2.125905513763427734e+00 -1.255348920822143555e+00 -1.529758930206298828e+00 -1.372628569602966309e+00
1.421436429023742676e+00 -1.147160887718200684e+00 -1.252147436141967773e+00 -1.023398041725158691e+00 -1.179288983345031738e+00 1.306867241859436035e+00 6.670741736888885498e-02 8.052873611450195312e-01 -7.141268253326416016e-01 1.228753328323364258e+00
-2.155633926391601562e+00 -1.235234022140502930e+00 -2.058963060379028320e+00 -2.052814483642578125e+00 -9.133208990097045898e-01 -1.447707295417785645e+00 -2.157179594039916992e+00 9.613930583000183105e-01 -1.992471098899841309e+00 5.816047191619873047e-01
1.996882677078247070e+00 -2.385217428207397461e+00 -1.324500560760498047e+00 -2.208630800247192383e+00 3.280485570430755615e-01 -1.940055936574935913e-01 5.158726871013641357e-02 -3.207909166812896729e-01 -1.571526765823364258e+00 8.752898126840591431e-02
-2.181389331817626953e+00 8.721615374088287354e-02 -2.012234210968017578e+00 -2.173235416412353516e+00 -2.086885690689086914e+00 -1.775207519531250000e+00 -2.160094022750854492e+00 -2.229026556015014648e+00 -2.071224689483642578e+00 -2.134652853012084961e+00
-2.065343618392944336e+00 -1.614036560058593750e+00 -2.001797914505004883e+00 6.822156310081481934e-01 -1.229666233062744141e+00 5.459352955222129822e-02 -1.255802631378173828e+00 -4.909830689430236816e-01 -2.000973939895629883e+00 -4.262970387935638428e-01
-2.157003164291381836e+00 -1.268913030624389648e+00 -2.035627603530883789e+00 -1.759857416152954102e+00 -1.004566065967082977e-02 -1.478829383850097656e+00 -1.988151669502258301e+00 -7.105272412300109863e-01 -1.956391692161560059e+00 4.710446298122406006e-02
-2.133665561676025391e+00 -2.453165054321289062e+00 -2.020710706710815430e+00 -2.123297214508056641e+00 2.313066571950912476e-01 -1.736243247985839844e+00 -2.052805662155151367e+00 -2.668551504611968994e-01 -2.105910062789916992e+00 -4.356307387351989746e-01
1.202381014823913574e+00 -2.301180735230445862e-02 -5.732164382934570312e-01 1.752983570098876953e+00 -1.028897285461425781e+00 4.309718906879425049e-01 -1.070506334304809570e+00 2.380784302949905396e-01 5.418108701705932617e-01 -5.040110945701599121e-01
-9.734110534191131592e-02 2.317324429750442505e-01 3.832126557826995850e-01 -6.245326995849609375e-01 -3.136666119098663330e-01 -6.631067395210266113e-01 -1.473478823900222778e-01 -1.648569345474243164e+00 -1.653617978096008301e+00 -1.247144579887390137e+00
-1.983620166778564453e+00 -7.302626967430114746e-01 -1.530309796333312988e+00 3.306800127029418945e-01 -1.125564932823181152e+00 4.256281256675720215e-01 -1.249203681945800781e+00 -1.947216629981994629e+00 -3.915112316608428955e-01 -1.252171874046325684e+00
-2.100076198577880859e+00 1.408080101013183594e+00 -9.634558558464050293e-01 -1.265178203582763672e+00 -6.625084877014160156e-01 -1.819314509630203247e-01 3.815695270895957947e-02 -1.121598839759826660e+00 -1.187496185302734375e+00 -1.004554986953735352e+00
1.943754553794860840e+00 -2.442342519760131836e+00 -1.968890190124511719e+00 -2.231843709945678711e+00 -2.656744718551635742e-01 -1.266329050064086914e+00 -1.669835329055786133e+00 6.038933992385864258e-01 -2.016829490661621094e+00 -6.725622415542602539e-01
-2.161489725112915039e+00 3.636369109153747559e-01 -1.636073827743530273e+00 -1.512730002403259277e+00 -1.673530340194702148e+00 -1.326673984527587891e+00 1.509395092725753784e-01 -2.020874977111816406e+00 -1.804792165756225586e+00 -1.818050622940063477e+00
-1.524014919996261597e-01 -6.308662891387939453e-01 -2.417737692594528198e-01 6.803771853446960449e-01 7.151599526405334473e-01 -2.789497002959251404e-02 6.093847751617431641e-01 -1.934987664222717285e+00 -5.091262459754943848e-01 4.666231870651245117e-01
-2.133881568908691406e+00 1.351294994354248047e+00 -9.380114078521728516e-01 -8.866449594497680664e-01 -1.918759226799011230e+00 -1.307203531265258789e+00 -1.869989156723022461e+00 1.134501814842224121e+00 -7.321351766586303711e-01 -1.249604105949401855e+00
6.256217956542968750e-01 -8.707632124423980713e-02 -1.910476207733154297e+00 7.604545354843139648e-01 8.247461318969726562e-01 4.362569153308868408e-01 7.793558239936828613e-01 -5.805674195289611816e-01 -5.164571106433868408e-02 4.097422063350677490e-01
6.312854588031768799e-02 -1.310398429632186890e-01 2.269905090332031250e+00 -1.116160079836845398e-01 1.984879493713378906e+00 -2.291649132966995239e-01 2.164593458175659180e+00 1.730160951614379883e+00 1.913507580757141113e+00 1.577865123748779297e+00
-2.173247337341308594e+00 -8.709592819213867188e-01 -2.057988405227661133e+00 -2.110077142715454102e+00 -1.090965032577514648e+00 -1.703008890151977539e+00 -2.121441841125488281e+00 -2.162024080753326416e-01 -2.075138330459594727e+00 -5.151498913764953613e-01
-1.245831727981567383e+00 -1.127679467201232910e+00 8.251342773437500000e-01 1.157954454421997070e+00 5.796417593955993652e-01 -5.342604517936706543e-01 -3.541329503059387207e-01 6.456863880157470703e-01 3.620986640453338623e-01 1.072005629539489746e+00
-4.708827435970306396e-01 -8.179588913917541504e-01 6.555176973342895508e-01 -8.069403171539306641e-01 1.270383715629577637e+00 -2.876803874969482422e-01 -9.762328267097473145e-01 -9.773218035697937012e-01 1.197457239031791687e-01 2.792514860630035400e-01
-5.071544274687767029e-02 -1.402442097663879395e+00 -1.799020767211914062e+00 -8.942677974700927734e-01 -1.950538992881774902e+00 -1.778886467218399048e-02 1.272031962871551514e-01 -1.520325303077697754e+00 -1.864495992660522461e+00 -1.025307774543762207e+00
1.311444282531738281e+00 -7.962908148765563965e-01 -1.790265440940856934e+00 7.537781000137329102e-01 5.207747220993041992e-01 1.868021488189697266e+00 1.477387309074401855e+00 -2.044506072998046875e-01 7.434597015380859375e-01 8.078369498252868652e-01
1.221331000328063965e+00 -2.440270662307739258e+00 -2.101035356521606445e+00 -1.007907390594482422e-01 -1.586012959480285645e+00 2.508975863456726074e-01 -2.208761930465698242e+00 -2.564661502838134766e-01 -2.081346511840820312e+00 -1.478530526161193848e+00
-2.810736000537872314e-01 -2.638250112533569336e+00 -5.377473235130310059e-01 -1.807205915451049805e+00 3.157193362712860107e-01 -4.401657581329345703e-01 1.924686133861541748e-01 -2.241339206695556641e+00 -1.798027157783508301e-01 -1.580583453178405762e+00
-1.956496715545654297e+00 -2.490133345127105713e-01 -1.608721733093261719e+00 8.928026556968688965e-01 -6.883894801139831543e-01 -5.395520329475402832e-01 -1.112626314163208008e+00 -4.944182932376861572e-01 -7.849375605583190918e-01 -7.091433554887771606e-02
-2.508399784564971924e-01 1.104297757148742676e+00 1.131176352500915527e+00 -5.602077245712280273e-01 -9.740343689918518066e-02 -2.076694369316101074e-01 1.371172547340393066e+00 1.802919268608093262e+00 8.398836851119995117e-01 1.373411536216735840e+00
2.302748203277587891e+00 1.608522236347198486e-01 -7.160550355911254883e-02 2.019071817398071289e+00 2.558581531047821045e-01 1.453641772270202637e+00 -1.958592087030410767e-01 8.116728067398071289e-01 1.639538288116455078e+00 6.513375639915466309e-01
5.018808841705322266e-01 -2.792649865150451660e-01 -1.088253736495971680e+00 -1.189860939979553223e+00 -8.958668112754821777e-01 9.375896453857421875e-01 6.469039618968963623e-02 -1.134152054786682129e+00 3.383711874485015869e-01 -5.591036751866340637e-04
1.414442062377929688e+00 -7.176473140716552734e-01 1.073431968688964844e+00 2.513653337955474854e-01 -7.072361111640930176e-01 -5.276293754577636719e-01 9.172854423522949219e-01 1.152796626091003418e+00 1.229189515113830566e+00 -2.301983535289764404e-01
-1.019997954368591309e+00 8.638045787811279297e-01 -1.822624683380126953e+00 -2.110905170440673828e+00 -1.122064113616943359e+00 -1.655407063663005829e-02 -2.492007911205291748e-01 -2.103296279907226562e+00 -1.005057096481323242e+00 -1.244148135185241699e+00
-2.169374704360961914e+00 1.072661578655242920e-01 -2.027989625930786133e+00 -2.046394824981689453e+00 -9.253815412521362305e-01 -1.568822860717773438e+00 -2.111970663070678711e+00 -2.952246069908142090e-01 -1.845629811286926270e+00 -1.654751449823379517e-01
-2.076861143112182617e+00 1.260276079177856445e+00 -1.478338241577148438e+00 -6.979511976242065430e-01 -6.821691393852233887e-01 1.045318603515625000e+00 -1.001355886459350586e+00 4.850901961326599121e-01 -7.146859169006347656e-01 -5.138039216399192810e-02
-2.166666746139526367e+00 5.684249401092529297e-01 -1.549444675445556641e+00 -2.084730386734008789e+00 -2.069399356842041016e+00 -1.755900382995605469e+00 -2.121197700500488281e+00 -2.227135658264160156e+00 -2.011446714401245117e+00 -2.133603334426879883e+00
-2.162275791168212891e+00 8.774434328079223633e-01 -1.807296395301818848e+00 -6.490497589111328125e-01 -1.989183306694030762e+00 -1.145536303520202637e+00 -2.058258771896362305e+00 -1.826832175254821777e+00 -1.368471860885620117e+00 -1.801308274269104004e+00
-6.710969209671020508e-01 -1.782868146896362305e+00 -6.167569160461425781e-01 2.041045129299163818e-01 5.660749077796936035e-01 -9.877636432647705078e-01 9.444554150104522705e-02 -3.665031120181083679e-02 9.090650081634521484e-02 -8.409188985824584961e-01
-2.166656732559204102e+00 5.311258435249328613e-01 -1.869738221168518066e+00 -1.760405421257019043e+00 -1.052842020988464355e+00 -1.377092003822326660e+00 -1.990793347358703613e+00 7.459081411361694336e-01 -1.835035681724548340e+00 -5.486363768577575684e-01
-2.036268472671508789e+00 -7.517747282981872559e-01 -9.016811251640319824e-01 -1.325085759162902832e+00 -1.200878739356994629e+00 -1.616282224655151367e+00 1.188749790191650391e+00 -1.124737024307250977e+00 -1.897122144699096680e+00 -4.225309491157531738e-01
1.008710265159606934e+00 -1.109767317771911621e+00 -2.731958329677581787e-01 4.408241510391235352e-01 3.883729577064514160e-01 9.890993237495422363e-01 -1.000180244445800781e+00 3.786593377590179443e-01 3.823612630367279053e-01 -1.160937309265136719e+00
3.875120878219604492e-01 1.636697351932525635e-02 1.598173826932907104e-01 -5.554145574569702148e-01 1.891097307205200195e+00 1.348033428192138672e+00 2.047343492507934570e+00 -8.927446603775024414e-01 1.606640696525573730e+00 1.695821285247802734e+00
-2.177442550659179688e+00 2.927868627011775970e-02 -2.030203104019165039e+00 -2.159071207046508789e+00 -2.088775873184204102e+00 -1.794144034385681152e+00 -2.173146009445190430e+00 -2.221755743026733398e+00 -2.087587118148803711e+00 -2.132459640502929688e+00
-2.121698617935180664e+00 -9.171936511993408203e-01 -1.991824269294738770e+00 -1.451461434364318848e+00 -5.746496915817260742e-01 -2.040182799100875854e-01 -2.132490158081054688e+00 4.720734953880310059e-01 -1.693765819072723389e-01 7.427937537431716919e-02
8.968566060066223145e-01 -8.425471186637878418e-01 -1.155020762234926224e-02 -4.595199823379516602e-01 -4.507787525653839111e-02 5.629815459251403809e-01 7.616015523672103882e-02 -1.792041659355163574e+00 -7.561341524124145508e-01 -1.901182413101196289e+00
-2.148696660995483398e+00 2.710631787776947021e-01 -1.950745224952697754e+00 -1.909309029579162598e+00 -1.132030844688415527e+00 -1.350632309913635254e+00 -2.113741397857666016e+00 3.304816484451293945e-01 -1.113419055938720703e+00 8.257741481065750122e-02
2.218782901763916016e+00 5.300924181938171387e-01 -9.849267005920410156e-01 3.509579300880432129e-01 -8.660612702369689941e-01 1.246724128723144531e+00 1.371926665306091309e+00 1.060177087783813477e+00 1.636118531227111816e+00 2.816754877567291260e-01
-2.004966974258422852e+00 -3.079608082771301270e-01 -1.687793135643005371e+00 -8.927296996116638184e-01 1.268194466829299927e-01 1.152783513069152832e+00 -1.318123698234558105e+00 -1.263679862022399902e+00 7.378687262535095215e-01 5.390163064002990723e-01
-1.141369342803955078e+00 -2.517478704452514648e+00 -1.152613162994384766e+00 -5.653527379035949707e-01 4.056561589241027832e-01 -1.309274554252624512e+00 -4.404249489307403564e-01 4.592678844928741455e-01 -9.046242237091064453e-01 1.034133285284042358e-01
-2.128798723220825195e+00 5.498282611370086670e-02 -1.938340187072753906e+00 -2.164540052413940430e+00 -1.048337101936340332e+00 -1.094048142433166504e+00 -2.106119394302368164e+00 -9.252839088439941406e-01 -1.665416955947875977e+00 -1.595276832580566406e+00
-1.665492415428161621e+00 -1.177601575851440430e+00 -1.550703287124633789e+00 9.469252824783325195e-01 -3.702127039432525635e-01 -4.261270165443420410e-01 -1.499989479780197144e-01 -4.703849256038665771e-01 -8.158453702926635742e-01 -6.460427492856979370e-02
-6.097096204757690430e-02 -6.836814880371093750e-01 -3.160001039505004883e-01 -1.206798329949378967e-01 1.109902739524841309e+00 1.377238750457763672e+00 -8.208453655242919922e-01 -5.222624540328979492e-01 1.087965250015258789e+00 -4.616386890411376953e-01
-1.933103561401367188e+00 -7.032811045646667480e-01 -1.056609451770782471e-01 -5.425445851869881153e-04 1.106573224067687988e+00 7.709413766860961914e-02 -2.098689079284667969e+00 8.227486610412597656e-01 1.557545959949493408e-01 8.750739693641662598e-01
1.924066424369812012e+00 6.041311621665954590e-01 1.393538832664489746e+00 1.116527795791625977e+00 -2.030018329620361328e+00 -6.555536389350891113e-01 -1.279391169548034668e+00 -1.831678032875061035e+00 -1.170779585838317871e+00 -2.025336503982543945e+00
8.591142296791076660e-01 5.659302473068237305e-01 2.303387641906738281e+00 -1.002043247222900391e+00 1.688500046730041504e+00 -5.013741850852966309e-01 2.103718757629394531e+00 -3.003866970539093018e-01 1.765525102615356445e+00 5.567801594734191895e-01
-4.880135953426361084e-01 -2.399537563323974609e+00 -3.658500611782073975e-01 -1.917056083679199219e+00 4.115070104598999023e-01 -6.863451004028320312e-01 2.145844995975494385e-01 8.101714253425598145e-01 -1.910379171371459961e+00 -1.230293035507202148e+00
-2.070572376251220703e+00 3.250886201858520508e-01 -1.471128940582275391e+00 -1.923994660377502441e+00 -6.537412405014038086e-01 -4.691978991031646729e-01 -4.273944497108459473e-01 -1.609931588172912598e+00 5.570128560066223145e-01 -6.850687861442565918e-01
-2.128309249877929688e+00 1.018756270408630371e+00 -1.941192150115966797e+00 -2.174775123596191406e+00 -1.222434163093566895e+00 -1.116482973098754883e+00 -2.003115177154541016e+00 -1.076889753341674805e+00 -1.527998447418212891e+00 -1.485727429389953613e+00
-2.163345336914062500e+00 1.100674033164978027e+00 -1.594055533409118652e+00 -2.041538000106811523e+00 -2.050020217895507812e+00 -1.653264164924621582e+00 -2.018004655838012695e+00 -2.210843801498413086e+00 -1.585145592689514160e+00 -2.125017642974853516e+00
-7.332911491394042969e-01 9.666996002197265625e-01 -1.010608315467834473e+00 -1.412915349006652832e+00 -9.883688688278198242e-01 -4.846742004156112671e-02 8.572400808334350586e-01 -2.067075014114379883e+00 5.470221638679504395e-01 -5.810297131538391113e-01
-2.164007186889648438e+00 1.438121199607849121e+00 -1.711512565612792969e+00 -2.071651220321655273e+00 -1.760625362396240234e+00 -1.658448934555053711e+00 -2.141851663589477539e+00 -1.261660814285278320e+00 -1.375580668449401855e+00 -1.798767089843750000e+00
8.738566190004348755e-02 -6.743325591087341309e-01 1.940469622611999512e+00 -2.497332841157913208e-01 -1.403270244598388672e+00 -1.846948742866516113e+00 5.550751090049743652e-01 7.598574161529541016e-01 -3.746419548988342285e-01 -9.876852631568908691e-01
-5.762787461280822754e-01 -6.549374461174011230e-01 1.288386344909667969e+00 2.049338340759277344e+00 -1.699787676334381104e-01 -1.239267960190773010e-01 4.993830323219299316e-01 -5.477517843246459961e-01 9.064408540725708008e-01 4.102857112884521484e-01
-1.447985053062438965e+00 -2.294863700866699219e+00 -4.267853796482086182e-01 -1.822967290878295898e+00 1.830273985862731934e+00 -1.297926306724548340e+00 1.769916057586669922e+00 1.553597688674926758e+00 -1.818233251571655273e+00 1.293594360351562500e+00
-5.676547288894653320e-01 -2.225012779235839844e+00 1.378689110279083252e-01 7.510946691036224365e-02 -5.096522346138954163e-02 7.892700843513011932e-03 1.007412791252136230e+00 8.589463829994201660e-01 7.446218132972717285e-01 -4.555898010730743408e-01
-1.796716928482055664e+00 8.041654825210571289e-01 1.472879886627197266e+00 -2.854632139205932617e-01 1.328570961952209473e+00 2.657086551189422607e-01 1.363348960876464844e+00 -8.602561056613922119e-02 1.877014398574829102e+00 1.232362151145935059e+00
-2.103935956954956055e+00 -1.026477456092834473e+00 -2.011830568313598633e+00 -5.880971550941467285e-01 8.160076290369033813e-02 -4.608329012989997864e-02 -2.132784843444824219e+00 1.346744149923324585e-01 -1.877857923507690430e+00 4.877898395061492920e-01
1.967515200376510620e-01 -1.100076794624328613e+00 3.275414705276489258e-01 -4.145019352436065674e-01 -2.025707483291625977e+00 -4.495192468166351318e-01 2.252545803785324097e-01 -2.219737291336059570e+00 -6.806526184082031250e-01 -2.084486007690429688e+00
-3.331000208854675293e-01 5.857313871383666992e-01 4.540643095970153809e-01 1.471521615982055664e+00 1.930702328681945801e-01 8.094857335090637207e-01 3.436723724007606506e-02 1.763365864753723145e+00 4.517561197280883789e-01 1.088983297348022461e+00
-2.150304317474365234e+00 8.922578394412994385e-02 -2.030687332153320312e+00 -2.135010957717895508e+00 -1.048512220382690430e+00 -1.288998365402221680e+00 -2.158482313156127930e+00 -3.067941963672637939e-01 -1.583616495132446289e+00 -1.118322968482971191e+00
-2.077486276626586914e+00 1.044839859008789062e+00 -1.983276963233947754e+00 -2.068829298019409180e+00 -5.344364643096923828e-01 -4.093972444534301758e-01 -1.765361309051513672e+00 -6.717246770858764648e-01 -5.893216133117675781e-01 -3.749250173568725586e-01
2.331487655639648438e+00 -7.593088597059249878e-02 2.078264474868774414e+00 9.900199174880981445e-01 -1.900848150253295898e+00 2.971664369106292725e-01 -1.350872963666915894e-01 -1.779109120368957520e+00 2.091268301010131836e-01 -1.975267410278320312e+00
2.277885198593139648e+00 -2.216042995452880859e+00 -1.109625458717346191e+00 -2.738345563411712646e-01 -1.622358441352844238e+00 -7.165501713752746582e-01 -5.276495814323425293e-01 1.108048081398010254e+00 -2.105080842971801758e+00 -1.780559420585632324e+00
-2.038572549819946289e+00 3.853980451822280884e-02 -6.796145439147949219e-02 -6.044442057609558105e-01 4.075320959091186523e-01 -6.558935642242431641e-01 2.427176237106323242e-01 -1.287767529487609863e+00 -2.638489305973052979e-01 -3.374761939048767090e-01
6.809644699096679688e-01 -4.830796718597412109e-01 2.124491147696971893e-02 1.231021404266357422e+00 1.186815023422241211e+00 1.615809321403503418e+00 -3.613188564777374268e-01 -1.650168180465698242e+00 8.997048735618591309e-01 -1.135982036590576172e+00
-2.111002922058105469e+00 1.600445151329040527e+00 -1.004688441753387451e-02 -5.203484892845153809e-01 -1.733023166656494141e+00 -5.673307180404663086e-01 -1.294147849082946777e+00 1.813369095325469971e-01 3.079229891300201416e-01 -1.327200412750244141e+00
-1.569510579109191895e+00 1.473226904869079590e+00 6.774817705154418945e-01 4.495257437229156494e-01 1.136674642562866211e+00 1.488071560859680176e+00 1.758379340171813965e+00 3.096334338188171387e-01 1.701392889022827148e+00 1.446406483650207520e+00
2.116125583648681641e+00 1.858656108379364014e-01 -7.492327690124511719e-01 -1.793408393859863281e+00 -8.035285472869873047e-01 8.148240298032760620e-02 -8.615719676017761230e-01 1.300550103187561035e-01 5.949199795722961426e-01 5.375413298606872559e-01
-4.566113650798797607e-01 1.593605399131774902e+00 2.333925366401672363e-01 4.561982154846191406e-01 -3.698877692222595215e-01 1.577343046665191650e-01 4.441028237342834473e-01 -1.733205616474151611e-01 4.359470605850219727e-01 4.439066946506500244e-01
-1.605192899703979492e+00 -7.077981829643249512e-01 1.249581575393676758e-01 -2.100428104400634766e+00 9.833071380853652954e-02 -8.644066005945205688e-02 8.840131759643554688e-01 -1.629274368286132812e+00 5.247186422348022461e-01 3.821015125140547752e-03
-2.087180852890014648e+00 3.469567298889160156e-01 -4.679834842681884766e-01 -7.390204071998596191e-02 -1.265991210937500000e+00 -1.361295819282531738e+00 3.172897398471832275e-01 -2.135847568511962891e+00 -1.639128088951110840e+00 -2.054367542266845703e+00
-1.521372437477111816e+00 -3.320215940475463867e-01 -1.291406869888305664e+00 -1.330482840538024902e+00 1.335511326789855957e+00 -5.685945600271224976e-02 -1.470137715339660645e+00 1.128502607345581055e+00 -1.104363083839416504e+00 7.666915655136108398e-01
4.893690049648284912e-01 -2.483231544494628906e+00 -1.962465643882751465e+00 -2.017716407775878906e+00 -1.355714321136474609e+00 3.057147264480590820e-01 -2.192588090896606445e+00 3.869901597499847412e-01 -1.450345993041992188e+00 6.632235646247863770e-01
1.389145135879516602e+00 -2.241480112075805664e+00 3.555609583854675293e-01 -2.106894493103027344e+00 -8.928089141845703125e-01 -2.118941307067871094e+00 -4.307410717010498047e-01 -6.714220046997070312e-01 -2.081600666046142578e+00 -9.123400449752807617e-01
2.282208442687988281e+00 -9.623799473047256470e-02 -2.031992375850677490e-01 -1.057687163352966309e+00 1.170426368713378906e+00 -3.509438410401344299e-02 7.516780495643615723e-01 7.638154029846191406e-01 -8.349577784538269043e-01 2.584095895290374756e-01
-2.027577877044677734e+00 1.249618887901306152e+00 1.216118484735488892e-01 -8.398718237876892090e-01 -2.060620546340942383e+00 -1.285482525825500488e+00 -1.179700851440429688e+00 -2.232356548309326172e+00 -1.286232113838195801e+00 -2.150415897369384766e+00
-2.174633979797363281e+00 1.282553076744079590e-01 -2.030762672424316406e+00 -2.111073493957519531e+00 -2.087022066116333008e+00 -1.800426363945007324e+00 -2.159050703048706055e+00 -2.214872598648071289e+00 -2.081752300262451172e+00 -2.129392385482788086e+00
-1.659300446510314941e+00 8.611150979995727539e-01 -1.229101300239562988e+00 -2.023465871810913086e+00 -5.131170749664306641e-01 -6.723712682723999023e-01 -1.149961113929748535e+00 -1.953765153884887695e-01 -9.307874441146850586e-01 -8.477125167846679688e-01
-2.172775030136108398e+00 1.849066168069839478e-01 -1.964168667793273926e+00 -2.148944139480590820e+00 -2.090046644210815430e+00 -1.790750026702880859e+00 -2.168835401535034180e+00 -2.229269742965698242e+00 -2.056207656860351562e+00 -2.132133007049560547e+00
-2.167926311492919922e+00 4.366078972816467285e-01 -1.984393954277038574e+00 -2.155439615249633789e+00 -1.509883284568786621e+00 -1.674161911010742188e+00 -2.131939888000488281e+00 -8.611969351768493652e-01 -1.879365682601928711e+00 -1.432798743247985840e+00
-2.122243165969848633e+00 1.224009871482849121e+00 -4.734724164009094238e-01 2.709020376205444336e-01 -1.692646741867065430e+00 -1.299304723739624023e+00 -3.465633690357208252e-01 -1.944445729255676270e+00 -1.668943047523498535e+00 -1.818206548690795898e+00
-2.151984214782714844e+00 -6.085281372070312500e-01 -2.011546373367309570e+00 -6.150326728820800781e-01 -1.725563049316406250e+00 -5.734198093414306641e-01 -1.818512558937072754e+00 -1.462369710206985474e-01 -1.987262368202209473e+00 -5.424641966819763184e-01
-5.268504023551940918e-01 -9.160373806953430176e-01 4.510756433010101318e-01 4.787909388542175293e-01 -4.003098309040069580e-01 -1.786790966987609863e+00 -1.827734589576721191e+00 -6.727831363677978516e-01 -1.593744993209838867e+00 -8.608725666999816895e-01
1.954325735569000244e-01 1.336933732032775879e+00 2.228789329528808594e+00 -4.645541608333587646e-01 2.210673540830612183e-01 1.547095328569412231e-01 2.020844459533691406e+00 -7.513220906257629395e-01 1.890129089355468750e+00 -4.840870499610900879e-01
-1.243838667869567871e+00 -5.410390496253967285e-01 1.465275764465332031e+00 1.776875615119934082e+00 -8.103513717651367188e-01 -7.839588075876235962e-02 8.291945457458496094e-01 -1.804815053939819336e+00 3.279434740543365479e-01 -1.422316312789916992e+00
5.708504319190979004e-01 2.471505701541900635e-01 -4.806393980979919434e-01 -1.591271281242370605e+00 -7.138170301914215088e-02 -1.133902668952941895e-01 5.347761511802673340e-01 -1.767859339714050293e+00 -1.792767941951751709e-01 5.392906069755554199e-02
-1.018834948539733887e+00 -2.261178016662597656e+00 1.897619366645812988e-01 -1.855974912643432617e+00 1.826422333717346191e+00 -5.574713945388793945e-01 1.419655203819274902e+00 4.920659363269805908e-01 -1.367529749870300293e+00 1.276407599449157715e+00
9.524221420288085938e-01 3.679459691047668457e-01 -9.043208360671997070e-01 1.389520645141601562e+00 8.838253021240234375e-01 7.699418067932128906e-01 -9.211595058441162109e-01 1.734008312225341797e+00 1.883675813674926758e+00 1.596669912338256836e+00
-2.046209335327148438e+00 -1.426995277404785156e+00 5.333929136395454407e-02 -2.048551797866821289e+00 1.988844871520996094e+00 -1.450918555259704590e+00 1.264292359352111816e+00 -2.052699804306030273e+00 -1.525910377502441406e+00 6.191790103912353516e-01
-2.179159164428710938e+00 -1.176975131034851074e+00 -2.053917884826660156e+00 -1.258940339088439941e+00 -1.355543136596679688e+00 -1.338664531707763672e+00 -2.164811849594116211e+00 -2.678762562572956085e-02 -1.978773832321166992e+00 4.973818659782409668e-01
-2.142050743103027344e+00 7.644301652908325195e-01 -1.046664834022521973e+00 -1.399308919906616211e+00 -1.080674409866333008e+00 -1.590341567993164062e+00 -2.353914678096771240e-01 -1.562289237976074219e+00 -1.784152507781982422e+00 -9.611576795578002930e-01
-1.944323062896728516e+00 6.013532280921936035e-01 -1.201196789741516113e+00 -5.781558156013488770e-01 6.565208435058593750e-01 5.401160195469856262e-02 -1.366371870040893555e+00 1.569807410240173340e+00 6.207786798477172852e-01 9.363098740577697754e-01
-3.785425424575805664e-01 -1.534906506538391113e+00 -1.393824458122253418e+00 -2.723413705825805664e-01 6.540755629539489746e-01 -2.979725785553455353e-02 -4.293109104037284851e-02 -2.008633852005004883e+00 7.786510139703750610e-02 -3.799616098403930664e-01
-2.174316167831420898e+00 -6.802939623594284058e-02 -1.907429456710815430e+00 -1.983356595039367676e+00 -2.041495800018310547e+00 -1.760285139083862305e+00 -2.152041435241699219e+00 2.788077294826507568e-01 -2.029510736465454102e+00 -1.884721040725708008e+00
-2.174555301666259766e+00 2.429795563220977783e-01 -1.941665410995483398e+00 -2.133599281311035156e+00 -2.100753545761108398e+00 -1.789812564849853516e+00 -2.157792806625366211e+00 -2.247989416122436523e+00 -2.068867206573486328e+00 -2.139907598495483398e+00
1.036654472351074219e+00 -1.073479890823364258e+00 1.470617294311523438e+00 -7.192115187644958496e-01 -1.596321344375610352e+00 -8.561400771141052246e-01 1.883329391479492188e+00 4.435326159000396729e-01 -1.720835328102111816e+00 -2.019817829132080078e+00
-1.852969050407409668e+00 1.170041561126708984e+00 1.660043895244598389e-01 -2.054299116134643555e+00 -1.643991827964782715e+00 -1.212454557418823242e+00 7.661020755767822266e-01 -2.066023588180541992e+00 -1.845693469047546387e+00 -1.929184317588806152e+00
1.686003804206848145e+00 -5.713448524475097656e-01 1.567180275917053223e+00 8.515772223472595215e-01 7.632102966308593750e-01 -2.379974573850631714e-01 -1.526600122451782227e+00 -1.361545681953430176e+00 1.104509308934211731e-01 -1.070297837257385254e+00
-2.091566562652587891e+00 1.465535163879394531e+00 -6.117112636566162109e-01 -1.121090769767761230e+00 -2.029261112213134766e+00 -1.318396329879760742e+00 -1.018077731132507324e+00 -2.215553522109985352e+00 -1.095026135444641113e+00 -2.136707305908203125e+00
-2.090627431869506836e+00 -7.382372617721557617e-01 -1.834460616111755371e+00 -1.500692248344421387e+00 5.418815612792968750e-01 -8.419295549392700195e-01 -6.658906936645507812e-01 5.777218341827392578e-01 -1.461506724357604980e+00 -1.794114261865615845e-01
-9.194338321685791016e-01 1.596505045890808105e+00 1.872047066688537598e+00 2.084718942642211914e+00 -2.078725099563598633e-01 -1.422882825136184692e-01 2.390042319893836975e-02 -7.008328102529048920e-03 -3.550161719322204590e-01 -1.514275312423706055e+00
-8.196312189102172852e-01 1.975235790014266968e-01 -1.746124148368835449e+00 -8.754175305366516113e-01 -3.508366346359252930e-01 -4.045983403921127319e-02 -6.353099346160888672e-01 1.558420360088348389e-01 -3.776386976242065430e-01 -3.191758394241333008e-01
3.753316998481750488e-01 -3.712203502655029297e-01 -1.312442779541015625e+00 -5.796720981597900391e-01 -1.869013309478759766e+00 -9.959170222282409668e-01 6.517381072044372559e-01 -2.193921089172363281e+00 -1.786115050315856934e+00 -2.003402471542358398e+00
6.293931603431701660e-01 -1.518359035253524780e-01 1.484904527664184570e+00 -3.075691759586334229e-01 1.895787358283996582e+00 -1.539424657821655273e-01 2.009756326675415039e+00 -9.264039993286132812e-01 1.586531996726989746e+00 1.525287270545959473e+00
1.695147514343261719e+00 2.706484198570251465e-01 -1.019215583801269531e+00 2.205392867326736450e-01 -2.127600908279418945e-01 1.287052512168884277e+00 -9.437087178230285645e-01 8.105674982070922852e-01 1.145646333694458008e+00 9.523118287324905396e-02
-1.295674443244934082e+00 -1.096896290779113770e+00 8.961530923843383789e-01 -5.047925114631652832e-01 3.364278376102447510e-01 -8.127169013023376465e-01 5.894899964332580566e-01 -2.193964958190917969e+00 -8.447164893150329590e-01 -1.820853948593139648e+00
1.199184179306030273e+00 -3.292537331581115723e-01 1.401220321655273438e+00 1.392570376396179199e+00 -9.466376304626464844e-01 -1.793516427278518677e-01 1.122170925140380859e+00 -5.480175614356994629e-01 8.615077733993530273e-01 -7.129922509193420410e-02
4.542488753795623779e-01 -1.540281176567077637e+00 -1.278167009353637695e+00 -1.602631092071533203e+00 2.001955270767211914e+00 3.514300286769866943e-01 2.154513359069824219e+00 -9.802924841642379761e-02 -1.682531952857971191e+00 3.216481208801269531e-01
-2.105043649673461914e+00 1.203405261039733887e+00 5.472658276557922363e-01 4.412883520126342773e-01 -1.112832427024841309e+00 6.778485774993896484e-01 -9.592326283454895020e-01 -8.212862610816955566e-01 3.573803305625915527e-01 6.267504394054412842e-02
-2.117403030395507812e+00 1.795548349618911743e-01 -9.932505488395690918e-01 -4.947119355201721191e-01 -1.502789974212646484e+00 -1.416970968246459961e+00 9.751488566398620605e-01 -1.091104865074157715e+00 -1.920807242393493652e+00 -1.175947546958923340e+00
-2.003474712371826172e+00 4.467853307723999023e-01 1.053502485156059265e-01 -1.947501301765441895e+00 -1.249305248260498047e+00 -1.468707919120788574e+00 -1.117154359817504883e+00 -2.120711803436279297e+00 -1.558671236038208008e+00 -2.083352565765380859e+00
5.285891890525817871e-01 -9.800159335136413574e-01 3.806570172309875488e-01 -2.557578384876251221e-01 -1.513640880584716797e+00 -1.472958207130432129e+00 -1.418035626411437988e+00 1.297970652580261230e+00 -1.386296868324279785e+00 -1.470229268074035645e+00
-2.161443471908569336e+00 1.557777166366577148e+00 -2.258500158786773682e-01 -1.501641273498535156e+00 -1.693724632263183594e+00 -1.722949743270874023e+00 -2.119329929351806641e+00 -3.636473119258880615e-01 3.211513161659240723e-01 -1.567113518714904785e+00
1.084893584251403809e+00 -9.428725838661193848e-01 5.693580955266952515e-02 1.281936526298522949e+00 2.946082949638366699e-01 7.698817849159240723e-01 -1.473292708396911621e+00 -1.494640588760375977e+00 -1.085447549819946289e+00 -2.206978350877761841e-01
-3.490186035633087158e-01 -6.542938947677612305e-01 -3.923394083976745605e-01 -4.977290332317352295e-01 5.305052921175956726e-02 6.689230799674987793e-01 9.354197382926940918e-01 -2.110730171203613281e+00 -6.891555786132812500e-01 -5.830482840538024902e-01
-2.552876770496368408e-01 -2.180297613143920898e+00 -1.897059202194213867e+00 3.403829038143157959e-01 -1.653948128223419189e-01 8.042875528335571289e-01 -4.459028542041778564e-01 -2.815336883068084717e-01 -8.550604581832885742e-01 -1.211882010102272034e-01
1.176111221313476562e+00 -5.625323653221130371e-01 -1.599145293235778809e+00 -3.780530095100402832e-01 -9.165287949144840240e-03 1.224542140960693359e+00 1.388214230537414551e+00 5.374963283538818359e-01 5.882407426834106445e-01 8.524402379989624023e-01
-2.150093317031860352e+00 3.283537924289703369e-01 -3.037030100822448730e-01 -1.670436501502990723e+00 -6.755454540252685547e-01 -1.783297657966613770e+00 -1.565949916839599609e+00 -6.591078042984008789e-01 -1.777609586715698242e+00 -6.254838705062866211e-01
-2.097099542617797852e+00 2.386199533939361572e-01 -9.490416049957275391e-01 -1.096615433692932129e+00 -7.196153402328491211e-01 -8.477076292037963867e-01 -1.148586988449096680e+00 -1.423294663429260254e+00 -8.258612155914306641e-01 -3.112472593784332275e-01
8.415923714637756348e-01 -6.889842748641967773e-01 -6.706755161285400391e-01 4.953652322292327881e-01 5.031783580780029297e-01 2.621376812458038330e-01 -7.141470313072204590e-01 -5.200752019882202148e-01 -1.463469117879867554e-02 2.180841863155364990e-01
-2.168925762176513672e+00 8.252604603767395020e-01 -1.781797766685485840e+00 -1.056143641471862793e+00 -2.085211038589477539e+00 -1.659090757369995117e+00 -2.130978584289550781e+00 -2.212376356124877930e+00 -1.924754858016967773e+00 -2.119412660598754883e+00
1.426957488059997559e+00 -1.478565931320190430e+00 -1.639794707298278809e-01 -1.979961991310119629e+00 5.434682965278625488e-01 -1.833815872669219971e-01 3.511093556880950928e-01 -8.940891623497009277e-01 2.027062177658081055e-01 -1.014597058296203613e+00
5.749351382255554199e-01 1.370897650718688965e+00 -1.600119829177856445e+00 1.535255670547485352e+00 -2.642816603183746338e-01 1.396082758903503418e+00 5.329169631004333496e-01 -1.474315166473388672e+00 8.941218256950378418e-01 -2.303867340087890625e-01
-2.045218944549560547e+00 1.571849107742309570e+00 -4.361315071582794189e-01 -1.072644710540771484e+00 -1.698521614074707031e+00 -7.164949774742126465e-01 -6.069985628128051758e-01 -1.275454759597778320e-01 1.086809560656547546e-01 -1.438596487045288086e+00
4.141886234283447266e-01 -4.968294799327850342e-01 -1.252203583717346191e+00 7.638925313949584961e-01 -2.112376451492309570e+00 -6.415235400199890137e-01 -2.211869716644287109e+00 -2.216338872909545898e+00 -1.056028127670288086e+00 -2.133091688156127930e+00
7.227379083633422852e-01 -2.458807229995727539e+00 -7.547546029090881348e-01 -1.270905613899230957e+00 2.826407253742218018e-01 -1.046279430389404297e+00 8.807345032691955566e-01 1.750677675008773804e-01 -2.075408458709716797e+00 -6.477586030960083008e-01
-1.588943898677825928e-01 -8.220862746238708496e-01 -6.314944475889205933e-02 -5.589846372604370117e-01 -2.977684736251831055e-01 -3.777461871504783630e-02 5.851933956146240234e-01 -1.627999544143676758e+00 -1.282950162887573242e+00 -9.498361945152282715e-01
-1.865092754364013672e+00 1.603846073150634766e+00 6.119634211063385010e-02 -1.702086806297302246e+00 -1.751482963562011719e+00 -8.087972998619079590e-01 -1.002920627593994141e+00 -1.931400656700134277e+00 -9.612286090850830078e-01 -1.935128688812255859e+00
-3.299178183078765869e-02 -2.349934339523315430e+00 4.466489255428314209e-01 -1.753233075141906738e+00 -1.233049988746643066e+00 -2.059798002243041992e+00 -1.866533160209655762e+00 1.474866122007369995e-01 -1.815017580986022949e+00 -1.478971958160400391e+00
1.537179231643676758e+00 -2.040016055107116699e-01 1.641329050064086914e+00 1.763317942619323730e+00 4.043175280094146729e-01 1.154431223869323730e+00 -6.022846698760986328e-01 -6.306524872779846191e-01 1.696967482566833496e+00 2.147860974073410034e-01
-2.105767011642456055e+00 -1.364411711692810059e+00 -1.721199631690979004e+00 -4.859342277050018311e-01 -3.826003521680831909e-02 5.749943256378173828e-01 -1.620447754859924316e+00 -5.316649079322814941e-01 1.473113149404525757e-01 -5.449985712766647339e-02
-1.435235261917114258e+00 1.609754323959350586e+00 2.101493597030639648e+00 -2.872244715690612793e-01 -1.574076414108276367e+00 -9.991869330406188965e-01 2.889810800552368164e-01 -1.539849638938903809e-01 8.958584070205688477e-02 -1.605376601219177246e+00
-9.324853420257568359e-01 -2.313158959150314331e-01 -1.186553597450256348e+00 3.544906973838806152e-01 1.083439230918884277e+00 5.498936772346496582e-01 -1.863614678382873535e+00 1.712600827217102051e+00 3.592186272144317627e-01 1.354269862174987793e+00
1.004835009574890137e+00 -1.164456605911254883e-01 -3.751519322395324707e-01 6.230697035789489746e-01 -7.190376520156860352e-01 7.673692107200622559e-01 1.033238410949707031e+00 -1.148021101951599121e+00 -1.057314515113830566e+00 -7.304547429084777832e-01
-1.758844256401062012e+00 2.608214914798736572e-01 -8.210353255271911621e-01 -8.669776320457458496e-01 -1.364454507827758789e+00 -6.029990911483764648e-01 2.666221261024475098e-01 -1.405192494392395020e+00 3.186047822237014771e-02 -9.047532677650451660e-01
1.603441357612609863e+00 -1.137564778327941895e+00 -1.686527967453002930e+00 8.558702468872070312e-01 -9.677715897560119629e-01 4.518463611602783203e-01 -2.195252418518066406e+00 1.586072683334350586e+00 6.746243238449096680e-01 1.379419326782226562e+00
1.260519742965698242e+00 -3.085568919777870178e-02 1.965229511260986328e+00 1.870484113693237305e+00 -6.369445919990539551e-01 -1.645392030477523804e-01 1.528775453567504883e+00 -6.277371048927307129e-01 1.461627483367919922e+00 8.181888461112976074e-01
-2.140908241271972656e+00 -1.093032956123352051e+00 -1.988425493240356445e+00 -2.163747072219848633e+00 2.547663748264312744e-01 -1.560643076896667480e+00 -2.149449586868286133e+00 1.257445961236953735e-01 -2.024626731872558594e+00 -1.193722009658813477e+00
