-1.670871861279010773e-02
-4.857060499489307404e-03
-1.358381193131208420e-02
-2.971179783344268799e-02
2.592800883576273918e-04
-1.389482058584690094e-02
-2.058268152177333832e-02
-1.421756763011217117e-02
-2.290908992290496826e-02
-2.978239580988883972e-02
-2.204857952892780304e-02
-2.289737761020660400e-02
-4.428571835160255432e-02
-2.263595722615718842e-02
-3.146196156740188599e-02
-9.486515074968338013e-03
-8.027005009353160858e-03
-5.972031503915786743e-03
-2.056295052170753479e-02
-3.072208724915981293e-02
-3.136909753084182739e-02
-2.565581910312175751e-02
-2.801601774990558624e-02
4.592316225171089172e-02
-2.956620790064334869e-02
-2.976627275347709656e-02
-2.922343276441097260e-02
2.757805865257978439e-03
-3.119885921478271484e-02
-2.151007018983364105e-02
-7.496350444853305817e-03
-1.406364329159259796e-02
-3.433427587151527405e-02
1.654726453125476837e-02
-2.509087510406970978e-02
-3.210172057151794434e-02
-1.166784763336181641e-02
-1.187973190099000931e-02
-1.599311083555221558e-02
-2.654458768665790558e-02
-5.526031833142042160e-03
-6.786478217691183090e-03
-9.349926374852657318e-03
-1.076267450116574764e-03
-3.687747940421104431e-02
-3.047244250774383545e-02
-2.783474326133728027e-02
-3.418184816837310791e-02
-1.948969252407550812e-02
