-2.314545772969722748e-02
-2.301818132400512695e-02
-2.170909196138381958e-02
-2.223636582493782043e-02
-2.245454303920269012e-02
-2.181818336248397827e-02
-2.123636379837989807e-02
-2.229090966284275055e-02
-2.192727103829383850e-02
-2.165454439818859100e-02
-2.274545468389987946e-02
-2.196363545954227448e-02
-2.200920134782791138e-02
-2.294830419123172760e-02
-2.207550965249538422e-02
-2.265390381217002869e-02
-2.147272787988185883e-02
-2.161818556487560272e-02
-2.180000022053718567e-02
-2.249090746045112610e-02
-2.203636430203914642e-02
-2.161817997694015503e-02
-2.172726951539516449e-02
-2.309091202914714813e-02
-2.125454694032669067e-02
-2.292727306485176086e-02
-2.283636294305324554e-02
-2.101818285882472992e-02
-2.150908857583999634e-02
-2.094545774161815643e-02
-2.221818082034587860e-02
-2.141818217933177948e-02
-2.216249518096446991e-02
-2.210517227649688721e-02
-2.202488481998443604e-02
-2.202146127820014954e-02
-2.202303148806095123e-02
-2.182452939450740814e-02
-2.213169448077678680e-02
-2.142102830111980438e-02
-2.194138988852500916e-02
-2.193896658718585968e-02
-2.140769734978675842e-02
-2.288891561329364777e-02
-2.196463383734226227e-02
-2.174288593232631683e-02
-2.201718278229236603e-02
-2.296085469424724579e-02
-2.147543802857398987e-02
-2.190959267318248749e-02
-2.222153358161449432e-02
-2.091215923428535461e-02
-2.183636464178562164e-02
-2.194545231759548187e-02
-2.261818386614322662e-02
-2.176363766193389893e-02
-2.352727390825748444e-02
-2.307272702455520630e-02
-2.269996330142021179e-02
-2.234338782727718353e-02
-2.216684632003307343e-02
-2.168377861380577087e-02
-2.199779078364372253e-02
-2.123137377202510834e-02
-2.182588167488574982e-02
-2.200748212635517120e-02
-2.215229719877243042e-02
-2.139158546924591064e-02
-2.206744812428951263e-02
-2.218709141016006470e-02
-2.621597237884998322e-02
-2.634930424392223358e-02
-2.572470903396606445e-02
-2.620334923267364502e-02
-2.597354725003242493e-02
-2.462089061737060547e-02
-2.135964296758174896e-02
-2.145689912140369415e-02
-2.139065973460674286e-02
-2.278873883187770844e-02
-2.213091216981410980e-02
-2.198125049471855164e-02
-2.218181826174259186e-02
-2.163636125624179840e-02
-2.243636548519134521e-02
-2.140000090003013611e-02
-2.232456207275390625e-02
-2.234631031751632690e-02
-2.215893007814884186e-02
-2.150709554553031921e-02
-2.202516794204711914e-02
-2.270630933344364166e-02
-2.066987380385398865e-02
-2.108499407768249512e-02
-2.332605794072151184e-02
-2.446010150015354156e-02
-2.460641600191593170e-02
-2.612178586423397064e-02
-2.587429806590080261e-02
-2.394944615662097931e-02
-2.380227856338024139e-02
-2.195885591208934784e-02
-2.397475950419902802e-02
-2.468341588973999023e-02
-2.425811067223548889e-02
-2.250745333731174469e-02
-2.177533134818077087e-02
-2.142574079334735870e-02
-2.176962420344352722e-02
-2.164064161479473114e-02
-2.236648835241794586e-02
-2.163636311888694763e-02
-2.258181385695934296e-02
-2.267001941800117493e-02
-2.259158715605735779e-02
-2.169954031705856323e-02
-2.274217456579208374e-02
-2.099422551691532135e-02
-2.015878818929195404e-02
-2.029161900281906128e-02
-2.217739820480346680e-02
-2.430053614079952240e-02
-2.476021647453308105e-02
-2.208391763269901276e-02
-2.181090787053108215e-02
-2.056583203375339508e-02
-2.005659230053424835e-02
-1.931156963109970093e-02
-1.753638498485088348e-02
-1.531214546412229538e-02
-1.698452420532703400e-02
-1.875678263604640961e-02
-2.271785400807857513e-02
-2.497454546391963959e-02
-2.485653944313526154e-02
-2.277789823710918427e-02
-2.145732939243316650e-02
-2.218630909919738770e-02
-2.315522171556949615e-02
-2.285005524754524231e-02
-2.161818183958530426e-02
-2.200000174343585968e-02
-2.115030400454998016e-02
-2.281825430691242218e-02
-2.115957438945770264e-02
-2.076634950935840607e-02
-2.103393711149692535e-02
-2.305889315903186798e-02
-2.191251516342163086e-02
-2.259836345911026001e-02
-2.174772694706916809e-02
-1.900833472609519958e-02
-1.729525253176689148e-02
-1.764611527323722839e-02
-1.679721847176551819e-02
-1.790837012231349945e-02
-1.704888790845870972e-02
-1.342399697750806808e-02
-1.393737923353910446e-02
-1.503657177090644836e-02
-1.706145517528057098e-02
-2.233225852251052856e-02
-2.509953640401363373e-02
-2.848092280328273773e-02
-2.406288497149944305e-02
-2.190951816737651825e-02
-2.265140600502490997e-02
-2.252663113176822662e-02
-2.194545418024063110e-02
-2.154467254877090454e-02
-2.284734509885311127e-02
-2.170652709901332855e-02
-2.077475935220718384e-02
-2.032556012272834778e-02
-2.423700690269470215e-02
-2.180242538452148438e-02
-2.037026546895503998e-02
-2.114823460578918457e-02
-2.053795568645000458e-02
-1.792890951037406921e-02
-1.584080234169960022e-02
-1.640685833990573883e-02
-1.567302085459232330e-02
-1.575358211994171143e-02
-1.409518159925937653e-02
-1.476877368986606598e-02
-1.310233958065509796e-02
-1.355537027120590210e-02
-1.504406332969665527e-02
-1.906637847423553467e-02
-2.379016578197479248e-02
-2.624050527811050415e-02
-2.589140646159648895e-02
-2.236791513860225677e-02
-2.220934070646762848e-02
-2.233197912573814392e-02
-2.223636396229267120e-02
-2.194481343030929565e-02
-2.109589613974094391e-02
-2.273704111576080322e-02
-2.081668563187122345e-02
-2.190709486603736877e-02
-2.277354709804058075e-02
-2.142765559256076813e-02
-2.065133675932884216e-02
-1.852419786155223846e-02
-1.777154766023159027e-02
-1.534576434642076492e-02
-1.748666539788246155e-02
-1.752317696809768677e-02
-1.487164851278066635e-02
-1.630556955933570862e-02
-1.473214197903871536e-02
-1.392584387212991714e-02
-1.471814699470996857e-02
-1.545135397464036942e-02
-1.365617103874683380e-02
-1.652606204152107239e-02
-2.099123783409595490e-02
-2.658823877573013306e-02
-2.637954056262969971e-02
-2.300827018916606903e-02
-2.280435152351856232e-02
-2.216456457972526550e-02
-2.179621905088424683e-02
-2.183615230023860931e-02
-2.150745503604412079e-02
-2.033297345042228699e-02
-2.205083519220352173e-02
-2.345361746847629547e-02
-2.160584554076194763e-02
-2.033291198313236237e-02
-2.008569054305553436e-02
-1.921438798308372498e-02
-1.799390837550163269e-02
-1.902370899915695190e-02
-1.280012167990207672e-02
-1.326089352369308472e-02
-1.565919443964958191e-02
-1.568716950714588165e-02
-1.586303859949111938e-02
-1.629262045025825500e-02
-1.434558629989624023e-02
-1.473768427968025208e-02
-1.484420057386159897e-02
-1.565634272992610931e-02
-1.922553591430187225e-02
-2.337569370865821838e-02
-2.565461210906505585e-02
-2.302716672420501709e-02
-2.175365574657917023e-02
-2.151051722466945648e-02
-2.243044786155223846e-02
-2.139258570969104767e-02
-2.036684565246105194e-02
-2.023736573755741119e-02
-2.245811000466346741e-02
-2.340484596788883209e-02
-2.068328484892845154e-02
-1.909020170569419861e-02
-1.911457441747188568e-02
-1.785224489867687225e-02
-1.898210123181343079e-02
-1.551178656518459320e-02
-1.304548233747482300e-02
-1.319436915218830109e-02
-1.265091449022293091e-02
-1.012820843607187271e-02
-1.143795251846313477e-02
-1.510236877948045731e-02
-1.293597463518381119e-02
-1.359726488590240479e-02
-1.339009683579206467e-02
-1.396878063678741455e-02
-2.020849660038948059e-02
-2.094645984470844269e-02
-2.242865972220897675e-02
-2.192449383437633514e-02
-2.120777219533920288e-02
-2.186003699898719788e-02
-2.214010618627071381e-02
-2.307379804551601410e-02
-2.073411643505096436e-02
-2.146003767848014832e-02
-2.008192427456378937e-02
-2.153868041932582855e-02
-2.052593044936656952e-02
-1.848058216273784637e-02
-1.940583996474742889e-02
-1.915179565548896790e-02
-1.767096854746341705e-02
-1.386140286922454834e-02
-1.363559998571872711e-02
-1.105216145515441895e-02
-1.041389442980289459e-02
-7.342012133449316025e-03
-1.107305008918046951e-02
-1.129034534096717834e-02
-1.189101021736860275e-02
-1.201888360083103180e-02
-1.431202329695224762e-02
-1.712742261588573456e-02
-1.895474083721637726e-02
-2.068628184497356415e-02
-1.999272778630256653e-02
-2.117140963673591614e-02
-2.127957344055175781e-02
-2.203108742833137512e-02
-2.184342220425605774e-02
-2.177982032299041748e-02
-2.219700627028942108e-02
-2.032641507685184479e-02
-2.147615142166614532e-02
-2.155892923474311829e-02
-2.082317881286144257e-02
-1.970511861145496368e-02
-1.897010952234268188e-02
-1.842169277369976044e-02
-1.628646068274974823e-02
-1.287662610411643982e-02
-9.684367105364799500e-03
-1.149274967610836029e-02
-9.092852473258972168e-03
-8.501064032316207886e-03
-1.092779077589511871e-02
-1.280083134770393372e-02
-1.207610964775085449e-02
-1.250498369336128235e-02
-1.340656075626611710e-02
-1.775467023253440857e-02
-2.008092962205410004e-02
-1.946773380041122437e-02
-1.948007009923458099e-02
-2.199657820165157318e-02
-2.213917858898639679e-02
-2.153611555695533752e-02
-2.231101505458354950e-02
-2.172520756721496582e-02
-2.094552852213382721e-02
-2.100870013236999512e-02
-1.945205032825469971e-02
-2.053197287023067474e-02
-2.135073393583297729e-02
-2.043686807155609131e-02
-1.902624219655990601e-02
-1.873585954308509827e-02
-1.607284136116504669e-02
-1.302485633641481400e-02
-1.097301393747329712e-02
-1.032789144665002823e-02
-9.899618104100227356e-03
-8.545279502868652344e-03
-1.099263411015272141e-02
-1.174538116902112961e-02
-1.126123219728469849e-02
-1.401967182755470276e-02
-1.626836881041526794e-02
-1.916242949664592743e-02
-2.225291542708873749e-02
-2.163835801184177399e-02
-1.808577962219715118e-02
-2.202780731022357941e-02
-2.148798480629920959e-02
-2.246210537850856781e-02
-2.201589941978454590e-02
-2.134331874549388885e-02
-2.195978537201881409e-02
-2.120606228709220886e-02
-1.937981881201267242e-02
-2.037831768393516541e-02
-2.095144428312778473e-02
-2.189814113080501556e-02
-1.936567202210426331e-02
-1.909124478697776794e-02
-1.543814409524202347e-02
-1.291820127516984940e-02
-1.248048897832632065e-02
-8.693033829331398010e-03
-8.281986229121685028e-03
-1.038042828440666199e-02
-1.110193971544504166e-02
-1.339829899370670319e-02
-1.049971580505371094e-02
-1.340212486684322357e-02
-1.788848266005516052e-02
-2.051216922700405121e-02
-2.267124690115451813e-02
-2.176862582564353943e-02
-1.892092451453208923e-02
-2.237546816468238831e-02
-2.157154679298400879e-02
-2.226260304450988770e-02
-2.162830531597137451e-02
-2.217490412294864655e-02
-2.173768542706966400e-02
-2.147629112005233765e-02
-1.851079985499382019e-02
-2.145867794752120972e-02
-2.071409113705158234e-02
-1.993699558079242706e-02
-1.880310475826263428e-02
-1.653844676911830902e-02
-1.298815105110406876e-02
-1.087836548686027527e-02
-9.959187358617782593e-03
-7.379775866866111755e-03
-7.081533316522836685e-03
-1.061178464442491531e-02
-1.330360583961009979e-02
-1.355763152241706848e-02
-1.203968189656734467e-02
-1.410587597638368607e-02
-1.776056736707687378e-02
-2.130944840610027313e-02
-2.310832031071186066e-02
-2.162866108119487762e-02
-1.978096179664134979e-02
-2.204448916018009186e-02
-2.199237234890460968e-02
-2.111778780817985535e-02
-2.263322845101356506e-02
-2.245661616325378418e-02
-2.133190631866455078e-02
-2.225375734269618988e-02
-1.829497329890727997e-02
-1.989682577550411224e-02
-2.114967443048954010e-02
-2.060702256858348846e-02
-2.030079998075962067e-02
-1.730221882462501526e-02
-1.318803709000349045e-02
-1.040161401033401489e-02
-9.409932419657707214e-03
-7.546788081526756287e-03
-6.750640459358692169e-03
-1.091753132641315460e-02
-1.160261593759059906e-02
-9.627812542021274567e-03
-1.031229924410581589e-02
-1.328660361468791962e-02
-1.785482838749885559e-02
-2.234431914985179901e-02
-2.276342175900936127e-02
-2.310182340443134308e-02
-1.945717819035053253e-02
-2.063779160380363464e-02
-2.127123065292835236e-02
-2.177833020687103271e-02
-2.186987735331058502e-02
-2.163757942616939545e-02
-2.231208793818950653e-02
-2.161318995058536530e-02
-1.911208592355251312e-02
-2.099095657467842102e-02
-2.154797874391078949e-02
-2.295661345124244690e-02
-2.314720675349235535e-02
-1.944914832711219788e-02
-1.418196037411689758e-02
-1.109696552157402039e-02
-9.343532845377922058e-03
-1.040321215987205505e-02
-1.067780517041683197e-02
-1.340700685977935791e-02
-1.012476999312639236e-02
-8.102660998702049255e-03
-9.862706996500492096e-03
-1.520112901926040649e-02
-1.916853152215480804e-02
-2.536007016897201538e-02
-2.331686392426490784e-02
-2.058837935328483582e-02
-2.092777192592620850e-02
-2.135194279253482819e-02
-2.192627266049385071e-02
-2.224862761795520782e-02
-2.234545350074768066e-02
-2.205975353717803955e-02
-2.218253724277019501e-02
-2.142352797091007233e-02
-2.030531130731105804e-02
-2.023935504257678986e-02
-2.015095949172973633e-02
-2.282162196934223175e-02
-2.232139185070991516e-02
-1.991416141390800476e-02
-1.519314292818307877e-02
-1.168838515877723694e-02
-1.118257641792297363e-02
-1.294489018619060516e-02
-1.504068914800882339e-02
-1.135731022804975510e-02
-8.309775032103061676e-03
-9.139671921730041504e-03
-1.361847575753927231e-02
-1.656682230532169342e-02
-2.182058803737163544e-02
-2.588720060884952545e-02
-2.407194860279560089e-02
-2.283316291868686676e-02
-1.995508000254631042e-02
-2.245797030627727509e-02
-2.140049822628498077e-02
-2.160456217825412750e-02
-2.166459709405899048e-02
-2.250452525913715363e-02
-2.300876751542091370e-02
-2.111650258302688599e-02
-2.187022939324378967e-02
-2.123822085559368134e-02
-2.085990831255912781e-02
-2.198682539165019989e-02
-2.067329920828342438e-02
-1.891258545219898224e-02
-1.524248626083135605e-02
-1.179393380880355835e-02
-1.294024195522069931e-02
-1.537257805466651917e-02
-1.319020055234432220e-02
-9.434942156076431274e-03
-7.424290291965007782e-03
-9.676260873675346375e-03
-1.498706266283988953e-02
-1.928802579641342163e-02
-2.340326644480228424e-02
-2.453140728175640106e-02
-2.436706051230430603e-02
-2.446281723678112030e-02
-2.238067612051963806e-02
-2.303237095475196838e-02
-2.273625507950782776e-02
-2.199885621666908264e-02
-2.230802364647388458e-02
-2.241269126534461975e-02
-2.189361862838268280e-02
-2.029975131154060364e-02
-2.194231189787387848e-02
-2.206317707896232605e-02
-2.142359130084514618e-02
-2.220885828137397766e-02
-2.240248583257198334e-02
-1.820440590381622314e-02
-1.504691224545240402e-02
-1.461316738277673721e-02
-1.476491242647171021e-02
-1.770682074129581451e-02
-1.310001965612173080e-02
-1.011222042143344879e-02
-7.433949969708919525e-03
-1.120281219482421875e-02
-1.626299135386943817e-02
-2.234465442597866058e-02
-2.418545447289943695e-02
-2.523586526513099670e-02
-2.440691925585269928e-02
-2.488712593913078308e-02
-2.352149784564971924e-02
-2.136663161218166351e-02
-2.160213887691497803e-02
-2.172634564340114594e-02
-2.329090982675552368e-02
-2.242623642086982727e-02
-2.097219415009021759e-02
-1.981397345662117004e-02
-2.219408005475997925e-02
-2.203194424510002136e-02
-2.266525849699974060e-02
-2.130594104528427124e-02
-1.917167007923126221e-02
-1.677158474922180176e-02
-1.581227220594882965e-02
-1.554675213992595673e-02
-1.537360902875661850e-02
-1.679064892232418060e-02
-1.387197803705930710e-02
-7.389875594526529312e-03
-6.439672317355871201e-03
-1.317192520946264267e-02
-1.869642920792102814e-02
-2.247898094356060028e-02
-2.300598099827766418e-02
-2.291586250066757202e-02
-2.333967760205268860e-02
-2.342801913619041443e-02
-2.231593616306781769e-02
-2.166980318725109100e-02
-2.279721945524215698e-02
-2.226552739739418030e-02
-2.228862978518009186e-02
-2.138203382492065430e-02
-2.154046297073364258e-02
-1.975108683109283447e-02
-2.196877449750900269e-02
-2.321104891598224640e-02
-2.206231281161308289e-02
-2.130216360092163086e-02
-1.854621805250644684e-02
-1.697756350040435791e-02
-1.757059805095195770e-02
-1.701501198112964630e-02
-1.561176124960184097e-02
-1.290989760309457779e-02
-1.125457044690847397e-02
-7.222403772175312042e-03
-9.665005840361118317e-03
-1.488846074789762497e-02
-1.958272792398929596e-02
-2.318287268280982971e-02
-2.343122847378253937e-02
-2.277746610343456268e-02
-2.260349318385124207e-02
-2.173290401697158813e-02
-2.263002097606658936e-02
-2.216021344065666199e-02
-2.258680760860443115e-02
-2.183358371257781982e-02
-2.252506278455257416e-02
-2.205033786594867706e-02
-2.268934436142444611e-02
-2.126381546258926392e-02
-2.113090641796588898e-02
-2.295414730906486511e-02
-2.272855304181575775e-02
-1.977132633328437805e-02
-1.790194213390350342e-02
-1.742300577461719513e-02
-1.948823593556880951e-02
-2.037825994193553925e-02
-1.591689512133598328e-02
-1.414143014699220657e-02
-1.082101464271545410e-02
-1.129116211086511612e-02
-1.366595458239316940e-02
-1.574786752462387085e-02
-2.034452930092811584e-02
-2.052692323923110962e-02
-2.464556321501731873e-02
-2.278174273669719696e-02
-2.103971131145954132e-02
-2.214082144200801849e-02
-2.161205187439918518e-02
-2.238816395401954651e-02
-2.248470485210418701e-02
-2.243123017251491547e-02
-2.254545502364635468e-02
-2.212727628648281097e-02
-2.102852240204811096e-02
-2.120463922619819641e-02
-2.139108255505561829e-02
-2.158538252115249634e-02
-2.356213144958019257e-02
-2.187265269458293915e-02
-1.929610408842563629e-02
-1.802137680351734161e-02
-1.824805699288845062e-02
-1.850315742194652557e-02
-1.558669749647378922e-02
-1.272705476731061935e-02
-1.230995636433362961e-02
-1.085937209427356720e-02
-1.527042966336011887e-02
-1.802031882107257843e-02
-2.231394127011299133e-02
-2.578837797045707703e-02
-2.404136024415493011e-02
-2.136819809675216675e-02
-2.046852000057697296e-02
-2.288456633687019348e-02
-2.098267152905464172e-02
-2.245126292109489441e-02
-2.193597331643104553e-02
-2.265454642474651337e-02
-2.163636311888694763e-02
-2.185454964637756348e-02
-2.189219184219837189e-02
-2.205269411206245422e-02
-2.114096283912658691e-02
-2.088670246303081512e-02
-2.364185266196727753e-02
-2.510409615933895111e-02
-2.587464451789855957e-02
-2.348755486309528351e-02
-2.070116624236106873e-02
-1.765816286206245422e-02
-1.613325253129005432e-02
-1.439854968339204788e-02
-1.454557105898857117e-02
-1.632448658347129822e-02
-1.869254559278488159e-02
-2.421975135803222656e-02
-2.682581357657909393e-02
-2.606295794248580933e-02
-2.273832447826862335e-02
-2.089654467999935150e-02
-2.044270932674407959e-02
-2.201754041016101837e-02
-2.258930914103984833e-02
-2.171907201409339905e-02
-2.151899971067905426e-02
-2.232727222144603729e-02
-2.247272618114948273e-02
-2.307272702455520630e-02
-2.166602574288845062e-02
-2.245404757559299469e-02
-2.192427963018417358e-02
-2.080256678164005280e-02
-2.109197527170181274e-02
-2.487443946301937103e-02
-2.584228478372097015e-02
-2.597212418913841248e-02
-2.288855239748954773e-02
-2.197775617241859436e-02
-1.966916210949420929e-02
-1.970587484538555145e-02
-2.259836345911026001e-02
-2.425589598715305328e-02
-2.558845095336437225e-02
-2.743921801447868347e-02
-2.673447690904140472e-02
-2.283785864710807800e-02
-2.245925180613994598e-02
-2.122224867343902588e-02
-2.219672128558158875e-02
-2.203301340341567993e-02
-2.206210419535636902e-02
-2.155750244855880737e-02
-2.184712886810302734e-02
-2.209090813994407654e-02
-2.203636243939399719e-02
-2.214545570313930511e-02
-2.254545316100120544e-02
-2.201818302273750305e-02
-2.246067672967910767e-02
-2.182473987340927124e-02
-2.094210684299468994e-02
-2.162038907408714294e-02
-2.346694841980934143e-02
-2.661098167300224304e-02
-2.600649185478687286e-02
-2.627636492252349854e-02
-2.607150934636592865e-02
-2.519643679261207581e-02
-2.583222836256027222e-02
-2.587849833071231842e-02
-2.410545572638511658e-02
-2.440677210688591003e-02
-2.255479805171489716e-02
-2.095343917608261108e-02
-2.134631387889385223e-02
-2.231807447969913483e-02
-2.080328017473220825e-02
-2.193155139684677124e-02
-2.241596952080726624e-02
-2.225033566355705261e-02
-2.167272567749023438e-02
-2.265454828739166260e-02
-2.240000106394290924e-02
-2.289090864360332489e-02
-2.203636430203914642e-02
-2.187272720038890839e-02
-2.208007127046585083e-02
-2.173355035483837128e-02
-2.236163988709449768e-02
-2.199080400168895721e-02
-2.177112363278865814e-02
-2.197611331939697266e-02
-2.238330990076065063e-02
-2.132549323141574860e-02
-2.149497531354427338e-02
-2.110345661640167236e-02
-2.098488435149192810e-02
-2.152114175260066986e-02
-2.274837903678417206e-02
-2.084570564329624176e-02
-2.114003524184226990e-02
-2.207436785101890564e-02
-2.246588096022605896e-02
-2.158495411276817322e-02
-2.226838096976280212e-02
-2.172284945845603943e-02
-2.212727256119251251e-02
-2.241818234324455261e-02
-2.139999903738498688e-02
-2.123636193573474884e-02
