-1.389017794281244278e-02 -3.282088041305541992e-02 -1.773280906490981579e-03 -8.687944151461124420e-03 -3.591361641883850098e-02 -8.519676513969898224e-03 -3.114530630409717560e-02 1.303952466696500778e-02 -9.307777136564254761e-02 -4.127341508865356445e-02
-1.743063516914844513e-02 8.750467561185359955e-03 -4.728328436613082886e-03 -7.059098035097122192e-02 1.892286352813243866e-02 -1.893726922571659088e-02 -2.337154559791088104e-02 -1.431126054376363754e-02 5.436460301280021667e-02 -3.017924539744853973e-02
-2.942068874835968018e-02 -5.624796822667121887e-02 5.164735019207000732e-02 -3.535225242376327515e-02 1.236152183264493942e-02 -3.733720257878303528e-02 -3.090502321720123291e-02 2.654773741960525513e-02 -7.645332813262939453e-02 -3.540029749274253845e-02
4.533560015261173248e-03 -6.392525136470794678e-02 -1.304225437343120575e-02 -1.872557960450649261e-02 -4.149462282657623291e-02 -3.831173852086067200e-02 -2.537193708121776581e-02 -3.430360183119773865e-02 -6.312102824449539185e-02 -1.417363341897726059e-02
-2.984387055039405823e-02 -8.023954182863235474e-02 3.094676695764064789e-02 3.289730846881866455e-02 -3.163572167977690697e-03 -4.956286773085594177e-02 -2.498246729373931885e-03 -4.055973142385482788e-03 -8.540790528059005737e-03 -1.502352766692638397e-02
-2.099075168371200562e-02 -6.948531419038772583e-02 3.139850124716758728e-02 -3.353223577141761780e-02 2.508467622101306915e-02 -3.865418955683708191e-02 -4.878768324851989746e-02 2.215938083827495575e-02 -3.234888985753059387e-02 -4.934467375278472900e-02
-2.306592091917991638e-02 -2.339363098144531250e-02 -7.511265575885772705e-02 9.263802319765090942e-03 -7.008532434701919556e-02 8.053498342633247375e-03 1.603136397898197174e-02 -2.854766510426998138e-02 -3.575233370065689087e-02 1.031580008566379547e-02
-1.393630821257829666e-02 -1.516409032046794891e-02 4.901031404733657837e-02 -6.327919661998748779e-02 2.717624790966510773e-02 -2.193028666079044342e-02 -6.902831792831420898e-02 2.204280812293291092e-03 -4.216198995709419250e-02 -5.835197120904922485e-02
-2.672614529728889465e-03 -5.368698760867118835e-02 2.346830815076828003e-02 -3.842012584209442139e-02 -2.910350449383258820e-04 -3.885162994265556335e-02 -2.866614609956741333e-03 -2.024624962359666824e-03 -4.236241057515144348e-02 -4.923859983682632446e-02
-2.240666560828685760e-02 -1.299462374299764633e-02 -5.394162237644195557e-02 -1.201307121664285660e-02 -5.279225111007690430e-02 1.275694556534290314e-02 2.197599597275257111e-02 -4.296082630753517151e-02 7.136093825101852417e-02 1.066111493855714798e-02
-2.927478030323982239e-02 5.341048538684844971e-02 -2.790701761841773987e-02 -5.274787545204162598e-02 9.063335135579109192e-03 -1.745364069938659668e-02 -8.199265599250793457e-02 -1.768422685563564301e-02 -4.422114044427871704e-02 -3.915737941861152649e-02
-1.452239975333213806e-02 -1.798755489289760590e-02 2.766153588891029358e-02 -4.144834727048873901e-02 -1.524620037525892258e-02 7.584457285702228546e-03 -2.018801122903823853e-02 -9.280229918658733368e-03 -3.609578683972358704e-02 -3.584752604365348816e-02
5.089877638965845108e-03 -8.631739765405654907e-03 -5.124700441956520081e-02 -5.327808856964111328e-02 -3.063948266208171844e-02 -4.563577100634574890e-02 -5.931035056710243225e-02 -2.194938808679580688e-02 -1.720100641250610352e-02 -2.648225985467433929e-02
-1.664202846586704254e-02 1.399642322212457657e-02 -2.488903887569904327e-02 -4.822451248764991760e-02 4.807999357581138611e-04 -2.753015421330928802e-02 -8.129435032606124878e-02 -3.187589347362518311e-02 -3.992092981934547424e-02 -3.844143077731132507e-02
-9.517947211861610413e-03 -7.194672524929046631e-02 -2.961573936045169830e-02 -9.510514326393604279e-03 -3.368126228451728821e-02 -3.247505426406860352e-02 -9.727990254759788513e-03 -3.279320150613784790e-02 -6.238514557480812073e-02 -2.828831598162651062e-02
-7.101393770426511765e-03 -2.603700198233127594e-02 2.945690788328647614e-02 -3.792226687073707581e-02 1.099497545510530472e-02 -1.946999691426753998e-02 -2.301927469670772552e-02 -2.005291916429996490e-02 2.657874673604965210e-02 3.237175289541482925e-03
-1.741804741322994232e-02 -2.492590993642807007e-02 2.736968453973531723e-03 -1.715278439223766327e-02 2.841605572029948235e-03 5.068935081362724304e-02 -5.447708815336227417e-02 -3.238003700971603394e-02 1.556320395320653915e-02 -3.334867954254150391e-02
2.829600125551223755e-02 -2.948721498250961304e-02 2.053138241171836853e-02 -1.499822922050952911e-02 -4.147481545805931091e-02 4.164737183600664139e-03 -1.830182224512100220e-02 1.368153281509876251e-02 -7.786108553409576416e-02 -1.724234409630298615e-02
2.343462780117988586e-02 -4.644529521465301514e-02 2.130521647632122040e-02 -5.807736143469810486e-02 -2.124492637813091278e-02 -4.452938959002494812e-02 -5.287691950798034668e-03 -6.191513035446405411e-03 -3.174235299229621887e-02 -5.350145697593688965e-02
-1.213970873504877090e-02 5.518611054867506027e-03 -1.693204417824745178e-02 -3.406444564461708069e-02 -2.027332410216331482e-02 -1.698724552989006042e-02 -6.211449205875396729e-02 -4.046760872006416321e-02 -6.147420778870582581e-02 -2.585239149630069733e-02
-3.069460578262805939e-02 -7.670225948095321655e-02 -5.267137289047241211e-02 2.872210927307605743e-02 -3.854364156723022461e-02 -1.753823459148406982e-02 2.939249388873577118e-03 -2.965580299496650696e-02 -6.722921133041381836e-02 -1.393360458314418793e-02
-1.294649206101894379e-02 -8.618633449077606201e-02 -4.240733012557029724e-02 1.184040121734142303e-02 -3.011415340006351471e-02 -2.959722839295864105e-02 1.452173385769128799e-02 -3.031013533473014832e-02 -5.084245651960372925e-02 -1.524366717785596848e-02
1.351676322519779205e-02 -4.377884417772293091e-02 -5.084948614239692688e-02 8.228817954659461975e-03 -6.256583333015441895e-02 5.780769512057304382e-03 -1.745204813778400421e-02 -4.625516757369041443e-02 -6.954003125429153442e-02 1.786566339433193207e-02
1.049773767590522766e-01 -3.045597486197948456e-02 -4.139472916722297668e-02 8.889268338680267334e-02 -6.835084408521652222e-03 1.345422267913818359e-01 -4.256293922662734985e-02 9.960040450096130371e-02 -3.576526418328285217e-02 5.040464550256729126e-02
7.796851452440023422e-03 -5.965168029069900513e-02 -2.835704386234283447e-02 -3.201694414019584656e-02 -1.919300109148025513e-02 -3.500403463840484619e-02 7.102664560079574585e-03 -1.602839305996894836e-02 -4.572574421763420105e-02 -5.523170530796051025e-02
1.992601715028285980e-02 -3.454193705692887306e-03 -1.894849725067615509e-02 -6.348104029893875122e-02 -3.574047004804015160e-03 -1.352868881076574326e-02 -6.241319328546524048e-02 -2.992267347872257233e-02 -9.748563170433044434e-03 -7.434513419866561890e-02
1.026999764144420624e-02 -2.399616129696369171e-02 -5.918925628066062927e-02 -3.970559628214687109e-04 -5.412230268120765686e-02 2.184427715837955475e-02 8.777455426752567291e-03 -5.143509432673454285e-02 -2.386995591223239899e-02 -1.486760098487138748e-02
-2.302818186581134796e-02 -4.515248909592628479e-02 2.674666047096252441e-02 -1.759899593889713287e-02 7.075470872223377228e-03 -4.219328239560127258e-02 2.197905629873275757e-02 6.663652136921882629e-03 1.541987713426351547e-02 -2.671178057789802551e-02
-4.099357500672340393e-02 -3.129449486732482910e-02 -2.103352919220924377e-02 -3.257182892411947250e-03 -5.646776407957077026e-02 -1.326818298548460007e-02 -3.647540882229804993e-02 -3.410349786281585693e-02 -1.176688820123672485e-02 5.320617184042930603e-02
-1.976697705686092377e-02 -1.952500268816947937e-02 2.438430674374103546e-03 2.025518380105495453e-02 -4.066353291273117065e-02 3.304065018892288208e-02 1.759137213230133057e-02 -4.565011709928512573e-02 8.811241015791893005e-03 -6.135107949376106262e-03
-3.498940169811248779e-02 -6.468313187360763550e-02 -2.601001039147377014e-02 -7.662953808903694153e-03 -1.197573542594909668e-02 -4.742636904120445251e-02 2.137796953320503235e-02 -1.266911253333091736e-02 4.600499942898750305e-02 -1.366895530372858047e-02
-3.153843432664871216e-02 -7.976634800434112549e-02 -2.429258450865745544e-02 2.637188881635665894e-02 -1.716302707791328430e-02 -3.358253464102745056e-02 -2.341805724427103996e-03 -1.328324060887098312e-02 -4.472530633211135864e-02 -3.215675801038742065e-02
-8.492345921695232391e-03 -2.801870740950107574e-02 -6.385310739278793335e-02 -4.007022455334663391e-02 -5.842494964599609375e-02 -3.589293360710144043e-02 1.718695042654871941e-03 -1.789986342191696167e-02 -1.230790186673402786e-02 2.524374052882194519e-02
-6.263473629951477051e-02 8.567033335566520691e-03 -5.353854969143867493e-02 -2.657325239852070808e-03 4.799796151928603649e-04 -5.055784434080123901e-02 -3.698892891407012939e-03 -2.156015112996101379e-02 -3.065721690654754639e-02 1.486974582076072693e-02
-7.004449144005775452e-03 -7.486224174499511719e-02 -1.227171067148447037e-02 -2.265259064733982086e-02 -3.057976253330707550e-02 -3.658286109566688538e-02 -1.328306924551725388e-02 -3.259794041514396667e-02 -4.971175268292427063e-02 -2.752629294991493225e-02
2.755228243768215179e-02 -4.448649939149618149e-03 -2.115163207054138184e-02 -5.090103298425674438e-02 -3.622683137655258179e-02 -3.764970973134040833e-02 -5.395126342773437500e-02 -3.400411084294319153e-02 -1.055752579122781754e-02 -3.160516172647476196e-02
-2.323787473142147064e-02 -4.649064969271421432e-03 -3.412093222141265869e-02 -5.460377410054206848e-02 9.454802609980106354e-03 -3.606629371643066406e-02 -3.300582244992256165e-02 -1.500551402568817139e-02 9.722746908664703369e-03 -1.078251935541629791e-02
-2.012092992663383484e-02 -2.484140684828162193e-03 -6.800645589828491211e-02 -1.395727507770061493e-02 -2.429005689918994904e-02 -4.746261239051818848e-02 -9.188321977853775024e-02 2.479399368166923523e-02 -5.202572792768478394e-02 -3.610087186098098755e-02
-2.308734226971864700e-03 -7.144927233457565308e-02 -6.451449356973171234e-03 -4.312421195209026337e-03 -4.197961837053298950e-02 -3.368369489908218384e-02 -1.519999001175165176e-03 -3.214710950851440430e-02 -4.340577125549316406e-02 4.570578224956989288e-03
-3.625610098242759705e-02 -9.450514335185289383e-05 -6.196548417210578918e-02 1.308710686862468719e-02 -2.988193370401859283e-02 3.888438642024993896e-02 -1.347663439810276031e-02 -5.384463444352149963e-02 -2.842649072408676147e-02 -2.333759143948554993e-02
-9.951252490282058716e-03 1.280169095844030380e-02 -4.244918003678321838e-02 -6.674081832170486450e-02 -2.174788899719715118e-02 1.240435242652893066e-02 -3.075274638831615448e-03 -2.207540161907672882e-02 3.987034037709236145e-02 -5.741477012634277344e-03
-3.933511674404144287e-02 -4.508087038993835449e-02 1.300764270126819611e-04 -2.650526352226734161e-02 1.566839590668678284e-02 -6.007616594433784485e-02 5.451185628771781921e-03 -5.250760819762945175e-03 3.652640851214528084e-03 2.114966139197349548e-02
-2.401656284928321838e-02 -5.252449214458465576e-02 -3.454426676034927368e-02 3.363589569926261902e-02 -5.188293009996414185e-02 1.706777699291706085e-02 5.675898119807243347e-02 -3.045619837939739227e-02 -2.827609144151210785e-02 1.851777546107769012e-02
-3.253319486975669861e-02 -8.223407901823520660e-03 9.338367730379104614e-03 -1.744667254388332367e-02 2.319309115409851074e-02 -3.200663253664970398e-02 -3.871343284845352173e-02 -2.817258425056934357e-02 3.973982296884059906e-03 5.898094270378351212e-03
-1.972199976444244385e-02 2.074996940791606903e-02 -5.336837470531463623e-02 -4.057927057147026062e-02 -4.718494042754173279e-02 2.469792030751705170e-03 -3.827672451734542847e-02 -4.003081470727920532e-02 -3.885261341929435730e-02 5.272354930639266968e-03
-4.487489536404609680e-02 4.564097896218299866e-02 -4.254104942083358765e-02 -4.025524109601974487e-02 -3.006765618920326233e-02 -2.557635679841041565e-02 -6.751294434070587158e-02 -3.271131590008735657e-02 -3.085049614310264587e-02 1.976490020751953125e-02
2.592307701706886292e-02 -4.355419427156448364e-02 -5.724700167775154114e-02 -4.449283704161643982e-02 -4.882588237524032593e-02 -3.867420181632041931e-02 -8.992692455649375916e-03 -3.346529230475425720e-02 -2.819481678307056427e-02 -3.554393351078033447e-02
-6.028113421052694321e-03 -2.425322495400905609e-02 -1.393464393913745880e-02 -4.826926067471504211e-02 1.474452763795852661e-02 -2.625311352312564850e-02 -3.548090904951095581e-02 -2.100532129406929016e-02 -3.341703861951828003e-02 -5.030657723546028137e-02
-1.099296566098928452e-02 -3.523872792720794678e-02 -6.248432025313377380e-02 -2.997077256441116333e-02 -1.112014241516590118e-02 -1.254566479474306107e-02 4.376166686415672302e-02 -3.243382275104522705e-02 4.230536520481109619e-02 -2.946408465504646301e-03
