-2.537694945931434631e-02
-1.942337118089199066e-02
-7.612842135131359100e-03
-1.566636562347412109e-02
-9.424172341823577881e-03
-1.978258788585662842e-02
-1.380415819585323334e-02
3.071307903155684471e-03
-1.129424781538546085e-03
-8.016138453967869282e-04
-1.438662875443696976e-02
-4.741103854030370712e-03
-2.499045804142951965e-02
7.675233297049999237e-03
-2.938676811754703522e-02
-3.909815847873687744e-02
-7.594299968332052231e-03
-1.597687602043151855e-03
3.671446815133094788e-03
-2.723498642444610596e-02
-2.035978808999061584e-02
-7.439755834639072418e-03
-2.331766858696937561e-02
-1.085557229816913605e-02
1.750216260552406311e-02
-8.732503280043601990e-03
-2.449997328221797943e-02
-1.660375855863094330e-02
-1.271508727222681046e-02
4.707104060798883438e-03
-7.493461482226848602e-03
-1.343532116152346134e-03
-1.026970800012350082e-02
-1.718106120824813843e-02
6.567665259353816509e-04
-6.965296342968940735e-03
1.150220539420843124e-02
-6.958926096558570862e-03
-6.411686073988676071e-03
-1.013858988881111145e-02
-1.492286380380392075e-02
-6.690430454909801483e-03
-1.592767797410488129e-02
-2.496215747669339180e-03
-5.932996515184640884e-03
4.071392322657629848e-05
6.395560689270496368e-03
-3.304746747016906738e-02
-3.213825076818466187e-02
