-7.498105056583881378e-03
-9.612617082893848419e-03
-1.619412191212177277e-02
-3.040410764515399933e-02
-4.542361572384834290e-02
-5.916269123554229736e-02
-5.896548554301261902e-02
-6.787614524364471436e-02
-9.117364138364791870e-02
-9.945921599864959717e-02
-7.923229783773422241e-02
-6.259518861770629883e-02
-3.803954925388097763e-03
-2.109836088493466377e-03
-1.613961183466017246e-03
-2.895098412409424782e-03
-3.168286383152008057e-02
-2.743523754179477692e-02
-2.839408814907073975e-02
-3.533339872956275940e-02
-3.800576925277709961e-02
-3.357466310262680054e-02
-2.905437164008617401e-02
-2.950208261609077454e-02
-3.357916697859764099e-02
-3.944919258356094360e-02
-5.046367272734642029e-02
-4.730115458369255066e-02
-9.098832495510578156e-03
-1.041440758854150772e-02
-1.629425771534442902e-02
-2.258492819964885712e-02
-3.684805706143379211e-02
-4.135628789663314819e-02
-4.251667857170104980e-02
-5.086283013224601746e-02
-7.220648974180221558e-02
-7.322405278682708740e-02
-5.175260826945304871e-02
-4.312324896454811096e-02
1.135727739892899990e-03
2.620585495606064796e-03
2.542104804888367653e-03
-1.060564885847270489e-03
-2.555007115006446838e-02
-2.381461672484874725e-02
-2.579296380281448364e-02
-3.145794197916984558e-02
-3.346712514758110046e-02
-2.886540815234184265e-02
-2.459950372576713562e-02
-3.006866015493869781e-02
-3.305488079786300659e-02
-4.016464203596115112e-02
-4.341472685337066650e-02
-3.797587007284164429e-02
-2.525390870869159698e-02
-2.435486949980258942e-02
-1.958524622023105621e-02
-2.612421475350856781e-02
-3.808179870247840881e-02
-3.928797319531440735e-02
-3.965604305267333984e-02
-4.787827283143997192e-02
-6.033143401145935059e-02
-5.946547538042068481e-02
-3.391291946172714233e-02
-3.377587348222732544e-02
2.113925106823444366e-02
2.732438221573829651e-02
2.055298350751399994e-02
3.210495784878730774e-02
-3.959175944328308105e-02
-2.899391204118728638e-02
-2.528718858957290649e-02
-4.019787162542343140e-02
-4.438045620918273926e-02
-3.710955381393432617e-02
-3.027212060987949371e-02
-3.538169339299201965e-02
-4.315653815865516663e-02
-3.924540802836418152e-02
-2.895850315690040588e-02
-2.469949051737785339e-02
-2.921505644917488098e-02
-2.021655254065990448e-02
-2.039719186723232269e-02
-2.854834124445915222e-02
-3.827152028679847717e-02
-4.032619670033454895e-02
-4.084291681647300720e-02
-4.903718829154968262e-02
-5.311341211199760437e-02
-3.566260263323783875e-02
-2.551045455038547516e-02
-3.814727813005447388e-02
2.189900167286396027e-02
8.395512588322162628e-03
-2.759768161922693253e-03
1.715871132910251617e-02
-2.999116852879524231e-02
-1.726832427084445953e-02
-1.133995782583951950e-02
-1.741471141576766968e-02
-3.366023302078247070e-02
-3.737655654549598694e-02
-3.545201197266578674e-02
-3.868902102112770081e-02
-4.272159934043884277e-02
-2.369698509573936462e-02
-1.642303168773651123e-02
-2.208553627133369446e-02
-2.934983558952808380e-02
-2.997313998639583588e-02
-3.042529337108135223e-02
-3.174298256635665894e-02
-4.777976498007774353e-02
-4.616525769233703613e-02
-4.213330149650573730e-02
-4.381972923874855042e-02
-2.825376763939857483e-02
-9.860882535576820374e-03
-1.060132030397653580e-02
-1.833735965192317963e-02
3.132107853889465332e-02
2.041797712445259094e-02
1.175223011523485184e-02
1.404179353266954422e-02
-1.679473184049129486e-02
-9.974822402000427246e-03
1.082897465676069260e-02
1.635044813156127930e-02
-5.040795076638460159e-03
-2.243616804480552673e-02
-3.172670304775238037e-02
-5.150772258639335632e-02
-5.858249217271804810e-02
-3.572900220751762390e-02
-2.946789190173149109e-02
-4.249642044305801392e-02
-3.678082674741744995e-02
-3.701957315206527710e-02
-4.187875986099243164e-02
-4.719180613756179810e-02
-6.586556136608123779e-02
-5.165534093976020813e-02
-3.808893635869026184e-02
-2.154844813048839569e-02
4.522419185377657413e-04
4.984539700672030449e-04
-1.341934502124786377e-02
-1.884015090763568878e-02
7.948756217956542969e-03
-1.338594034314155579e-02
-2.612509392201900482e-02
-3.800899907946586609e-02
-2.898134291172027588e-02
-2.131994627416133881e-02
-4.025375004857778549e-03
1.203688699752092361e-02
7.184720598161220551e-03
-1.646680384874343872e-02
-4.144047200679779053e-02
-6.535481661558151245e-02
-8.562966436147689819e-02
-7.832539826631546021e-02
-6.826579570770263672e-02
-8.616133034229278564e-02
-3.206142783164978027e-02
-2.731814980506896973e-02
-2.770867384970188141e-02
-3.493357077240943909e-02
-4.600936174392700195e-02
-2.455652877688407898e-02
-6.796259433031082153e-03
5.777331534773111343e-03
3.500592662021517754e-03
-1.488796807825565338e-02
-2.719865925610065460e-02
-4.863806813955307007e-02
-3.842161223292350769e-02
-5.088469386100769043e-02
-5.295578017830848694e-02
-5.548993498086929321e-02
-2.533191069960594177e-02
-1.974472217261791229e-02
-1.357794739305973053e-02
-4.642427433282136917e-03
-4.639889812096953392e-05
-1.529901940375566483e-02
-4.997894540429115295e-02
-7.855051755905151367e-02
-1.049433797597885132e-01
-1.098749786615371704e-01
-1.061510965228080750e-01
-1.186022013425827026e-01
-1.941835135221481323e-02
-1.201849337667226791e-02
-8.502963930368423462e-03
-9.421247057616710663e-03
-5.658929701894521713e-03
1.096124108880758286e-02
2.222834713757038116e-02
2.200846187770366669e-02
-3.474502824246883392e-03
-2.195725776255130768e-02
-4.028431326150894165e-02
-5.283176153898239136e-02
-4.468604549765586853e-02
-4.686167091131210327e-02
-3.082757815718650818e-02
-3.251406177878379822e-02
-2.562949992716312408e-02
-2.576260827481746674e-02
-3.168760985136032104e-02
-1.381083205342292786e-02
-1.202772837132215500e-02
-2.756180986762046814e-02
-4.699024558067321777e-02
-6.920266896486282349e-02
-1.006880775094032288e-01
-9.498742967844009399e-02
-1.021795794367790222e-01
-1.178248450160026550e-01
-1.158326584845781326e-02
-4.963564686477184296e-03
3.196620964445173740e-04
8.564134128391742706e-03
2.080903574824333191e-02
2.682675793766975403e-02
2.143871225416660309e-02
-1.168286427855491638e-03
-2.051307819783687592e-03
-7.054171059280633926e-03
-3.038623742759227753e-02
-4.642028361558914185e-02
-3.964122012257575989e-02
-4.451913386583328247e-02
-2.300645597279071808e-02
-1.199608668684959412e-02
-3.377185016870498657e-02
-4.007480666041374207e-02
-3.610355406999588013e-02
-2.160428464412689209e-02
-2.559703961014747620e-02
-3.110501728951931000e-02
-4.259242862462997437e-02
-5.282219499349594116e-02
-5.412746965885162354e-02
-6.008415296673774719e-02
-8.126589655876159668e-02
-1.026301160454750061e-01
-1.064235437661409378e-02
-6.619293242692947388e-03
-7.515747565776109695e-04
9.751145727932453156e-03
2.425474673509597778e-02
2.237283438444137573e-02
3.539604600518941879e-03
-1.072983536869287491e-02
-5.795816425234079361e-03
-1.158306095749139786e-02
-2.750075981020927429e-02
-3.121857531368732452e-02
-5.009527504444122314e-02
-4.059471935033798218e-02
-1.281460747122764587e-02
-8.038708008825778961e-03
-4.908858612179756165e-02
-4.024622961878776550e-02
-3.660301864147186279e-02
-4.287759959697723389e-02
-4.522099345922470093e-02
-3.105182386934757233e-02
-3.011256642639636993e-02
-1.752820052206516266e-02
-2.031772211194038391e-02
-4.830000177025794983e-02
-6.303577870130538940e-02
-9.607318043708801270e-02
-1.161470077931880951e-02
-8.294487372040748596e-03
-3.533106530085206032e-03
2.381380181759595871e-03
1.536570768803358078e-02
2.398400753736495972e-02
1.612104009836912155e-03
-1.548717077821493149e-02
-1.504124794155359268e-02
-1.229142211377620697e-02
-3.117010369896888733e-02
-3.532366454601287842e-02
-6.017596274614334106e-02
-3.824726119637489319e-02
-2.185183577239513397e-02
-1.228346768766641617e-02
-6.165039166808128357e-02
-4.743524268269538879e-02
-4.718676209449768066e-02
-6.346236914396286011e-02
-7.221343368291854858e-02
-5.720903351902961731e-02
-2.325962670147418976e-02
-1.435078866779804230e-02
-2.951912581920623779e-02
-5.606534332036972046e-02
-7.462114095687866211e-02
-1.049548089504241943e-01
-1.496098656207323074e-02
-1.395760849118232727e-02
-1.090750750154256821e-02
-1.434287428855895996e-02
3.636136534623801708e-04
1.377768162637948990e-02
-3.951782826334238052e-03
-1.298959366977214813e-03
-1.571760512888431549e-03
-1.404860243201255798e-02
-2.912134304642677307e-02
-3.730297461152076721e-02
-5.578581616282463074e-02
-2.822315879166126251e-02
-1.303009875118732452e-02
-1.457375288009643555e-02
-4.253007471561431885e-02
-5.067156255245208740e-02
-6.636793166399002075e-02
-8.323397487401962280e-02
-8.670943975448608398e-02
-6.825138628482818604e-02
-3.902989253401756287e-02
-2.982032485306262970e-02
-4.697966948151588440e-02
-8.063023537397384644e-02
-9.627490490674972534e-02
-1.097556725144386292e-01
-1.644871808821335435e-04
8.447838481515645981e-04
5.588125437498092651e-03
1.638581976294517517e-02
2.867319434881210327e-02
3.651179000735282898e-02
2.661765739321708679e-02
2.030366286635398865e-02
1.331079658120870590e-02
1.319940853863954544e-02
-1.901353825815021992e-04
3.792455652728676796e-03
-4.887145012617111206e-03
-5.441245157271623611e-03
-1.906991191208362579e-02
-3.324532136321067810e-02
-4.172946512699127197e-02
-6.283565610647201538e-02
-6.725669652223587036e-02
-5.681424215435981750e-02
-3.626866638660430908e-02
-1.779771409928798676e-02
1.102176122367382050e-02
8.472533896565437317e-03
8.618795312941074371e-03
-6.700592581182718277e-03
-1.384469959884881973e-02
-1.377909630537033081e-02
-1.559629599796608090e-04
2.544774324633181095e-04
2.803445793688297272e-03
1.188517641276121140e-02
1.769887842237949371e-02
2.142798900604248047e-02
1.321900915354490280e-02
-7.430644240230321884e-03
-8.204289712011814117e-03
-5.780057515949010849e-03
-2.606803365051746368e-02
-3.035319037735462189e-02
-4.721064865589141846e-02
-7.757895439863204956e-02
-8.575928956270217896e-02
-9.074055403470993042e-02
-6.146446242928504944e-02
-7.944334298372268677e-02
-8.871502429246902466e-02
-6.953421235084533691e-02
-4.344517737627029419e-02
-3.631931170821189880e-02
-1.177147775888442993e-02
-5.998157430440187454e-03
-4.532618448138237000e-03
-7.706220261752605438e-03
-1.384828798472881317e-02
-1.314388494938611984e-02
-7.421724149025976658e-05
1.065586038748733699e-04
1.213305746205151081e-03
9.992226026952266693e-03
2.448471076786518097e-02
2.349388226866722107e-02
1.152321463450789452e-03
-5.559474695473909378e-03
-8.367288857698440552e-03
-1.918841153383255005e-02
-3.048351407051086426e-02
-5.583145841956138611e-02
-8.649909496307373047e-02
-1.055675521492958069e-01
-1.102541387081146240e-01
-1.134240552783012390e-01
-3.694744780659675598e-02
-7.418598234653472900e-02
-8.532569557428359985e-02
-6.732617318630218506e-02
-4.600294679403305054e-02
-4.168144240975379944e-02
-9.311185218393802643e-03
8.845091797411441803e-03
6.601583212614059448e-03
1.033415901474654675e-03
-7.375899236649274826e-03
-9.491571225225925446e-03
-6.994900468271225691e-05
2.540906461945269257e-05
9.159486507996916771e-04
1.052342075854539871e-02
4.026243463158607483e-02
3.604561835527420044e-02
2.254469506442546844e-02
1.123680267482995987e-03
-1.046000421047210693e-02
-4.625060129910707474e-03
-2.129659987986087799e-02
-4.947390034794807434e-02
-7.983294874429702759e-02
-8.829931169748306274e-02
-8.698425441980361938e-02
-7.216746360063552856e-02
-1.438149623572826385e-02
-4.148808494210243225e-02
-5.500857532024383545e-02
-4.966948181390762329e-02
-4.232685267925262451e-02
-3.559456393122673035e-02
5.814286880195140839e-03
2.621653676033020020e-02
2.646076679229736328e-02
1.241678278893232346e-02
-2.429845044389367104e-03
-6.521270610392093658e-03
-1.576508209109306335e-02
-1.640527322888374329e-02
-2.028831839561462402e-02
-3.476966172456741333e-02
-4.675671085715293884e-02
-4.732425883412361145e-02
-4.596050083637237549e-02
-2.372407540678977966e-02
-2.108709514141082764e-02
-2.130655013024806976e-02
-4.184218868613243103e-02
-5.276980623602867126e-02
-8.207877725362777710e-02
-8.760155737400054932e-02
-9.914364665746688843e-02
-6.415124982595443726e-02
-5.685220006853342056e-03
-3.779597114771604538e-03
1.329776248894631863e-03
-1.675787195563316345e-02
-3.755683451890945435e-02
-4.186226055026054382e-02
-3.558253869414329529e-02
-2.480309084057807922e-02
-3.066989220678806305e-02
-2.502932213246822357e-02
-2.326363138854503632e-02
-2.853211946785449982e-02
-1.844709739089012146e-02
-2.159185893833637238e-02
-2.704961411654949188e-02
-3.377307578921318054e-02
-3.438800573348999023e-02
-3.242074698209762573e-02
-4.102026298642158508e-02
-3.446849435567855835e-02
-3.334477171301841736e-02
-3.976281732320785522e-02
-4.987979680299758911e-02
-6.200413405895233154e-02
-6.514026969671249390e-02
-7.231337577104568481e-02
-7.322140783071517944e-02
-5.182252451777458191e-02
-1.697182282805442810e-02
-3.855437040328979492e-03
3.219005011487752199e-04
-1.022635400295257568e-02
-3.668281435966491699e-02
-5.204729363322257996e-02
-3.820586577057838440e-02
-3.446382656693458557e-02
-3.876392543315887451e-02
-3.608426451683044434e-02
-2.579604461789131165e-02
-3.054380975663661957e-02
-1.545105408877134323e-02
-1.899224333465099335e-02
-2.085406705737113953e-02
-2.915020659565925598e-02
-3.211320191621780396e-02
-2.192300185561180115e-02
-2.353492565453052521e-02
-3.189498931169509888e-02
-3.968442231416702271e-02
-4.490693658590316772e-02
-4.513782262802124023e-02
-6.186068058013916016e-02
-4.662666469812393188e-02
-6.544529646635055542e-02
-6.854882091283798218e-02
-5.356952548027038574e-02
-1.460711564868688583e-02
-2.292937278980389237e-04
2.116947900503873825e-03
-1.100446283817291260e-02
-3.112623468041419983e-02
-3.532424569129943848e-02
-3.083117865025997162e-02
-4.329105094075202942e-02
-5.057680979371070862e-02
-4.822726547718048096e-02
-3.132130205631256104e-02
-3.131465613842010498e-02
-1.198334526270627975e-02
-1.274057757109403610e-02
-1.490984484553337097e-02
-1.799403876066207886e-02
-1.811687834560871124e-02
-2.064818516373634338e-02
-2.402965165674686432e-02
-1.425246708095073700e-02
-2.243462763726711273e-02
-2.732701785862445831e-02
-4.603940248489379883e-02
-7.167769968509674072e-02
-6.607773900032043457e-02
-9.094777703285217285e-02
-9.848690778017044067e-02
-7.466768473386764526e-02
-2.581548318266868591e-02
-9.174873121082782745e-03
-1.284938957542181015e-02
-2.025248669087886810e-02
-1.992566138505935669e-02
-1.433022227138280869e-02
-1.960783824324607849e-02
-3.056057728826999664e-02
-5.096567422151565552e-02
-5.221425741910934448e-02
-3.450093418359756470e-02
-3.525391966104507446e-02
-9.619574062526226044e-03
-1.115998066961765289e-02
-1.291939802467823029e-02
-1.014562789350748062e-02
-1.203305833041667938e-02
-1.209019124507904053e-02
-7.504026405513286591e-03
-7.383109536021947861e-03
-4.353123717010021210e-03
-1.500813756138086319e-02
-4.747651517391204834e-02
-7.027858495712280273e-02
-8.513138443231582642e-02
-1.043365746736526489e-01
-1.095260083675384521e-01
-6.444723904132843018e-02
-2.971494011580944061e-02
-1.681178063154220581e-02
-1.463348604738712311e-02
-6.064147222787141800e-03
8.363596862182021141e-04
8.211827836930751801e-03
-2.521047135815024376e-03
-2.957516163587570190e-02
-4.786912351846694946e-02
-4.667172208428382874e-02
-3.807277604937553406e-02
-3.814898058772087097e-02
-1.064203679561614990e-02
-1.211963221430778503e-02
-1.593151502311229706e-02
-1.317117270082235336e-02
-6.383436266332864761e-03
-1.550323143601417542e-02
-5.879552103579044342e-03
1.864815712906420231e-03
-3.108887467533349991e-03
-2.119289711117744446e-02
-4.597773775458335876e-02
-7.444892078638076782e-02
-8.477398008108139038e-02
-9.572315216064453125e-02
-7.891006767749786377e-02
-3.637606650590896606e-02
-2.285133302211761475e-02
-8.580085821449756622e-03
4.653721582144498825e-03
2.179107163101434708e-03
-6.153296562843024731e-04
1.029439736157655716e-02
-6.170317064970731735e-03
-2.707531675696372986e-02
-3.530448302626609802e-02
-3.842324018478393555e-02
-3.246286138892173767e-02
-3.511393815279006958e-02
-1.609320566058158875e-02
-1.847124844789505005e-02
-2.273874543607234955e-02
-2.897821366786956787e-02
-2.789688482880592346e-02
-2.417983300983905792e-02
-9.932157583534717560e-03
5.968615412712097168e-03
-1.434871082892641425e-04
-1.789241470396518707e-02
-3.825734183192253113e-02
-4.824585467576980591e-02
-4.753513261675834656e-02
-5.078590288758277893e-02
-2.974516525864601135e-02
3.738160710781812668e-03
-1.662825793027877808e-02
-6.322041153907775879e-03
-7.247960660606622696e-03
-5.627381615340709686e-03
-6.356921978294849396e-03
-1.417906861752271652e-02
-2.310493774712085724e-02
-3.197666257619857788e-02
-3.386885300278663635e-02
-2.565161883831024170e-02
-2.852320298552513123e-02
-3.954214602708816528e-02
-2.663476206362247467e-02
-2.879319526255130768e-02
-2.689551375806331635e-02
-3.332334756851196289e-02
-3.329458460211753845e-02
-3.232078254222869873e-02
-2.147376164793968201e-02
-5.819040350615978241e-03
-1.097123324871063232e-02
-1.784990169107913971e-02
-1.828017272055149078e-02
-1.578328385949134827e-02
-3.116078115999698639e-02
-3.144765272736549377e-02
-1.990512572228908539e-02
5.773657932877540588e-03
-4.249847307801246643e-02
-2.488750033080577850e-02
-1.299117133021354675e-02
-1.602360047399997711e-02
-2.358508482575416565e-02
-2.463231049478054047e-02
-3.026770986616611481e-02
-4.023837298154830933e-02
-3.678208962082862854e-02
-2.785794250667095184e-02
-3.331660479307174683e-02
-4.257716238498687744e-02
-3.286710008978843689e-02
-2.706488966941833496e-02
-2.673889510333538055e-02
-3.000472858548164368e-02
-3.754698112607002258e-02
-4.268867522478103638e-02
-4.452785104513168335e-02
-4.591446369886398315e-02
-5.660506337881088257e-02
-4.895722866058349609e-02
-2.939857169985771179e-02
-2.464308217167854309e-02
-2.933351509273052216e-02
-2.368346415460109711e-02
-6.930919829756021500e-03
-2.133076079189777374e-03
-5.254390090703964233e-02
-2.356074936687946320e-02
-1.774459518492221832e-02
-2.189672738313674927e-02
-2.533248066902160645e-02
-2.570622786879539490e-02
-3.004401177167892456e-02
-3.689363971352577209e-02
-3.464543819427490234e-02
-2.709744684398174286e-02
-3.313157707452774048e-02
-3.867392614483833313e-02
-2.819219976663589478e-02
-2.155884541571140289e-02
-2.120713330805301666e-02
-2.538125589489936829e-02
-3.235211223363876343e-02
-3.621945530176162720e-02
-4.870260879397392273e-02
-6.092432141304016113e-02
-7.026961445808410645e-02
-6.120822951197624207e-02
-4.031134396791458130e-02
-3.503324463963508606e-02
-1.920570060610771179e-02
-4.064920940436422825e-04
1.328730117529630661e-02
1.354259718209505081e-02
-3.576771542429924011e-02
-3.318366780877113342e-02
-2.973998524248600006e-02
-3.225877881050109863e-02
-2.580445818603038788e-02
-1.957766897976398468e-02
-2.430295385420322418e-02
-2.787436917424201965e-02
-2.584653906524181366e-02
-2.209128439426422119e-02
-2.799909561872482300e-02
-3.335782885551452637e-02
-2.343511022627353668e-02
-2.148793824017047882e-02
-2.154408767819404602e-02
-2.287621423602104187e-02
-3.483818471431732178e-02
-4.347658902406692505e-02
-5.474464595317840576e-02
-6.974326074123382568e-02
-6.832037121057510376e-02
-5.659595504403114319e-02
-5.179417505860328674e-02
-4.596266150474548340e-02
1.917202025651931763e-02
4.193620756268501282e-02
3.971062600612640381e-02
5.089538171887397766e-02
-3.802241384983062744e-02
-4.879695177078247070e-02
-4.954728856682777405e-02
-4.197802767157554626e-02
-2.949205040931701660e-02
-2.629150636494159698e-02
-3.127608820796012878e-02
-3.508552908897399902e-02
-3.450340405106544495e-02
-2.708618715405464172e-02
-2.879935875535011292e-02
-2.945876494050025940e-02
-1.874892786145210266e-02
-1.933637075126171112e-02
-1.940341107547283173e-02
-1.991726458072662354e-02
-4.203634336590766907e-02
-5.476137995719909668e-02
-6.715698540210723877e-02
-8.319793641567230225e-02
-8.594530075788497925e-02
-8.510540425777435303e-02
-8.297893404960632324e-02
-6.315518170595169067e-02
2.548274118453264236e-03
3.763072192668914795e-03
6.458639632910490036e-03
7.522657979279756546e-03
-6.293500214815139771e-02
-7.665666937828063965e-02
-7.693594694137573242e-02
-6.331814080476760864e-02
-4.716164991259574890e-02
-4.068184643983840942e-02
-4.485766962170600891e-02
-4.552908986806869507e-02
-4.334281757473945618e-02
-3.235266357660293579e-02
-3.037742525339126587e-02
-2.752514742314815521e-02
