-1.448144391179084778e-02 -3.018270991742610931e-02 -2.423267625272274017e-02 1.791592314839363098e-02 -3.082984499633312225e-02 -3.957069478929042816e-03 -2.985802106559276581e-02 -1.662528887391090393e-02 3.529822453856468201e-02 -3.327101701870560646e-03
1.580540905706584454e-03 -1.238798629492521286e-02 -5.657218396663665771e-03 -1.118621788918972015e-02 -9.139972971752285957e-04 -2.006089289352530614e-06 3.636581357568502426e-03 -1.028624456375837326e-02 -8.627064526081085205e-03 -9.136887267231941223e-03
1.564544276334345341e-03 -3.085184143856167793e-03 -4.563995753414928913e-04 -3.145659575238823891e-03 -3.160184249281883240e-03 -3.256498137488961220e-03 1.205165521241724491e-03 -2.082453807815909386e-03 -3.348096739500761032e-03 -3.016433212906122208e-03
-1.841256278567016125e-03 -7.125717122107744217e-03 -4.436435643583536148e-03 2.421137411147356033e-03 -5.368170328438282013e-03 -2.666913205757737160e-03 -5.990701727569103241e-03 -6.290705874562263489e-03 6.691712769679725170e-04 -6.271224934607744217e-03
-5.261762812733650208e-02 -1.147558633238077164e-02 -2.793614752590656281e-02 -6.137217860668897629e-03 -2.761873789131641388e-02 -2.103166840970516205e-02 -6.671619415283203125e-02 -1.552833151072263718e-02 -9.322695434093475342e-03 -1.994619145989418030e-02
-1.435691863298416138e-01 1.830514669418334961e-01 8.262489736080169678e-02 1.015930175781250000e-01 -1.073686704039573669e-01 -6.801846623420715332e-02 4.453173279762268066e-02 -5.524714291095733643e-02 -2.163267694413661957e-02 -1.355135589838027954e-01
6.742256134748458862e-02 -1.668201945722103119e-02 -2.813144354149699211e-03 -1.483984757214784622e-02 -2.030478417873382568e-02 -6.652959622442722321e-03 -1.060243230313062668e-02 -3.960598260164260864e-03 -2.203103527426719666e-02 -1.848131231963634491e-02
-1.095461566001176834e-02 -3.688358515501022339e-02 -4.307197779417037964e-02 -1.484453026205301285e-02 -2.935381140559911728e-03 -4.865258000791072845e-03 -2.331061474978923798e-02 7.822622545063495636e-03 -1.625858433544635773e-02 4.624449939001351595e-04
4.114832729101181030e-03 -3.882500575855374336e-03 -3.522852202877402306e-03 1.579902251251041889e-03 -2.434895373880863190e-03 8.993687108159065247e-03 -2.905450062826275826e-03 -3.503485349938273430e-03 -3.641095245257019997e-03 -3.906472120434045792e-03
9.380458295345306396e-02 -5.540636554360389709e-02 5.248985812067985535e-02 5.995394662022590637e-02 -5.720189958810806274e-02 4.430901259183883667e-03 -5.183758214116096497e-02 -4.740190133452415466e-02 -1.258459966629743576e-02 -5.406591296195983887e-02
-2.155638672411441803e-02 -2.096577361226081848e-02 -8.920947089791297913e-03 8.778952062129974365e-03 -1.241978909820318222e-02 5.485206376761198044e-03 -1.475709304213523865e-02 2.442377991974353790e-02 5.139848217368125916e-03 -2.113891020417213440e-02
-2.408873662352561951e-02 -3.182398527860641479e-02 1.194127425551414490e-01 6.060475483536720276e-03 1.901921350508928299e-03 -2.897625230252742767e-02 -3.310440480709075928e-02 -2.644327282905578613e-02 3.180183935910463333e-03 -2.079531550407409668e-02
-5.350821465253829956e-02 -6.300599128007888794e-02 7.832997292280197144e-02 -7.579071074724197388e-02 -3.872769698500633240e-02 -5.510781332850456238e-02 1.351500749588012695e-01 8.273033052682876587e-02 -5.695125460624694824e-02 -6.011861190199851990e-02
7.210381329059600830e-02 -6.814470142126083374e-02 5.233297869563102722e-02 -4.214201495051383972e-02 -5.597900599241256714e-02 -1.811817288398742676e-02 1.736869961023330688e-01 -7.149228453636169434e-02 -6.995196919888257980e-03 -7.062567025423049927e-02
9.515354782342910767e-02 -7.472715526819229126e-02 -1.625368185341358185e-02 -5.456604063510894775e-02 -3.134967759251594543e-02 -1.985276117920875549e-02 2.585399523377418518e-02 -7.765889167785644531e-02 3.313208371400833130e-02 -3.381222859025001526e-02
-2.164019644260406494e-02 -2.344370074570178986e-02 4.885901883244514465e-02 -2.427067793905735016e-02 7.372322143055498600e-04 -2.291703596711158752e-02 -2.084109000861644745e-03 -2.102638222277164459e-02 -2.105085924267768860e-02 -6.642105523496866226e-03
2.967820546473376453e-05 -1.987628173083066940e-03 -2.002872060984373093e-03 1.265887054614722729e-03 -2.965429099276661873e-03 -5.771913565695285797e-04 -1.775349257513880730e-03 -3.296961775049567223e-03 -2.175509231165051460e-03 -3.019240917637944221e-03
-2.246959338663145900e-04 -8.957162499427795410e-04 8.568674093112349510e-04 -2.571407239884138107e-04 -9.287280263379216194e-04 -6.844446761533617973e-04 -6.008491618558764458e-04 -9.273668983951210976e-04 -1.280870637856423855e-04 -9.608867694623768330e-04
-1.110417582094669342e-02 -2.328899130225181580e-02 -1.660721376538276672e-02 -4.445306584239006042e-02 -9.358727373182773590e-03 -2.019129879772663116e-02 -1.649575494229793549e-02 -5.353377200663089752e-03 -1.897625252604484558e-02 -1.714438199996948242e-02
-2.777354232966899872e-02 1.099902763962745667e-01 -4.271577298641204834e-02 -5.295505374670028687e-02 -6.682913750410079956e-02 -4.282084107398986816e-02 -1.201599556952714920e-02 9.721487760543823242e-02 -4.487358778715133667e-02 -5.150960385799407959e-02
-2.367255510762333870e-03 -1.254701055586338043e-02 1.949856756255030632e-03 2.519399626180529594e-03 -1.178829558193683624e-02 -7.629581959918141365e-04 -1.103502605110406876e-02 -7.333357352763414383e-03 -4.810427315533161163e-03 -8.114120922982692719e-03
5.580303445458412170e-02 -9.850544854998588562e-03 -8.941702544689178467e-03 -7.312968373298645020e-03 -1.007070392370223999e-02 -7.140595465898513794e-03 -7.274248637259006500e-03 -1.252762600779533386e-02 -8.169609121978282928e-03 -8.686373010277748108e-03
-1.171254459768533707e-02 -1.538212317973375320e-02 2.956037223339080811e-02 3.900177776813507080e-03 -1.206995453685522079e-02 -1.085337903350591660e-02 -1.591465994715690613e-02 -1.178540568798780441e-02 -2.448240993544459343e-03 -1.119089499115943909e-02
-3.281980752944946289e-02 -2.480158396065235138e-02 -2.179076336324214935e-02 4.086961504071950912e-03 -5.860869307070970535e-03 -1.157735474407672882e-03 4.689534381031990051e-02 -2.436186745762825012e-02 -5.200847052037715912e-03 -9.999873116612434387e-03
-2.198675647377967834e-02 -3.759618150070309639e-03 -3.557017073035240173e-02 -5.075508728623390198e-03 -1.616229675710201263e-02 -2.880566287785768509e-03 -4.307088628411293030e-02 -3.432989493012428284e-02 -1.003766339272260666e-02 -1.623016409575939178e-02
3.548820316791534424e-02 -5.390088073909282684e-03 -5.945910699665546417e-03 -6.326459348201751709e-03 -7.145941257476806641e-03 -5.265893880277872086e-03 -6.105553824454545975e-03 -6.799593102186918259e-03 -8.127124980092048645e-03 -7.671230472624301910e-03
3.090146463364362717e-03 -2.338082902133464813e-02 8.336310274899005890e-04 -2.214005030691623688e-02 1.170622278004884720e-02 -2.078496478497982025e-02 3.697304055094718933e-03 -2.007206669077277184e-03 -2.137157320976257324e-02 -6.782393902540206909e-03
-2.136451425030827522e-03 -8.479312062263488770e-03 -1.712559605948626995e-03 5.448540672659873962e-03 4.219885449856519699e-03 -3.245968604460358620e-03 -6.855987478047609329e-03 -8.452963083982467651e-03 -2.936954377219080925e-03 -6.552783306688070297e-03
3.155308542773127556e-03 -6.222418509423732758e-03 -4.765453282743692398e-03 -3.226581495255231857e-03 -5.141363479197025299e-03 -2.300217282027006149e-03 -3.073200350627303123e-03 -5.506770685315132141e-03 -5.311919376254081726e-03 -5.377189721912145615e-03
-1.482146885246038437e-02 -2.969023771584033966e-02 -4.606450721621513367e-02 -2.153077349066734314e-02 -4.443099349737167358e-02 -2.208978310227394104e-02 -4.074284061789512634e-02 -3.436035662889480591e-02 -2.729834243655204773e-02 -3.657967224717140198e-02
1.327134296298027039e-02 -3.024349454790353775e-03 -3.452096832916140556e-03 -3.221315098926424980e-03 -4.358939360827207565e-03 -3.613523673266172409e-03 -3.751436481252312660e-03 -2.156852744519710541e-03 -4.637890029698610306e-03 -4.474165849387645721e-03
1.192026975331827998e-04 -4.677906399592757225e-04 -4.014651931356638670e-04 -2.370564470766112208e-04 -4.589813761413097382e-04 -9.200466593028977513e-06 -4.609541210811585188e-04 -2.901696425396949053e-04 -2.776549372356384993e-04 -4.386014770716428757e-04
-4.476249217987060547e-03 -4.137974698096513748e-03 1.145952567458152771e-02 -4.191552754491567612e-03 -3.823622595518827438e-03 -4.099590703845024109e-03 -1.910090679302811623e-03 -3.243785118684172630e-03 -4.131334833800792694e-03 -3.948766738176345825e-03
8.432241156697273254e-03 -1.944290548563003540e-01 1.994173228740692139e-02 -4.852996394038200378e-02 5.506214499473571777e-02 1.951770484447479248e-02 2.208308875560760498e-02 -6.066602841019630432e-02 3.000382333993911743e-02 5.211606621742248535e-02
-2.181513234972953796e-02 -3.876205533742904663e-02 -4.728511720895767212e-02 -3.144257143139839172e-02 -3.783027827739715576e-02 -2.712924592196941376e-02 -5.051117390394210815e-02 -4.209471121430397034e-02 -3.266130387783050537e-02 -3.619634732604026794e-02
-2.237824723124504089e-03 -3.361649345606565475e-03 -4.369667149148881435e-04 5.600770819000899792e-04 -1.842614496126770973e-03 -1.455903169699013233e-03 -1.168943359516561031e-03 -1.426124596036970615e-03 -2.657477045431733131e-03 -1.812431844882667065e-03
-3.532141447067260742e-02 -3.235219337511807680e-04 -2.129253931343555450e-02 -2.079798839986324310e-02 -9.605026803910732269e-03 -1.453312207013368607e-02 -3.843738883733749390e-02 -4.098281264305114746e-02 -9.869788773357868195e-03 -6.283181253820657730e-03
-2.888187300413846970e-03 -8.210027008317410946e-04 -2.212384017184376717e-03 -1.343028387054800987e-03 -2.043690066784620285e-03 -1.215468277223408222e-03 -2.899415325373411179e-03 2.533223945647478104e-03 -1.844176906161010265e-03 -2.229508245363831520e-03
9.410691563971340656e-04 -4.361518658697605133e-03 -3.130981698632240295e-03 -1.836848678067326546e-03 -2.816158346831798553e-03 2.483853313606232405e-04 -1.739028259180486202e-03 -4.092149902135133743e-03 -2.823926915880292654e-04 -3.028705483302474022e-03
-3.719045780599117279e-03 -4.194616153836250305e-02 -3.705114871263504028e-02 1.923334598541259766e-02 -4.731713235378265381e-02 3.894604369997978210e-02 -4.056164622306823730e-02 6.532020121812820435e-02 -8.403551764786243439e-03 -3.423848375678062439e-02
-1.044459268450737000e-02 -7.742559071630239487e-03 -8.813022635877132416e-03 -9.469211101531982422e-03 2.069867961108684540e-02 -6.195296067744493484e-03 -6.383090745657682419e-03 -5.888067651540040970e-03 -4.686021246016025543e-03 -3.980580251663923264e-03
-2.046508481726050377e-03 -1.148557290434837341e-03 -4.555957566481083632e-04 -1.252991729415953159e-03 -1.863378682173788548e-03 -1.155465608462691307e-03 -1.954987179487943649e-03 -1.714547164738178253e-03 -1.101606059819459915e-03 -1.796728582121431828e-03
-6.582013331353664398e-03 -8.348099887371063232e-03 7.456582039594650269e-03 -1.990375574678182602e-03 -5.713913124054670334e-03 -6.402743980288505554e-03 -7.307866588234901428e-03 -7.620315533131361008e-03 -7.103593670763075352e-04 -5.635877605527639389e-03
-1.524481573142111301e-03 -1.957602798938751221e-03 5.360102746635675430e-03 -1.036577392369508743e-03 -1.700365450233221054e-03 -1.392266829498112202e-03 -4.072888987138867378e-04 -1.754586002789437771e-03 -1.347045646980404854e-03 -2.112454501911997795e-03
2.837458997964859009e-02 -6.088434252887964249e-03 -5.413525272160768509e-03 -5.244989413768053055e-03 -6.394638214260339737e-03 -4.756366368383169174e-03 -5.033851601183414459e-03 -2.568315248936414719e-03 -7.585162762552499771e-03 -7.687790319323539734e-03
-2.130547724664211273e-02 -3.785791248083114624e-02 -4.773622378706932068e-02 -2.953320555388927460e-02 -4.000569880008697510e-02 -2.992083504796028137e-02 -4.701713845133781433e-02 -4.282219707965850830e-02 -3.359522297978401184e-02 -3.917791694402694702e-02
-5.104549601674079895e-02 -6.468881666660308838e-02 -4.004701226949691772e-02 -6.521268934011459351e-02 1.027279496192932129e-01 -6.400597095489501953e-02 -4.838226735591888428e-02 1.652652770280838013e-01 -7.099658250808715820e-02 8.044134080410003662e-02
-3.940764814615249634e-02 9.486053884029388428e-02 -4.625306650996208191e-02 1.340508833527565002e-02 -3.910367563366889954e-02 7.537833414971828461e-03 -4.778447374701499939e-02 -4.360469430685043335e-02 -2.105884952470660210e-03 -2.352479100227355957e-02
-1.594321988523006439e-02 -2.175282314419746399e-02 -3.807097906246781349e-03 -1.126456726342439651e-02 -1.384740229696035385e-02 -1.193124987185001373e-02 -2.141033113002777100e-02 -1.356028206646442413e-02 9.595967829227447510e-03 -1.034926809370517731e-02
