1.364156603813171387e-03
1.220558770000934601e-03
9.672658634372055531e-04
1.580223906785249710e-03
1.304768840782344341e-03
1.848329789936542511e-03
-7.207251474028453231e-05
6.531943217851221561e-04
1.285520265810191631e-03
-1.821611222112551332e-04
3.669147263281047344e-04
1.331712235696613789e-03
1.199032529257237911e-03
2.163529134122654796e-04
5.671061808243393898e-04
5.951431230641901493e-04
9.522083564661443233e-04
3.471257805358618498e-04
2.016301878029480577e-04
1.973201753571629524e-03
1.385847805067896843e-03
1.087312470190227032e-03
1.364085590466856956e-03
2.277129329741001129e-03
1.101745758205652237e-03
1.790631213225424290e-03
-2.192230385844595730e-05
1.780402497388422489e-03
7.992600440047681332e-04
1.354907755739986897e-03
1.247876789420843124e-03
8.716907177586108446e-05
1.101583358831703663e-03
1.411376637406647205e-03
1.831835717894136906e-03
9.924733312800526619e-04
8.933515055105090141e-04
1.141343149356544018e-03
1.318731345236301422e-03
1.678392640314996243e-03
1.840680139139294624e-03
1.342074247077107430e-03
1.004341058433055878e-03
1.663454109802842140e-03
1.457190257497131824e-03
1.520569319836795330e-03
1.278108451515436172e-03
1.269767526537179947e-03
1.703066751360893250e-03
2.292717108502984047e-03
-1.532406749902293086e-04
-9.483785834163427353e-05
1.629688427783548832e-03
1.560747856274247169e-03
1.680565415881574154e-03
5.345583776943385601e-04
1.034800970955984667e-05
1.464356202632188797e-03
1.172761432826519012e-03
1.434863777831196785e-03
1.580632175318896770e-03
1.219428842887282372e-03
1.501962775364518166e-03
7.757697603665292263e-04
1.989082200452685356e-03
9.108549566008150578e-04
7.074485183693468571e-04
9.313260670751333237e-04
1.540261320769786835e-03
9.004374733194708824e-04
1.418626634404063225e-03
9.403869044035673141e-04
6.961332983337342739e-04
1.543808146379888058e-03
1.157773658633232117e-03
1.516149961389601231e-03
2.470198960509151220e-04
3.160593041684478521e-04
5.668498924933373928e-04
1.285575213842093945e-03
1.193212228827178478e-03
1.826328109018504620e-03
4.171300388406962156e-04
1.686734030954539776e-03
1.721062930300831795e-03
8.857510983943939209e-04
1.431385404430329800e-03
1.031419145874679089e-03
1.159660052508115768e-03
1.508709974586963654e-03
1.212134142406284809e-03
1.146596157923340797e-03
1.503322389908134937e-03
8.258589077740907669e-04
9.530067327432334423e-04
7.583004189655184746e-04
8.547484758310019970e-04
9.004687890410423279e-04
1.174657838419079781e-03
1.517505617812275887e-03
1.048471196554601192e-03
2.080199075862765312e-03
1.452895929105579853e-03
1.197823556140065193e-03
8.612007950432598591e-04
8.998421253636479378e-04
8.879993692971765995e-04
8.016061619855463505e-04
1.489547412347747013e-05
5.160433938726782799e-04
1.445108442567288876e-03
1.855347421951591969e-03
1.392354606650769711e-03
1.755261095240712166e-03
8.331962162628769875e-04
1.187280518934130669e-03
7.454907172359526157e-04
1.573879271745681763e-03
1.118789776228368282e-03
5.160536384209990501e-04
1.580815762281417847e-03
1.283183693885803223e-03
1.042376970872282982e-03
1.453583943657577038e-03
1.268541527679190040e-04
1.561760669574141502e-03
1.010587206110358238e-03
8.078226819634437561e-04
-1.686850446276366711e-04
9.954860433936119080e-04
1.731748925521969795e-03
1.400032895617187023e-03
5.766024114564061165e-04
1.121777808293700218e-03
1.240663463249802589e-03
1.501558581367135048e-03
1.906154677271842957e-03
1.300945994444191456e-03
-7.275431416928768158e-04
7.186672301031649113e-04
2.911704650614410639e-04
2.072575036436319351e-03
1.900691888295114040e-03
1.106645097024738789e-03
1.058099907822906971e-03
5.703416536562144756e-04
5.136395920999348164e-04
1.080449670553207397e-03
9.160623303614556789e-04
6.879986030980944633e-04
1.829470391385257244e-03
4.099810030311346054e-05
1.207739929668605328e-03
6.068287766538560390e-04
1.346981618553400040e-03
1.775771495886147022e-03
2.010472351685166359e-03
9.810945484787225723e-04
7.728303899057209492e-04
1.342267380096018314e-03
1.489950460381805897e-03
1.542718033306300640e-03
1.765078632161021233e-04
9.674915345385670662e-04
1.816200907342135906e-03
1.561677432619035244e-03
1.967085059732198715e-03
7.811358082108199596e-04
1.687069190666079521e-03
1.526535837911069393e-03
1.026568701490759850e-03
1.071398030035197735e-03
1.534390379674732685e-03
1.012668362818658352e-03
1.233692630194127560e-03
1.403866801410913467e-03
2.505801967345178127e-05
1.803449704311788082e-03
6.919380975887179375e-04
4.411741683725267649e-04
5.814920295961201191e-04
1.735090278089046478e-03
8.493029163219034672e-04
8.807889535091817379e-04
1.632353058084845543e-03
6.457351846620440483e-04
1.933584106154739857e-03
8.411089656874537468e-04
1.144643290899693966e-03
8.741657366044819355e-04
1.170648611150681973e-03
9.976708097383379936e-04
1.368183642625808716e-03
1.411214121617376804e-03
1.181233441457152367e-03
1.231333706527948380e-03
1.224575098603963852e-03
2.074542455375194550e-03
1.317897927947342396e-03
5.766843096353113651e-04
-1.604475692147389054e-04
1.261631841771304607e-03
1.436166581697762012e-03
1.559081603772938251e-03
-2.087612374452874064e-04
1.631571329198777676e-03
1.053578569553792477e-03
1.371291000396013260e-03
1.942832721397280693e-03
1.464556902647018433e-03
6.088417139835655689e-04
-2.236756699858233333e-04
4.413458227645605803e-04
1.298895454965531826e-03
1.108423806726932526e-03
6.423271261155605316e-04
1.658054767176508904e-03
1.207962399348616600e-03
1.314110239036381245e-03
9.182555950246751308e-04
3.374316147528588772e-04
1.379208522848784924e-03
1.381904352456331253e-03
9.213588054990395904e-05
7.874556467868387699e-04
