-6.795559893362224102e-04
-6.913256365805864334e-04
-6.812376086600124836e-04
-6.870217039249837399e-04
-6.757108494639396667e-04
-6.780338590033352375e-04
-6.697671487927436829e-04
-6.774507346563041210e-04
-6.827184697613120079e-04
-6.982109043747186661e-04
-6.855907849967479706e-04
-6.764010176993906498e-04
-6.848493940196931362e-04
-6.881008739583194256e-04
-6.919176084920763969e-04
-6.892882520332932472e-04
-6.923082401044666767e-04
-6.848921766504645348e-04
-6.945855566300451756e-04
-6.747518200427293777e-04
-6.902298773638904095e-04
-6.937335710972547531e-04
-6.857837433926761150e-04
-6.721626850776374340e-04
-6.909029325470328331e-04
-6.876308470964431763e-04
-6.744592101313173771e-04
-6.815496599301695824e-04
-6.733678746968507767e-04
-6.963389459997415543e-04
-6.885849870741367340e-04
-6.866522599011659622e-04
-6.852243095636367798e-04
-6.790103507228195667e-04
-7.056066533550620079e-04
-7.223887369036674500e-04
-7.271401118487119675e-04
-7.550470763817429543e-04
-8.176062838174402714e-04
-8.515453082509338856e-04
-8.621874731034040451e-04
-8.749150438234210014e-04
-9.023481979966163635e-04
-8.970636408776044846e-04
-9.213121375069022179e-04
-9.003308950923383236e-04
-8.100296836346387863e-04
-7.818222511559724808e-04
-7.573310285806655884e-04
-7.001140620559453964e-04
-7.088158745318651199e-04
-6.943271146155893803e-04
-6.816153181716799736e-04
-6.785304285585880280e-04
-6.795489462092518806e-04
-6.884328904561698437e-04
-6.713693146593868732e-04
-6.862938171252608299e-04
-6.839268608018755913e-04
-6.931521929800510406e-04
-6.903260946273803711e-04
-6.818192196078598499e-04
-7.383073680102825165e-04
-8.155137184076011181e-04
-8.698024321347475052e-04
-9.241358493454754353e-04
-9.541988838464021683e-04
-9.284699335694313049e-04
-9.375875233672559261e-04
-9.490530355833470821e-04
-1.028802245855331421e-03
-1.007958198897540569e-03
-1.030944054946303368e-03
-9.909435175359249115e-04
-9.396770037710666656e-04
-9.248425485566258430e-04
-9.225261746905744076e-04
-9.539318270981311798e-04
-9.335143840871751308e-04
-8.008218719623982906e-04
-7.426291704177856445e-04
-7.042470970191061497e-04
-6.963091436773538589e-04
-6.813170039094984531e-04
-6.810891791246831417e-04
-6.795333465561270714e-04
-6.898198626004159451e-04
-6.934778648428618908e-04
-6.956484867259860039e-04
-7.641197298653423786e-04
-8.627856150269508362e-04
-9.167309617623686790e-04
-9.014491224661469460e-04
-8.705675718374550343e-04
-8.808651473373174667e-04
-8.877872023731470108e-04
-9.241037187166512012e-04
-9.927741484716534615e-04
-1.111521967686712742e-03
-1.166493631899356842e-03
-1.160386134870350361e-03
-1.109084580093622208e-03
-1.026022597216069698e-03
-9.561362676322460175e-04
-9.292226750403642654e-04
-9.256005287170410156e-04
-9.726490825414657593e-04
-9.783771820366382599e-04
-8.719659526832401752e-04
-7.279097335413098335e-04
-6.971485563553869724e-04
-6.786251324228942394e-04
-6.791424239054322243e-04
-7.044391240924596786e-04
-6.949612870812416077e-04
-7.117105415090918541e-04
-7.808216032572090626e-04
-9.331954061053693295e-04
-9.069200605154037476e-04
-8.117258548736572266e-04
-7.282400620169937611e-04
-7.194330100901424885e-04
-7.301662117242813110e-04
-8.440385572612285614e-04
-1.031773863360285759e-03
-1.193593489006161690e-03
-1.310921157710254192e-03
-1.363903400488197803e-03
-1.301863230764865875e-03
-1.176529563963413239e-03
-1.030140323564410210e-03
-9.098640875890851021e-04
-8.529943297617137432e-04
-8.421374368481338024e-04
-9.403158328495919704e-04
-9.962907060980796814e-04
-1.042954041622579098e-03
-9.232954471372067928e-04
-7.187914452515542507e-04
-6.916575948707759380e-04
-6.777257076464593410e-04
-6.837104447185993195e-04
-7.034219452179968357e-04
-7.628168095834553242e-04
-9.159975452348589897e-04
-8.764212834648787975e-04
-7.063105003908276558e-04
-6.058714352548122406e-04
-5.089261103421449661e-04
-4.841776099056005478e-04
-5.182794411666691303e-04
-6.341087282635271549e-04
-8.733351714909076691e-04
-9.946096688508987427e-04
-1.016763271763920784e-03
-1.035329303704202175e-03
-9.467588970437645912e-04
-8.355199825018644333e-04
-7.042087381705641747e-04
-6.530886166729032993e-04
-5.834885523654520512e-04
-6.876107072457671165e-04
-7.699576672166585922e-04
-8.758261101320385933e-04
-9.438358829356729984e-04
-1.023941091261804104e-03
-8.435905911028385162e-04
-6.941850297152996063e-04
-6.798589602112770081e-04
-6.928540533408522606e-04
-7.101330556906759739e-04
-8.662060135975480080e-04
-9.082633769139647484e-04
-7.129693403840065002e-04
-5.095236701890826225e-04
-3.676706110127270222e-04
-2.542299625929445028e-04
-2.900906547438353300e-04
-3.586448729038238525e-04
-4.661023849621415138e-04
-6.080398452468216419e-04
-6.741365650668740273e-04
-6.128286477178335190e-04
-5.392754683271050453e-04
-5.012605106458067894e-04
-5.600549047812819481e-04
-4.491780418902635574e-04
-3.253140312153846025e-04
-3.071433166041970253e-04
-3.920011222362518311e-04
-5.632620304822921753e-04
-7.772546960040926933e-04
-9.011434158310294151e-04
-9.597223252058029175e-04
-9.624134982004761696e-04
-7.161376997828483582e-04
-6.860769935883581638e-04
-7.032795692794024944e-04
-8.162947488017380238e-04
-9.560118196532130241e-04
-7.924915407784283161e-04
-5.759763880632817745e-04
-3.847790067084133625e-04
-1.879590126918628812e-04
-9.538840095046907663e-05
-1.765442721080034971e-04
-3.532453847583383322e-04
-4.477991897147148848e-04
-4.365764034446328878e-04
-4.582958063110709190e-04
-2.283575595356523991e-04
-1.621597766643390059e-04
-2.535563835408538580e-04
-3.871370863635092974e-04
-4.404665087349712849e-04
-2.254226128570735455e-04
-4.188132879789918661e-05
-9.585221414454281330e-05
-3.529571986291557550e-04
-6.850610370747745037e-04
-8.532720967195928097e-04
-9.627607651054859161e-04
-9.989644167944788933e-04
-7.245256565511226654e-04
-6.944500491954386234e-04
-7.495774771086871624e-04
-9.103112970478832722e-04
-8.696846780367195606e-04
-7.219192921184003353e-04
-4.530999576672911644e-04
-2.932919596787542105e-04
-8.622848690720275044e-05
-3.116126754321157932e-05
-2.237496664747595787e-04
-4.569785669445991516e-04
-5.254126735962927341e-04
-4.131218302063643932e-04
-3.006047627422958612e-04
-1.695243554422631860e-04
-1.299109717365354300e-04
-1.941681402968242764e-04
-3.845649771392345428e-04
-4.845749936066567898e-04
-2.883256820496171713e-04
-2.566322655184194446e-05
8.328661351697519422e-06
-2.077306417049840093e-04
-5.953031941317021847e-04
-8.771643624641001225e-04
-9.359449613839387894e-04
-9.817881509661674500e-04
-7.026274688541889191e-04
-7.002234924584627151e-04
-7.751089287921786308e-04
-9.107229416258633137e-04
-8.051797631196677685e-04
-6.629269337281584740e-04
-4.747585335280746222e-04
-2.202806499553844333e-04
-2.175500230805482715e-05
-1.761818566592410207e-05
-2.850819728337228298e-04
-4.505500546656548977e-04
-5.451868637464940548e-04
-4.001772613264620304e-04
-2.565504109952598810e-04
-2.166933118132874370e-04
-2.941375132650136948e-04
-2.941773855127394199e-04
-5.053131608292460442e-04
-4.948689020238816738e-04
-3.103780036326497793e-04
-6.601209315704181790e-05
3.099637615378014743e-05
-2.427714935038238764e-04
-5.395166808739304543e-04
-8.522690623067319393e-04
-9.457736741751432419e-04
-9.772960329428315163e-04
-7.461867644451558590e-04
-6.995620205998420715e-04
-7.919383351691067219e-04
-8.928728639148175716e-04
-8.082752465270459652e-04
-6.437381380237638950e-04
-5.138152628205716610e-04
-1.718882704153656960e-04
1.991814770008204505e-06
-1.368585217278450727e-04
-3.976695006713271141e-04
-5.826534470543265343e-04
-5.631007370539009571e-04
-3.876851988025009632e-04
-2.056278317468240857e-04
-4.003029607702046633e-04
-4.470798885449767113e-04
-3.882239107042551041e-04
-4.894201993010938168e-04
-4.786388308275490999e-04
-2.786466502584517002e-04
-1.560444216011092067e-04
-5.122251241118647158e-05
-2.107793552568182349e-04
-5.146877374500036240e-04
-7.723582093603909016e-04
-9.979465976357460022e-04
-9.307339787483215332e-04
-7.150003802962601185e-04
-6.979567697271704674e-04
-7.853825809434056282e-04
-9.185579256154596806e-04
-8.559761336073279381e-04
-7.155768107622861862e-04
-4.684074665419757366e-04
-1.931479782797396183e-04
-9.697579662315547466e-05
-2.828577999025583267e-04
-5.527048488147556782e-04
-5.848498549312353134e-04
-5.959282279945909977e-04
-3.297975636087357998e-04
-2.755954046733677387e-04
-5.522922729142010212e-04
-5.003521218895912170e-04
-3.926185017917305231e-04
-4.577673389576375484e-04
-4.211981140542775393e-04
-2.086289023282006383e-04
-4.857856765738688409e-05
-8.668798545841127634e-05
-2.412527246633544564e-04
-5.106057506054639816e-04
-7.890420965850353241e-04
-1.014168607071042061e-03
-8.250422542914748192e-04
-6.960393511690199375e-04
-6.939343293197453022e-04
-7.336117560043931007e-04
-8.712401031516492367e-04
-9.061905439011752605e-04
-7.384975906461477280e-04
-4.957807250320911407e-04
-2.833047474268823862e-04
-2.134199894499033689e-04
-3.752946213353425264e-04
-5.744355148635804653e-04
-6.254324689507484436e-04
-5.345545359887182713e-04
-3.863373422063887119e-04
-3.444584144745022058e-04
-6.177725153975188732e-04
-5.496523226611316204e-04
-3.623145748861134052e-04
-3.944499185308814049e-04
-1.818784949136897922e-04
-1.991911994991824031e-05
-8.398367208428680897e-05
-1.884178636828437448e-04
-3.580276970751583576e-04
-5.226308712735772133e-04
-7.820991449989378452e-04
-9.550699614919722080e-04
-7.926665712147951126e-04
-6.999041070230305195e-04
-6.892759120091795921e-04
-7.184272981248795986e-04
-8.130607311613857746e-04
-9.069280931726098061e-04
-7.527937996201217175e-04
-5.185475456528365612e-04
-3.819341363850980997e-04
-2.927149180322885513e-04
-4.013014549855142832e-04
-5.261218757368624210e-04
-5.073944339528679848e-04
-3.812742070294916630e-04
-1.354676642222329974e-04
-3.272770554758608341e-04
-6.534255808219313622e-04
-5.320189520716667175e-04
-3.204754611942917109e-04
-2.821512462105602026e-04
-1.104879629565402865e-04
-5.868307925993576646e-05
-1.325793709838762879e-04
-2.757006150204688311e-04
-3.437484847381711006e-04
-5.483678542077541351e-04
-7.277628756128251553e-04
-9.795813821256160736e-04
-8.033448830246925354e-04
-7.123814430087804794e-04
-6.818686379119753838e-04
-7.146239513531327248e-04
-7.407515076920390129e-04
-9.185907547362148762e-04
-7.615794311277568340e-04
-5.036491784267127514e-04
-3.755564976017922163e-04
-3.238556673750281334e-04
-4.306603805162012577e-04
-4.780855088029056787e-04
-4.151946632191538811e-04
-2.269511460326611996e-04
-5.204305853112600744e-05
-3.506706852931529284e-04
-6.052909884601831436e-04
-4.510207800194621086e-04
-3.268963191658258438e-04
-3.784347500186413527e-04
-2.078062389045953751e-04
-1.486646506236866117e-04
-1.784578780643641949e-04
-3.384872397873550653e-04
-3.624286910053342581e-04
-5.395470070652663708e-04
-7.197707891464233398e-04
-9.926854399964213371e-04
-8.137726108543574810e-04
-6.866115145385265350e-04
-6.974003044888377190e-04
-6.893085665069520473e-04
-7.479580817744135857e-04
-9.558883612044155598e-04
-7.473339792340993881e-04
-4.832136037293821573e-04
-3.838001866824924946e-04
-3.149740805383771658e-04
-4.338724247645586729e-04
-4.571688477881252766e-04
-4.153097688686102629e-04
-1.927576668094843626e-04
-1.399245957145467401e-04
-4.609393363352864981e-04
-7.248710026033222675e-04
-5.257157026790082455e-04
-3.805232990998774767e-04
-3.927738871425390244e-04
-2.895690267905592918e-04
-1.998577790800482035e-04
-2.269296237500384450e-04
-3.147275128867477179e-04
-3.184383967891335487e-04
-4.625011933967471123e-04
-7.037797477096319199e-04
-9.634058224037289619e-04
-8.466305444017052650e-04
-7.011497509665787220e-04
-6.897497805766761303e-04
-7.062004297040402889e-04
-7.775030098855495453e-04
-9.778779931366443634e-04
-7.408297969959676266e-04
-5.043993587605655193e-04
-3.676757041830569506e-04
-3.750695905182510614e-04
-4.772865795530378819e-04
-4.789541999343782663e-04
-3.606750979088246822e-04
-3.003092133440077305e-04
-3.140573389828205109e-04
-7.223186548799276352e-04
-8.986684842966496944e-04
-6.397208198904991150e-04
-4.926995025016367435e-04
-3.941460163332521915e-04
-2.414289629086852074e-04
-2.630336966831237078e-04
-2.519124536775052547e-04
-2.354014723096042871e-04
-2.824023831635713577e-04
-4.157205112278461456e-04
-6.579395267181098461e-04
-9.325083810836076736e-04
-9.050014778040349483e-04
-7.024726946838200092e-04
-6.911649834364652634e-04
-6.909145740792155266e-04
-8.182989549823105335e-04
-9.815141092985868454e-04
-6.927077774889767170e-04
-4.594595520757138729e-04
-3.761137486435472965e-04
-3.476578858681023121e-04
-5.086993915028870106e-04
-4.538898647297173738e-04
-4.509478458203375340e-04
-4.476241010706871748e-04
-5.633266991935670376e-04
-8.494069334119558334e-04
-9.181701461784541607e-04
-5.659395828843116760e-04
-3.406411851756274700e-04
-2.534518134780228138e-04
-2.669564273674041033e-04
-3.264276019763201475e-04
-2.769530110526829958e-04
-1.261893485207110643e-04
-2.229951060144230723e-04
-4.027788527309894562e-04
-6.792428321205079556e-04
-9.133006096817553043e-04
-8.808369748294353485e-04
-6.944157648831605911e-04
-7.145011331886053085e-04
-6.987970555201172829e-04
-8.808909333311021328e-04
-8.944246801547706127e-04
-6.325142458081245422e-04
-4.411630798131227493e-04
-3.279766242485493422e-04
-3.743156266864389181e-04
-4.285119066480547190e-04
-4.356528224889189005e-04
-4.428525280673056841e-04
-4.984501865692436695e-04
-6.338501698337495327e-04
-7.369967643171548843e-04
-6.163347279652953148e-04
-3.697235952131450176e-04
-2.143345482181757689e-04
-1.274546521017327905e-04
-3.025059995707124472e-04
-2.322698419447988272e-04
-1.093423779821023345e-04
-4.242216527927666903e-05
-1.423424255335703492e-04
-3.862497396767139435e-04
-7.113664760254323483e-04
-9.170876001007854939e-04
-8.435720810666680336e-04
-6.982686463743448257e-04
-6.783626158721745014e-04
-7.125152624212205410e-04
-9.176968014799058437e-04
-8.278979221358895302e-04
-5.561694269999861717e-04
-4.091013106517493725e-04
-2.603370230644941330e-04
-3.173840814270079136e-04
-4.180800751782953739e-04
-4.147837462369352579e-04
-4.330742522142827511e-04
-4.391853290144354105e-04
-4.715426184702664614e-04
-4.979278892278671265e-04
-4.299876163713634014e-04
-1.934140891535207629e-04
-1.388140080962330103e-04
-2.405342966085299850e-04
-3.438683343119919300e-04
-1.880163326859474182e-04
7.368747901637107134e-05
5.962016075500287116e-05
-9.331332694273442030e-05
-4.457955074030905962e-04
-7.129916921257972717e-04
-9.176018065772950649e-04
-8.431339520029723644e-04
-6.960423197597265244e-04
-6.974674179218709469e-04
-7.069843122735619545e-04
-9.298770455643534660e-04
-8.151127840392291546e-04
-5.373580497689545155e-04
-3.723565605469048023e-04
-2.271765406476333737e-04
-1.836911542341113091e-04
-2.888592134695500135e-04
-3.549710381776094437e-04
-3.857765987049788237e-04
-3.100838512182235718e-04
-3.293368499726057053e-04
-3.107991942670196295e-04
-3.049653023481369019e-04
-1.032833024510182440e-04
-2.718126343097537756e-04
-3.857476694975048304e-04
-2.789238060358911753e-04
-1.951500235009007156e-05
1.180082108476199210e-04
3.387993638170883060e-05
-1.636181841604411602e-04
-5.050043109804391861e-04
-7.534927572123706341e-04
-9.172775899060070515e-04
-8.165494655258953571e-04
-6.920255254954099655e-04
-6.767177837900817394e-04
-7.039284682832658291e-04
-9.063723846338689327e-04
-8.314865990541875362e-04
-5.943675059825181961e-04
-3.772890777327120304e-04
-2.003209374379366636e-04
-9.100633178604766726e-05
-1.552439498482272029e-04
-3.507874498609453440e-04
-4.007453680969774723e-04
-4.509595455601811409e-04
-3.925900382455438375e-04
-2.701405901461839676e-04
-2.370251604588702321e-04
-3.473692340776324272e-04
-3.904064942616969347e-04
-3.969678364228457212e-04
-2.002906985580921173e-04
-2.733033034019172192e-05
-1.312460062763420865e-05
-1.682344154687598348e-04
-3.366999735590070486e-04
-6.028200150467455387e-04
-8.355192258022725582e-04
-9.373968932777643204e-04
-7.500353385694324970e-04
-6.825673626735806465e-04
-6.788113387301564217e-04
-6.986738881096243858e-04
-8.505763835273683071e-04
-9.154538856819272041e-04
-7.005737279541790485e-04
-5.012845504097640514e-04
-3.014777030330151320e-04
-1.866879320004954934e-04
-1.977295760298147798e-04
-3.385225718375295401e-04
-4.915086319670081139e-04
-4.917593905702233315e-04
-5.036450456827878952e-04
-4.123159742448478937e-04
-4.730141954496502876e-04
-5.766386166214942932e-04
-5.647558136843144894e-04
-4.679114790633320808e-04
-2.942699647974222898e-04
-2.410923771094530821e-04
-2.744502271525561810e-04
-3.749126335605978966e-04
-5.488745518960058689e-04
-7.823943160474300385e-04
-9.076425922103226185e-04
-8.492661290802061558e-04
-7.126866257749497890e-04
-6.789223989471793175e-04
-6.840526475571095943e-04
-6.826306344009935856e-04
-7.753468817099928856e-04
-9.458944550715386868e-04
-8.814783068373799324e-04
-7.229069015011191368e-04
-5.504036671482026577e-04
-4.791325773112475872e-04
-4.506247641984373331e-04
-5.544456653296947479e-04
-6.863919552415609360e-04
-8.566657197661697865e-04
-8.263476192951202393e-04
-8.234778069891035557e-04
-7.631202461197972298e-04
-7.943077944219112396e-04
-8.166139596141874790e-04
-6.854762323200702667e-04
-5.980935529805719852e-04
-5.755255697295069695e-04
-5.865083076059818268e-04
-6.499621085822582245e-04
-7.936211186461150646e-04
-9.125899523496627808e-04
-9.128044475801289082e-04
-7.552548195235431194e-04
-7.019938784651458263e-04
-6.830876809544861317e-04
-6.713730981573462486e-04
-6.818824331276118755e-04
-7.068390841595828533e-04
-8.199764415621757507e-04
-9.603995713405311108e-04
-9.251820156350731850e-04
-7.863288628868758678e-04
-7.484015659429132938e-04
-7.304202881641685963e-04
-7.592627080157399178e-04
-9.076091810129582882e-04
-1.004433026537299156e-03
-1.026064273901283741e-03
-9.821340208873152733e-04
-9.659391362220048904e-04
-8.785228128544986248e-04
-8.995658135972917080e-04
-9.176332387141883373e-04
-8.566264878027141094e-04
-7.828422239981591702e-04
-7.476118043996393681e-04
-8.260220056399703026e-04
-9.060252923518419266e-04
-9.159382316283881664e-04
-7.896936731413006783e-04
-7.034626905806362629e-04
-6.961303297430276871e-04
-6.894224788993597031e-04
-6.693537579849362373e-04
-6.816486129537224770e-04
-6.799644324928522110e-04
-7.224748842418193817e-04
-8.200056036002933979e-04
-9.383716387674212456e-04
-8.872266043908894062e-04
-8.421568782068789005e-04
-8.901883848011493683e-04
-9.336664807051420212e-04
-1.044931588694453239e-03
-1.091153593733906746e-03
-1.083662034943699837e-03
-1.080292975530028343e-03
-1.064522890374064445e-03
-1.046207966282963753e-03
-1.034546294249594212e-03
-9.644814999774098396e-04
-8.870725869201123714e-04
-8.218599250540137291e-04
-8.506700396537780762e-04
-8.770779240876436234e-04
-8.966632885858416557e-04
-8.170703658834099770e-04
-7.150935125537216663e-04
-6.991406553424894810e-04
-6.932964315637946129e-04
-6.797436508350074291e-04
-6.889603100717067719e-04
-6.971535040065646172e-04
-6.872374215163290501e-04
-6.870134384371340275e-04
-7.271519862115383148e-04
-8.402498788200318813e-04
-9.110540268011391163e-04
-8.556960383430123329e-04
-8.446374558843672276e-04
-8.947154856286942959e-04
-9.202699875459074974e-04
-9.411181090399622917e-04
-9.251825395040214062e-04
-9.547914378345012665e-04
-9.170866105705499649e-04
-9.366345475427806377e-04
-9.114739950746297836e-04
-9.017502306960523129e-04
-9.121165494434535503e-04
-9.059772710315883160e-04
-9.334743954241275787e-04
-8.665141649544239044e-04
-7.456245948560535908e-04
-6.970052490942180157e-04
-6.804675795137882233e-04
-6.997122545726597309e-04
-6.852041115052998066e-04
-6.873258971609175205e-04
-6.997904274612665176e-04
-6.860964349471032619e-04
-6.749091553501784801e-04
-6.803841097280383110e-04
-6.981618935242295265e-04
-6.991183618083596230e-04
-7.347231148742139339e-04
-7.919455529190599918e-04
-8.185161277651786804e-04
-8.718719473108649254e-04
-9.313420741818845272e-04
-9.452188969589769840e-04
-9.375773952342569828e-04
-9.498990839347243309e-04
-9.181685163639485836e-04
-9.110848768614232540e-04
-9.354365756735205650e-04
-9.505272610113024712e-04
-8.761443314142525196e-04
-7.704757736064493656e-04
-7.378619629889726639e-04
-6.900917505845427513e-04
-7.014506263658404350e-04
-6.969551905058324337e-04
-6.991928676143288612e-04
-6.808716570958495140e-04
-6.886365590617060661e-04
-6.859177956357598305e-04
