6.804665084928274155e-03 -7.403323892503976822e-03
6.582804489880800247e-03 -9.534358978271484375e-03
6.462594028562307358e-03 -7.487909402698278427e-03
6.715894676744937897e-03 -8.051636628806591034e-03
6.805025972425937653e-03 -8.620252832770347595e-03
-7.835144177079200745e-03 6.406117696315050125e-03
-8.673729375004768372e-03 7.102575618773698807e-03
-8.453653194010257721e-03 6.585394032299518585e-03
-8.250391110777854919e-03 7.093795109540224075e-03
-8.069219999015331268e-03 6.380666978657245636e-03
