6.483193635940551758e-01 -1.083947867155075073e-01 6.778113842010498047e-01 -4.055172204971313477e-01 -7.996478080749511719e-01 -1.475760221481323242e+00 9.055310487747192383e-02 -1.075889587402343750e+00 9.221459627151489258e-01 5.280603170394897461e-01
-2.059664726257324219e-01 -1.109980106353759766e+00 -7.419385313987731934e-01 -8.592148125171661377e-02 4.887011945247650146e-01 3.853154778480529785e-01 4.530558288097381592e-01 7.669188976287841797e-01 1.065656900405883789e+00 -1.359644889831542969e+00
-3.763923943042755127e-01 -4.488246142864227295e-01 -8.870012164115905762e-01 -7.203723192214965820e-01 5.214162468910217285e-01 2.949748635292053223e-01 -5.285904407501220703e-01 -1.116701722145080566e+00 1.034651637077331543e+00 4.255445301532745361e-01
5.295068621635437012e-01 3.133766353130340576e-02 -9.857472181320190430e-01 -6.655952930450439453e-01 7.203416824340820312e-01 3.041521310806274414e-01 4.238466918468475342e-01 2.862711548805236816e-01 -1.428391098976135254e+00 -3.697133362293243408e-01
-6.298583745956420898e-01 -7.043258100748062134e-02 4.323071241378784180e-01 -2.712183892726898193e-01 -4.481530189514160156e-02 3.126243650913238525e-01 -1.358036398887634277e-01 -7.201691269874572754e-01 6.328665018081665039e-01 -2.371912896633148193e-01
-5.677561163902282715e-01 4.623220562934875488e-01 7.479645013809204102e-01 7.107101082801818848e-01 -4.393248558044433594e-01 -3.285817503929138184e-01 -6.960099935531616211e-01 1.604488193988800049e-01 -1.120543926954269409e-01 -2.444676756858825684e-01
-8.521585166454315186e-02 4.401509463787078857e-01 -2.589516937732696533e-01 -1.813995122909545898e+00 5.312508344650268555e-01 3.114111721515655518e-01 -2.866702973842620850e-01 3.463056385517120361e-01 6.165120601654052734e-01 -1.157671451568603516e+00
5.296647548675537109e-01 -1.312429189682006836e+00 8.798868954181671143e-02 -1.047474622726440430e+00 -5.024541914463043213e-02 -3.438073992729187012e-01 -9.551608562469482422e-02 -9.309853911399841309e-01 1.601912617683410645e+00 1.516439765691757202e-01
8.614277243614196777e-01 -2.384426593780517578e-01 -1.851381778717041016e+00 6.523959636688232422e-01 -1.311960071325302124e-01 4.712155163288116455e-01 3.295969963073730469e-01 6.875198483467102051e-01 7.581248283386230469e-01 -4.102733135223388672e-01
6.820533275604248047e-01 -8.891682028770446777e-01 -2.388881295919418335e-01 -8.033956587314605713e-02 5.001785755157470703e-01 1.108994986861944199e-02 -5.955392718315124512e-01 -2.490656822919845581e-01 -4.055819511413574219e-01 -2.438929677009582520e-01
-6.376680135726928711e-01 1.072621583938598633e+00 -1.379732012748718262e+00 -8.578630089759826660e-01 6.504961252212524414e-01 4.938641786575317383e-01 -1.073563456535339355e+00 1.302320837974548340e+00 -1.497788071632385254e+00 4.978224635124206543e-01
7.316850423812866211e-01 5.880792737007141113e-01 2.460331916809082031e-01 -1.303775757551193237e-01 2.532905936241149902e-01 -6.257598400115966797e-01 2.356758415699005127e-01 -2.508056759834289551e-01 -1.001129031181335449e+00 -5.774725675582885742e-01
2.140685915946960449e-01 -2.784298062324523926e-01 -1.922705173492431641e+00 5.638988018035888672e-01 6.520666182041168213e-02 2.618002891540527344e-01 -5.102583169937133789e-01 -1.709334105253219604e-01 4.427676498889923096e-01 2.125341743230819702e-01
1.838809847831726074e-01 1.048813700675964355e+00 -7.530248165130615234e-02 -1.290313124656677246e+00 3.003682494163513184e-01 8.090623021125793457e-01 5.595813691616058350e-02 -2.995285987854003906e-01 -4.233185052871704102e-01 -3.395895659923553467e-01
-1.020751714706420898e+00 9.890040755271911621e-02 8.177429437637329102e-02 -5.914402008056640625e-01 7.376847267150878906e-01 -7.741959691047668457e-01 -1.139988303184509277e+00 8.302326798439025879e-01 3.046591281890869141e-01 -1.221693754196166992e-01
-4.181398153305053711e-01 -3.295113444328308105e-01 4.610261321067810059e-01 6.129584908485412598e-01 -2.793722450733184814e-01 -2.005711346864700317e-01 -7.059788703918457031e-01 1.581577062606811523e+00 -1.274105310440063477e+00 -2.457767009735107422e+00
-3.162460029125213623e-01 -4.376288652420043945e-01 -1.157455086708068848e+00 1.207678914070129395e+00 -2.440495491027832031e-01 1.729977577924728394e-01 7.079883217811584473e-01 -3.095069229602813721e-01 -7.271953225135803223e-01 5.336335301399230957e-02
-1.054154157638549805e+00 3.223522305488586426e-01 1.683613955974578857e-01 9.874397516250610352e-01 6.564518809318542480e-01 5.261986851692199707e-01 -1.735252141952514648e-01 -4.176723957061767578e-01 2.471063844859600067e-02 6.366472244262695312e-01
-1.459303617477416992e+00 -4.834285750985145569e-02 -1.246273040771484375e+00 1.150182448327541351e-02 8.374585509300231934e-01 3.936569988727569580e-01 -6.659522652626037598e-01 -3.522448837757110596e-01 -2.668778002262115479e-01 3.454789817333221436e-01
-8.408591151237487793e-02 1.694425493478775024e-01 -5.848599672317504883e-01 3.104204535484313965e-01 -4.884148836135864258e-01 7.703287005424499512e-01 -5.638114213943481445e-01 -1.789857894182205200e-01 -3.434121906757354736e-01 3.042447566986083984e-01
2.747763693332672119e-01 -2.115010738372802734e+00 2.512784302234649658e-02 1.380500316619873047e+00 7.180993556976318359e-01 -4.306245446205139160e-01 -5.720652937889099121e-01 -1.677907347679138184e+00 -7.721998691558837891e-01 2.889947891235351562e-01
-8.663697838783264160e-01 4.674179553985595703e-01 6.487056612968444824e-01 9.798969626426696777e-01 -8.065646290779113770e-01 5.416849851608276367e-01 1.039375215768814087e-01 -1.812945902347564697e-01 -9.625005722045898438e-01 -9.166991710662841797e-01
6.399555206298828125e-01 4.632096886634826660e-01 -4.018448889255523682e-01 -3.871051669120788574e-01 -1.294769942760467529e-01 1.114587672054767609e-02 6.927776932716369629e-01 6.329501271247863770e-01 -1.200607419013977051e+00 3.643928170204162598e-01
-6.086654663085937500e-01 7.349635660648345947e-02 7.096700072288513184e-01 -9.041277766227722168e-01 2.271403670310974121e-01 -1.856871008872985840e+00 1.313270479440689087e-01 6.376267671585083008e-01 1.355793714523315430e+00 -7.509575486183166504e-01
7.763546109199523926e-01 -6.937771569937467575e-03 3.471799790859222412e-01 -2.078933864831924438e-01 -6.959011554718017578e-01 2.451229393482208252e-01 2.481523305177688599e-01 -1.034226194024085999e-01 -6.795046925544738770e-01 7.711006999015808105e-01
-1.485432237386703491e-01 -3.555667400360107422e-01 -1.207785010337829590e+00 1.071790814399719238e+00 -1.997572183609008789e-01 -4.582399725914001465e-01 5.924797058105468750e-01 -5.558161139488220215e-01 -2.301338613033294678e-01 -4.979526698589324951e-01
4.670979082584381104e-01 1.491712331771850586e+00 -1.432899713516235352e+00 -4.225903749465942383e-01 -1.069299817085266113e+00 -7.042729258537292480e-01 9.919739961624145508e-01 1.358664631843566895e-01 1.037816762924194336e+00 -4.851515870541334152e-03
-5.097436904907226562e-01 -3.093503117561340332e-01 6.807039380073547363e-01 -2.352313399314880371e-01 7.981272339820861816e-01 -5.670495331287384033e-02 1.081025242805480957e+00 -3.363884091377258301e-01 -1.737829744815826416e-01 -2.409868240356445312e+00
-5.243978928774595261e-03 -1.956600993871688843e-01 3.410674333572387695e-01 2.712336182594299316e-01 -4.468834400177001953e-02 5.308809876441955566e-02 2.082194238901138306e-01 1.711187511682510376e-01 8.505555391311645508e-01 -1.114858388900756836e+00
-1.748337000608444214e-01 6.870831251144409180e-01 9.506551027297973633e-01 -1.541305333375930786e-01 1.470894068479537964e-01 -6.149287819862365723e-01 -8.641566038131713867e-01 -1.674726009368896484e-01 -2.739680111408233643e-01 -5.560787916183471680e-01
2.390580028295516968e-01 2.970241606235504150e-01 2.441272139549255371e-01 8.844897747039794922e-01 -1.190263628959655762e+00 -1.245100855827331543e+00 3.703960180282592773e-01 -2.340750545263290405e-01 -4.780122041702270508e-01 7.392173409461975098e-01
-5.906960368156433105e-01 1.134050130844116211e+00 1.405146718025207520e+00 -7.800515890121459961e-01 -4.688187837600708008e-01 -3.630966246128082275e-01 -9.062404632568359375e-01 -3.605189919471740723e-02 -4.229464232921600342e-01 -5.680701732635498047e-01
1.293106935918331146e-03 -8.725292086601257324e-01 4.505281746387481689e-01 2.500559762120246887e-02 -1.472498923540115356e-01 -5.790951251983642578e-01 -8.945004642009735107e-02 -3.575044572353363037e-01 -5.570213794708251953e-01 6.384650468826293945e-01
-7.022565007209777832e-01 5.516576766967773438e-01 1.218575835227966309e-01 -2.611790895462036133e-01 -6.156612038612365723e-01 -9.213376045227050781e-01 -2.373857200145721436e-01 5.820482373237609863e-01 2.052344679832458496e-01 3.327785432338714600e-02
-1.007019430398941040e-01 4.320127964019775391e-01 1.479011416435241699e+00 -3.660956621170043945e-01 2.374099493026733398e-01 -1.479492038488388062e-01 -2.689192593097686768e-01 5.516481399536132812e-01 9.803420305252075195e-01 -1.002233028411865234e+00
-5.486165881156921387e-01 -4.189828783273696899e-02 -2.477914541959762573e-01 2.277117073535919189e-01 4.827401638031005859e-01 4.277338981628417969e-01 -5.028653740882873535e-01 6.864355802536010742e-01 2.262352854013442993e-01 -6.742722988128662109e-01
9.083782136440277100e-02 5.470477342605590820e-01 -1.759485363960266113e+00 2.977992892265319824e-01 2.761318348348140717e-03 -4.170817732810974121e-01 -4.324807226657867432e-01 -4.504622817039489746e-01 5.790515542030334473e-01 2.136777341365814209e-01
-9.434618055820465088e-02 1.170527189970016479e-01 -8.197386264801025391e-01 1.996689140796661377e-01 -4.796992540359497070e-01 -2.417284250259399414e-01 4.855602979660034180e-01 -1.188389182090759277e+00 2.232489436864852905e-01 6.674208641052246094e-01
2.866896986961364746e-02 -7.100911736488342285e-01 -3.082526624202728271e-01 1.368657588958740234e+00 3.828817903995513916e-01 -1.906146883964538574e+00 6.588543653488159180e-01 4.895456880331039429e-02 -2.822111845016479492e-01 -3.556352555751800537e-01
1.004023075103759766e+00 2.067135572433471680e+00 -1.158967971801757812e+00 3.744128942489624023e-01 6.544578671455383301e-01 -1.811533868312835693e-01 -7.512614130973815918e-01 -2.287357151508331299e-01 -1.862012147903442383e-01 7.098748087882995605e-01
-1.143152236938476562e+00 6.218061447143554688e-01 1.492128223180770874e-01 -8.579517006874084473e-01 1.076496481895446777e+00 -9.269015789031982422e-01 -7.485045790672302246e-01 1.395850896835327148e+00 -6.997318267822265625e-01 3.469471037387847900e-01
1.242841333150863647e-01 3.509097099304199219e-01 1.484334468841552734e-01 -1.505150794982910156e-01 2.707993090152740479e-01 -4.743482172489166260e-02 -4.564325511455535889e-01 7.517583966255187988e-01 -5.331847667694091797e-01 -5.767463147640228271e-02
2.874585986137390137e-01 2.575299143791198730e-01 -3.641298115253448486e-01 -7.369253635406494141e-01 3.814815580844879150e-01 1.102924421429634094e-01 2.480164319276809692e-01 3.499448895454406738e-01 1.024691939353942871e+00 -8.678233623504638672e-01
3.877629339694976807e-02 -1.797942996025085449e+00 -8.356565982103347778e-02 4.650722146034240723e-01 1.497358679771423340e+00 -7.352447509765625000e-01 -7.813979387283325195e-01 -9.482411146163940430e-01 -2.481111884117126465e-02 -1.811958074569702148e+00
-4.529283940792083740e-01 -8.407961130142211914e-01 6.687716245651245117e-01 -3.177177608013153076e-01 9.695582389831542969e-01 -8.369461894035339355e-01 1.920453310012817383e-01 -1.153877377510070801e+00 3.629299998283386230e-02 4.974960088729858398e-01
-1.804633289575576782e-01 1.845721304416656494e-01 1.235165476799011230e+00 -3.545149564743041992e-01 -7.504153251647949219e-01 1.352308690547943115e-01 4.161747694015502930e-01 2.777277827262878418e-01 -1.590372920036315918e-01 8.364472985267639160e-01
-2.086864858865737915e-01 -9.820307791233062744e-02 3.315334767103195190e-02 6.869010925292968750e-01 1.283343136310577393e-01 -1.860410422086715698e-01 -1.215528547763824463e-01 -6.456734538078308105e-01 -5.253250002861022949e-01 4.332160949707031250e-01
-1.621605753898620605e+00 -2.847534418106079102e-01 -3.851637616753578186e-02 6.654502153396606445e-01 3.309661149978637695e-01 1.581563949584960938e+00 -2.388532876968383789e+00 4.812240898609161377e-01 -4.005035758018493652e-01 -5.656044483184814453e-01
1.142128705978393555e-01 -1.561936922371387482e-02 -2.714109420776367188e-01 2.149608135223388672e-01 8.945643901824951172e-02 7.057696580886840820e-01 -9.346280992031097412e-02 3.499550223350524902e-01 5.666645765304565430e-01 -2.097110003232955933e-01
-2.135752141475677490e-01 -5.401906371116638184e-01 5.873044729232788086e-01 -3.743077814579010010e-01 -1.282695531845092773e+00 -7.162922620773315430e-01 -3.227302432060241699e-01 -9.278018474578857422e-01 6.559547185897827148e-01 1.627645343542098999e-01
-5.961291790008544922e-01 2.242709845304489136e-01 -1.962943375110626221e-01 -7.448781728744506836e-01 4.230799078941345215e-01 7.957419753074645996e-01 -7.628140449523925781e-01 6.936412453651428223e-01 -2.148531198501586914e+00 5.609751939773559570e-01
8.750678300857543945e-01 -2.676353156566619873e-01 -1.619182378053665161e-01 -3.491457402706146240e-01 -8.934075236320495605e-01 -1.171975851058959961e+00 6.049181222915649414e-01 -5.896974205970764160e-01 2.161134928464889526e-01 5.862138271331787109e-01
5.452688038349151611e-02 -5.412579178810119629e-01 2.846886515617370605e-01 -4.699031412601470947e-01 2.180522203445434570e+00 -1.152647137641906738e+00 -1.291794657707214355e+00 5.626428127288818359e-01 5.471323728561401367e-01 5.699332952499389648e-01
-3.358865976333618164e-01 -2.302271425724029541e-01 -7.131226062774658203e-01 3.172446787357330322e-01 1.729097515344619751e-01 -2.188206166028976440e-01 5.261515825986862183e-02 1.472145169973373413e-01 8.301042318344116211e-01 2.897425293922424316e-01
-1.893391907215118408e-01 -1.458648085594177246e+00 -1.936399787664413452e-01 -6.009203791618347168e-01 -5.729305744171142578e-01 -3.857563436031341553e-01 6.635248661041259766e-01 -5.125872492790222168e-01 5.902292132377624512e-01 -6.566241979598999023e-01
3.545539677143096924e-01 7.407014966011047363e-01 2.284537553787231445e-01 1.267259478569030762e+00 -8.417013883590698242e-01 -2.113743782043457031e+00 -3.474350273609161377e-01 4.801793396472930908e-01 -2.607571780681610107e-01 1.952757686376571655e-01
-1.121841549873352051e+00 -5.580268502235412598e-01 7.123984098434448242e-01 4.089467227458953857e-01 2.760567888617515564e-02 1.969678997993469238e-01 4.821169376373291016e-01 7.256012409925460815e-02 -4.202665686607360840e-01 -1.118848204612731934e+00
-1.033823490142822266e+00 9.383553266525268555e-01 -2.430942356586456299e-01 -4.526212811470031738e-01 7.618930339813232422e-01 -4.549848437309265137e-01 2.987044453620910645e-01 2.645268738269805908e-01 1.610195636749267578e-01 -5.343180894851684570e-01
-5.110452771186828613e-01 8.447292447090148926e-01 -9.870575666427612305e-01 -2.523687668144702911e-02 3.286326229572296143e-01 -3.845636546611785889e-02 -2.065325528383255005e-01 -1.140455842018127441e+00 -5.871884524822235107e-02 8.807303309440612793e-01
1.090391874313354492e+00 -3.355016112327575684e-01 -1.274143934249877930e+00 2.912197411060333252e-01 -2.880379557609558105e-01 -1.305714368820190430e+00 3.416996300220489502e-01 -5.412093997001647949e-01 2.906617522239685059e-01 -3.327415585517883301e-01
1.128554642200469971e-01 -2.187330573797225952e-01 -1.128389477729797363e+00 -3.241253495216369629e-01 -1.395242363214492798e-01 4.384412467479705811e-01 2.475509196519851685e-01 1.658466756343841553e-01 5.790342092514038086e-01 1.983118057250976562e-01
-4.456731081008911133e-01 -2.248888164758682251e-01 1.017318248748779297e+00 1.567348539829254150e-01 5.269898176193237305e-01 -1.368942260742187500e-01 -7.915280461311340332e-01 5.631441473960876465e-01 3.727070987224578857e-02 3.384904563426971436e-01
1.189904808998107910e+00 -3.064851760864257812e-01 1.580144464969635010e-01 -1.149963855743408203e+00 1.058911681175231934e-01 -5.821516513824462891e-01 9.113414883613586426e-01 -9.729259014129638672e-01 -1.381841778755187988e+00 1.168282628059387207e+00
-5.156321525573730469e-01 2.603654563426971436e-01 4.770023226737976074e-01 -1.868400722742080688e-01 5.066301822662353516e-01 -6.720510125160217285e-01 -2.051637321710586548e-02 -2.656399011611938477e-01 -1.697676032781600952e-01 -2.417278140783309937e-01
-2.673776149749755859e-01 -1.834911257028579712e-01 -1.534561514854431152e-01 -4.003722667694091797e-01 3.956528007984161377e-01 1.530966520309448242e+00 -8.906265348196029663e-02 3.356650471687316895e-01 -4.964618682861328125e-01 -7.677221894264221191e-01
1.778445690870285034e-01 5.760570764541625977e-01 -4.334212839603424072e-01 3.909387290477752686e-01 3.453235924243927002e-01 -5.519577264785766602e-01 4.657255113124847412e-01 -8.175204992294311523e-01 -1.234478473663330078e+00 -1.653342992067337036e-01
-3.055835068225860596e-01 -4.501291811466217041e-01 -1.924640685319900513e-01 1.788768887519836426e+00 1.966383159160614014e-01 -1.336422085762023926e+00 -1.108098626136779785e-01 -6.422473192214965820e-01 -4.881376624107360840e-01 5.923896562308073044e-03
4.223963618278503418e-02 -8.085221797227859497e-02 -1.765026569366455078e+00 7.137117385864257812e-01 2.448684871196746826e-01 9.664239734411239624e-02 7.487887144088745117e-02 8.703517317771911621e-01 -2.423342168331146240e-01 -4.626807272434234619e-01
4.092532098293304443e-01 -4.303940832614898682e-01 -1.197709441184997559e-01 -1.093175292015075684e+00 -5.095033049583435059e-01 -3.424421697854995728e-02 -3.714574277400970459e-01 -1.341283172369003296e-01 1.062520980834960938e+00 -1.455589197576045990e-03
-1.941539794206619263e-01 -5.071845650672912598e-02 -5.593581199645996094e-01 -1.769256711006164551e+00 6.103807687759399414e-01 -2.029312700033187866e-01 5.895038247108459473e-01 -1.067891597747802734e+00 2.930725514888763428e-01 -1.071888089179992676e+00
9.614647030830383301e-01 -1.046408534049987793e+00 8.398320674896240234e-01 1.032717704772949219e+00 2.605953514575958252e-01 -1.810502767562866211e+00 -4.428860545158386230e-02 6.585087180137634277e-01 4.339183568954467773e-01 -4.792555570602416992e-01
4.649673104286193848e-01 6.328675746917724609e-01 1.052754819393157959e-01 -6.373557448387145996e-02 2.472300082445144653e-01 -4.572381377220153809e-01 3.684096932411193848e-01 -4.998857378959655762e-01 -4.553050994873046875e-01 -4.011730849742889404e-01
-4.729085564613342285e-01 1.311843842267990112e-01 1.306572914123535156e+00 -2.106281369924545288e-01 -1.181036353111267090e+00 1.217967033386230469e+00 -6.901267170906066895e-01 -2.270807325839996338e-01 -4.076611101627349854e-01 2.489970624446868896e-02
4.013181030750274658e-01 7.088714838027954102e-01 -6.325647830963134766e-01 -7.455816864967346191e-01 -2.792438864707946777e-01 -9.790285490453243256e-03 9.304360300302505493e-02 -2.568574547767639160e-01 1.004209965467453003e-01 1.898973882198333740e-01
2.915601432323455811e-02 -7.240313291549682617e-01 -4.601061046123504639e-01 8.037502169609069824e-01 -1.147143959999084473e+00 -6.561516523361206055e-01 3.863097429275512695e-01 -1.846029907464981079e-01 4.599104821681976318e-01 -5.419060587882995605e-01
-5.646806359291076660e-01 2.799121737480163574e-01 -8.295767903327941895e-01 1.319854408502578735e-01 -2.403339892625808716e-01 1.694920063018798828e-01 -9.324182271957397461e-01 9.253485798835754395e-01 -7.265880107879638672e-01 -1.348478317260742188e+00
4.925804734230041504e-01 7.113345861434936523e-01 -5.919035077095031738e-01 6.077176332473754883e-02 -1.211132645606994629e+00 3.273738920688629150e-01 -1.103038340806961060e-01 -8.492035865783691406e-01 -1.740222573280334473e-01 -2.667596042156219482e-01
5.332629084587097168e-01 4.332354366779327393e-01 -9.121444225311279297e-01 1.020901918411254883e+00 -2.208253860473632812e+00 -2.266288995742797852e+00 -6.951396465301513672e-01 4.988215863704681396e-01 -9.435416758060455322e-02 1.845189094543457031e+00
-8.192019462585449219e-01 3.691370487213134766e-01 2.153018116950988770e-02 -1.305406540632247925e-02 -4.568233489990234375e-01 5.045366287231445312e-01 5.047310590744018555e-01 9.461759030818939209e-02 -7.484409809112548828e-01 -1.324416548013687134e-01
-5.975794196128845215e-01 2.664906084537506104e-01 -3.067764341831207275e-01 5.858845710754394531e-01 -5.084623098373413086e-01 -9.220030307769775391e-01 -5.489041656255722046e-02 -2.941766381263732910e-01 -2.300941348075866699e-01 1.822168529033660889e-01
7.116991281509399414e-02 -5.439351797103881836e-01 8.509127795696258545e-02 -1.915852308273315430e+00 -1.218929648399353027e+00 9.645329713821411133e-01 -9.795996546745300293e-02 6.438609361648559570e-01 1.495495557785034180e+00 8.587149977684020996e-01
-7.288694381713867188e-01 -1.786607503890991211e-02 -1.058638453483581543e+00 5.419289469718933105e-01 1.471325904130935669e-01 4.004307687282562256e-01 -7.597028613090515137e-01 3.062428236007690430e-01 -4.027947783470153809e-01 -7.672818303108215332e-01
5.391722917556762695e-01 -7.056861519813537598e-01 3.600300103425979614e-02 -6.475301980972290039e-01 -4.484000504016876221e-01 -7.230900228023529053e-02 -2.018613368272781372e-01 1.312753796577453613e+00 5.439598560333251953e-01 -1.858892321586608887e+00
-6.961169838905334473e-02 1.114640116691589355e+00 -1.095086783170700073e-01 -9.970923662185668945e-01 -2.160807698965072632e-02 -6.999825835227966309e-01 -3.886543214321136475e-02 -5.037989020347595215e-01 -5.458744168281555176e-01 -6.575433611869812012e-01
-5.797147154808044434e-01 1.029963254928588867e+00 -4.096575975418090820e-01 2.289532423019409180e-01 5.312367081642150879e-01 5.252069234848022461e-01 3.272330462932586670e-01 3.946513682603836060e-02 -7.143555283546447754e-01 -4.801306128501892090e-01
-3.154722750186920166e-01 -1.042983531951904297e-01 -1.007998287677764893e-01 7.089437246322631836e-01 6.153925657272338867e-01 -7.415376305580139160e-01 -7.192025184631347656e-01 -1.417591795325279236e-02 -2.629878222942352295e-01 7.007615566253662109e-01
-5.046395063400268555e-01 3.952797055244445801e-01 -4.283018708229064941e-01 -6.120690703392028809e-01 -5.661176145076751709e-02 -1.040611624717712402e+00 8.521523475646972656e-01 7.838181257247924805e-01 -1.837600171566009521e-01 1.691637337207794189e-01
-2.663575410842895508e-01 8.390361070632934570e-01 -7.239287495613098145e-01 6.697400212287902832e-01 -1.823069691658020020e+00 3.319210410118103027e-01 -3.080109655857086182e-01 -1.069941282272338867e+00 -9.478665590286254883e-01 -2.222289144992828369e-01
-5.968737602233886719e-01 -8.973464965820312500e-01 7.506162524223327637e-01 -4.737038910388946533e-01 2.133791297674179077e-01 -5.811368227005004883e-01 -4.491718113422393799e-01 -1.380872845649719238e+00 -4.140331149101257324e-01 1.779230684041976929e-01
-3.236849904060363770e-01 -1.012970089912414551e+00 8.697704970836639404e-02 5.296242833137512207e-01 -1.032895207405090332e+00 2.672428190708160400e-01 -1.427659392356872559e-02 -1.345091819763183594e+00 -6.491455435752868652e-01 7.277420163154602051e-01
-4.738242328166961670e-01 1.198392748832702637e+00 1.369455575942993164e+00 -5.978367924690246582e-01 -7.147678732872009277e-01 4.658032059669494629e-01 -5.397754907608032227e-01 4.933736324310302734e-01 -6.123416423797607422e-01 -1.430453211069107056e-01
1.332049846649169922e+00 -1.531519442796707153e-01 -7.960817217826843262e-01 -1.498122811317443848e+00 5.667451620101928711e-01 -2.247422695159912109e+00 -9.635676741600036621e-01 3.337539434432983398e-01 -1.318582653999328613e+00 -8.496121168136596680e-01
2.059269845485687256e-01 -5.501449704170227051e-01 1.125155985355377197e-01 -1.278966665267944336e-01 -6.731548309326171875e-01 8.305537700653076172e-02 2.317432016134262085e-01 1.470581412315368652e+00 1.287823170423507690e-02 -1.706865310668945312e+00
-8.151881098747253418e-01 6.031343340873718262e-01 -3.469921946525573730e-01 9.787563681602478027e-01 -5.500004291534423828e-01 3.414404988288879395e-01 1.956077069044113159e-01 -6.978471875190734863e-01 -8.189214468002319336e-01 5.442953705787658691e-01
-3.530676662921905518e-01 1.962901949882507324e-01 -7.008726596832275391e-01 3.111273646354675293e-01 2.199154645204544067e-01 4.855272471904754639e-01 1.651105135679244995e-01 2.292525768280029297e-01 1.642821878194808960e-01 -5.327218770980834961e-01
-1.056063532829284668e+00 -5.237178206443786621e-01 -4.609393775463104248e-01 9.092677831649780273e-01 -1.296523213386535645e-01 1.520824134349822998e-01 5.373480916023254395e-02 2.523628771305084229e-01 -5.675720572471618652e-01 -5.059451460838317871e-01
-1.393844038248062134e-01 2.516154944896697998e-01 -2.275738418102264404e-01 -4.764610528945922852e-01 -3.930374383926391602e-01 -5.722528696060180664e-01 3.252446055412292480e-01 -4.424551501870155334e-02 -1.561500072479248047e+00 -4.378106296062469482e-01
7.082402706146240234e-02 -4.638211429119110107e-02 5.337983369827270508e-01 -3.065491020679473877e-01 8.747850656509399414e-01 4.512725472450256348e-01 -5.036548972129821777e-01 -4.432364366948604584e-04 -2.162011265754699707e-01 2.968348562717437744e-01
-1.201802492141723633e-01 -1.252498477697372437e-01 -2.118671126663684845e-02 -4.233784079551696777e-01 -2.382962405681610107e-02 4.597439169883728027e-01 -1.508721709251403809e-01 -1.653719097375869751e-01 -7.866300344467163086e-01 1.893781125545501709e-01
-5.691112577915191650e-02 -3.443401753902435303e-01 3.615046441555023193e-01 1.311016559600830078e+00 -1.717274636030197144e-01 1.054298520088195801e+00 -8.160057067871093750e-01 7.024185359477996826e-02 -4.723955690860748291e-01 1.420674771070480347e-01
-8.250242471694946289e-02 -1.345711708068847656e+00 1.353893876075744629e-01 8.718143403530120850e-02 -1.301785826683044434e+00 1.026075363159179688e+00 -9.538380801677703857e-02 -4.101009070873260498e-01 -9.211015701293945312e-01 9.094698429107666016e-01
4.356095492839813232e-01 -4.734110534191131592e-01 4.402629435062408447e-01 6.026309132575988770e-01 -1.214559555053710938e+00 -6.564694643020629883e-01 -6.350619196891784668e-01 8.555433750152587891e-01 -3.763578832149505615e-01 -4.663841426372528076e-02
3.703981339931488037e-01 -6.727909445762634277e-01 -6.512938737869262695e-01 -4.226741492748260498e-01 -1.574449688196182251e-01 1.134253144264221191e-01 -4.676093757152557373e-01 -6.629847884178161621e-01 1.493409395217895508e+00 6.578743457794189453e-01
-1.302238941192626953e+00 1.051538139581680298e-01 -3.969898819923400879e-02 1.441277503967285156e+00 1.474307924509048462e-01 -1.330264568328857422e+00 1.220067262649536133e+00 -1.555052876472473145e+00 -2.904962599277496338e-01 2.064053535461425781e+00
-2.775817811489105225e-01 4.243426620960235596e-01 -5.308349728584289551e-01 1.185743927955627441e+00 -4.004866480827331543e-01 -3.112553954124450684e-01 2.496243566274642944e-01 6.684424877166748047e-01 5.713070034980773926e-01 -3.186429142951965332e-01
-5.476086866110563278e-03 6.919696331024169922e-01 -3.535586297512054443e-01 1.454136967658996582e-01 -1.232135295867919922e+00 -1.388027191162109375e+00 6.415525674819946289e-01 6.070846319198608398e-01 -1.326365619897842407e-01 1.706247925758361816e+00
-3.143226206302642822e-01 8.322149515151977539e-01 -3.440703451633453369e-01 -1.367263793945312500e+00 -6.939459443092346191e-01 1.545956969261169434e+00 4.347039014101028442e-02 -8.094038069248199463e-02 -6.632202267646789551e-01 -3.124984800815582275e-01
-3.892813026905059814e-01 -1.362409830093383789e+00 -3.440470397472381592e-01 5.165152996778488159e-02 -1.794917464256286621e+00 3.430653735995292664e-02 1.931520849466323853e-01 -1.063186168670654297e+00 -5.362671613693237305e-01 -6.934908628463745117e-01
4.095521569252014160e-02 -8.210542201995849609e-01 3.795525729656219482e-01 -8.328837752342224121e-01 5.925174336880445480e-03 -6.967000663280487061e-02 -5.814278125762939453e-01 -7.615904211997985840e-01 3.966087102890014648e-01 -5.121601819992065430e-01
-2.541075646877288818e-01 7.349029183387756348e-02 -2.528348937630653381e-02 1.920579969882965088e-01 9.665158390998840332e-02 -1.212473660707473755e-01 2.309658080339431763e-01 7.312972098588943481e-02 1.856910735368728638e-01 -5.379155278205871582e-01
2.705099582672119141e-01 -6.180025339126586914e-01 -7.266129255294799805e-01 -4.249377846717834473e-01 -5.862098932266235352e-01 1.509223580360412598e+00 8.713195919990539551e-01 9.612910747528076172e-01 -1.946093440055847168e-01 3.804434239864349365e-01
6.126430034637451172e-01 -6.172370314598083496e-01 -4.112676680088043213e-01 -2.268543690443038940e-01 -6.493834257125854492e-01 1.205459237098693848e-01 -1.461703032255172729e-01 1.654232144355773926e-01 -5.489180684089660645e-01 2.407475858926773071e-01
-3.634051084518432617e-01 3.137407451868057251e-02 -3.966709077358245850e-01 -1.895297318696975708e-01 -2.166304439306259155e-01 3.028191626071929932e-01 4.494695365428924561e-01 -5.160902142524719238e-01 3.792186379432678223e-01 -9.798076152801513672e-01
-4.638872444629669189e-01 6.203818321228027344e-02 6.945635657757520676e-03 -5.739457905292510986e-02 7.026252150535583496e-01 3.739535212516784668e-01 -3.692513406276702881e-01 -5.632359068840742111e-03 2.214470207691192627e-01 -9.837235808372497559e-01
-1.129114985466003418e+00 4.023157358169555664e-01 -2.648814022541046143e-01 3.032269179821014404e-01 -1.746249198913574219e-02 1.099186897277832031e+00 -6.670379638671875000e-02 -4.655301868915557861e-01 -4.331480860710144043e-01 -1.489375680685043335e-01
9.147329255938529968e-03 -4.266189336776733398e-01 4.915010929107666016e-02 5.521484613418579102e-01 1.170628145337104797e-02 -4.035649001598358154e-01 -1.349234730005264282e-01 4.522652029991149902e-01 8.059603571891784668e-01 3.412747383117675781e-01
-7.772641777992248535e-01 1.014811277389526367e+00 -5.665708780288696289e-01 1.791941970586776733e-01 4.548161849379539490e-02 1.325936019420623779e-01 1.721522063016891479e-01 4.376191794872283936e-01 3.403484523296356201e-01 -1.021688222885131836e+00
-2.757841050624847412e-01 -1.943880766630172729e-01 3.988972306251525879e-01 -7.229986190795898438e-01 8.821974694728851318e-02 9.855833053588867188e-01 -5.041740536689758301e-01 1.712497472763061523e-01 3.842699229717254639e-01 -6.093667745590209961e-01
-2.578376531600952148e-01 -6.074857711791992188e-02 4.286960065364837646e-01 -3.214995265007019043e-01 -1.154072061181068420e-01 -2.471353858709335327e-01 4.535767063498497009e-02 8.393073081970214844e-02 -1.088910475373268127e-01 2.732325792312622070e-01
1.430554091930389404e-01 3.461483120918273926e-01 2.774132192134857178e-01 1.643562167882919312e-01 1.187859624624252319e-01 -4.410354197025299072e-01 -4.304274618625640869e-01 -7.149370312690734863e-01 6.145992875099182129e-02 2.093341201543807983e-01
-3.460729122161865234e-01 2.684127390384674072e-01 -6.096295118331909180e-01 -5.131746530532836914e-01 -7.251165807247161865e-02 6.277902722358703613e-01 -2.912645041942596436e-01 4.504439234733581543e-01 2.108574658632278442e-01 2.699557840824127197e-01
3.411415517330169678e-01 1.455861032009124756e-01 7.927537560462951660e-01 8.446912467479705811e-02 -1.068997740745544434e+00 -5.847530961036682129e-01 5.391300916671752930e-01 -2.065146923065185547e+00 -3.473259806632995605e-01 -1.810051798820495605e+00
5.507380366325378418e-01 2.156874090433120728e-01 -9.202170372009277344e-02 -2.400628477334976196e-01 -3.692629933357238770e-02 -1.574895530939102173e-01 3.334376215934753418e-02 -3.809092938899993896e-01 -4.707974791526794434e-01 2.955409586429595947e-01
9.900064468383789062e-01 7.942797541618347168e-01 -1.500742673873901367e+00 1.610874235630035400e-01 9.374456107616424561e-02 2.917783975601196289e+00 -5.870857238769531250e-01 -4.398213922977447510e-01 -1.487661600112915039e+00 1.609988808631896973e-01
-2.397845834493637085e-01 -4.389950037002563477e-01 6.150383949279785156e-01 -6.924384236335754395e-01 1.470483690500259399e-01 1.256412625312805176e+00 -1.243709206581115723e+00 -6.028989553451538086e-01 2.181843668222427368e-01 9.038634896278381348e-01
1.731703281402587891e-01 -3.327725827693939209e-01 -6.562541127204895020e-01 8.596647977828979492e-01 3.537248075008392334e-01 -8.346694111824035645e-01 4.191356003284454346e-01 -6.108222603797912598e-01 2.834567725658416748e-01 9.725391864776611328e-02
2.539237588644027710e-02 2.143200039863586426e-01 -1.448003388941287994e-02 -2.017485052347183228e-01 1.067672371864318848e-01 1.952754706144332886e-01 -7.550634741783142090e-01 7.756164073944091797e-01 -7.858413457870483398e-01 -7.424338161945343018e-02
5.371236205101013184e-01 -1.125383734703063965e+00 -5.957935452461242676e-01 -3.579627573490142822e-01 2.273054122924804688e-01 3.149460256099700928e-01 -4.238725006580352783e-01 -3.112854659557342529e-01 -4.529240429401397705e-01 8.490753173828125000e-01
5.117232799530029297e-01 -7.145840525627136230e-01 1.784010678529739380e-01 5.405662059783935547e-01 -1.276604235172271729e-01 -5.385671257972717285e-01 2.245165854692459106e-01 4.574801772832870483e-02 2.721857726573944092e-01 -4.978679716587066650e-01
-6.075091361999511719e-01 -1.620171785354614258e+00 -1.053615212440490723e-01 -1.167759656906127930e+00 6.010543107986450195e-01 7.780616879463195801e-01 -3.121654093265533447e-01 -2.554456889629364014e-01 7.121686339378356934e-01 -1.460375487804412842e-01
3.203198313713073730e-01 1.732994079589843750e+00 -4.608012437820434570e-01 -1.977660655975341797e-01 -1.306390203535556793e-02 3.882798850536346436e-01 5.158544182777404785e-01 -1.015527844429016113e+00 -3.579936623573303223e-01 -1.599007129669189453e+00
2.691382169723510742e-01 -1.420261859893798828e+00 -3.703747689723968506e-02 8.932450413703918457e-02 -2.516896724700927734e-01 5.459067877382040024e-03 4.855535626411437988e-01 -1.042248845100402832e+00 9.089499711990356445e-01 -2.410456389188766479e-01
1.558983772993087769e-01 -9.475523233413696289e-01 1.783904790878295898e+00 -1.809396505355834961e+00 3.371886014938354492e-01 -1.774920821189880371e+00 4.829406738281250000e-02 -2.431242167949676514e-01 -2.171517848968505859e+00 5.909182429313659668e-01
-6.020584702491760254e-01 4.405047595500946045e-01 1.888427436351776123e-01 -3.276015818119049072e-01 -7.023478746414184570e-01 3.111546635627746582e-01 -8.842051029205322266e-03 -4.207252264022827148e-01 -7.434540987014770508e-01 5.863227844238281250e-01
-5.361404418945312500e-01 3.237337768077850342e-01 6.151064038276672363e-01 -6.466568112373352051e-01 4.947231411933898926e-01 -8.273528814315795898e-01 1.108760535717010498e-01 3.760433197021484375e-01 7.873809933662414551e-01 -3.817548751831054688e-01
-6.409780383110046387e-01 8.600397706031799316e-01 2.859197556972503662e-01 -7.232659459114074707e-01 -3.861448168754577637e-01 4.122596979141235352e-02 -3.016866445541381836e-01 -6.024998426437377930e-02 3.409783542156219482e-01 2.812642753124237061e-01
-7.718504071235656738e-01 1.844210922718048096e-01 -4.914001524448394775e-01 -2.847653925418853760e-01 1.175329089164733887e+00 -1.916342228651046753e-01 -2.690430879592895508e-01 -1.562442183494567871e+00 3.704226315021514893e-01 1.817458271980285645e-01
-4.720277488231658936e-01 -3.041218966245651245e-02 -6.516304612159729004e-01 -7.190656661987304688e-01 1.084709763526916504e+00 -8.213604092597961426e-01 -8.857383728027343750e-01 3.704262375831604004e-01 -2.115716040134429932e-01 3.768221437931060791e-01
4.780502021312713623e-01 -5.054740905761718750e-01 1.637455463409423828e+00 -1.348215818405151367e+00 -1.295093417167663574e+00 1.138818144798278809e+00 -1.053053736686706543e+00 -2.925631701946258545e-01 -1.123163700103759766e+00 -4.261538088321685791e-01
1.481280773878097534e-01 2.288166284561157227e-01 -3.288431465625762939e-01 5.568387508392333984e-01 -2.051708996295928955e-01 -1.215138196945190430e+00 1.214847899973392487e-03 -7.512038350105285645e-01 5.208069086074829102e-01 2.215441763401031494e-01
-3.613112568855285645e-01 -7.303793430328369141e-01 5.479288697242736816e-01 -7.802928090095520020e-01 -1.387179642915725708e-01 4.973292052745819092e-01 2.261431068181991577e-01 4.266388714313507080e-01 -6.202867627143859863e-01 -1.232448339462280273e+00
3.485624492168426514e-01 -2.255930155515670776e-01 -1.453958004713058472e-01 -7.774177789688110352e-01 -4.352219104766845703e-01 -7.062776088714599609e-01 5.836411118507385254e-01 2.984486818313598633e-01 2.898053228855133057e-01 4.282968640327453613e-01
-3.202137053012847900e-01 1.701974272727966309e-01 -2.907356321811676025e-01 -3.139023780822753906e-01 1.582982420921325684e+00 8.577663302421569824e-01 2.683380842208862305e-01 -8.542925119400024414e-01 -4.569692909717559814e-01 3.652004003524780273e-01
-6.158758997917175293e-01 -4.632822573184967041e-01 -3.323168456554412842e-01 4.309099018573760986e-01 -6.262580752372741699e-01 -9.122356772422790527e-02 -1.087458014488220215e+00 -1.999990046024322510e-01 -1.510244011878967285e+00 -1.392871141433715820e-02
-5.764538645744323730e-01 3.193469941616058350e-01 3.522442281246185303e-01 5.300887227058410645e-01 -1.313573360443115234e+00 -2.807208895683288574e-02 6.605297327041625977e-02 -1.110405445098876953e+00 -1.649582237005233765e-01 -3.280514478683471680e-01
-7.341992855072021484e-01 -1.470081567764282227e+00 -4.194626808166503906e-01 5.053693652153015137e-01 1.955045610666275024e-01 -1.855174452066421509e-01 -3.570348024368286133e-01 8.238385915756225586e-01 -8.804300427436828613e-02 -1.166522979736328125e+00
-2.939184308052062988e-01 4.557284712791442871e-02 -1.468477249145507812e+00 -1.764338612556457520e-01 2.761188745498657227e-01 4.398697912693023682e-01 -6.368052363395690918e-01 2.226009070873260498e-01 2.876718342304229736e-01 -3.859238028526306152e-01
-1.159704178571701050e-01 -4.794165194034576416e-01 4.647803306579589844e-01 -9.294670224189758301e-01 -5.086816847324371338e-02 3.105215728282928467e-01 6.675180792808532715e-01 7.297027111053466797e-01 3.334938883781433105e-01 -2.197861075401306152e-01
-4.460913836956024170e-01 -1.679178178310394287e-01 3.064396679401397705e-01 2.341804355382919312e-01 -8.265124559402465820e-01 1.271019577980041504e-01 -4.850394427776336670e-01 -4.392902553081512451e-02 -5.285122245550155640e-02 -8.779583871364593506e-02
5.506639480590820312e-01 4.627863168716430664e-01 -2.399495095014572144e-01 1.081746667623519897e-01 -8.010098338127136230e-01 2.537257671356201172e-01 -7.563047409057617188e-01 8.412992358207702637e-01 -1.709940791130065918e+00 -8.761186599731445312e-01
6.016638278961181641e-01 1.554847806692123413e-01 7.858548760414123535e-01 1.025274619460105896e-01 -1.239985674619674683e-01 -1.264446616172790527e+00 -6.910219788551330566e-02 1.105945557355880737e-01 -2.450276613235473633e-01 -1.677243709564208984e-01
3.506506979465484619e-01 3.889569640159606934e-01 -3.270943649113178253e-03 4.933193325996398926e-01 -1.384705543518066406e+00 2.419938594102859497e-01 6.126550436019897461e-01 -5.958467721939086914e-01 -7.844699025154113770e-01 6.219431757926940918e-01
-7.941247224807739258e-01 -5.492414832115173340e-01 -7.186923921108245850e-02 -2.397048324346542358e-01 -5.856426954269409180e-01 7.163442969322204590e-01 -5.032154917716979980e-01 1.996997892856597900e-01 4.969996809959411621e-01 -2.513780891895294189e-01
-9.911589622497558594e-01 -1.389644593000411987e-01 6.591688990592956543e-01 -7.677745223045349121e-01 -1.131343603134155273e+00 7.892348766326904297e-01 -1.353482604026794434e+00 -5.530924797058105469e-01 5.455860495567321777e-01 8.879856467247009277e-01
5.540629029273986816e-01 -4.465519785881042480e-01 -9.817406535148620605e-01 7.830054759979248047e-01 -2.443897724151611328e+00 4.516423046588897705e-01 -1.382468223571777344e+00 7.392982840538024902e-01 -4.209902882575988770e-01 -1.094226688146591187e-01
8.717994391918182373e-02 -3.543292582035064697e-01 -7.875959575176239014e-02 -1.800931543111801147e-01 -3.639577627182006836e-01 9.582436084747314453e-01 3.946837186813354492e-01 -2.479238808155059814e-02 -1.605687439441680908e-01 -5.971578359603881836e-01
2.038875520229339600e-01 -6.676877140998840332e-01 8.776926994323730469e-01 -1.645158171653747559e+00 1.340282261371612549e-01 -1.303422927856445312e+00 5.785689949989318848e-01 -3.819397687911987305e-01 -4.391133785247802734e-02 -4.873710572719573975e-01
-9.789257049560546875e-01 -3.242975771427154541e-01 -6.412950158119201660e-02 2.829960882663726807e-01 -3.974586259573698044e-03 -3.323247134685516357e-01 -1.429316401481628418e-01 -8.350160717964172363e-02 -7.711302638053894043e-01 -5.926311612129211426e-01
1.581911891698837280e-01 -6.235153675079345703e-01 -2.318813353776931763e-01 7.361463308334350586e-01 8.539413809776306152e-01 2.726816236972808838e-01 -1.503157615661621094e-01 -1.765554770827293396e-02 1.153623819351196289e+00 -1.579521417617797852e+00
5.675179362297058105e-01 -9.067720770835876465e-01 6.298363208770751953e-01 -7.095485925674438477e-01 -3.894434124231338501e-02 -2.993887662887573242e-02 -2.406600564718246460e-01 3.134886175394058228e-02 -9.933044910430908203e-01 -3.811393082141876221e-01
-4.441078603267669678e-01 -2.601720988750457764e-01 -6.810932159423828125e-01 5.673802495002746582e-01 -9.701716899871826172e-01 -6.946325898170471191e-01 1.335399299860000610e-01 -3.113596141338348389e-01 8.330901861190795898e-01 -8.594278991222381592e-02
-2.402716428041458130e-01 -1.635810494422912598e+00 8.526688814163208008e-02 -7.593165636062622070e-01 -4.120132923126220703e-01 3.780534863471984863e-01 -1.633601337671279907e-01 1.974574029445648193e-01 3.450892567634582520e-01 -4.922268986701965332e-01
-1.674459129571914673e-01 3.283445537090301514e-01 -5.504365265369415283e-02 -1.007159709930419922e+00 6.236927956342697144e-02 6.732296943664550781e-01 4.510310292243957520e-02 -6.825986504554748535e-01 7.372923493385314941e-01 6.720578670501708984e-01
-1.125769168138504028e-01 1.198404192924499512e+00 2.586587369441986084e-01 -6.995394825935363770e-01 2.227791845798492432e-01 -1.143721938133239746e+00 8.550142496824264526e-02 1.591473072767257690e-01 -5.800777077674865723e-01 -3.926070034503936768e-01
6.817094087600708008e-01 3.945368826389312744e-01 -9.803782701492309570e-01 -9.509552717208862305e-01 -3.148165643215179443e-01 9.713039398193359375e-01 8.243527412414550781e-01 -1.369982361793518066e-01 6.207160651683807373e-02 7.281939387321472168e-01
3.799218535423278809e-01 5.998890399932861328e-01 1.851288229227066040e-01 -9.591400623321533203e-01 -7.539227008819580078e-01 -5.404015779495239258e-01 -3.969326615333557129e-01 -2.384728342294692993e-01 -1.177393794059753418e+00 -6.513740420341491699e-01
-4.413869082927703857e-01 2.519351541996002197e-01 -2.627829909324645996e-01 -7.277652025222778320e-01 -9.525573253631591797e-01 7.700866553932428360e-03 -3.263393938541412354e-01 -4.708063602447509766e-01 -5.723772048950195312e-01 7.640302777290344238e-01
5.763338804244995117e-01 4.630497097969055176e-01 4.578141868114471436e-01 -4.993517994880676270e-01 8.623917400836944580e-02 6.380473375320434570e-01 -1.729382425546646118e-01 -5.432186126708984375e-01 -6.652112007141113281e-01 1.363122344017028809e+00
3.004508018493652344e-01 -2.339818626642227173e-01 5.464216470718383789e-01 6.152921915054321289e-01 -1.102954268455505371e+00 -7.514436244964599609e-01 -3.736120089888572693e-02 -1.185565233230590820e+00 -5.503425598144531250e-01 1.714247345924377441e+00
-9.141862392425537109e-02 5.068807676434516907e-02 1.462004035711288452e-01 4.219505190849304199e-01 -4.525985121726989746e-01 1.334771327674388885e-02 -7.193361222743988037e-02 -7.583253085613250732e-02 -8.020333051681518555e-01 1.005276367068290710e-01
-9.357033967971801758e-01 2.697425186634063721e-01 5.843375325202941895e-01 6.375344395637512207e-01 1.617861390113830566e-01 -4.262830317020416260e-02 4.126780629158020020e-01 -1.123976826667785645e+00 8.628402650356292725e-02 1.981100440025329590e-02
4.193356633186340332e-02 -2.098615616559982300e-01 -2.403664737939834595e-01 -5.590149760246276855e-01 3.486897051334381104e-01 -2.968048155307769775e-01 5.438674688339233398e-01 6.612955033779144287e-02 -8.289674520492553711e-01 -4.663355052471160889e-01
-3.316766321659088135e-01 -2.313517183065414429e-01 -6.600856781005859375e-01 -1.413885474205017090e+00 1.739956140518188477e-01 -9.974769353866577148e-01 7.092150449752807617e-01 -4.910451769828796387e-01 3.509979546070098877e-01 7.842885255813598633e-01
-1.429938375949859619e-01 -1.502441167831420898e+00 1.181598424911499023e+00 -2.362445592880249023e-01 2.438293099403381348e-01 -1.410606741905212402e+00 -1.604018062353134155e-01 2.432749271392822266e-01 -1.487019300460815430e+00 3.915654122829437256e-02
2.910541296005249023e-01 1.377542018890380859e-01 -6.908251047134399414e-01 1.603007465600967407e-01 7.505701482295989990e-02 -2.670393586158752441e-01 -1.174876093864440918e+00 -3.977152109146118164e-01 -6.449587941169738770e-01 1.199882626533508301e-01
-6.946454644203186035e-01 -2.209633290767669678e-01 -1.992445811629295349e-02 -2.704730629920959473e-01 1.046566128730773926e+00 -6.032981276512145996e-01 4.135756492614746094e-01 4.098072052001953125e-01 -8.140816092491149902e-01 6.882987618446350098e-01
-1.656248807907104492e+00 -5.411474704742431641e-01 -7.150623798370361328e-01 -9.154942631721496582e-01 -2.019611448049545288e-01 -1.013199925422668457e+00 -3.248791098594665527e-01 1.379409074783325195e+00 6.859409213066101074e-01 2.737035751342773438e-01
-2.583964169025421143e-02 -3.016892075538635254e-01 -1.002583280205726624e-02 -3.681804239749908447e-01 -4.657090008258819580e-01 1.004704274237155914e-02 3.996985256671905518e-01 5.684551596641540527e-01 -7.630766630172729492e-01 -4.706692695617675781e-02
2.293702661991119385e-01 -1.125579714775085449e+00 6.185588240623474121e-01 5.793152451515197754e-01 3.959727883338928223e-01 9.520394802093505859e-01 -4.641860127449035645e-01 3.905009925365447998e-01 -2.682458460330963135e-01 3.399485349655151367e-02
-7.588315010070800781e-01 4.367895424365997314e-02 -1.191134691238403320e+00 9.240919947624206543e-01 6.931694149971008301e-01 -7.267205715179443359e-01 5.261970758438110352e-01 -9.142022132873535156e-01 4.432753324508666992e-01 -6.236366033554077148e-01
-2.024741917848587036e-01 1.038324356079101562e+00 -1.837304532527923584e-01 -5.129359364509582520e-01 -4.651015400886535645e-01 -2.648524567484855652e-02 2.000278234481811523e-01 -2.877594232559204102e-01 5.819457769393920898e-01 6.256707906723022461e-01
9.504187703132629395e-01 2.581727802753448486e-01 1.730511635541915894e-01 -3.309761881828308105e-01 -4.665122330188751221e-01 3.532725945115089417e-02 -7.679155468940734863e-01 4.720837473869323730e-01 2.257406860589981079e-01 2.229256927967071533e-01
1.880928725004196167e-01 -1.762917280197143555e+00 1.021518230438232422e+00 -5.768103003501892090e-01 -1.022288441658020020e+00 6.496268510818481445e-01 -2.523992657661437988e-01 -5.196762084960937500e-01 1.403641104698181152e+00 9.478986859321594238e-01
-2.558116018772125244e-01 -9.044522047042846680e-02 1.265478879213333130e-01 5.948244333267211914e-01 1.634419336915016174e-02 5.089622735977172852e-01 -1.873160481452941895e+00 -1.320039033889770508e+00 -1.079012900590896606e-01 7.989903092384338379e-01
-2.642832696437835693e-01 7.676060795783996582e-01 -1.506456375122070312e+00 1.915913075208663940e-02 6.203815937042236328e-01 1.592481322586536407e-02 3.211310505867004395e-01 -9.031355381011962891e-02 -8.924494981765747070e-01 -1.709388196468353271e-02
-1.374129891395568848e+00 -2.497798353433609009e-01 6.485558748245239258e-01 3.642005324363708496e-01 -3.989448249340057373e-01 -8.850127458572387695e-01 4.557422101497650146e-01 -2.602151036262512207e-01 1.377514362335205078e+00 -4.872879385948181152e-01
1.066253185272216797e-01 -9.514341950416564941e-01 7.600590586662292480e-02 -8.523472547531127930e-01 1.161090731620788574e+00 4.720114171504974365e-02 -9.588314294815063477e-01 1.447878956794738770e+00 -1.037577390670776367e+00 -9.954607486724853516e-01
5.691345334053039551e-01 2.466003745794296265e-01 3.332382440567016602e-01 -3.823472559452056885e-01 7.726356387138366699e-01 -9.759113192558288574e-01 2.905438244342803955e-01 -1.302152574062347412e-01 8.558811247348785400e-02 -1.216111183166503906e+00
3.623941540718078613e-01 3.400391638278961182e-01 -2.498152017593383789e+00 9.965435266494750977e-01 -6.226712465286254883e-01 2.288841307163238525e-01 6.879481077194213867e-01 9.233832359313964844e-01 4.072473943233489990e-01 8.881083130836486816e-02
-4.318925738334655762e-02 -3.283553719520568848e-01 -1.500948518514633179e-02 2.346533536911010742e-01 1.106859803199768066e+00 3.683017101138830185e-03 -5.480670928955078125e-01 -1.460427790880203247e-01 1.583147346973419189e-01 -8.979732990264892578e-01
2.054827511310577393e-01 -7.627433538436889648e-01 -4.043548405170440674e-01 -1.527492403984069824e+00 9.583002328872680664e-02 1.689340770244598389e-01 2.347705364227294922e-01 -5.219023227691650391e-01 1.882603913545608521e-01 1.200532197952270508e+00
-3.258475661277770996e-02 -1.656229794025421143e-01 6.493350267410278320e-01 -1.139389276504516602e-01 -1.226967096328735352e+00 4.210368692874908447e-01 -1.035884022712707520e-01 -1.134034037590026855e+00 2.443173527717590332e-01 1.129629135131835938e+00
-1.614281237125396729e-01 -1.243661157786846161e-03 -5.914032459259033203e-02 -7.100152373313903809e-01 6.930382251739501953e-01 3.368979394435882568e-01 6.732496619224548340e-01 -6.927455663681030273e-01 -9.630255699157714844e-01 -1.352037191390991211e+00
2.414151877164840698e-01 -2.089690715074539185e-01 -1.394180208444595337e-01 1.217674612998962402e+00 3.408468365669250488e-01 -2.237112075090408325e-01 -7.964864373207092285e-01 2.898754179477691650e-01 -1.189622879028320312e+00 -2.631091773509979248e-01
-2.602237462997436523e-01 -5.781607627868652344e-01 3.189896792173385620e-02 2.986894249916076660e-01 -1.097918987274169922e+00 2.321889251470565796e-01 5.706010460853576660e-01 -6.368170678615570068e-02 -8.196784853935241699e-01 2.605922222137451172e-01
-1.939999818801879883e+00 -2.816440761089324951e-01 -3.821012675762176514e-01 9.485263824462890625e-01 -4.419102668762207031e-01 9.514231681823730469e-01 -2.750225737690925598e-02 3.438012897968292236e-01 2.457627654075622559e-01 -1.285788118839263916e-01
-1.748649120330810547e+00 4.642475545406341553e-01 -1.119951844215393066e+00 -8.047284185886383057e-02 -3.215084671974182129e-01 1.727176904678344727e+00 1.624466657638549805e+00 1.658961772918701172e-01 -1.632382035255432129e+00 -8.851358294486999512e-01
-7.558425068855285645e-01 -6.464667152613401413e-03 -3.602494597434997559e-01 9.516508877277374268e-02 -3.428806364536285400e-01 -4.550771117210388184e-01 -2.497047632932662964e-01 7.264308929443359375e-01 -8.581141233444213867e-01 -5.046772956848144531e-01
5.408136248588562012e-01 3.028946220874786377e-01 2.998745441436767578e-01 -9.859415888786315918e-02 9.736078232526779175e-02 -9.659713506698608398e-01 -1.005792915821075439e-01 7.318499684333801270e-02 -2.711333274841308594e+00 -6.577161550521850586e-01
3.853252828121185303e-01 -6.768667101860046387e-01 1.703372746706008911e-01 1.900926977396011353e-01 -7.797569036483764648e-02 -1.178354740142822266e+00 -4.648645222187042236e-02 2.845800817012786865e-01 6.171540021896362305e-01 -1.692284941673278809e-01
4.476070106029510498e-01 -8.222324252128601074e-01 -6.392072439193725586e-01 2.011335939168930054e-01 2.206918001174926758e-01 8.937581777572631836e-01 1.116510748863220215e+00 -1.324766516685485840e+00 -1.007640957832336426e+00 1.707347631454467773e+00
4.968734085559844971e-02 1.065823286771774292e-01 6.874737143516540527e-01 -2.016265094280242920e-01 -3.697190582752227783e-01 4.613129198551177979e-01 -6.257693171501159668e-01 -5.161680579185485840e-01 -6.348690390586853027e-01 1.587243378162384033e-01
-4.506308436393737793e-01 5.290178954601287842e-02 -1.277970910072326660e+00 6.939003467559814453e-01 -3.939606845378875732e-01 3.788070976734161377e-01 -5.998986959457397461e-02 -7.188553214073181152e-01 6.933532953262329102e-01 1.446903824806213379e+00
-1.129452705383300781e+00 -2.594275400042533875e-02 -1.006778359413146973e+00 -1.475512385368347168e+00 7.264602780342102051e-01 2.438431501388549805e+00 2.237248569726943970e-01 3.128522038459777832e-01 -9.596556425094604492e-01 -1.467650681734085083e-01
-5.014712214469909668e-01 -2.227405607700347900e-01 7.004895806312561035e-01 -2.512357942759990692e-02 -7.590824961662292480e-01 -2.711371779441833496e-01 -2.542441487312316895e-01 1.016950130462646484e+00 1.968003511428833008e-01 -7.946874499320983887e-01
1.252221941947937012e+00 -1.088698729872703552e-01 -9.321882128715515137e-01 -8.446936011314392090e-01 -1.358719617128372192e-01 -2.700128555297851562e-01 1.413055062294006348e+00 9.632712602615356445e-02 1.528632342815399170e-01 9.288060665130615234e-01
-4.933769106864929199e-01 -6.765700578689575195e-01 4.896825551986694336e-01 4.608393609523773193e-01 -1.601827740669250488e+00 -3.364645540714263916e-01 -5.718594193458557129e-01 -2.351158261299133301e-01 9.119588136672973633e-02 1.123149275779724121e+00
-7.249148488044738770e-01 1.139228940010070801e-01 5.044145882129669189e-02 -5.766897201538085938e-01 -1.876529306173324585e-01 2.677343487739562988e-01 3.437949120998382568e-01 -8.667390942573547363e-01 1.333682537078857422e-01 1.372193396091461182e-01
6.332936286926269531e-01 6.477320101112127304e-03 -7.516161203384399414e-01 1.082300692796707153e-01 8.115031123161315918e-01 -7.847572565078735352e-01 3.671450167894363403e-02 -5.874912738800048828e-01 8.709229230880737305e-01 -1.536443352699279785e+00
-1.258931607007980347e-01 -1.267683319747447968e-02 -2.657764554023742676e-01 7.464302182197570801e-01 -5.328498482704162598e-01 1.632864922285079956e-01 -4.247994422912597656e-01 -1.167997598648071289e+00 8.981187343597412109e-01 -2.331013232469558716e-01
9.073502421379089355e-01 3.228204548358917236e-01 -8.778364956378936768e-02 -4.061218798160552979e-01 -2.829354703426361084e-01 -2.339317649602890015e-01 -2.348587512969970703e-01 1.776913404464721680e-01 -1.654084622859954834e-01 -1.552965492010116577e-01
1.529961228370666504e+00 -9.665036201477050781e-01 1.557846307754516602e+00 1.164377182722091675e-01 -2.311330080032348633e+00 4.167099893093109131e-01 -1.009178042411804199e+00 7.086706757545471191e-01 9.067488908767700195e-01 -2.518584251403808594e+00
-1.559917479753494263e-01 -5.525033175945281982e-02 -1.273616254329681396e-01 1.390813291072845459e-02 7.310565114021301270e-01 -6.035014390945434570e-01 5.345712304115295410e-01 7.397612929344177246e-01 -1.557980895042419434e+00 -5.367404222488403320e-01
3.401387631893157959e-01 -1.108606234192848206e-01 6.533396840095520020e-01 -2.175095956772565842e-03 -2.680729329586029053e-01 3.178803324699401855e-01 -5.417156219482421875e-01 -1.053662776947021484e+00 -1.306271910667419434e+00 1.294218003749847412e-01
-1.678055822849273682e-01 -5.210343003273010254e-01 -5.963346958160400391e-01 7.342404127120971680e-01 -5.989344324916601181e-03 -1.725488305091857910e+00 3.080584481358528137e-02 3.228699564933776855e-01 8.949723839759826660e-01 9.834390878677368164e-01
1.091010332107543945e+00 -1.797387003898620605e-02 -9.362267255783081055e-01 3.290773034095764160e-01 -2.251849323511123657e-01 -2.831099331378936768e-01 -1.032980918884277344e+00 1.305301189422607422e+00 -1.189280867576599121e+00 -9.424086809158325195e-01
4.049010872840881348e-01 -4.413282871246337891e-01 -4.034240245819091797e-01 -9.446994960308074951e-02 -2.536998391151428223e-01 -8.700690269470214844e-01 -5.356933176517486572e-02 2.380843758583068848e-01 1.448889255523681641e+00 -1.210941553115844727e+00
-2.013023644685745239e-01 -5.376100540161132812e-01 -2.462993711233139038e-01 2.349133193492889404e-01 -8.457014560699462891e-01 -7.611014246940612793e-01 1.003060698509216309e+00 -3.066652715206146240e-01 1.084062904119491577e-01 1.621055483818054199e+00
1.042586714029312134e-01 5.959848761558532715e-01 7.838290929794311523e-01 -9.827065467834472656e-01 5.149750113487243652e-01 9.257558584213256836e-01 -1.023062348365783691e+00 7.016425728797912598e-01 -4.603870511054992676e-01 -9.041476249694824219e-02
-7.235208749771118164e-01 -9.774422049522399902e-01 9.916371107101440430e-02 -1.602003723382949829e-01 8.296501636505126953e-02 -6.837555170059204102e-01 -1.639300823211669922e+00 1.103599667549133301e+00 -3.758351206779479980e-01 5.541623830795288086e-01
5.735381841659545898e-01 -4.792664945125579834e-01 4.599665999412536621e-01 2.393631488084793091e-01 4.191093146800994873e-01 3.014319390058517456e-02 1.545731872320175171e-01 -5.456405878067016602e-01 -3.878975510597229004e-01 -1.635414212942123413e-01
-4.502879381179809570e-01 3.491261601448059082e-01 -2.747538089752197266e-01 -1.860499143600463867e+00 -1.268475055694580078e+00 -3.402493298053741455e-01 8.703520894050598145e-01 9.689364433288574219e-01 7.422127127647399902e-01 -3.909032344818115234e-01
1.210880994796752930e+00 1.793622225522994995e-01 -1.263169884681701660e+00 4.221374690532684326e-01 -2.567650377750396729e-02 6.363991647958755493e-02 -9.168279170989990234e-01 1.050759553909301758e-01 4.358839988708496094e-01 4.892684519290924072e-02
-4.585335552692413330e-01 -5.662277936935424805e-01 2.501015663146972656e-01 -4.552008211612701416e-02 -9.627634286880493164e-02 5.659477710723876953e-01 -4.072437062859535217e-03 -4.452416896820068359e-01 -7.144933938980102539e-01 1.832103729248046875e-01
6.483355760574340820e-01 4.356862008571624756e-01 1.119708791375160217e-01 -8.126705884933471680e-02 6.196191906929016113e-01 -8.404443860054016113e-01 -1.496713906526565552e-01 7.075790762901306152e-01 5.060511231422424316e-01 -7.675829529762268066e-01
