-2.419419772922992706e-02
-2.269048057496547699e-02
-2.432183176279067993e-02
-2.430242858827114105e-02
-2.382475137710571289e-02
-2.326864190399646759e-02
-2.458180300891399384e-02
-2.304945886135101318e-02
-2.296662516891956329e-02
-2.363248355686664581e-02
-2.497704699635505676e-02
-2.476295083761215210e-02
-2.396892942488193512e-02
-2.505072019994258881e-02
-2.648439072072505951e-02
-2.499133162200450897e-02
-2.443140745162963867e-02
-2.586515247821807861e-02
-2.252636291086673737e-02
-2.429973706603050232e-02
-2.371266111731529236e-02
-2.345642447471618652e-02
-2.401568740606307983e-02
-2.481694333255290985e-02
-2.564030140638351440e-02
-2.405244857072830200e-02
-2.372264303267002106e-02
-2.466310933232307434e-02
-2.456754259765148163e-02
-2.394446358084678650e-02
-2.453247085213661194e-02
-2.434858866035938263e-02
-2.465803176164627075e-02
-2.533728443086147308e-02
-2.479780651628971100e-02
-2.647833339869976044e-02
-2.429620549082756042e-02
-2.525692619383335114e-02
-2.528257295489311218e-02
-2.473661303520202637e-02
-2.283778786659240723e-02
-2.305606566369533539e-02
-2.261351794004440308e-02
-2.337384410202503204e-02
-2.065556682646274567e-02
-2.025473117828369141e-02
-2.099876850843429565e-02
-2.195162884891033173e-02
-2.366921305656433105e-02
-2.525080367922782898e-02
-2.429468184709548950e-02
-2.351879514753818512e-02
-2.272257208824157715e-02
-2.456454187631607056e-02
-2.468256466090679169e-02
-2.378326654434204102e-02
-2.345796301960945129e-02
-2.352581918239593506e-02
-2.422436699271202087e-02
-2.442409843206405640e-02
-2.385635673999786377e-02
-2.432556077837944031e-02
-2.784704416990280151e-02
-2.710537239909172058e-02
-2.838240191340446472e-02
-2.494631148874759674e-02
-2.686553634703159332e-02
-3.344606235623359680e-02
-3.809351101517677307e-02
-3.657018765807151794e-02
-3.652193024754524231e-02
-3.570711612701416016e-02
-3.600535914301872253e-02
-3.870544210076332092e-02
-3.836457803845405579e-02
-3.227549046277999878e-02
-2.484336309134960175e-02
-2.298364974558353424e-02
-2.435881830751895905e-02
-2.391500957310199738e-02
-2.394060231745243073e-02
-2.590574510395526886e-02
-2.465194091200828552e-02
-2.658388763666152954e-02
-2.364500984549522400e-02
-2.392764016985893250e-02
-2.350934222340583801e-02
-2.468074113130569458e-02
-2.625668980181217194e-02
-3.081204369664192200e-02
-2.792253345251083374e-02
-2.491874061524868011e-02
-3.040990605950355530e-02
-3.826710581779479980e-02
-4.541131854057312012e-02
-5.073331296443939209e-02
-4.961432144045829773e-02
-5.407472699880599976e-02
-4.833100363612174988e-02
-4.528867825865745544e-02
-4.778341203927993774e-02
-4.820553213357925415e-02
-5.105714872479438782e-02
-4.927409067749977112e-02
-4.529765248298645020e-02
-4.125973954796791077e-02
-3.354914486408233643e-02
-2.566013112664222717e-02
-2.233904227614402771e-02
-2.493924088776111603e-02
-2.542054653167724609e-02
-2.340847440063953400e-02
-2.545941248536109924e-02
-2.517975121736526489e-02
-2.606325782835483551e-02
-2.548233792185783386e-02
-2.803093008697032928e-02
-2.719830162823200226e-02
-2.980750426650047302e-02
-4.159542545676231384e-02
-5.307398363947868347e-02
-6.744611263275146484e-02
-7.140833139419555664e-02
-8.248931914567947388e-02
-8.065578341484069824e-02
-8.454672992229461670e-02
-7.423255592584609985e-02
-7.229822874069213867e-02
-7.496244460344314575e-02
-7.181966304779052734e-02
-6.914997100830078125e-02
-7.050043344497680664e-02
-7.912892103195190430e-02
-6.859558820724487305e-02
-5.436784774065017700e-02
-4.108352214097976685e-02
-2.432231232523918152e-02
-2.090151235461235046e-02
-2.440953068435192108e-02
-2.437336742877960205e-02
-2.489032037556171417e-02
-2.479484304785728455e-02
-2.564489655196666718e-02
-2.641154080629348755e-02
-2.969799749553203583e-02
-3.629352897405624390e-02
-4.616385325789451599e-02
-5.974819883704185486e-02
-6.726256757974624634e-02
-7.781206071376800537e-02
-8.310756087303161621e-02
-6.535539776086807251e-02
-5.839102715253829956e-02
-4.248326271772384644e-02
-2.287949621677398682e-02
-2.663771435618400574e-02
-1.545698381960391998e-02
-2.629970200359821320e-02
-3.956916183233261108e-02
-5.797056481242179871e-02
-7.567290216684341431e-02
-7.750935852527618408e-02
-6.444271653890609741e-02
-4.388345777988433838e-02
-3.377580270171165466e-02
-2.265129052102565765e-02
-2.182264998555183411e-02
-2.399609610438346863e-02
-2.304406277835369110e-02
-2.367625758051872253e-02
-2.724635787308216095e-02
-2.611439861357212067e-02
-3.531665354967117310e-02
-5.254215374588966370e-02
-6.301429122686386108e-02
-7.313926517963409424e-02
-8.190405368804931641e-02
-7.119406014680862427e-02
-5.909162014722824097e-02
-4.479720443487167358e-02
-4.269516468048095703e-02
-2.801069431006908417e-02
-1.237389817833900452e-02
-1.433536689728498459e-02
-2.300364896655082703e-02
-1.967553980648517609e-02
-3.376616165041923523e-02
-5.808676034212112427e-02
-8.182425796985626221e-02
-1.022147685289382935e-01
-8.208064734935760498e-02
-6.521828472614288330e-02
-4.086119309067726135e-02
-2.797394804656505585e-02
-2.189538441598415375e-02
-2.514950372278690338e-02
-2.345997467637062073e-02
-2.606967650353908539e-02
-2.463290281593799591e-02
-2.814820036292076111e-02
-4.198073968291282654e-02
-5.753365904092788696e-02
-7.345533370971679688e-02
-9.299398213624954224e-02
-8.429792523384094238e-02
-6.299770623445510864e-02
-4.807007685303688049e-02
-3.184819221496582031e-02
-1.510016713291406631e-02
-1.895292662084102631e-02
-1.561344973742961884e-02
-9.176571853458881378e-03
-1.296541746705770493e-02
-1.377194654196500778e-02
-1.967588625848293304e-02
-4.248772189021110535e-02
-5.767717584967613220e-02
-7.588259875774383545e-02
-7.474151253700256348e-02
-6.837178021669387817e-02
-4.473834857344627380e-02
-3.022081777453422546e-02
-1.973039470613002777e-02
-2.523789368569850922e-02
-2.475223690271377563e-02
-2.570713125169277191e-02
-2.445571124553680420e-02
-2.917332760989665985e-02
-4.372561722993850708e-02
-6.415899097919464111e-02
-7.902551442384719849e-02
-8.563505113124847412e-02
-6.800388544797897339e-02
-4.870945960283279419e-02
-2.795550227165222168e-02
-1.519245933741331100e-02
-8.267072029411792755e-03
-6.640848238021135330e-03
-2.141123451292514801e-02
-2.598294056951999664e-02
-6.758420728147029877e-03
-1.816400885581970215e-02
-1.638334430754184723e-02
-2.907380461692810059e-02
-4.884973540902137756e-02
-6.322869658470153809e-02
-6.461334973573684692e-02
-6.714291125535964966e-02
-4.632923379540443420e-02
-3.182584047317504883e-02
-2.195449173450469971e-02
-2.700007706880569458e-02
-2.319568581879138947e-02
-2.426667511463165283e-02
-2.607385441660881042e-02
-3.256972134113311768e-02
-4.351765662431716919e-02
-5.752130225300788879e-02
-8.298109471797943115e-02
-8.021074533462524414e-02
-6.719712167978286743e-02
-3.132726997137069702e-02
-1.868947222828865051e-02
-1.656126417219638824e-02
-1.236202102154493332e-02
-2.073236927390098572e-02
-2.158784307539463043e-02
-1.847004704177379608e-02
-1.845307089388370514e-02
-6.095434073358774185e-03
-9.918947704136371613e-03
-2.317123860120773315e-02
-4.512351751327514648e-02
-5.702839419245719910e-02
-5.860879644751548767e-02
-5.866892635822296143e-02
-4.650402069091796875e-02
-3.205770626664161682e-02
-2.197084762156009674e-02
-2.532707527279853821e-02
-2.387035079300403595e-02
-2.288003638386726379e-02
-2.578328549861907959e-02
-3.300748020410537720e-02
-3.943698108196258545e-02
-6.000092998147010803e-02
-8.572449535131454468e-02
-8.766028285026550293e-02
-6.900123506784439087e-02
-2.944608591496944427e-02
-6.201127078384160995e-03
-6.580364424735307693e-03
-1.524216122925281525e-02
-3.507326915860176086e-02
-2.458381280303001404e-02
-1.164289936423301697e-02
-1.338743139058351517e-02
-1.001031603664159775e-02
-2.468943223357200623e-02
-3.128730878233909607e-02
-4.627938941121101379e-02
-4.906363040208816528e-02
-5.439576134085655212e-02
-5.354112014174461365e-02
-4.726117849349975586e-02
-3.067531622946262360e-02
-1.953733339905738831e-02
-2.459555864334106445e-02
-2.513891085982322693e-02
-2.429165132343769073e-02
-2.489166706800460815e-02
-3.164739161729812622e-02
-4.146095365285873413e-02
-6.976759433746337891e-02
-8.723060786724090576e-02
-9.419602900743484497e-02
-7.548648118972778320e-02
-5.044749751687049866e-02
-1.687939278781414032e-02
-1.115712523460388184e-02
-2.522003278136253357e-02
-2.567580714821815491e-02
-1.700256951153278351e-02
-1.315709389746189117e-02
-1.191201899200677872e-02
-2.813460305333137512e-02
-2.652501314878463745e-02
-3.565143793821334839e-02
-4.484416544437408447e-02
-5.524653941392898560e-02
-5.435001850128173828e-02
-5.130298808217048645e-02
-4.954117909073829651e-02
-2.560894377529621124e-02
-2.028672210872173309e-02
-2.589778229594230652e-02
-2.258083783090114594e-02
-2.426801994442939758e-02
-2.651015110313892365e-02
-3.114865347743034363e-02
-4.561323300004005432e-02
-7.336439192295074463e-02
-8.973878622055053711e-02
-1.033746078610420227e-01
-9.351437538862228394e-02
-5.522607266902923584e-02
-2.365340478718280792e-02
-1.593802310526371002e-02
-2.055796235799789429e-02
-1.551501080393791199e-02
-1.734543219208717346e-02
-1.375743094831705093e-02
-1.452039647847414017e-02
-1.885081455111503601e-02
-3.433283045887947083e-02
-3.753004968166351318e-02
-4.872898757457733154e-02
-5.959047004580497742e-02
-6.490604579448699951e-02
-6.348751485347747803e-02
-4.617280513048171997e-02
-2.001085877418518066e-02
-2.241189777851104736e-02
-2.568234875798225403e-02
-2.456408925354480743e-02
-2.609081752598285675e-02
-2.537698112428188324e-02
-3.250517323613166809e-02
-4.577290639281272888e-02
-7.326618582010269165e-02
-9.436832368373870850e-02
-1.066229715943336487e-01
-9.674181789159774780e-02
-5.960478261113166809e-02
-2.966346964240074158e-02
-2.071731537580490112e-02
-1.431978959590196609e-02
-1.544287428259849548e-02
-1.004776544868946075e-02
-2.221366763114929199e-02
-3.679660335183143616e-02
-3.718730434775352478e-02
-3.027759864926338196e-02
-4.381771013140678406e-02
-6.283436715602874756e-02
-6.246393918991088867e-02
-7.119306921958923340e-02
-7.083696871995925903e-02
-4.637453332543373108e-02
-2.511333487927913666e-02
-1.905798725783824921e-02
-2.382075227797031403e-02
-2.405806444585323334e-02
-2.559990249574184418e-02
-2.835373207926750183e-02
-3.174460306763648987e-02
-4.372543469071388245e-02
-7.626864314079284668e-02
-9.539126604795455933e-02
-1.201597675681114197e-01
-9.921291470527648926e-02
-5.219531804323196411e-02
-3.080354444682598114e-02
-2.888882718980312347e-02
-2.663547545671463013e-02
-2.462731674313545227e-02
-2.547486871480941772e-02
-3.316655009984970093e-02
-1.826776191592216492e-02
-3.149205446243286133e-02
-3.844356909394264221e-02
-4.824062436819076538e-02
-6.770616769790649414e-02
-7.059853523969650269e-02
-7.699240744113922119e-02
-7.233507931232452393e-02
-5.264822766184806824e-02
-2.519448101520538330e-02
-2.104512602090835571e-02
-2.351549081504344940e-02
-2.441853284835815430e-02
-2.493171393871307373e-02
-2.674015238881111145e-02
-2.826726809144020081e-02
-4.590873792767524719e-02
-8.158703148365020752e-02
-9.862625598907470703e-02
-1.106311380863189697e-01
-8.699390292167663574e-02
-4.682768881320953369e-02
-2.299495413899421692e-02
-1.895642094314098358e-02
-2.989835478365421295e-02
-2.728483080863952637e-02
-2.038922905921936035e-02
-2.122827805578708649e-02
-1.923323608934879303e-02
-1.788236573338508606e-02
-3.324950858950614929e-02
-5.757318437099456787e-02
-7.036774605512619019e-02
-7.152771949768066406e-02
-8.441122621297836304e-02
-8.101535588502883911e-02
-5.263851583003997803e-02
-2.484802901744842529e-02
-2.139655873179435730e-02
-2.479154430329799652e-02
-2.416255325078964233e-02
-2.551191672682762146e-02
-2.430936321616172791e-02
-2.975305356085300446e-02
-5.294212326407432556e-02
-8.610249310731887817e-02
-1.048303544521331787e-01
-9.863637387752532959e-02
-7.737833261489868164e-02
-5.452143028378486633e-02
-3.452836722135543823e-02
-2.202297747135162354e-02
-1.842022500932216644e-02
-1.751408167183399200e-02
-1.252775453031063080e-02
-6.165079306811094284e-03
-1.430637482553720474e-02
-2.012705616652965546e-02
-3.378515690565109253e-02
-6.322113424539566040e-02
-7.968091964721679688e-02
-7.858616858720779419e-02
-8.003852516412734985e-02
-8.032662421464920044e-02
-5.599165335297584534e-02
-2.806144952774047852e-02
-2.117781527340412140e-02
-2.319335937500000000e-02
-2.498361468315124512e-02
-2.495476417243480682e-02
-2.338667958974838257e-02
-3.263127431273460388e-02
-6.000663712620735168e-02
-9.315643459558486938e-02
-1.051283702254295349e-01
-8.657949417829513550e-02
-5.984603241086006165e-02
-4.257852211594581604e-02
-3.720089048147201538e-02
-2.545309439301490784e-02
-6.322222761809825897e-03
-5.829928442835807800e-03
-9.394717402756214142e-03
-1.843407750129699707e-02
-1.706694811582565308e-02
-1.261875405907630920e-02
-4.333964735269546509e-02
-6.096759811043739319e-02
-7.362148165702819824e-02
-7.797665894031524658e-02
-8.528054505586624146e-02
-8.062256127595901489e-02
-5.761280655860900879e-02
-3.439976274967193604e-02
-2.183255925774574280e-02
-2.340288646519184113e-02
-2.535878121852874756e-02
-2.380913868546485901e-02
-2.485438436269760132e-02
-3.611132875084877014e-02
-6.533598154783248901e-02
-9.616698324680328369e-02
-9.415530413389205933e-02
-7.584904134273529053e-02
-6.009167060256004333e-02
-3.971444815397262573e-02
-3.915680572390556335e-02
-2.933016233146190643e-02
-1.307492796331644058e-02
-5.895619280636310577e-03
-2.838002704083919525e-02
-2.291000261902809143e-02
-1.425417140126228333e-02
-1.797128468751907349e-02
-3.176376968622207642e-02
-6.313164532184600830e-02
-7.604327797889709473e-02
-8.233329653739929199e-02
-9.089627116918563843e-02
-8.223836869001388550e-02
-5.575772002339363098e-02
-3.496104478836059570e-02
-2.212834917008876801e-02
-2.438510954380035400e-02
-2.448788098990917206e-02
-2.356377430260181427e-02
-2.580470032989978790e-02
-4.388472437858581543e-02
-7.090518623590469360e-02
-1.021056622266769409e-01
-8.852490782737731934e-02
-7.590658962726593018e-02
-5.412078648805618286e-02
-4.070013761520385742e-02
-3.819184005260467529e-02
-2.422954887151718140e-02
-2.345183491706848145e-02
-2.703800424933433533e-02
-3.456857055425643921e-02
-2.726902253925800323e-02
-2.038445509970188141e-02
-1.902260258793830872e-02
-3.727200627326965332e-02
-7.076384127140045166e-02
-8.310329169034957886e-02
-8.227804303169250488e-02
-8.628845959901809692e-02
-7.294627279043197632e-02
-4.987523704767227173e-02
-3.547320142388343811e-02
-2.254158258438110352e-02
-2.545930072665214539e-02
-2.460719086229801178e-02
-2.478076145052909851e-02
-2.506756223738193512e-02
-4.062514379620552063e-02
-6.411890685558319092e-02
-8.924119919538497925e-02
-9.904210269451141357e-02
-8.235052227973937988e-02
-6.410929560661315918e-02
-4.793876037001609802e-02
-2.721881866455078125e-02
-2.047778107225894928e-02
-1.264304108917713165e-02
-2.744576521217823029e-02
-2.713393978774547577e-02
-3.198739886283874512e-02
-3.033089265227317810e-02
-3.593054413795471191e-02
-4.493483901023864746e-02
-7.137933373451232910e-02
-8.188693970441818237e-02
-8.386781066656112671e-02
-6.806656718254089355e-02
-5.284704267978668213e-02
-4.377649724483489990e-02
-2.991549670696258545e-02
-2.379853278398513794e-02
-2.435491234064102173e-02
-2.480267919600009918e-02
-2.535065263509750366e-02
-2.469759248197078705e-02
-3.901465237140655518e-02
-6.048776581883430481e-02
-7.248377054929733276e-02
-9.650572389364242554e-02
-8.958905190229415894e-02
-6.061680614948272705e-02
-3.620838746428489685e-02
-2.466738410294055939e-02
-1.013971585780382156e-02
-2.035428024828433990e-02
-3.088038787245750427e-02
-2.661915495991706848e-02
-2.377725578844547272e-02
-3.133243322372436523e-02
-3.109314478933811188e-02
-4.687878116965293884e-02
-7.423692941665649414e-02
-8.453871309757232666e-02
-7.705138623714447021e-02
-5.544904246926307678e-02
-4.651551693677902222e-02
-3.594215586781501770e-02
-2.590283751487731934e-02
-2.551169320940971375e-02
-2.410774864256381989e-02
-2.436963841319084167e-02
-2.559900470077991486e-02
-2.457274496555328369e-02
-3.303202614188194275e-02
-4.988916590809822083e-02
-5.646184831857681274e-02
-8.214519172906875610e-02
-7.515846192836761475e-02
-5.063191801309585571e-02
-3.284816816449165344e-02
-2.159224078059196472e-02
-2.524939738214015961e-02
-2.643914893269538879e-02
-2.208849601447582245e-02
-2.085094153881072998e-02
-1.687915250658988953e-02
-2.580673061311244965e-02
-4.369602724909782410e-02
-5.379091203212738037e-02
-7.500509917736053467e-02
-8.303731679916381836e-02
-6.346656382083892822e-02
-4.958401247859001160e-02
-4.062156379222869873e-02
-2.803701721131801605e-02
-2.642540447413921356e-02
-2.531148120760917664e-02
-2.332046441733837128e-02
-2.419608645141124725e-02
-2.418556250631809235e-02
-2.336796931922435760e-02
-2.885607257485389709e-02
-3.966090083122253418e-02
-4.545873403549194336e-02
-4.874290153384208679e-02
-5.070756748318672180e-02
-3.271022811532020569e-02
-1.373416464775800705e-02
-1.938291639089584351e-02
-1.744861900806427002e-02
-1.929010450839996338e-02
-1.221944577991962433e-02
-1.864658296108245850e-02
-2.311655133962631226e-02
-2.474952861666679382e-02
-3.953097760677337646e-02
-5.414741486310958862e-02
-7.340479642152786255e-02
-6.945513188838958740e-02
-5.340486019849777222e-02
-4.235215112566947937e-02
-3.131111338734626770e-02
-2.885335683822631836e-02
-2.885320223867893219e-02
-2.500576712191104889e-02
-2.330217137932777405e-02
-2.287901751697063446e-02
-2.408854663372039795e-02
-2.659317292273044586e-02
-2.254857867956161499e-02
-2.860230393707752228e-02
-3.196759894490242004e-02
-3.495907410979270935e-02
-2.880702912807464600e-02
-2.328614704310894012e-02
-1.969205215573310852e-02
-1.787076145410537720e-02
-1.426737383008003235e-02
-1.974490657448768616e-02
-1.774874515831470490e-02
-2.633453905582427979e-02
-3.129355236887931824e-02
-3.742156177759170532e-02
-4.784629866480827332e-02
-5.715521052479743958e-02
-5.569253489375114441e-02
-5.230640619993209839e-02
-4.127819091081619263e-02
-3.350269049406051636e-02
-2.713162079453468323e-02
-2.657357417047023773e-02
-2.447145245969295502e-02
-2.292716689407825470e-02
-2.451532520353794098e-02
-2.430905774235725403e-02
-2.437585592269897461e-02
-2.457276545464992523e-02
-2.623001672327518463e-02
-2.462648600339889526e-02
-2.353441901504993439e-02
-2.236792258918285370e-02
-2.713577263057231903e-02
-3.507761284708976746e-02
-4.491672664880752563e-02
-4.467964172363281250e-02
-4.064042866230010986e-02
-4.254369437694549561e-02
-4.599554091691970825e-02
-4.714495316147804260e-02
-4.569652676582336426e-02
-4.981398954987525940e-02
-4.331390559673309326e-02
-4.382400214672088623e-02
-4.570067673921585083e-02
-4.028392583131790161e-02
-3.380481898784637451e-02
-2.904480695724487305e-02
-2.687156572937965393e-02
-2.915127575397491455e-02
-2.495180442929267883e-02
-2.260850928723812103e-02
-2.413236536085605621e-02
-2.195576392114162445e-02
-2.398861944675445557e-02
-2.377774193882942200e-02
-2.431867457926273346e-02
-2.622597105801105499e-02
-2.180131711065769196e-02
-1.868335716426372528e-02
-2.174115553498268127e-02
-2.823927626013755798e-02
-3.157067671418190002e-02
-2.991043217480182648e-02
-3.421153873205184937e-02
-3.444024920463562012e-02
-3.929552435874938965e-02
-3.799032419919967651e-02
-3.659078478813171387e-02
-3.625898435711860657e-02
-3.391622751951217651e-02
-3.133146837353706360e-02
-2.975170314311981201e-02
-2.756108157336711884e-02
-2.394273318350315094e-02
-2.797401323914527893e-02
-2.600289508700370789e-02
-2.509384788572788239e-02
-2.347455732524394989e-02
-2.452822402119636536e-02
-2.297650277614593506e-02
-2.267515286803245544e-02
-2.441643550992012024e-02
-2.367801964282989502e-02
-2.441424690186977386e-02
-2.535014785826206207e-02
-2.565795928239822388e-02
-2.595052123069763184e-02
-2.132629603147506714e-02
-2.114036679267883301e-02
-2.126069180667400360e-02
-2.021560631692409515e-02
-2.088296599686145782e-02
-2.222569845616817474e-02
-2.188047952950000763e-02
-2.276435680687427521e-02
-2.526883780956268311e-02
-2.435568161308765411e-02
-2.279577776789665222e-02
-2.319275960326194763e-02
-2.408001385629177094e-02
-2.646080777049064636e-02
-2.402228116989135742e-02
-2.383254282176494598e-02
-2.325281128287315369e-02
-2.298995852470397949e-02
-2.455024234950542450e-02
-2.359800040721893311e-02
-2.368663065135478973e-02
