-4.064904898405075073e-02
-1.342760678380727768e-02
-4.250230640172958374e-02
-9.308949112892150879e-03
-4.054088145494461060e-02
-2.919688634574413300e-02
-4.107816517353057861e-02
-4.021439328789710999e-02
-2.534393034875392914e-02
-3.555338829755783081e-02
-5.642595142126083374e-02
-5.579774454236030579e-02
-3.878852725028991699e-02
-4.460462182760238647e-02
-5.310985445976257324e-02
-4.016879945993423462e-02
-5.256371945142745972e-02
-7.576659787446260452e-03
-4.702891781926155090e-02
-5.002022162079811096e-02
-4.041555523872375488e-02
-4.812149330973625183e-02
-3.536036610603332520e-02
-4.027085006237030029e-02
-1.969486288726329803e-02
-3.793972358107566833e-02
-3.922427818179130554e-02
-2.947649918496608734e-02
-4.221251606941223145e-02
-4.286362230777740479e-02
-2.848475053906440735e-02
-2.276568673551082611e-02
-5.270585045218467712e-02
-2.898726239800453186e-02
-5.308797210454940796e-02
-4.619569331407546997e-02
-2.323739416897296906e-02
-4.084505885839462280e-02
-2.388968504965305328e-02
-1.618051342666149139e-02
-5.522384122014045715e-02
-4.754696041345596313e-02
-2.908374182879924774e-02
-4.244394227862358093e-02
-3.394337743520736694e-02
-4.718058928847312927e-02
-5.093079432845115662e-02
-2.120494842529296875e-02
-5.774367973208427429e-02
-4.601003974676132202e-02
-4.680848494172096252e-02
-3.400080278515815735e-02
-5.566334351897239685e-02
-3.147111088037490845e-02
-4.179437831044197083e-02
-1.844983361661434174e-02
-3.879078105092048645e-02
-4.337400570511817932e-02
-2.532774396240711212e-02
-5.103385075926780701e-02
-1.806732639670372009e-02
-1.686590164899826050e-02
-4.417279362678527832e-02
-3.339010849595069885e-02
-4.863299801945686340e-02
-4.368086159229278564e-02
-3.264921158552169800e-02
-4.646905884146690369e-02
-3.324326127767562866e-02
-5.600443482398986816e-02
-4.329369217157363892e-02
-5.162566900253295898e-02
-4.753083363175392151e-02
-4.975474253296852112e-02
-4.763126745820045471e-02
-4.891677945852279663e-02
-4.470593109726905823e-02
-4.004688933491706848e-02
-4.228191077709197998e-02
-4.735435545444488525e-02
-3.779379650950431824e-02
-5.054747313261032104e-02
-4.633103683590888977e-02
-4.094456136226654053e-02
-3.978615626692771912e-02
-4.627924412488937378e-02
-4.373412579298019409e-02
-3.399192541837692261e-02
-5.308954790234565735e-02
-4.603618755936622620e-02
-4.164380580186843872e-02
-9.006899781525135040e-03
-5.201686173677444458e-02
-6.462045758962631226e-02
-3.944684937596321106e-02
-5.141483247280120850e-02
-5.945270135998725891e-02
-3.693424537777900696e-02
-3.973732888698577881e-02
-4.363244771957397461e-02
