-9.818778932094573975e-02 -1.770654171705245972e-01 -9.352648258209228516e-02 -1.658860146999359131e-01 -1.868346780538558960e-01 -5.162252485752105713e-02 -1.258514970541000366e-01 -1.381120085716247559e-01 -6.752172112464904785e-02 -1.065383180975914001e-01
-8.726468682289123535e-02 1.171677839010953903e-02 -6.173698976635932922e-02 -1.391613185405731201e-01 2.489648759365081787e-01 -2.207862734794616699e-01 -1.321848779916763306e-01 3.803899884223937988e-02 -1.531752478331327438e-02 -7.351661473512649536e-02
3.149163722991943359e-02 -1.299151871353387833e-02 -2.147541940212249756e-02 3.329289145767688751e-03 2.075057849287986755e-02 -5.949677526950836182e-02 -4.326656460762023926e-02 -5.216056108474731445e-02 -1.721836626529693604e-01 -8.235653489828109741e-02
4.422680139541625977e-01 -8.188023418188095093e-02 -2.429877072572708130e-01 1.340853571891784668e-01 -5.815587937831878662e-02 4.036339223384857178e-01 1.578585356473922729e-01 -2.464229762554168701e-01 1.584519296884536743e-01 -8.905292302370071411e-02
-7.976450771093368530e-02 -1.249302253127098083e-01 -1.331857293844223022e-01 -4.704615101218223572e-02 -1.863325387239456177e-01 -1.726586222648620605e-01 -1.522659063339233398e-01 -1.527204960584640503e-01 -8.487103134393692017e-02 -1.886140555143356323e-02
-1.191551908850669861e-01 4.244877994060516357e-01 -1.026249676942825317e-01 -1.438585370779037476e-01 -1.216105669736862183e-01 -1.487530618906021118e-01 -2.079907059669494629e-01 -3.461657837033271790e-02 -2.101424783468246460e-01 -5.656683444976806641e-02
-8.592264354228973389e-02 2.827947027981281281e-02 6.551565974950790405e-02 9.278982877731323242e-03 2.831737743690609932e-03 -4.750997200608253479e-02 -9.870944172143936157e-02 6.835165899246931076e-03 2.165179699659347534e-02 -1.111095920205116272e-01
9.420628845691680908e-02 -7.040161639451980591e-03 -1.640607416629791260e-01 -5.084363743662834167e-02 -1.149353235960006714e-01 -9.516200423240661621e-02 -1.162823513150215149e-01 -2.575214393436908722e-02 -1.323615014553070068e-01 -1.816541552543640137e-01
-1.463099420070648193e-01 -1.544278115034103394e-01 -6.469676736742258072e-03 -1.429706364870071411e-01 -1.984857022762298584e-01 2.306840568780899048e-01 -1.030355840921401978e-01 -2.400957280769944191e-03 -1.365602910518646240e-01 -3.217792604118585587e-03
2.970366775989532471e-01 3.396068885922431946e-02 -1.895434558391571045e-01 -1.530532091856002808e-01 -1.664870083332061768e-01 -4.332850873470306396e-02 -2.398843616247177124e-01 -5.879521369934082031e-02 -4.428578913211822510e-02 -1.772052049636840820e-01
-1.789614707231521606e-01 -1.174318343400955200e-01 -7.366358488798141479e-02 -2.280661650002002716e-02 -3.072507493197917938e-02 -3.702972456812858582e-02 -5.492999777197837830e-02 -8.119508624076843262e-03 -6.357440352439880371e-02 1.414927691221237183e-01
-1.164812296628952026e-01 -1.791102811694145203e-02 -2.940293960273265839e-02 -2.714659459888935089e-02 5.485072359442710876e-02 -7.021273672580718994e-02 6.093560531735420227e-02 -1.759005486965179443e-01 -3.330956771969795227e-02 -2.101486474275588989e-01
-8.053231239318847656e-02 -1.171916648745536804e-01 -5.831732228398323059e-02 3.732556477189064026e-02 -1.485617309808731079e-01 -4.878791421651840210e-02 -1.303988844156265259e-01 -1.637281924486160278e-01 -1.387174278497695923e-01 -5.697555467486381531e-02
-1.836534738540649414e-01 -1.420327275991439819e-01 2.291168272495269775e-02 -6.568883359432220459e-02 -1.764505356550216675e-01 -3.107862174510955811e-02 4.678670689463615417e-02 -2.758054807782173157e-02 -1.357992887496948242e-01 1.331520676612854004e-01
-8.158247172832489014e-02 -1.153313666582107544e-01 -4.144301638007164001e-02 -1.218726038932800293e-01 -1.086287871003150940e-01 -1.061944812536239624e-01 -7.289423048496246338e-02 2.578974328935146332e-02 -1.181438267230987549e-01 -1.179400682449340820e-01
-7.875990122556686401e-02 -6.623318791389465332e-02 -1.659024506807327271e-01 -1.031243428587913513e-01 -1.319373548030853271e-01 -1.288852989673614502e-01 -1.172838509082794189e-01 -9.989536553621292114e-02 -9.098951518535614014e-02 -5.757708102464675903e-02
-5.358259379863739014e-02 9.818264096975326538e-02 -1.709952503442764282e-01 1.356501691043376923e-02 -1.417318880558013916e-01 -1.331743896007537842e-01 -5.581457912921905518e-02 -4.281212016940116882e-02 9.781009703874588013e-02 -2.015704847872257233e-02
-1.590432673692703247e-01 -1.312442962080240250e-02 -5.511711910367012024e-02 3.658904507756233215e-02 1.143661886453628540e-01 -6.883210688829421997e-02 8.757778257131576538e-02 -9.100151062011718750e-02 -1.637901514768600464e-01 1.453669182956218719e-02
4.380113631486892700e-02 -7.621303200721740723e-02 -7.380306720733642578e-02 -9.036350995302200317e-02 -1.497728228569030762e-01 -1.501135379076004028e-01 -9.922482818365097046e-02 -1.709304749965667725e-01 -9.788952767848968506e-02 -1.182859018445014954e-01
-6.426031142473220825e-02 2.761301770806312561e-02 -1.760711669921875000e-01 -3.895311057567596436e-02 -6.845535337924957275e-02 2.656351774930953979e-02 -1.179160103201866150e-01 2.132902853190898895e-02 -9.558983147144317627e-02 2.208784967660903931e-02
-3.267562016844749451e-02 -2.909949049353599548e-02 -1.831656694412231445e-01 5.435463413596153259e-02 -5.882962420582771301e-02 -6.604365259408950806e-02 -1.025775521993637085e-01 -1.510572731494903564e-01 -9.438714385032653809e-02 -2.022176235914230347e-01
-1.356884837150573730e-01 -4.691300168633460999e-02 -3.898850409314036369e-03 1.118731379392556846e-04 7.822456955909729004e-02 -1.603493690490722656e-01 -1.539779175072908401e-02 -1.364150792360305786e-01 -8.818725496530532837e-02 -3.644485399127006531e-02
2.789961174130439758e-02 -2.532221190631389618e-02 -1.863969415426254272e-01 -2.860199194401502609e-03 -1.137596368789672852e-01 -9.349596500396728516e-02 -1.187562197446823120e-01 -1.926078200340270996e-01 -1.596530675888061523e-01 -1.829656809568405151e-01
-9.994349628686904907e-02 -1.761221699416637421e-02 -2.507893182337284088e-02 -1.259896606206893921e-01 -1.795506626367568970e-01 -1.492228806018829346e-01 -1.739336550235748291e-01 -9.517019242048263550e-02 -1.119038909673690796e-01 5.178938433527946472e-02
-9.203574061393737793e-02 -1.387664228677749634e-01 5.664572119712829590e-01 -1.712700426578521729e-01 -1.360919773578643799e-01 -2.168003171682357788e-01 -1.861743181943893433e-01 5.280681070871651173e-04 -1.493230760097503662e-01 -1.808378398418426514e-01
-7.075192779302597046e-02 -1.282943133264780045e-02 -1.176798641681671143e-01 -1.601650863885879517e-01 -3.470645472407341003e-02 -1.630487143993377686e-01 -1.200972348451614380e-01 7.864918559789657593e-02 -1.367530822753906250e-01 -6.047603860497474670e-02
-5.452471971511840820e-02 -3.801285848021507263e-02 -1.766338050365447998e-01 -1.802485287189483643e-01 -1.676370948553085327e-01 -8.238235861063003540e-02 -1.079191118478775024e-01 -1.093735620379447937e-01 -1.027638465166091919e-01 -1.625155359506607056e-01
-1.003276258707046509e-01 -5.626593530178070068e-02 -7.563595473766326904e-02 -3.251116350293159485e-02 -1.610148847103118896e-01 -7.761191576719284058e-02 7.098868489265441895e-02 2.135316142812371254e-03 5.699908733367919922e-02 -9.333972819149494171e-03
-1.250201612710952759e-01 -1.598408371210098267e-01 -1.324466764926910400e-01 -1.826653033494949341e-01 7.741906680166721344e-03 6.275934725999832153e-02 -1.187658086419105530e-01 -1.431632637977600098e-01 -4.980474337935447693e-02 -1.711599379777908325e-01
-1.566968113183975220e-01 -1.248534396290779114e-01 -1.367463357746601105e-02 -3.767792880535125732e-02 7.729096710681915283e-02 -2.666826359927654266e-02 -3.640288114547729492e-02 7.698340341448783875e-03 -1.007208079099655151e-01 -4.810362681746482849e-02
-1.517258863896131516e-02 2.404071763157844543e-02 -8.606848865747451782e-02 -1.146215423941612244e-01 -1.161675550974905491e-03 -1.063141897320747375e-01 -6.633128970861434937e-02 -8.073753863573074341e-02 -2.988470904529094696e-02 5.868119746446609497e-02
-1.386111527681350708e-01 -1.334124505519866943e-01 1.466672774404287338e-02 -9.116338193416595459e-02 -8.286025375127792358e-02 -1.334168910980224609e-01 1.840426176786422729e-01 -1.829005181789398193e-01 -1.117904335260391235e-01 3.988524153828620911e-02
-1.796062849462032318e-02 2.113196998834609985e-03 -3.775146603584289551e-02 -4.551753029227256775e-02 -1.882504224777221680e-01 -1.800502985715866089e-01 -1.540669705718755722e-02 -1.762403845787048340e-01 -1.048518195748329163e-01 4.017598181962966919e-02
-5.333666503429412842e-02 9.612638503313064575e-03 -1.804881244897842407e-01 3.282758221030235291e-02 -5.844806879758834839e-02 -9.679736942052841187e-02 -7.837591320276260376e-02 -2.097726166248321533e-01 -1.245348826050758362e-01 -1.613489389419555664e-01
-1.224967911839485168e-01 -4.328297451138496399e-02 -1.968393772840499878e-01 -1.826070547103881836e-01 -3.672381490468978882e-02 4.413077235221862793e-02 -1.471779644489288330e-01 8.371362090110778809e-02 -3.830967843532562256e-02 -1.637424230575561523e-01
-9.088455140590667725e-02 -1.849182993173599243e-01 -4.746095091104507446e-02 -1.538049727678298950e-01 -1.427983492612838745e-01 -1.457801461219787598e-01 -9.492720663547515869e-02 -1.120571270585060120e-01 -7.932759076356887817e-02 -9.734082221984863281e-02
7.945723086595535278e-02 1.408746931701898575e-02 -1.870422959327697754e-01 -1.041264235973358154e-01 -2.926442399621009827e-02 5.914903245866298676e-03 -1.424733400344848633e-01 -1.365031301975250244e-01 -1.818197406828403473e-02 -1.534989029169082642e-01
-9.251716732978820801e-02 -1.878543049097061157e-01 -1.797143071889877319e-01 -1.664825826883316040e-01 -1.491324305534362793e-01 -5.069548636674880981e-02 -1.035052537918090820e-01 -8.043280243873596191e-02 -5.548319593071937561e-02 -1.621609479188919067e-01
-1.327570378780364990e-01 -2.092541903257369995e-01 -7.241564244031906128e-02 -2.278585284948348999e-01 -1.359817087650299072e-01 -1.193327084183692932e-01 -1.848574578762054443e-01 -9.408485144376754761e-02 4.186753332614898682e-01 -1.791646331548690796e-01
-8.913290500640869141e-02 -7.038750220090150833e-03 -2.812384255230426788e-02 -1.129115074872970581e-01 -5.780059099197387695e-02 -5.792154744267463684e-02 -3.571109846234321594e-02 5.207062140107154846e-02 -2.965578343719244003e-03 2.922702580690383911e-02
-7.432981580495834351e-02 -3.563473001122474670e-02 -7.766322046518325806e-02 -1.226074472069740295e-01 -3.662388026714324951e-02 -8.492164313793182373e-02 -4.538342822343111038e-03 -1.599397808313369751e-01 -8.309348672628402710e-02 7.018838077783584595e-02
-1.106423065066337585e-01 -1.410855650901794434e-01 -7.270099595189094543e-03 -6.793498247861862183e-02 -3.492923825979232788e-02 -1.577584296464920044e-01 -5.791435018181800842e-02 -2.884319052100181580e-02 -1.122206971049308777e-01 4.894739761948585510e-02
-9.831996262073516846e-02 -1.673779077827930450e-02 -2.006032466888427734e-01 -2.173013612627983093e-02 -1.282849907875061035e-01 -4.394495487213134766e-02 6.369318813085556030e-02 -7.774697989225387573e-02 8.979799598455429077e-02 -1.726842969655990601e-01
-8.008821308612823486e-02 -1.297879070043563843e-01 -2.642697468400001526e-02 -1.729643642902374268e-01 -1.874970048666000366e-01 -1.632074415683746338e-01 -1.060873419046401978e-01 -1.501993983983993530e-01 -8.142632991075515747e-02 -4.819989949464797974e-02
-1.331607699394226074e-01 -7.754924148321151733e-02 4.845178127288818359e-02 -5.453793331980705261e-02 -1.100601479411125183e-01 -1.338569968938827515e-01 -1.980970799922943115e-01 -3.375840783119201660e-01 -1.793283075094223022e-01 4.503380954265594482e-01
-2.630615234375000000e-02 -6.585472822189331055e-02 -6.146188359707593918e-03 3.324559424072504044e-03 -4.815887659788131714e-02 -2.199578844010829926e-02 -8.153496682643890381e-02 -1.578502953052520752e-01 -1.380589008331298828e-01 -9.621593356132507324e-02
-1.750872135162353516e-01 2.459351904690265656e-02 -4.457613080739974976e-02 7.999434322118759155e-02 -8.138033747673034668e-02 -1.532141268253326416e-01 -1.595286466181278229e-02 4.617996513843536377e-02 -6.879512220621109009e-02 -3.085759468376636505e-02
-1.881761290132999420e-02 -1.099663227796554565e-01 -1.366053819656372070e-01 -2.561183273792266846e-02 -3.462671115994453430e-02 -2.366456575691699982e-02 -3.253920003771781921e-02 4.560650885105133057e-02 2.072161063551902771e-02 -1.310026645660400391e-01
-1.471324563026428223e-01 -1.760653704404830933e-01 -3.216207027435302734e-02 -9.736844152212142944e-02 2.985458262264728546e-02 -1.571573130786418915e-02 -9.419687092304229736e-03 -6.493279337882995605e-02 -3.919858857989311218e-02 -1.484091673046350479e-02
5.104297772049903870e-02 -1.149389371275901794e-01 -6.217039003968238831e-02 -3.337379544973373413e-02 -8.699270337820053101e-02 -1.298341602087020874e-01 -6.606796383857727051e-02 -9.380207210779190063e-02 -1.336551159620285034e-01 -1.197641016915440559e-03
-9.422253817319869995e-02 -3.921063616871833801e-02 8.946794271469116211e-02 -1.583345830440521240e-01 -1.688846498727798462e-01 -1.664346456527709961e-01 -1.358595490455627441e-01 -1.017003655433654785e-01 -1.010572686791419983e-01 -1.356130689382553101e-01
-2.079797349870204926e-02 -5.505910143256187439e-02 -5.489321425557136536e-02 -9.578476846218109131e-02 -3.983437269926071167e-02 -6.876345723867416382e-02 -7.651838660240173340e-02 -6.644590198993682861e-02 -8.255116641521453857e-02 -1.350132673978805542e-01
-1.081748306751251221e-01 -1.878354102373123169e-01 -5.423124879598617554e-02 -1.861779838800430298e-01 -1.282389909029006958e-01 -5.613458901643753052e-02 -1.304112095385789871e-02 -1.715169847011566162e-01 -7.205747812986373901e-02 -1.036626193672418594e-02
-2.809360623359680176e-02 -3.469546511769294739e-02 -1.918536573648452759e-01 -7.262508850544691086e-03 -2.049541324377059937e-01 -1.359130293130874634e-01 -1.544338464736938477e-01 7.375053316354751587e-02 2.527777664363384247e-02 -7.144617289304733276e-02
-1.147442385554313660e-01 -1.781922727823257446e-01 -1.352262943983078003e-01 -1.659547239542007446e-01 -1.034207120537757874e-01 -1.749197766184806824e-02 -7.953824102878570557e-02 2.615121565759181976e-02 -2.116092666983604431e-02 -1.598431020975112915e-01
-1.515538990497589111e-01 -1.533331423997879028e-01 -5.445437505841255188e-02 -2.274968922138214111e-01 2.086086273193359375e-01 1.771053969860076904e-01 -1.741869449615478516e-01 -6.102034822106361389e-02 -9.767774492502212524e-02 -1.995022892951965332e-01
-3.831259161233901978e-02 -7.517772912979125977e-02 -2.043810486793518066e-01 -9.065920114517211914e-02 -1.639449745416641235e-01 -4.611578956246376038e-02 -6.366336345672607422e-02 -1.930747777223587036e-01 4.139440506696701050e-02 -1.131631582975387573e-01
-3.661471232771873474e-02 -9.351421147584915161e-02 -6.346690654754638672e-02 1.851511187851428986e-02 -7.071205973625183105e-02 -1.592023670673370361e-01 -1.396590918302536011e-01 -4.691605642437934875e-02 -1.065003573894500732e-01 -1.999031193554401398e-02
-6.431714445352554321e-02 -7.214689254760742188e-02 -4.310799762606620789e-03 1.442743744701147079e-02 5.399035289883613586e-02 -1.024061739444732666e-01 2.091254666447639465e-02 -5.395464599132537842e-02 1.118616387248039246e-02 3.181378543376922607e-02
-1.296874880790710449e-01 2.982359007000923157e-02 -2.506997808814048767e-02 1.923574134707450867e-02 3.825804591178894043e-02 -4.268021881580352783e-02 -3.870692476630210876e-02 -1.433134377002716064e-01 -5.871015787124633789e-02 -1.279898826032876968e-02
-8.704084157943725586e-02 -2.078772708773612976e-02 4.808275774121284485e-02 -1.730297505855560303e-02 1.201913109980523586e-03 2.500137314200401306e-02 -6.448846310377120972e-02 5.527681671082973480e-03 -1.325782388448715210e-01 -6.749496608972549438e-02
-2.211947590112686157e-01 -1.795870661735534668e-01 -1.313338726758956909e-01 -1.971047669649124146e-01 -1.459584087133407593e-01 -1.607352495193481445e-01 -2.038513720035552979e-01 4.290286302566528320e-01 -1.081896498799324036e-01 1.091181859374046326e-01
-2.987816929817199707e-02 5.788518488407135010e-02 -1.293303370475769043e-01 -2.611138299107551575e-02 -8.214101195335388184e-02 -1.328590661287307739e-01 -5.520710721611976624e-02 -1.174495443701744080e-01 3.311735019087791443e-02 -7.367459684610366821e-02
8.937234431505203247e-02 -9.586468338966369629e-02 -1.746387779712677002e-01 -5.026292800903320312e-02 -5.292681604623794556e-02 -1.767332851886749268e-01 -1.089166849851608276e-01 -1.017859503626823425e-01 -7.554446812719106674e-03 -1.304478794336318970e-01
-1.958837918937206268e-02 -3.231322392821311951e-02 -1.778596341609954834e-01 -1.214444115757942200e-01 -1.249006763100624084e-02 -9.519228339195251465e-02 -1.193446889519691467e-01 -1.122025027871131897e-01 -8.627782016992568970e-02 -1.594856381416320801e-01
4.552729427814483643e-02 -1.706594228744506836e-01 -1.729421019554138184e-01 -3.686912357807159424e-02 -9.672746807336807251e-02 -1.932825148105621338e-02 -1.831487715244293213e-01 -1.531946510076522827e-01 -8.093900233507156372e-02 -4.650006815791130066e-02
-1.988738924264907837e-01 -6.611687690019607544e-02 8.361146599054336548e-02 -2.800412103533744812e-02 -6.641041487455368042e-02 2.796926349401473999e-02 -1.208654232323169708e-02 -2.821991592645645142e-02 8.077824860811233521e-02 -2.172125130891799927e-01
-1.087203994393348694e-01 -9.843480587005615234e-02 -1.082825660705566406e-01 -7.271240651607513428e-02 -1.232995614409446716e-01 -6.382253766059875488e-02 -1.222887933254241943e-01 -1.384226977825164795e-01 -8.981102705001831055e-02 6.157758180052042007e-03
-6.979581713676452637e-02 -1.055152043700218201e-01 -1.844119578599929810e-01 -1.620835810899734497e-01 -8.463268727064132690e-02 -1.679850369691848755e-01 -1.157343685626983643e-01 -1.801724880933761597e-01 -8.096837252378463745e-02 -1.608419865369796753e-01
-8.779729902744293213e-02 9.333594888448715210e-02 -2.013657391071319580e-01 -7.707341760396957397e-02 6.752678751945495605e-02 -8.950659632682800293e-02 -7.283930480480194092e-02 -1.571016311645507812e-01 -4.055267944931983948e-02 -1.799719780683517456e-01
-2.544372156262397766e-02 2.942182682454586029e-02 -1.411295086145401001e-01 -1.610799878835678101e-01 -6.016721948981285095e-02 -1.321636587381362915e-01 -1.279361546039581299e-01 9.748226404190063477e-02 3.414524719119071960e-02 -1.377296149730682373e-01
1.547426823526620865e-02 -1.248258799314498901e-01 -8.413568139076232910e-02 -9.241658449172973633e-02 -1.819505691528320312e-01 -1.203985661268234253e-01 -1.195914223790168762e-01 -1.457395106554031372e-01 -8.553761988878250122e-02 -1.257385760545730591e-01
-9.639541059732437134e-02 -1.670032888650894165e-01 -1.891018152236938477e-01 -1.731575578451156616e-01 -1.006482541561126709e-01 2.139756083488464355e-02 -1.233464777469635010e-01 1.331395562738180161e-02 -6.947658210992813110e-02 -1.642436683177947998e-01
-4.375013522803783417e-03 -2.956252545118331909e-02 -7.616965472698211670e-02 -1.341565251350402832e-01 -1.977145373821258545e-01 -3.871415928006172180e-02 -7.096682488918304443e-02 2.818722836673259735e-02 -3.524288535118103027e-02 -1.149998009204864502e-01
6.767261028289794922e-02 -8.295506238937377930e-02 -1.817241460084915161e-01 -1.730492860078811646e-01 -1.963034123182296753e-01 -1.279862876981496811e-02 -1.089341416954994202e-01 -3.624696284532546997e-02 -7.854215055704116821e-02 -1.661331504583358765e-01
-9.886334091424942017e-02 -6.541032344102859497e-02 -1.673590578138828278e-02 -9.794231504201889038e-02 -1.581776887178421021e-02 5.689429864287376404e-02 -5.749940127134323120e-02 -1.650704592466354370e-01 -1.108315885066986084e-01 -1.361119002103805542e-01
-5.716704204678535461e-02 -4.976179823279380798e-02 -6.188403815031051636e-02 -2.435553632676601410e-02 -1.395949870347976685e-01 -1.220309510827064514e-01 -1.501265913248062134e-01 -6.219035014510154724e-02 -1.127359271049499512e-01 -1.160959079861640930e-01
-8.891574293375015259e-02 1.605674508027732372e-03 -9.350284934043884277e-02 -1.696339696645736694e-01 -9.194116294384002686e-02 3.465297445654869080e-02 -9.298426657915115356e-02 4.337251652032136917e-03 -6.837514042854309082e-02 -1.677363812923431396e-01
-7.319418340921401978e-02 -3.965878114104270935e-02 -5.769791826605796814e-02 -7.630268484354019165e-02 6.479175388813018799e-02 -1.213590726256370544e-01 9.357318282127380371e-03 1.052749576047062874e-03 6.126100942492485046e-02 -1.063165962696075439e-01
-1.018592417240142822e-01 -8.624070882797241211e-02 -1.285639256238937378e-01 -1.653310358524322510e-01 5.106204748153686523e-02 -8.907651901245117188e-02 -1.221565306186676025e-01 8.387422189116477966e-03 -1.834299974143505096e-02 -1.608915925025939941e-01
-6.936644017696380615e-02 -5.437441170215606689e-02 -1.508900374174118042e-01 -9.927481412887573242e-02 -6.921644508838653564e-02 -1.698711365461349487e-01 -7.369519770145416260e-02 -1.097660958766937256e-01 -7.728922367095947266e-02 -1.486813127994537354e-01
1.073174178600311279e-02 2.894045785069465637e-02 1.390937156975269318e-02 -7.815907709300518036e-03 -1.375951021909713745e-01 -1.788834035396575928e-01 -8.908373117446899414e-02 -1.109203994274139404e-01 -5.557495728135108948e-02 -5.663833022117614746e-02
4.624420776963233948e-02 -2.217087708413600922e-02 1.119238138198852539e-02 -1.502613276243209839e-01 -4.656080529093742371e-02 -1.009737476706504822e-01 -4.689743369817733765e-02 -5.426155403256416321e-02 3.577593713998794556e-02 -1.251007616519927979e-01
2.221020311117172241e-02 -9.495367109775543213e-02 -1.554135233163833618e-01 9.553924202919006348e-03 -1.197041273117065430e-01 -2.478435821831226349e-02 -1.370147317647933960e-01 -6.738194078207015991e-02 -1.731388568878173828e-01 -1.244918853044509888e-01
-1.167468056082725525e-01 -1.886287629604339600e-01 -1.425652056932449341e-01 -1.680378168821334839e-01 -1.104173660278320312e-01 -2.140509337186813354e-02 -1.143120303750038147e-01 -1.546486020088195801e-01 -3.080890327692031860e-02 -1.518108099699020386e-01
-2.491866238415241241e-02 -6.422507762908935547e-02 -1.910373419523239136e-01 -1.733272671699523926e-01 -1.807813048362731934e-01 -6.385432928800582886e-02 -1.083387061953544617e-01 2.458696253597736359e-02 -2.106964774429798126e-02 -1.605291217565536499e-01
-1.098043546080589294e-01 -1.187660619616508484e-01 -7.428994774818420410e-02 -7.841578871011734009e-02 -5.387629568576812744e-02 -7.180120795965194702e-02 -2.021692134439945221e-02 1.806776225566864014e-02 -5.044265463948249817e-02 -3.658786788582801819e-02
2.650292217731475830e-01 -8.852577954530715942e-02 -1.634656190872192383e-01 -1.060727089643478394e-01 -1.216853484511375427e-01 -1.932192593812942505e-01 -1.264458745718002319e-01 -6.378540396690368652e-02 -1.425787359476089478e-01 -1.465736925601959229e-01
-1.058112904429435730e-01 -1.341794133186340332e-01 -1.790088787674903870e-02 -1.215277090668678284e-01 9.352677315473556519e-02 -1.152845993638038635e-01 -5.286533385515213013e-02 -1.132658720016479492e-01 -3.165728971362113953e-02 -1.791080832481384277e-01
-1.309602055698633194e-03 2.078641671687364578e-03 -2.753785811364650726e-02 -3.326279297471046448e-02 -9.976701438426971436e-02 -8.532795310020446777e-02 -1.129365265369415283e-01 3.600943088531494141e-02 -1.226330623030662537e-01 -1.239442080259323120e-01
-3.647593036293983459e-02 5.475788190960884094e-02 -1.804838180541992188e-01 -5.672463774681091309e-02 -7.108217477798461914e-02 -3.464043885469436646e-02 -1.085246205329895020e-01 -6.504426151514053345e-02 -1.059968769550323486e-01 -1.661313474178314209e-01
-9.171729534864425659e-02 -6.319700926542282104e-02 -1.905214786529541016e-01 3.279414176940917969e-01 -9.342455863952636719e-02 -7.659547030925750732e-02 -2.346335202455520630e-01 -1.530380696058273315e-01 -7.148990035057067871e-02 -5.225932598114013672e-02
-1.838193647563457489e-02 -6.059772521257400513e-02 -1.677127927541732788e-01 -5.059115216135978699e-02 -1.742013245820999146e-01 -1.499858647584915161e-01 -8.107014000415802002e-02 4.460881277918815613e-02 -1.408385783433914185e-01 1.658492535352706909e-01
-9.631526470184326172e-02 9.177791327238082886e-02 -2.141958922147750854e-01 -1.600261181592941284e-01 -4.039697349071502686e-02 7.077226042747497559e-02 -1.568875163793563843e-01 1.280443370342254639e-01 4.711733758449554443e-02 -1.742700487375259399e-01
4.113882407546043396e-02 -1.485656481236219406e-02 -1.755688190460205078e-01 -4.672296345233917236e-02 -8.546201884746551514e-02 -4.096360504627227783e-02 -1.334827840328216553e-01 -1.941509246826171875e-01 -1.636729389429092407e-01 -1.768499165773391724e-01
-1.338070780038833618e-01 -1.929106414318084717e-01 -6.458029150962829590e-02 -1.824227869510650635e-01 -2.432955801486968994e-02 -1.324834581464529037e-02 -3.718967363238334656e-02 -1.158190667629241943e-01 -8.107054047286510468e-03 -5.867311358451843262e-02
-1.544033437967300415e-01 -1.996871270239353180e-02 -2.132497280836105347e-01 -4.927103966474533081e-02 2.188015580177307129e-01 -4.426893219351768494e-02 -1.154642924666404724e-01 -4.396932572126388550e-02 6.274466216564178467e-02 -1.752407550811767578e-01
8.949901908636093140e-03 -1.109050363302230835e-01 -1.819975972175598145e-01 -5.242593213915824890e-02 -1.770384609699249268e-01 -1.250250637531280518e-01 -9.417616575956344604e-02 -1.750847846269607544e-01 -9.458445757627487183e-02 -8.098806440830230713e-02
-4.651501402258872986e-02 -7.412622869014739990e-02 -1.664750091731548309e-02 -1.850349754095077515e-01 -1.578814685344696045e-01 4.007148556411266327e-03 -6.116984039545059204e-02 3.652840480208396912e-02 2.519726939499378204e-02 1.119516864418983459e-01
-8.285023272037506104e-02 -1.070574298501014709e-01 -1.632528007030487061e-01 -1.579162180423736572e-01 -9.999865293502807617e-02 -1.229209750890731812e-01 -1.098993569612503052e-01 -1.818593591451644897e-01 -8.654223382472991943e-02 -1.589394807815551758e-01
