1.321570482105016708e-02
1.356139779090881348e-02
1.575856842100620270e-02
6.183462683111429214e-03
4.117203876376152039e-03
3.406484611332416534e-04
2.919562689385202248e-07
6.213753484189510345e-03
1.571453642100095749e-03
5.797266960144042969e-03
1.694181701168417931e-03
2.750493877101689577e-04
7.290649227797985077e-03
3.112058038823306561e-05
1.527868880657479167e-05
-5.349860526621341705e-03
6.112033588578924537e-05
5.111900804877222981e-07
6.883798778289929032e-05
1.229866594076156616e-02
2.779224421828985214e-03
1.795273274183273315e-03
3.375984088052064180e-04
3.130912547931075096e-03
5.459154905906871136e-08
3.357212059199810028e-03
4.575252532958984375e-03
9.946926837756109308e-08
1.037462893873453140e-02
-2.705561928451061249e-04
4.970927722752094269e-03
9.495674632489681244e-03
2.793879015371203423e-03
4.208385013043880463e-03
7.241979241371154785e-03
1.431020558811724186e-03
7.633627858012914658e-03
5.470095202326774597e-03
1.710618198558222502e-05
1.291055115871131420e-03
1.147846546700748149e-06
6.151337176561355591e-03
3.444674518959800480e-07
-3.006501938216388226e-04
7.112495601177215576e-03
5.026215687394142151e-03
1.536229888188245241e-06
1.278826850466430187e-03
1.737055927515029907e-02
1.170814852230250835e-03
1.651835814118385315e-02
-1.031762687489390373e-03
2.846684074029326439e-03
8.226940735767129809e-06
5.820993799716234207e-03
4.936165641993284225e-04
2.378050703555345535e-03
9.043909609317779541e-03
1.889561787038473994e-07
1.956412103027105331e-03
1.344726420938968658e-03
1.849131193011999130e-03
2.190101891756057739e-03
8.804917335510253906e-03
5.841598380357027054e-03
1.412738638464361429e-04
1.039467193186283112e-02
9.662549709901213646e-04
4.364284221082925797e-03
1.580973621457815170e-04
1.059669349342584610e-02
5.674423184245824814e-03
6.679354701191186905e-03
-3.222491359338164330e-04
8.126710541546344757e-03
2.813410479575395584e-03
3.042925847694277763e-03
-2.233251325378660113e-05
1.168250292539596558e-02
3.046599682420492172e-03
1.743102795444428921e-03
1.558237615972757339e-02
1.205629203468561172e-03
5.296306335367262363e-04
7.012148853391408920e-03
5.132387159392237663e-04
-6.273456619965145364e-06
4.023100249469280243e-03
8.881390094757080078e-04
7.161331595852971077e-04
2.780019305646419525e-03
-1.479272032156586647e-04
-6.460328586399555206e-05
1.556545043968071695e-07
-4.627048037946224213e-03
3.681227099150419235e-03
9.422192233614623547e-04
8.044585410971194506e-05
2.150772325694561005e-02
6.913256947882473469e-04
1.282060518860816956e-02
2.002994995564222336e-03
1.559794694185256958e-02
9.776031220098957419e-06
1.255860179662704468e-02
4.432310350239276886e-03
1.291994238272309303e-03
3.235131771361920983e-06
-1.362984912702813745e-04
6.891680881381034851e-03
6.367380265146493912e-03
3.207863983334391378e-06
1.223830506205558777e-02
3.310330782824166818e-07
4.380705718176614027e-07
5.633853725157678127e-04
1.567535576896261773e-07
5.732769146561622620e-03
4.062941570737166330e-06
1.609875075519084930e-02
1.557067269459366798e-03
4.641441337298601866e-04
5.149641539901494980e-03
8.862798102200031281e-03
-2.642553066834807396e-03
1.337492372840642929e-03
1.427624654024839401e-02
8.889717049896717072e-03
8.064625784754753113e-03
5.296984221786260605e-03
6.358419079333543777e-03
1.058046356774866581e-03
2.982755936682224274e-02
1.692489206561731407e-07
1.676617539487779140e-03
2.552302030380815268e-04
2.613844582810997963e-03
1.001375820487737656e-02
1.177645754069089890e-02
-3.248735083616338670e-05
8.764884434640407562e-03
6.613539881072938442e-05
1.023539993911981583e-02
-2.250337274745106697e-05
2.936754608526825905e-03
1.616210880683865980e-07
2.956188097596168518e-02
-7.550761802121996880e-04
1.571502350270748138e-02
7.074317429214715958e-03
1.449797395616769791e-02
1.955199521034955978e-03
-2.969246415887027979e-04
5.316366441547870636e-03
2.494698273949325085e-04
8.024138398468494415e-03
7.763538043946027756e-03
1.648839213885366917e-03
1.635379157960414886e-02
1.225369487656280398e-05
1.720617711544036865e-02
6.507685407996177673e-03
5.428054646472446620e-05
1.589848473668098450e-02
5.609799700323492289e-07
6.768754217773675919e-03
1.266436884179711342e-04
2.141663571819663048e-03
2.253835191368125379e-05
1.621954143047332764e-02
2.716299150051781908e-06
4.279287531971931458e-03
7.492111180908977985e-04
4.312844015657901764e-03
1.045128796249628067e-02
-5.039737559854984283e-03
-9.952652908395975828e-05
1.768446381902322173e-04
2.083333907648921013e-03
2.325651990986443707e-07
4.911621101200580597e-03
6.461929160650470294e-07
1.387971278745681047e-04
2.705102633626665920e-05
1.801755651831626892e-02
1.305955741554498672e-02
2.767416182905435562e-03
4.162044149325083708e-07
2.140601910650730133e-02
-5.338859185576438904e-02
6.555417348863556981e-05
1.748225622577592731e-04
1.143417041748762131e-02
1.177524609374813735e-05
8.310718461871147156e-03
8.233447260863613337e-06
1.008129864931106567e-02
3.999610897153615952e-03
1.268300926312804222e-03
-7.489234849344938993e-05
6.096047000028192997e-04
7.912817411124706268e-03
7.207922753877937794e-04
6.473277229815721512e-03
4.647603759622143116e-07
2.969767898321151733e-03
1.946813310496509075e-03
3.706544404849410057e-03
1.345979253528639674e-04
1.100008191201595764e-07
1.902450890156615060e-06
1.497918041422963142e-03
3.146516974084079266e-04
8.735807932680472732e-05
7.758815772831439972e-03
2.940974896773695946e-03
4.639954306185245514e-03
1.684111659415066242e-03
4.521032678894698620e-04
2.289787516929209232e-06
3.090658574365079403e-04
5.363133459468372166e-05
4.049708659294992685e-04
3.866503247991204262e-03
3.937874920666217804e-03
-3.814087016507983208e-03
9.786174632608890533e-05
-6.000142078846693039e-03
-4.451817367225885391e-03
3.209696384146809578e-03
9.355380898341536522e-04
3.214926458895206451e-03
9.688340127468109131e-03
-1.122966277762316167e-04
8.343376219272613525e-03
1.658613618928939104e-04
1.782441860996186733e-03
2.905934676527976990e-02
3.158045001327991486e-03
6.077925263525685295e-06
-3.610514104366302490e-04
6.026183720678091049e-03
8.296383544802665710e-03
8.377073332667350769e-03
4.908756636723410338e-06
1.189589500427246094e-02
2.975017123389989138e-04
2.438068349874811247e-06
1.417924999259412289e-03
2.548545040190219879e-02
1.442216150462627411e-02
3.640156646724790335e-04
5.986323114484548569e-03
9.799380786716938019e-04
1.268135756254196167e-02
7.287682383321225643e-04
-9.306978608947247267e-05
9.326220490038394928e-03
3.725270042195916176e-03
2.972156507894396782e-03
6.590506993234157562e-03
1.471075112931430340e-03
2.987022071465617046e-06
2.293336205184459686e-03
1.791687496006488800e-02
2.557210624217987061e-02
6.142484955489635468e-03
-2.060139551758766174e-03
9.583570063114166260e-03
8.306442759931087494e-03
3.746189349840278737e-07
1.418027295585488901e-05
6.640387699007987976e-03
2.384731168092457665e-08
1.493510914940543444e-08
-5.640909876092337072e-05
1.528590545058250427e-02
-4.024233669042587280e-03
1.193333882838487625e-03
2.979722572490572929e-03
6.353981518714135746e-08
4.736632108688354492e-03
1.263409736566245556e-03
3.583882789826020598e-05
2.317428216338157654e-02
8.674737997353076935e-03
5.199596751481294632e-03
9.613076224923133850e-03
7.646181154996156693e-03
3.633719636127352715e-03
4.353049211204051971e-03
9.040653822012245655e-06
2.791272709146142006e-03
7.737825944786891341e-05
7.928232080303132534e-04
6.587849929928779602e-03
4.531284328550100327e-03
-7.228074129670858383e-03
6.358679383993148804e-03
1.322935987263917923e-02
1.180250383913516998e-02
-1.655236337683163583e-05
2.877123095095157623e-02
5.544392392039299011e-03
6.642732303589582443e-03
-9.824156586546450853e-05
8.283180250145960599e-06
6.267132703214883804e-03
1.192596182227134705e-02
-5.233478732407093048e-03
2.727360115386545658e-04
5.817706231027841568e-03
6.418134085834026337e-03
2.828110195696353912e-02
8.842060342431068420e-03
-4.937620367854833603e-03
6.023514550179243088e-03
7.389717502519488335e-04
1.235422119498252869e-02
1.151331327855587006e-02
9.346781007479876280e-05
2.490177052095532417e-03
-2.647347573656588793e-04
1.111958455294370651e-02
1.315228524617850780e-03
1.530625973828136921e-03
-1.193965999846113846e-05
1.547317299991846085e-02
-3.734600613825023174e-05
2.529221959412097931e-02
4.236631840467453003e-02
1.417190488427877426e-02
3.813505172729492188e-04
1.091124843810575840e-07
2.278506726725026965e-04
5.676475353538990021e-03
3.054619999602437019e-03
1.985054463148117065e-02
7.804034743458032608e-03
-4.733982495963573456e-04
5.595158290816470981e-05
6.798500660806894302e-03
9.790519470698200166e-06
1.339826758339768276e-05
3.149160416796803474e-03
1.506593637168407440e-02
1.434423029422760010e-04
7.268456742167472839e-03
9.099483140744268894e-04
6.991541478782892227e-03
1.245001982897520065e-02
1.677470281720161438e-02
1.225426886230707169e-02
1.510791189502924681e-04
1.838297466747462749e-04
3.051027655601501465e-02
2.420063363388180733e-03
5.637385766021907330e-04
-3.027871018275618553e-03
3.068527730647474527e-04
7.432348211295902729e-04
6.749832537025213242e-03
7.529843132942914963e-03
1.630873605608940125e-02
-4.162823781371116638e-03
6.055683363229036331e-03
7.973414845764636993e-03
9.886065963655710220e-04
5.711459743906743824e-05
2.870706375688314438e-04
1.085308849724242464e-05
6.272530881687998772e-04
9.139225818216800690e-03
8.997104130685329437e-03
-4.888404626399278641e-03
7.202864935607067309e-07
8.085744455456733704e-03
2.316093631088733673e-02
4.185483325272798538e-03
3.177375765517354012e-03
3.829790977761149406e-03
1.766024623066186905e-03
1.550357788801193237e-02
8.869225712260231376e-05
-1.487042661756277084e-02
-4.954446339979767799e-04
1.181182544678449631e-02
2.428692823741585016e-04
1.658686809241771698e-02
1.745846122503280640e-03
1.027513644658029079e-03
7.351744102379598189e-07
4.617210943251848221e-03
-1.362914498895406723e-02
-2.199431322515010834e-02
6.006471347063779831e-03
9.485666510045120958e-07
5.323752702679485083e-05
9.415452368557453156e-04
8.234400302171707153e-03
