3.374789282679557800e-02
-5.210306029766798019e-03
-1.131410710513591766e-02
-2.144317887723445892e-02
-2.646859176456928253e-02
-7.342693861573934555e-03
-1.812773011624813080e-02
-2.130719088017940521e-02
6.827374454587697983e-04
-2.607525512576103210e-02
-1.707114093005657196e-02
-1.053319964557886124e-02
-2.212450280785560608e-02
-2.261552587151527405e-02
-1.608503796160221100e-02
-2.089484781026840210e-02
-2.973763737827539444e-03
-1.113171037286520004e-02
-1.759311743080615997e-02
-2.804955281317234039e-02
-3.168846294283866882e-02
1.901252008974552155e-02
-1.462926622480154037e-02
1.240050885826349258e-02
-2.528971061110496521e-02
