-6.202945485711097717e-02 -2.535402588546276093e-02 4.876018315553665161e-02 -6.763671990483999252e-03 -1.883066445589065552e-02 -2.698889747262001038e-02 -2.642966993153095245e-02 6.726398132741451263e-03 1.953443326056003571e-02 -3.893916308879852295e-02
-5.908731371164321899e-02 9.746588021516799927e-02 -8.323308825492858887e-02 -6.920428574085235596e-02 -7.885111123323440552e-02 -6.158843263983726501e-02 -8.099282532930374146e-02 -2.516497857868671417e-02 -7.262393832206726074e-02 -7.312792539596557617e-02
-6.519151479005813599e-02 1.569340704008936882e-03 -8.687123656272888184e-02 2.835738705471158028e-03 -4.362692683935165405e-02 -6.789401918649673462e-02 -3.873801231384277344e-02 3.576216846704483032e-02 -7.380641251802444458e-02 3.339124470949172974e-02
-3.601411357522010803e-02 4.400636255741119385e-02 -7.008999586105346680e-02 -4.446697980165481567e-02 -5.205988138914108276e-02 -5.841194465756416321e-02 7.743257284164428711e-02 -2.897970937192440033e-02 -2.642885781824588776e-02 -4.200011864304542542e-02
-6.544973701238632202e-02 -7.551923394203186035e-02 -1.485156244598329067e-03 -1.904624141752719879e-02 -7.720400393009185791e-02 -6.803983449935913086e-02 -3.993509709835052490e-02 -9.450578689575195312e-02 -7.635015249252319336e-02 6.387927383184432983e-02
-6.291223317384719849e-02 -7.469024509191513062e-02 -6.544056534767150879e-02 -1.480735186487436295e-02 3.262529522180557251e-02 -5.951404571533203125e-02 -5.956218391656875610e-02 -9.070542454719543457e-02 -8.924721926450729370e-02 6.995566189289093018e-02
-3.268509358167648315e-02 1.883148401975631714e-02 5.962033569812774658e-02 -4.448837414383888245e-02 -8.284389972686767578e-02 -5.046941805630922318e-03 -4.540306702256202698e-02 -6.710618734359741211e-02 -2.531563863158226013e-02 -7.759007066488265991e-02
-3.448199853301048279e-02 1.923726685345172882e-02 -4.566336423158645630e-02 -5.641143396496772766e-02 -4.442827776074409485e-02 -1.612332276999950409e-02 -9.102407097816467285e-02 -1.211088616400957108e-02 -6.489882618188858032e-02 -7.929588668048381805e-03
-6.796438992023468018e-02 6.907191872596740723e-02 -4.399199038743972778e-02 -4.635594412684440613e-02 -4.674539715051651001e-02 -6.625788658857345581e-02 -4.978960379958152771e-02 4.102906584739685059e-02 -7.893034070730209351e-02 3.542904928326606750e-02
-5.152878910303115845e-02 2.409628219902515411e-02 -9.146755188703536987e-02 7.653352618217468262e-02 -2.338722534477710724e-02 -3.565468266606330872e-02 -5.676787346601486206e-02 -2.501819096505641937e-02 -4.350795969367027283e-02 -9.087055176496505737e-02
1.211062595248222351e-01 -6.540279835462570190e-02 -6.052460148930549622e-02 -6.540989875793457031e-02 -9.277415275573730469e-02 -5.650839954614639282e-02 -1.029506474733352661e-01 -1.536524295806884766e-01 1.785497646778821945e-03 -3.948711976408958435e-02
1.426604692824184895e-03 -1.517501380294561386e-02 -4.155879840254783630e-02 -4.464018344879150391e-02 1.591804251074790955e-02 -8.675529621541500092e-03 1.976813748478889465e-02 -7.111493498086929321e-02 -4.307597130537033081e-02 4.281912744045257568e-02
-5.189113318920135498e-02 -4.688637331128120422e-03 -8.569911867380142212e-02 -1.344124879688024521e-02 -5.174718424677848816e-02 -7.517311256378889084e-03 8.147055655717849731e-02 -3.896090015769004822e-02 -2.375035360455513000e-02 -6.244118884205818176e-02
-7.374488562345504761e-02 -4.007565602660179138e-02 -1.012629345059394836e-01 1.877526752650737762e-02 -1.188631867989897728e-03 3.638195991516113281e-02 -3.799754381179809570e-02 -8.472862839698791504e-02 -6.053180992603302002e-02 9.432990103960037231e-03
-5.895642563700675964e-02 1.554759312421083450e-02 -2.084987796843051910e-02 1.061983481049537659e-01 -2.579940482974052429e-02 -5.790350586175918579e-02 -4.471661522984504700e-02 -2.710051834583282471e-02 -7.949189841747283936e-02 -9.850914776325225830e-02
-4.591669514775276184e-02 5.821217969059944153e-02 -4.327250644564628601e-02 -2.409872598946094513e-02 -5.017033591866493225e-02 -4.730253294110298157e-02 -6.122745200991630554e-02 -3.067979961633682251e-02 1.080474704504013062e-01 -6.040341407060623169e-02
2.745557017624378204e-02 4.694306850433349609e-02 -6.950021535158157349e-02 -6.077922880649566650e-02 -9.812385588884353638e-02 3.735063970088958740e-02 -8.915732800960540771e-02 -8.008772134780883789e-02 -6.703761965036392212e-02 -5.199895799160003662e-02
2.950441092252731323e-02 -1.108781546354293823e-01 -5.370340496301651001e-02 -6.077608093619346619e-02 1.322182547301054001e-02 -2.560833841562271118e-02 4.342301283031702042e-03 -1.252096742391586304e-01 -4.980432614684104919e-02 -5.427154898643493652e-02
-6.905797123908996582e-02 -1.415069866925477982e-02 -5.035813152790069580e-02 -4.386870563030242920e-02 -8.402948081493377686e-02 -6.219539418816566467e-02 -4.287186264991760254e-02 6.715305149555206299e-02 -7.293324172496795654e-02 -6.389375310391187668e-03
-3.725612163543701172e-02 -2.350347116589546204e-02 -2.845022082328796387e-02 -4.796679690480232239e-02 -2.311105094850063324e-02 -6.589630246162414551e-02 -8.669558167457580566e-02 2.064970135688781738e-02 -4.246323183178901672e-02 1.130155473947525024e-02
-2.941707521677017212e-02 8.333588019013404846e-03 6.289279460906982422e-02 -2.452086471021175385e-02 -7.367134839296340942e-02 -5.067384615540504456e-02 -5.498211458325386047e-02 -8.911293745040893555e-02 -6.363254040479660034e-02 3.214198350906372070e-02
-3.413521498441696167e-02 -4.376758635044097900e-02 -7.229579985141754150e-02 -5.078125745058059692e-02 6.805294007062911987e-02 -6.547970231622457504e-03 4.466908797621726990e-02 -8.380611240863800049e-02 -1.037578471004962921e-02 3.141213953495025635e-02
-4.334458336234092712e-02 1.084250435233116150e-01 -7.516585290431976318e-02 -3.596263378858566284e-02 -5.143797397613525391e-02 -1.222431077621877193e-03 3.903061849996447563e-03 -2.244137227535247803e-02 3.913230076432228088e-02 -7.829383760690689087e-02
2.030828595161437988e-02 -4.993721842765808105e-02 -8.811066299676895142e-02 3.167784586548805237e-02 -6.670369952917098999e-02 5.520861595869064331e-02 -6.366617232561111450e-02 -1.057020351290702820e-01 1.769128255546092987e-02 -8.982183039188385010e-02
-6.610058248043060303e-02 -1.132985483855009079e-02 -3.520495072007179260e-02 -3.382030874490737915e-02 -4.976091533899307251e-02 -5.746608972549438477e-02 -2.203167229890823364e-02 1.150024011731147766e-01 -7.392116636037826538e-02 -4.022265225648880005e-02
