-3.973254933953285217e-02
-1.258717011660337448e-02
-4.252132028341293335e-02
-7.614385802298784256e-03
-3.997359052300453186e-02
-2.854065410792827606e-02
-4.070751741528511047e-02
-3.969642147421836853e-02
-2.253394015133380890e-02
-3.498805686831474304e-02
-5.536672100424766541e-02
-5.435595661401748657e-02
-3.908471390604972839e-02
-4.404029995203018188e-02
-5.336393415927886963e-02
-4.012657701969146729e-02
-5.101910233497619629e-02
-7.302822545170783997e-03
-4.647233337163925171e-02
-4.996148869395256042e-02
-3.928496316075325012e-02
-4.696207866072654724e-02
-3.459678590297698975e-02
-4.010216146707534790e-02
-1.834268495440483093e-02
-3.779235854744911194e-02
-3.949024155735969543e-02
-2.861497364938259125e-02
-4.074991121888160706e-02
-4.307875782251358032e-02
-2.800402231514453888e-02
-3.048140369355678558e-02
-5.240531265735626221e-02
-2.696770988404750824e-02
-5.271845683455467224e-02
-4.585624858736991882e-02
-2.307865209877490997e-02
-4.063415527343750000e-02
-2.028933726251125336e-02
-1.589578017592430115e-02
-5.495073273777961731e-02
-4.746435582637786865e-02
-2.735706046223640442e-02
-4.251112788915634155e-02
-3.158012405037879944e-02
-4.709406942129135132e-02
-4.972613230347633362e-02
-2.069053426384925842e-02
-5.705374479293823242e-02
-4.513889178633689880e-02
-4.756520688533782959e-02
-3.358931466937065125e-02
-5.442577227950096130e-02
-3.053011931478977203e-02
-4.132910817861557007e-02
-1.780791208148002625e-02
-3.821725025773048401e-02
-4.264538362622261047e-02
-2.492677979171276093e-02
-5.129689723253250122e-02
-1.662522181868553162e-02
-1.734004542231559753e-02
-4.299337789416313171e-02
-3.280110657215118408e-02
-4.833700507879257202e-02
-4.335938766598701477e-02
-3.127698600292205811e-02
-4.634929820895195007e-02
-3.300243616104125977e-02
-5.542823672294616699e-02
-4.309523105621337891e-02
-5.106401070952415466e-02
-4.744050651788711548e-02
-4.963910579681396484e-02
-4.764721170067787170e-02
-4.773541912436485291e-02
-4.469483345746994019e-02
-4.011875391006469727e-02
-4.124049469828605652e-02
-4.697038605809211731e-02
-3.739531710743904114e-02
-5.034791305661201477e-02
-4.536080732941627502e-02
-4.088989272713661194e-02
-3.941187635064125061e-02
-4.565948992967605591e-02
-4.261049255728721619e-02
-3.273041918873786926e-02
-5.272936448454856873e-02
-4.548165202140808105e-02
-4.133413359522819519e-02
-5.179825704544782639e-03
-5.149951577186584473e-02
-6.390167027711868286e-02
-3.918294236063957214e-02
-5.011319369077682495e-02
-5.934313312172889709e-02
-3.600325435400009155e-02
-3.866751864552497864e-02
-4.362039268016815186e-02
