-2.317438088357448578e-02
-2.198171615600585938e-02
-2.351921424269676208e-02
-2.283336967229843140e-02
-2.288911305367946625e-02
-2.265529893338680267e-02
-2.355187386274337769e-02
-2.228483930230140686e-02
-2.235881052911281586e-02
-2.290771901607513428e-02
-2.424093522131443024e-02
-2.363604307174682617e-02
-2.272215858101844788e-02
-2.437926270067691803e-02
-2.559059113264083862e-02
-2.421367354691028595e-02
-2.342399023473262787e-02
-2.499791607260704041e-02
-2.173599973320960999e-02
-2.348050102591514587e-02
-2.270386368036270142e-02
-2.272220514714717865e-02
-2.355961315333843231e-02
-2.409385330975055695e-02
-2.524495683610439301e-02
-2.282256074249744415e-02
-2.263417281210422516e-02
-2.364237979054450989e-02
-2.385627105832099915e-02
-2.287268079817295074e-02
-2.351119555532932281e-02
-2.357949689030647278e-02
-2.394790016114711761e-02
-2.467807196080684662e-02
-2.330937981605529785e-02
-2.519834972918033600e-02
-2.355497889220714569e-02
-2.430172264575958252e-02
-2.439786866307258606e-02
-2.365515753626823425e-02
-2.167636528611183167e-02
-2.150694094598293304e-02
-2.178633399307727814e-02
-2.251749299466609955e-02
-2.004094049334526062e-02
-1.975846476852893829e-02
-2.014299295842647552e-02
-2.136168815195560455e-02
-2.273873798549175262e-02
-2.443229593336582184e-02
-2.364007942378520966e-02
-2.262095920741558075e-02
-2.194049581885337830e-02
-2.335388585925102234e-02
-2.385500259697437286e-02
-2.322141267359256744e-02
-2.190185151994228363e-02
-2.322869189083576202e-02
-2.322983741760253906e-02
-2.340365014970302582e-02
-2.313504368066787720e-02
-2.344304509460926056e-02
-2.726479806005954742e-02
-2.623487822711467743e-02
-2.787533588707447052e-02
-2.532930858433246613e-02
-2.718156203627586365e-02
-3.224208578467369080e-02
-3.592040389776229858e-02
-3.612814098596572876e-02
-3.591306507587432861e-02
-3.362666442990303040e-02
-3.518048673868179321e-02
-3.711106628179550171e-02
-3.780999034643173218e-02
-3.108321502804756165e-02
-2.402698248624801636e-02
-2.226242981851100922e-02
-2.298490330576896667e-02
-2.298390865325927734e-02
-2.327091805636882782e-02
-2.525983937084674835e-02
-2.368812263011932373e-02
-2.540439553558826447e-02
-2.280879206955432892e-02
-2.277618832886219025e-02
-2.266192436218261719e-02
-2.399550937116146088e-02
-2.471923828125000000e-02
-3.038549982011318207e-02
-2.761993184685707092e-02
-2.418029308319091797e-02
-2.918929606676101685e-02
-3.632206097245216370e-02
-4.357738792896270752e-02
-4.897270724177360535e-02
-4.881515726447105408e-02
-5.165640637278556824e-02
-4.707438126206398010e-02
-4.395931959152221680e-02
-4.659442231059074402e-02
-4.671734198927879333e-02
-4.941602423787117004e-02
-4.700480401515960693e-02
-4.393524676561355591e-02
-3.904138505458831787e-02
-3.192371129989624023e-02
-2.422875724732875824e-02
-2.169929631054401398e-02
-2.449284121394157410e-02
-2.448932081460952759e-02
-2.265276387333869934e-02
-2.466694079339504242e-02
-2.421789430081844330e-02
-2.522384747862815857e-02
-2.486548572778701782e-02
-2.690538205206394196e-02
-2.623113617300987244e-02
-2.852698229253292084e-02
-4.078382253646850586e-02
-5.060801655054092407e-02
-6.476885825395584106e-02
-6.877963244915008545e-02
-7.788262516260147095e-02
-7.596594095230102539e-02
-8.210309594869613647e-02
-7.175301760435104370e-02
-6.946620345115661621e-02
-7.056880742311477661e-02
-6.833113729953765869e-02
-6.502787768840789795e-02
-6.605868786573410034e-02
-7.493382692337036133e-02
-6.431821733713150024e-02
-5.259075015783309937e-02
-3.987105563282966614e-02
-2.470165491104125977e-02
-2.002487890422344208e-02
-2.383849769830703735e-02
-2.328117191791534424e-02
-2.390715293586254120e-02
-2.386186085641384125e-02
-2.491154707968235016e-02
-2.597902156412601471e-02
-2.906106226146221161e-02
-3.490878641605377197e-02
-4.396181926131248474e-02
-5.842753499746322632e-02
-6.471371650695800781e-02
-7.388743013143539429e-02
-7.920468598604202271e-02
-6.161032617092132568e-02
-5.537603422999382019e-02
-4.055580496788024902e-02
-2.189282514154911041e-02
-2.523973211646080017e-02
-1.446251571178436279e-02
-2.503960393369197845e-02
-3.682655096054077148e-02
-5.583992227911949158e-02
-7.036143541336059570e-02
-7.386407256126403809e-02
-6.061434373259544373e-02
-4.150651395320892334e-02
-3.257031738758087158e-02
-2.242767065763473511e-02
-2.130321599543094635e-02
-2.339377813041210175e-02
-2.220806479454040527e-02
-2.254434488713741302e-02
-2.618757076561450958e-02
-2.420619688928127289e-02
-3.457577154040336609e-02
-5.132578685879707336e-02
-6.128144636750221252e-02
-7.064381241798400879e-02
-7.805330306291580200e-02
-6.698078662157058716e-02
-5.646742507815361023e-02
-4.287511855363845825e-02
-4.179575294256210327e-02
-2.739142999053001404e-02
-1.247302629053592682e-02
-1.258122734725475311e-02
-2.234870754182338715e-02
-1.885250955820083618e-02
-3.171081095933914185e-02
-5.428210273385047913e-02
-7.484596222639083862e-02
-9.676681458950042725e-02
-7.855130732059478760e-02
-6.130048260092735291e-02
-3.843209147453308105e-02
-2.668445557355880737e-02
-2.061401866376399994e-02
-2.441478520631790161e-02
-2.264317497611045837e-02
-2.509897388517856598e-02
-2.427791059017181396e-02
-2.730883285403251648e-02
-4.085445031523704529e-02
-5.642040446400642395e-02
-7.132767140865325928e-02
-8.879720419645309448e-02
-7.877434790134429932e-02
-5.916745588183403015e-02
-4.531439393758773804e-02
-3.136140480637550354e-02
-1.656711101531982422e-02
-1.931791007518768311e-02
-1.607255823910236359e-02
-7.875216193497180939e-03
-1.146527845412492752e-02
-1.312227826565504074e-02
-1.858333870768547058e-02
-4.080395027995109558e-02
-5.348532274365425110e-02
-7.112927734851837158e-02
-7.072988897562026978e-02
-6.441895663738250732e-02
-4.193278774619102478e-02
-3.048855811357498169e-02
-1.885912753641605377e-02
-2.449322491884231567e-02
-2.383781969547271729e-02
-2.440955862402915955e-02
-2.378346212208271027e-02
-2.937047928571701050e-02
-4.283093288540840149e-02
-6.163034215569496155e-02
-7.456211000680923462e-02
-8.094462007284164429e-02
-6.200351193547248840e-02
-4.360518231987953186e-02
-2.792447619140148163e-02
-1.654354669153690338e-02
-1.016127225011587143e-02
-6.269612815231084824e-03
-2.027678489685058594e-02
-2.344431914389133453e-02
-4.792732652276754379e-03
-1.725827343761920929e-02
-1.706300675868988037e-02
-2.781944721937179565e-02
-4.618118703365325928e-02
-5.946127325296401978e-02
-5.966822057962417603e-02
-6.309921294450759888e-02
-4.452401027083396912e-02
-3.244483843445777893e-02
-2.142133563756942749e-02
-2.629931643605232239e-02
-2.247162163257598877e-02
-2.386214211583137512e-02
-2.480698563158512115e-02
-3.197174891829490662e-02
-4.278418049216270447e-02
-5.495201051235198975e-02
-7.705194503068923950e-02
-7.545741647481918335e-02
-6.205103546380996704e-02
-2.904121391475200653e-02
-1.915121451020240784e-02
-1.693892106413841248e-02
-1.345726195722818375e-02
-1.963155344128608704e-02
-2.148839272558689117e-02
-1.639453694224357605e-02
-1.725021190941333771e-02
-5.436574574559926987e-03
-1.056374516338109970e-02
-2.266718260943889618e-02
-4.252208769321441650e-02
-5.435208603739738464e-02
-5.482625588774681091e-02
-5.610493943095207214e-02
-4.637731984257698059e-02
-3.225735947489738464e-02
-2.183283865451812744e-02
-2.466318756341934204e-02
-2.303730882704257965e-02
-2.203545905649662018e-02
-2.446772716939449310e-02
-3.199852630496025085e-02
-3.819068148732185364e-02
-5.821169912815093994e-02
-8.177146315574645996e-02
-8.298098295927047729e-02
-6.456810981035232544e-02
-2.745057642459869385e-02
-7.515807170420885086e-03
-8.470780216157436371e-03
-1.454487256705760956e-02
-3.365165367722511292e-02
-2.264818921685218811e-02
-8.930128067731857300e-03
-1.176257617771625519e-02
-9.731342084705829620e-03
-2.484109625220298767e-02
-3.139625862240791321e-02
-4.476064443588256836e-02
-4.731161147356033325e-02
-5.180509015917778015e-02
-5.029515549540519714e-02
-4.568020254373550415e-02
-3.058657608926296234e-02
-1.919233985245227814e-02
-2.401614561676979065e-02
-2.439743280410766602e-02
-2.371072582900524139e-02
-2.381130680441856384e-02
-3.071826323866844177e-02
-3.933329135179519653e-02
-6.625249236822128296e-02
-8.223373442888259888e-02
-8.898282051086425781e-02
-6.997101008892059326e-02
-4.844954982399940491e-02
-1.776359789073467255e-02
-1.073634438216686249e-02
-2.333875559270381927e-02
-2.363366447389125824e-02
-1.481632422655820847e-02
-1.246287114918231964e-02
-1.069729682058095932e-02
-2.820797823369503021e-02
-2.669432386755943298e-02
-3.613589704036712646e-02
-4.258451238274574280e-02
-5.400114133954048157e-02
-5.187681689858436584e-02
-4.878128319978713989e-02
-4.860255122184753418e-02
-2.537346817553043365e-02
-1.930949464440345764e-02
-2.481198310852050781e-02
-2.182231284677982330e-02
-2.377123758196830750e-02
-2.600804530084133148e-02
-3.026882000267505646e-02
-4.397542774677276611e-02
-6.995962560176849365e-02
-8.646658807992935181e-02
-9.799387305974960327e-02
-8.827201277017593384e-02
-5.290876328945159912e-02
-2.402583137154579163e-02
-1.589194126427173615e-02
-1.932019926607608795e-02
-1.342356298118829727e-02
-1.614833064377307892e-02
-1.283211540430784225e-02
-1.223396044224500656e-02
-1.832702942192554474e-02
-3.501132875680923462e-02
-3.654602169990539551e-02
-4.719459265470504761e-02
-5.662628263235092163e-02
-6.246504560112953186e-02
-6.107274442911148071e-02
-4.589262604713439941e-02
-2.008712850511074066e-02
-2.166672609746456146e-02
-2.484701201319694519e-02
-2.386585623025894165e-02
-2.529246360063552856e-02
-2.473634295165538788e-02
-3.042443841695785522e-02
-4.341958090662956238e-02
-6.993772089481353760e-02
-9.106858819723129272e-02
-1.024456694722175598e-01
-9.082232415676116943e-02
-5.595293641090393066e-02
-2.979152090847492218e-02
-2.001271396875381470e-02
-1.302845962345600128e-02
-1.505169086158275604e-02
-9.313190355896949768e-03
-2.122495882213115692e-02
-3.557742387056350708e-02
-3.651033714413642883e-02
-2.947786822915077209e-02
-4.265941306948661804e-02
-6.010465323925018311e-02
-5.851893872022628784e-02
-6.721739470958709717e-02
-6.828606128692626953e-02
-4.446844011545181274e-02
-2.478379197418689728e-02
-1.876799575984477997e-02
-2.268324606120586395e-02
-2.322471514344215393e-02
-2.470214106142520905e-02
-2.705658040940761566e-02
-3.100329451262950897e-02
-4.097084701061248779e-02
-7.304026931524276733e-02
-9.305245429277420044e-02
-1.141340211033821106e-01
-9.146676957607269287e-02
-4.961392655968666077e-02
-3.130864724516868591e-02
-2.922044880688190460e-02
-2.583304792642593384e-02
-2.303609251976013184e-02
-2.462744340300559998e-02
-3.020904585719108582e-02
-1.844663918018341064e-02
-3.109556250274181366e-02
-3.850026801228523254e-02
-4.519081115722656250e-02
-6.543702632188796997e-02
-6.679163873195648193e-02
-7.289536297321319580e-02
-6.809881329536437988e-02
-5.077525600790977478e-02
-2.442102320492267609e-02
-2.011144720017910004e-02
-2.249914035201072693e-02
-2.361694723367691040e-02
-2.443336695432662964e-02
-2.565302141010761261e-02
-2.814497612416744232e-02
-4.407570138573646545e-02
-7.835723459720611572e-02
-9.554773569107055664e-02
-1.048306226730346680e-01
-8.293584734201431274e-02
-4.558869451284408569e-02
-2.441459894180297852e-02
-1.937356591224670410e-02
-2.772076241672039032e-02
-2.629364840686321259e-02
-1.820567063987255096e-02
-2.017849311232566833e-02
-1.835377328097820282e-02
-1.645647920668125153e-02
-3.171247616410255432e-02
-5.442099273204803467e-02
-6.705710291862487793e-02
-6.676793098449707031e-02
-7.970099896192550659e-02
-7.719392329454421997e-02
-4.997313395142555237e-02
-2.353051118552684784e-02
-2.110333181917667389e-02
-2.406170777976512909e-02
-2.324276976287364960e-02
-2.470775693655014038e-02
-2.320683002471923828e-02
-2.903698198497295380e-02
-4.984591901302337646e-02
-8.244302868843078613e-02
-1.006276980042457581e-01
-9.374726563692092896e-02
-7.662184536457061768e-02
-5.462136864662170410e-02
-3.496105968952178955e-02
-2.223165705800056458e-02
-1.791445538401603699e-02
-1.555503066629171371e-02
-1.214892696589231491e-02
-5.566784180700778961e-03
-1.382792741060256958e-02
-1.910670846700668335e-02
-3.028498589992523193e-02
-5.955207720398902893e-02
-7.596690207719802856e-02
-7.393523305654525757e-02
-7.607240974903106689e-02
-7.674286514520645142e-02
-5.344278737902641296e-02
-2.638825960457324982e-02
-2.002147026360034943e-02
-2.238886058330535889e-02
-2.337052300572395325e-02
-2.393507026135921478e-02
-2.266317978501319885e-02
-3.087087161839008331e-02
-5.706908926367759705e-02
-8.885908871889114380e-02
-9.983088821172714233e-02
-8.322525024414062500e-02
-5.756210908293724060e-02
-4.087587073445320129e-02
-3.699026629328727722e-02
-2.422826364636421204e-02
-6.796902976930141449e-03
-7.076902315020561218e-03
-9.102215990424156189e-03
-1.816597022116184235e-02
-1.440532039850950241e-02
-1.191421784460544586e-02
-3.990486264228820801e-02
-5.731198191642761230e-02
-7.161169499158859253e-02
-7.464419305324554443e-02
-8.207356929779052734e-02
-7.683643698692321777e-02
-5.696916580200195312e-02
-3.339278325438499451e-02
-2.001282572746276855e-02
-2.253586240112781525e-02
-2.449441514909267426e-02
-2.312489785254001617e-02
-2.337563969194889069e-02
-3.432252630591392517e-02
-6.319385766983032227e-02
-9.193001687526702881e-02
-9.003534168004989624e-02
-7.298510521650314331e-02
-5.727948620915412903e-02
-3.823505714535713196e-02
-3.679087758064270020e-02
-2.887305989861488342e-02
-1.341503113508224487e-02
-7.425542455166578293e-03
-2.796386741101741791e-02
-2.175927162170410156e-02
-1.332773268222808838e-02
-1.841703429818153381e-02
-2.959427610039710999e-02
-5.977346003055572510e-02
-7.253175228834152222e-02
-7.720036804676055908e-02
-8.695736527442932129e-02
-7.909464836120605469e-02
-5.494790896773338318e-02
-3.400176391005516052e-02
-2.121616713702678680e-02
-2.352068573236465454e-02
-2.318255417048931122e-02
-2.233815379440784454e-02
-2.460299432277679443e-02
-4.298674687743186951e-02
-6.833567470312118530e-02
-9.729605913162231445e-02
-8.451988548040390015e-02
-7.167857885360717773e-02
-5.030681937932968140e-02
-3.797913342714309692e-02
-3.745938092470169067e-02
-2.370714023709297180e-02
-2.283627912402153015e-02
-2.650619857013225555e-02
-3.278017789125442505e-02
-2.681286260485649109e-02
-1.952569559216499329e-02
-1.896966993808746338e-02
-3.620048984885215759e-02
-6.836970150470733643e-02
-7.877783477306365967e-02
-7.734837383031845093e-02
-8.294603228569030762e-02
-7.022330909967422485e-02
-4.751830175518989563e-02
-3.339592739939689636e-02
-2.178228832781314850e-02
-2.458890341222286224e-02
-2.378195337951183319e-02
-2.364388108253479004e-02
-2.417212352156639099e-02
-3.879555687308311462e-02
-6.038809940218925476e-02
-8.456202596426010132e-02
-9.327965229749679565e-02
-7.855957746505737305e-02
-5.960176885128021240e-02
-4.451835155487060547e-02
-2.541539818048477173e-02
-1.939907297492027283e-02
-1.241399720311164856e-02
-2.675984427332878113e-02
-2.648197859525680542e-02
-3.167609125375747681e-02
-3.039965964853763580e-02
-3.456833958625793457e-02
-4.358803108334541321e-02
-6.608266383409500122e-02
-7.624668627977371216e-02
-8.091597259044647217e-02
-6.621174514293670654e-02
-5.140082538127899170e-02
-4.201671481132507324e-02
-2.896534092724323273e-02
-2.287051826715469360e-02
-2.342494949698448181e-02
-2.401044778525829315e-02
-2.493051439523696899e-02
-2.406815439462661743e-02
-3.773293644189834595e-02
-5.835080146789550781e-02
-6.835646927356719971e-02
-9.217922389507293701e-02
-8.497321605682373047e-02
-5.614344403147697449e-02
-3.228146210312843323e-02
-2.276241593062877655e-02
-8.864893577992916107e-03
-1.844626665115356445e-02
-3.034774400293827057e-02
-2.607444301247596741e-02
-2.275450341403484344e-02
-3.102324716746807098e-02
-3.134644404053688049e-02
-4.724015295505523682e-02
-7.095060497522354126e-02
-7.906379550695419312e-02
-7.454966753721237183e-02
-5.457464605569839478e-02
-4.515884071588516235e-02
-3.409779816865921021e-02
-2.525406517088413239e-02
-2.513766288757324219e-02
-2.329178526997566223e-02
-2.322288788855075836e-02
-2.474467642605304718e-02
-2.349464222788810730e-02
-3.160140663385391235e-02
-4.805770143866539001e-02
-5.363354459404945374e-02
-7.753887772560119629e-02
-6.928817927837371826e-02
-4.677406698465347290e-02
-3.023726865649223328e-02
-1.969472877681255341e-02
-2.192993275821208954e-02
-2.352282777428627014e-02
-2.042657136917114258e-02
-1.954105682671070099e-02
-1.623068004846572876e-02
-2.503032423555850983e-02
-4.321667179465293884e-02
-5.076040700078010559e-02
-7.149527221918106079e-02
-7.852858304977416992e-02
-6.032078713178634644e-02
-4.738185554742813110e-02
-3.859951347112655640e-02
-2.687310241162776947e-02
-2.621745504438877106e-02
-2.465717680752277374e-02
-2.271760627627372742e-02
-2.311947010457515717e-02
-2.358374372124671936e-02
-2.274074591696262360e-02
-2.725879848003387451e-02
-3.762064129114151001e-02
-4.281262680888175964e-02
-4.557162150740623474e-02
-4.667729884386062622e-02
-2.906320989131927490e-02
-1.279568858444690704e-02
-1.923335157334804535e-02
-1.596590690314769745e-02
-1.710351556539535522e-02
-1.015485730022192001e-02
-1.874534040689468384e-02
-2.271047979593276978e-02
-2.493773214519023895e-02
-3.796368464827537537e-02
-5.170751735568046570e-02
-6.988430768251419067e-02
-6.682455539703369141e-02
-5.182186141610145569e-02
-4.167933017015457153e-02
-3.133215010166168213e-02
-2.847201190888881683e-02
-2.784004062414169312e-02
-2.418929524719715118e-02
-2.228403091430664062e-02
-2.193952910602092743e-02
-2.318167500197887421e-02
-2.584903500974178314e-02
-2.166264690458774567e-02
-2.677173726260662079e-02
-3.028509765863418579e-02
-3.390122205018997192e-02
-2.828307077288627625e-02
-2.236049808561801910e-02
-1.942574977874755859e-02
-1.696035079658031464e-02
-1.436373405158519745e-02
-1.918677240610122681e-02
-1.715503260493278503e-02
-2.679232321679592133e-02
-3.195615485310554504e-02
-3.692746907472610474e-02
-4.655937477946281433e-02
-5.463993921875953674e-02
-5.494512617588043213e-02
-5.063184723258018494e-02
-3.963118791580200195e-02
-3.185436129570007324e-02
-2.722202986478805542e-02
-2.586143463850021362e-02
-2.356111444532871246e-02
-2.177022211253643036e-02
-2.412125281989574432e-02
-2.329287491738796234e-02
-2.342072501778602600e-02
-2.347274310886859894e-02
-2.538956142961978912e-02
-2.374342642724514008e-02
-2.293392643332481384e-02
-2.207201346755027771e-02
-2.698496170341968536e-02
-3.438379988074302673e-02
-4.294651374220848083e-02
-4.337963461875915527e-02
-3.934883326292037964e-02
-4.174407571554183960e-02
-4.602859541773796082e-02
-4.541799426078796387e-02
-4.421551153063774109e-02
-4.735397547483444214e-02
-4.153780639171600342e-02
-4.192033037543296814e-02
-4.270108416676521301e-02
-3.884731978178024292e-02
-3.221856430172920227e-02
-2.833497896790504456e-02
-2.632219903171062469e-02
-2.793467417359352112e-02
-2.382830902934074402e-02
-2.155032381415367126e-02
-2.357484027743339539e-02
-2.135140448808670044e-02
-2.304702065885066986e-02
-2.286526933312416077e-02
-2.319652959704399109e-02
-2.544105239212512970e-02
-2.121679298579692841e-02
-1.855937391519546509e-02
-2.187083475291728973e-02
-2.718298695981502533e-02
-2.928355522453784943e-02
-3.069800324738025665e-02
-3.357544168829917908e-02
-3.408424556255340576e-02
-3.829298913478851318e-02
-3.705871105194091797e-02
-3.571670874953269958e-02
-3.539625182747840881e-02
-3.336048126220703125e-02
-3.066133707761764526e-02
-2.804756164550781250e-02
-2.698575519025325775e-02
-2.359191328287124634e-02
-2.727912738919258118e-02
-2.492195367813110352e-02
-2.372421324253082275e-02
-2.264998294413089752e-02
-2.364447712898254395e-02
-2.208606526255607605e-02
-2.193595096468925476e-02
-2.338883280754089355e-02
-2.259550988674163818e-02
-2.381726540625095367e-02
-2.442386001348495483e-02
-2.495179139077663422e-02
-2.507753297686576843e-02
-2.090724743902683258e-02
-2.034012228250503540e-02
-2.041169442236423492e-02
-1.908191293478012085e-02
-2.051597647368907928e-02
-2.128108404576778412e-02
-2.156140655279159546e-02
-2.238484658300876617e-02
-2.317619696259498596e-02
-2.373725362122058868e-02
-2.211668342351913452e-02
-2.224567718803882599e-02
-2.347556315362453461e-02
-2.571177855134010315e-02
-2.278107777237892151e-02
-2.337287366390228271e-02
-2.256698906421661377e-02
-2.250014059245586395e-02
-2.359846048057079315e-02
-2.265818417072296143e-02
-2.301455661654472351e-02
