-4.472136031836271286e-03
2.485171519219875336e-02
5.921538546681404114e-02
2.763249725103378296e-02
6.668787136732134968e-06
3.121040388941764832e-02
5.104741454124450684e-02
1.507506817579269409e-01
4.994996264576911926e-02
5.915867630392313004e-03
5.205713585019111633e-02
-2.382178232073783875e-02
4.493691399693489075e-02
1.956913806498050690e-02
3.919414058327674866e-02
4.875855147838592529e-02
6.420902442187070847e-03
1.105535682290792465e-02
1.648043841123580933e-02
4.073168965987861156e-04
8.568371832370758057e-02
-1.081826072186231613e-02
5.468630418181419373e-02
-1.806592345237731934e-01
3.871438652276992798e-02
1.906173862516880035e-02
1.409089565277099609e-02
-1.276110671460628510e-02
3.619582578539848328e-02
-1.726451911963522434e-03
2.960528060793876648e-02
3.705106303095817566e-02
9.495766833424568176e-03
1.132418587803840637e-02
2.494763955473899841e-02
7.123849540948867798e-02
-7.274365425109863281e-02
5.017115175724029541e-02
2.759774401783943176e-02
3.039332479238510132e-02
3.577502816915512085e-02
4.935583472251892090e-02
3.707755357027053833e-02
7.538328319787979126e-02
2.076871506869792938e-02
5.853815749287605286e-02
3.255354613065719604e-02
-8.818736299872398376e-03
-1.779835224151611328e-01
1.837477274239063263e-02
2.908819727599620819e-02
1.367000979371368885e-03
2.024941593408584595e-01
6.480358541011810303e-02
-1.179634481668472290e-01
3.938876837491989136e-02
8.829226344823837280e-02
1.079253479838371277e-02
1.162921078503131866e-02
2.007539197802543640e-02
-8.966502733528614044e-03
4.335480183362960815e-02
9.863158687949180603e-03
7.904290407896041870e-02
6.810205429792404175e-02
2.951907552778720856e-02
8.455882966518402100e-02
1.916275732219219208e-02
6.454173475503921509e-02
2.218644320964813232e-02
2.436551963910460472e-03
-1.814178004860877991e-02
2.947388775646686554e-02
3.550722962245345116e-03
4.125080630183219910e-02
3.174160793423652649e-02
6.153558567166328430e-02
5.408310890197753906e-02
1.916218432597815990e-03
-3.040261752903461456e-02
5.284171551465988159e-02
-2.078774385154247284e-02
-2.945821359753608704e-02
-1.093913093209266663e-01
2.880205027759075165e-02
1.852786168456077576e-02
6.106006726622581482e-02
-7.325244694948196411e-02
3.944341465830802917e-02
7.484367815777659416e-04
4.858075827360153198e-02
-5.600801086984574795e-04
-4.631604999303817749e-02
1.273245643824338913e-02
6.776756048202514648e-02
2.712593181058764458e-03
6.825445219874382019e-03
4.489719285629689693e-04
1.102638915181159973e-01
6.147753819823265076e-02
3.676626831293106079e-02
1.667521893978118896e-02
2.086033299565315247e-02
2.833608165383338928e-02
3.738669306039810181e-02
4.252415895462036133e-02
1.408808398991823196e-02
3.828053548932075500e-02
3.459632769227027893e-02
3.230118378996849060e-02
1.175995767116546631e-01
1.436906983144581318e-03
-1.008148305118083954e-02
4.835743457078933716e-02
1.391849666833877563e-02
-7.838046178221702576e-03
5.446075461804866791e-03
5.915315821766853333e-02
3.015036927536129951e-04
2.207650989294052124e-02
4.708974063396453857e-02
4.973291978240013123e-02
2.193644084036350250e-02
8.803693205118179321e-02
4.428661614656448364e-02
3.348280861973762512e-02
1.543602207675576210e-03
-9.249192476272583008e-02
-1.065591201186180115e-01
2.648587897419929504e-02
1.060215458273887634e-01
-1.855062693357467651e-01
1.117671560496091843e-02
3.694025427103042603e-02
-2.551507391035556793e-02
5.729060992598533630e-02
6.726481020450592041e-02
9.732975810766220093e-02
1.181771904230117798e-01
-1.780927032232284546e-01
3.220669925212860107e-02
2.178684063255786896e-02
7.018636912107467651e-02
1.707043033093214035e-03
7.190301269292831421e-02
7.680644094944000244e-02
6.402853131294250488e-02
6.284401565790176392e-02
-6.842484325170516968e-02
1.971453428268432617e-01
8.511908352375030518e-02
-8.567715436220169067e-02
7.123912125825881958e-02
4.340557381510734558e-02
1.986755430698394775e-02
-9.615127928555011749e-03
4.456704854965209961e-02
2.659435942769050598e-02
2.291477471590042114e-02
2.453634515404701233e-03
1.540520321577787399e-02
4.886654019355773926e-02
2.113713184371590614e-03
4.081214219331741333e-02
3.112645819783210754e-02
3.321844339370727539e-02
5.667769908905029297e-02
2.084508165717124939e-02
1.657325628912076354e-04
7.723148167133331299e-02
4.683824256062507629e-02
2.220584079623222351e-02
3.037900850176811218e-02
2.078280225396156311e-02
-7.640965282917022705e-02
7.272589206695556641e-02
3.815638646483421326e-02
1.106195971369743347e-01
-7.480251952074468136e-06
3.171367198228836060e-02
4.662029445171356201e-02
-3.061561472713947296e-02
-5.561352707445621490e-03
1.813380979001522064e-02
1.813774555921554565e-02
-2.236567996442317963e-02
7.935011759400367737e-03
3.096076101064682007e-02
1.127790100872516632e-02
-5.150097887963056564e-03
1.169709563255310059e-01
2.543811313807964325e-02
4.985731840133666992e-02
4.572151694446802139e-03
-2.114099636673927307e-02
4.858159273862838745e-02
1.881218701601028442e-02
5.614386126399040222e-02
-1.032768003642559052e-02
6.637257337570190430e-02
-2.205603569746017456e-02
5.165819451212882996e-02
6.663614511489868164e-02
2.816013433039188385e-02
7.459551841020584106e-02
9.507801383733749390e-02
5.475794314406812191e-04
-1.949666067957878113e-02
2.281271666288375854e-02
4.545164480805397034e-02
6.242020055651664734e-02
6.549359112977981567e-02
4.023782536387443542e-02
1.021945178508758545e-01
2.452722936868667603e-02
9.559175372123718262e-02
1.256446447223424911e-02
7.156190276145935059e-02
7.861252874135971069e-02
-3.415530174970626831e-02
6.488685961812734604e-03
6.167346984148025513e-02
1.802793890237808228e-02
8.277975767850875854e-02
1.447393465787172318e-02
6.323371082544326782e-02
4.424628615379333496e-02
-2.861582301557064056e-02
2.647297829389572144e-02
1.675159484148025513e-02
1.944273710250854492e-01
2.375748753547668457e-02
3.721384331583976746e-02
1.181359309703111649e-02
-2.705598063766956329e-02
6.997334770858287811e-03
3.095982223749160767e-02
5.699849501252174377e-02
4.506289027631282806e-03
-4.515584185719490051e-02
3.568202257156372070e-02
6.728082895278930664e-02
4.495129454880952835e-03
6.823530793190002441e-02
1.112428158521652222e-01
1.690627448260784149e-02
5.374364554882049561e-02
1.135929673910140991e-02
-3.465179726481437683e-02
4.037662595510482788e-02
-8.745897561311721802e-03
2.942871488630771637e-02
7.174303289502859116e-03
3.293836489319801331e-02
1.619959995150566101e-02
-4.693912342190742493e-02
1.197498291730880737e-02
2.867381833493709564e-02
2.800257503986358643e-02
4.181977733969688416e-02
4.243776574730873108e-02
2.256977185606956482e-02
1.596007943153381348e-01
1.087153889238834381e-02
6.696610152721405029e-02
3.438458964228630066e-02
1.967328228056430817e-02
3.169661015272140503e-02
1.023980677127838135e-01
1.925733289681375027e-03
-2.522155700717121363e-04
-4.316543415188789368e-02
2.009433507919311523e-02
4.605407640337944031e-02
4.809000715613365173e-02
4.987687990069389343e-02
2.088451199233531952e-02
5.887103080749511719e-02
7.909789681434631348e-02
-4.364976659417152405e-03
8.679960854351520538e-03
9.230840951204299927e-02
-4.743577912449836731e-03
5.105434730648994446e-02
2.473724633455276489e-02
2.100845053791999817e-02
6.392408162355422974e-02
5.509097129106521606e-02
-9.949832409620285034e-02
-1.353092044591903687e-01
8.144627325236797333e-03
1.004545316100120544e-01
3.483816608786582947e-02
-9.803983382880687714e-03
4.169230535626411438e-02
9.116275236010551453e-03
5.213577765971422195e-03
6.348147522658109665e-03
2.501738816499710083e-02
2.116312272846698761e-02
3.972029685974121094e-02
4.283739253878593445e-02
6.958041340112686157e-02
3.118676692247390747e-02
-4.127742350101470947e-02
1.076093968003988266e-02
6.398290395736694336e-02
1.289429217576980591e-01
2.106850966811180115e-02
5.359704419970512390e-02
1.511130481958389282e-02
2.636279910802841187e-02
4.786650836467742920e-02
-1.092536970973014832e-01
3.659898787736892700e-02
2.525195293128490448e-02
3.805041611194610596e-01
1.245516259223222733e-02
-8.264313451945781708e-03
1.244804449379444122e-02
4.106705076992511749e-03
5.047510936856269836e-02
-4.625542089343070984e-02
-1.277248188853263855e-02
2.133115679025650024e-01
3.345511853694915771e-02
2.211801707744598389e-02
4.901139531284570694e-03
2.752671716734766960e-03
8.284692466259002686e-02
1.908730342984199524e-02
1.014180481433868408e-02
3.316199034452438354e-02
1.474490165710449219e-01
-7.889967411756515503e-02
5.945083871483802795e-02
2.237457223236560822e-02
-1.641246672079432756e-05
5.368179455399513245e-02
1.505430135875940323e-02
5.826166830956935883e-03
3.146785125136375427e-02
-3.300446318462491035e-03
5.708925798535346985e-02
4.979264363646507263e-02
4.582072794437408447e-02
-3.343247994780540466e-02
-1.676802057772874832e-03
6.350501626729965210e-02
1.406772341579198837e-02
1.059836428612470627e-02
2.856855466961860657e-02
1.228277757763862610e-02
2.118837274610996246e-02
5.207539722323417664e-02
9.578403830528259277e-02
-2.380553819239139557e-02
1.329443976283073425e-02
2.606613270472735167e-04
-1.698180660605430603e-02
5.765947699546813965e-02
2.130135148763656616e-02
2.219709381461143494e-02
6.403996795415878296e-02
9.526174515485763550e-03
1.810351386666297913e-02
1.029745638370513916e-01
2.034622579813003540e-01
-5.796235799789428711e-02
4.616844654083251953e-02
8.681725710630416870e-02
2.827375009655952454e-02
1.262963283807039261e-02
3.309328481554985046e-02
4.545224457979202271e-02
4.633476585149765015e-02
-5.565301701426506042e-02
-3.146089613437652588e-01
2.347840741276741028e-02
4.116430878639221191e-02
5.910498439334332943e-04
2.220384962856769562e-02
-7.306772470474243164e-02
1.629149466753005981e-01
3.063643164932727814e-02
9.184768795967102051e-02
3.708545491099357605e-02
7.644523680210113525e-02
-1.778559945523738861e-02
1.429195553064346313e-01
4.277677461504936218e-02
5.971563607454299927e-02
3.957303613424301147e-02
6.179602071642875671e-02
2.787815593183040619e-02
6.965540349483489990e-02
-3.885964304208755493e-02
-2.443354763090610504e-02
2.158105187118053436e-02
3.021403960883617401e-02
