-9.825566411018371582e-02 -1.770658046007156372e-01 -9.329393506050109863e-02 -1.658374965190887451e-01 -1.867005079984664917e-01 -5.161941796541213989e-02 -1.256713867187500000e-01 -1.381225138902664185e-01 -6.714988499879837036e-02 -1.063473895192146301e-01
-8.660858869552612305e-02 1.313033886253833771e-02 -5.997829139232635498e-02 -1.378351449966430664e-01 2.314928770065307617e-01 -2.106425017118453979e-01 -1.255880892276763916e-01 4.205490276217460632e-02 -1.224580314010381699e-02 -7.203457504510879517e-02
3.128029033541679382e-02 -1.288278773427009583e-02 -2.144609391689300537e-02 3.315916750580072403e-03 2.065075375139713287e-02 -5.934975668787956238e-02 -4.318472370505332947e-02 -5.215395614504814148e-02 -1.722108423709869385e-01 -8.230021595954895020e-02
4.429394602775573730e-01 -8.187716454267501831e-02 -2.429863363504409790e-01 1.342023313045501709e-01 -5.800046399235725403e-02 4.043294489383697510e-01 1.579950153827667236e-01 -2.464207708835601807e-01 1.586727052927017212e-01 -8.905345201492309570e-02
-7.960765808820724487e-02 -1.249405294656753540e-01 -1.331523358821868896e-01 -4.696809127926826477e-02 -1.862921565771102905e-01 -1.726595014333724976e-01 -1.522445976734161377e-01 -1.527225375175476074e-01 -8.474265784025192261e-02 -1.861158385872840881e-02
-1.185624077916145325e-01 4.173146486282348633e-01 -1.009259000420570374e-01 -1.409228742122650146e-01 -1.205175891518592834e-01 -1.476597785949707031e-01 -1.987572312355041504e-01 -3.272721171379089355e-02 -2.088128775358200073e-01 -5.557699874043464661e-02
-8.593095093965530396e-02 2.823604829609394073e-02 6.547650694847106934e-02 9.415104053914546967e-03 2.865725662559270859e-03 -4.750211536884307861e-02 -9.862561523914337158e-02 6.820751819759607315e-03 2.200494892895221710e-02 -1.111155524849891663e-01
9.487985819578170776e-02 -7.051524706184864044e-03 -1.640807986259460449e-01 -5.089502409100532532e-02 -1.149594262242317200e-01 -9.530095010995864868e-02 -1.161770150065422058e-01 -2.573470771312713623e-02 -1.324041187763214111e-01 -1.816634535789489746e-01
-1.447783112525939941e-01 -1.538649797439575195e-01 -4.168712534010410309e-03 -1.355586349964141846e-01 -1.908124238252639771e-01 2.015991806983947754e-01 -8.986427634954452515e-02 -1.147434115409851074e-03 -1.337569504976272583e-01 -1.397692481987178326e-03
2.912157177925109863e-01 3.585813194513320923e-02 -1.892560869455337524e-01 -1.517914384603500366e-01 -1.663630306720733643e-01 -4.270187765359878540e-02 -2.379564046859741211e-01 -5.894837528467178345e-02 -4.327839612960815430e-02 -1.771565675735473633e-01
-1.789651960134506226e-01 -1.174327433109283447e-01 -7.362008839845657349e-02 -2.260479703545570374e-02 -3.070473484694957733e-02 -3.691187500953674316e-02 -5.484462156891822815e-02 -8.004409261047840118e-03 -6.349036842584609985e-02 1.420406699180603027e-01
-1.164944693446159363e-01 -1.790511794388294220e-02 -2.934648655354976654e-02 -2.713612839579582214e-02 5.584812909364700317e-02 -7.010205090045928955e-02 6.102484837174415588e-02 -1.758295446634292603e-01 -3.320505470037460327e-02 -2.100856900215148926e-01
-8.047474175691604614e-02 -1.171827390789985657e-01 -5.835885554552078247e-02 3.650523349642753601e-02 -1.485453397035598755e-01 -4.866878315806388855e-02 -1.301915794610977173e-01 -1.637335717678070068e-01 -1.383839696645736694e-01 -5.697216838598251343e-02
-1.836552321910858154e-01 -1.419783532619476318e-01 2.298199944198131561e-02 -6.550092995166778564e-02 -1.763952821493148804e-01 -3.104577772319316864e-02 4.688217490911483765e-02 -2.752553485333919525e-02 -1.357388645410537720e-01 1.332580447196960449e-01
-8.156705647706985474e-02 -1.153343543410301208e-01 -4.150347411632537842e-02 -1.218680590391159058e-01 -1.086381599307060242e-01 -1.062203347682952881e-01 -7.296059280633926392e-02 2.577827498316764832e-02 -1.182262897491455078e-01 -1.179505959153175354e-01
-7.880265265703201294e-02 -6.624210625886917114e-02 -1.659384667873382568e-01 -1.029888540506362915e-01 -1.319114565849304199e-01 -1.287066638469696045e-01 -1.172329485416412354e-01 -9.994349628686904907e-02 -9.111260622739791870e-02 -5.761848017573356628e-02
-5.353986099362373352e-02 9.878998994827270508e-02 -1.710081249475479126e-01 1.376965362578630447e-02 -1.416978091001510620e-01 -1.331228464841842651e-01 -5.558307841420173645e-02 -4.276081547141075134e-02 9.847684949636459351e-02 -2.009537070989608765e-02
-1.590469777584075928e-01 -1.304742041975259781e-02 -5.507332459092140198e-02 3.652112558484077454e-02 1.145815104246139526e-01 -6.877700984477996826e-02 8.763141930103302002e-02 -9.088860452175140381e-02 -1.637902259826660156e-01 1.440896559506654739e-02
4.409715160727500916e-02 -7.617498934268951416e-02 -7.372211664915084839e-02 -9.037665277719497681e-02 -1.497586965560913086e-01 -1.500530540943145752e-01 -9.914217889308929443e-02 -1.709312647581100464e-01 -9.790892899036407471e-02 -1.182111725211143494e-01
-6.408471614122390747e-02 2.724969573318958282e-02 -1.760212779045104980e-01 -3.902295231819152832e-02 -6.835402548313140869e-02 2.666746824979782104e-02 -1.178058534860610962e-01 2.125882916152477264e-02 -9.558753669261932373e-02 2.216326817870140076e-02
-3.246785327792167664e-02 -2.910978533327579498e-02 -1.831908673048019409e-01 5.414345860481262207e-02 -5.874451994895935059e-02 -6.555249541997909546e-02 -1.024302914738655090e-01 -1.510104238986968994e-01 -9.395575523376464844e-02 -2.021621018648147583e-01
-1.357482075691223145e-01 -4.691203311085700989e-02 -3.632314503192901611e-03 2.177059213863685727e-04 7.857395708560943604e-02 -1.600919663906097412e-01 -1.508048549294471741e-02 -1.363931894302368164e-01 -8.804373443126678467e-02 -3.644568473100662231e-02
2.813257090747356415e-02 -2.533965185284614563e-02 -1.863538622856140137e-01 -2.633040770888328552e-03 -1.137648597359657288e-01 -9.341672062873840332e-02 -1.186537370085716248e-01 -1.926093548536300659e-01 -1.595113873481750488e-01 -1.829757541418075562e-01
-9.991776943206787109e-02 -1.764546893537044525e-02 -2.510575391352176666e-02 -1.259581744670867920e-01 -1.794983744621276855e-01 -1.492303609848022461e-01 -1.739260554313659668e-01 -9.516085684299468994e-02 -1.119039356708526611e-01 5.193367600440979004e-02
-9.158949553966522217e-02 -1.368636935949325562e-01 5.621065497398376465e-01 -1.697738915681838989e-01 -1.346198767423629761e-01 -2.159295529127120972e-01 -1.669882237911224365e-01 3.743043169379234314e-03 -1.464620232582092285e-01 -1.804195493459701538e-01
-7.077671587467193604e-02 -1.286648120731115341e-02 -1.177163794636726379e-01 -1.602045148611068726e-01 -3.451220691204071045e-02 -1.630558222532272339e-01 -1.200206950306892395e-01 7.857116311788558960e-02 -1.367388963699340820e-01 -6.040432676672935486e-02
-5.465762317180633545e-02 -3.802094981074333191e-02 -1.765774190425872803e-01 -1.802626997232437134e-01 -1.676393449306488037e-01 -8.242581039667129517e-02 -1.078990250825881958e-01 -1.093811988830566406e-01 -1.028807684779167175e-01 -1.625340431928634644e-01
-1.003293618559837341e-01 -5.626007914543151855e-02 -7.564086467027664185e-02 -3.247231990098953247e-02 -1.609370708465576172e-01 -7.748771458864212036e-02 7.110278308391571045e-02 2.192972693592309952e-03 5.708155408501625061e-02 -8.808496408164501190e-03
-1.249155923724174500e-01 -1.597841233015060425e-01 -1.324690431356430054e-01 -1.826934069395065308e-01 8.007450960576534271e-03 6.311137974262237549e-02 -1.185140237212181091e-01 -1.430205553770065308e-01 -4.929796978831291199e-02 -1.711009889841079712e-01
-1.567103564739227295e-01 -1.248255819082260132e-01 -1.376071199774742126e-02 -3.780429065227508545e-02 7.737345993518829346e-02 -2.669396437704563141e-02 -3.642372786998748779e-02 7.628027815371751785e-03 -1.006682962179183960e-01 -4.812480509281158447e-02
-1.518098451197147369e-02 2.409361489117145538e-02 -8.602441102266311646e-02 -1.146178990602493286e-01 -1.162003842182457447e-03 -1.062984317541122437e-01 -6.630072742700576782e-02 -8.067841827869415283e-02 -2.990182861685752869e-02 5.905803292989730835e-02
-1.372937858104705811e-01 -1.327117085456848145e-01 2.283205650746822357e-02 -8.451200276613235474e-02 -8.103393018245697021e-02 -1.286489963531494141e-01 1.450219601392745972e-01 -1.823945492506027222e-01 -1.083039343357086182e-01 4.290185123682022095e-02
-1.817006804049015045e-02 2.156799193471670151e-03 -3.766404837369918823e-02 -4.535241052508354187e-02 -1.881027668714523315e-01 -1.800409555435180664e-01 -1.522749755531549454e-02 -1.762242317199707031e-01 -1.047828197479248047e-01 4.005447775125503540e-02
-5.279190093278884888e-02 9.451464749872684479e-03 -1.804890483617782593e-01 3.303013369441032410e-02 -5.816476047039031982e-02 -9.609945863485336304e-02 -7.782301306724548340e-02 -2.097669243812561035e-01 -1.243468895554542542e-01 -1.610669940710067749e-01
-1.224939897656440735e-01 -4.328872263431549072e-02 -1.967817544937133789e-01 -1.826115548610687256e-01 -3.666300326585769653e-02 4.425707831978797913e-02 -1.470803618431091309e-01 8.366511762142181396e-02 -3.805868327617645264e-02 -1.637468785047531128e-01
-9.088777750730514526e-02 -1.849183887243270874e-01 -4.743711650371551514e-02 -1.537592709064483643e-01 -1.428035795688629150e-01 -1.457735151052474976e-01 -9.483993798494338989e-02 -1.119593605399131775e-01 -7.921008765697479248e-02 -9.729200601577758789e-02
7.937505096197128296e-02 1.417931076139211655e-02 -1.869981884956359863e-01 -1.040538176894187927e-01 -2.929253131151199341e-02 6.035997997969388962e-03 -1.424505263566970825e-01 -1.365067511796951294e-01 -1.808615587651729584e-02 -1.535128057003021240e-01
-9.243377298116683960e-02 -1.878539472818374634e-01 -1.796817779541015625e-01 -1.664889156818389893e-01 -1.491156518459320068e-01 -5.079030245542526245e-02 -1.034346595406532288e-01 -8.039923012256622314e-02 -5.538187548518180847e-02 -1.621229350566864014e-01
-1.317162960767745972e-01 -2.071978002786636353e-01 -6.924213469028472900e-02 -2.241665869951248169e-01 -1.302373856306076050e-01 -1.123068258166313171e-01 -1.728252768516540527e-01 -9.313216805458068848e-02 4.025558829307556152e-01 -1.787164062261581421e-01
-8.913905173540115356e-02 -7.037778850644826889e-03 -2.806893363595008850e-02 -1.128196418285369873e-01 -5.779118090867996216e-02 -5.786323174834251404e-02 -3.567572310566902161e-02 5.219212919473648071e-02 -2.948619658127427101e-03 2.919107489287853241e-02
-7.436017692089080811e-02 -3.564364463090896606e-02 -7.740024477243423462e-02 -1.225986927747726440e-01 -3.661028668284416199e-02 -8.486622571945190430e-02 -4.498450551182031631e-03 -1.599128991365432739e-01 -8.305073529481887817e-02 7.014754414558410645e-02
-1.105588600039482117e-01 -1.410953402519226074e-01 -7.307603023946285248e-03 -6.794449687004089355e-02 -3.481099382042884827e-02 -1.577198505401611328e-01 -5.789045244455337524e-02 -2.881650999188423157e-02 -1.122549995779991150e-01 4.891024529933929443e-02
-9.831914305686950684e-02 -1.665081083774566650e-02 -2.006016224622726440e-01 -2.159123495221138000e-02 -1.281084269285202026e-01 -4.378237575292587280e-02 6.384605169296264648e-02 -7.757891714572906494e-02 9.095162153244018555e-02 -1.726086437702178955e-01
-8.020233362913131714e-02 -1.297453641891479492e-01 -2.645327895879745483e-02 -1.728779077529907227e-01 -1.874965280294418335e-01 -1.632069647312164307e-01 -1.060598418116569519e-01 -1.502009183168411255e-01 -8.139526098966598511e-02 -4.828050360083580017e-02
-1.329833567142486572e-01 -7.615499198436737061e-02 4.969274625182151794e-02 -5.022747814655303955e-02 -1.079618781805038452e-01 -1.322243213653564453e-01 -1.945199817419052124e-01 -3.285675048828125000e-01 -1.790241450071334839e-01 4.408868551254272461e-01
-2.667012624442577362e-02 -6.586191058158874512e-02 -5.838157143443822861e-03 3.163745393976569176e-03 -4.820214956998825073e-02 -2.189324609935283661e-02 -8.137538284063339233e-02 -1.578514873981475830e-01 -1.378524303436279297e-01 -9.621979296207427979e-02
-1.750886440277099609e-01 2.460897713899612427e-02 -4.442964494228363037e-02 8.064404129981994629e-02 -8.136743307113647461e-02 -1.531995087862014771e-01 -1.576425135135650635e-02 4.609324783086776733e-02 -6.843862682580947876e-02 -3.079593181610107422e-02
-1.877514831721782684e-02 -1.099820807576179504e-01 -1.365374326705932617e-01 -2.556104026734828949e-02 -3.434297442436218262e-02 -2.353470772504806519e-02 -3.242680802941322327e-02 4.503599554300308228e-02 2.114381268620491028e-02 -1.309118717908859253e-01
-1.470970064401626587e-01 -1.760617345571517944e-01 -3.225724399089813232e-02 -9.719762206077575684e-02 2.992234192788600922e-02 -1.552340295165777206e-02 -9.387369267642498016e-03 -6.485877931118011475e-02 -3.921325877308845520e-02 -1.446498278528451920e-02
5.136690661311149597e-02 -1.149493157863616943e-01 -6.218270584940910339e-02 -3.341443464159965515e-02 -8.689066022634506226e-02 -1.297736912965774536e-01 -6.583677977323532104e-02 -9.370749443769454956e-02 -1.335356682538986206e-01 -1.066138385795056820e-03
-9.420569986104965210e-02 -3.922197222709655762e-02 8.854407817125320435e-02 -1.582738012075424194e-01 -1.688256561756134033e-01 -1.664046794176101685e-01 -1.356100887060165405e-01 -1.016999036073684692e-01 -1.008705645799636841e-01 -1.356000900268554688e-01
-2.059376239776611328e-02 -5.481475591659545898e-02 -5.484288185834884644e-02 -9.573757648468017578e-02 -3.978825733065605164e-02 -6.874334067106246948e-02 -7.655730098485946655e-02 -6.648783385753631592e-02 -8.262345939874649048e-02 -1.350328475236892700e-01
-1.081282943487167358e-01 -1.878330111503601074e-01 -5.398491024971008301e-02 -1.861790269613265991e-01 -1.281332075595855713e-01 -5.605651065707206726e-02 -1.262229960411787033e-02 -1.714994162321090698e-01 -7.172749191522598267e-02 -1.024022791534662247e-02
-2.788680046796798706e-02 -3.457125648856163025e-02 -1.917873919010162354e-01 -7.011707406491041183e-03 -2.048458307981491089e-01 -1.357153207063674927e-01 -1.540912091732025146e-01 7.373474538326263428e-02 2.550506219267845154e-02 -7.139980047941207886e-02
-1.146717742085456848e-01 -1.781904250383377075e-01 -1.352374702692031860e-01 -1.659560054540634155e-01 -1.034315004944801331e-01 -1.743866130709648132e-02 -7.944641262292861938e-02 2.637057378888130188e-02 -2.108961902558803558e-02 -1.598136723041534424e-01
-1.503693014383316040e-01 -1.518260687589645386e-01 -5.280673131346702576e-02 -2.243640422821044922e-01 2.011431902647018433e-01 1.601007133722305298e-01 -1.623714417219161987e-01 -5.350256711244583130e-02 -9.075918793678283691e-02 -1.964234113693237305e-01
-3.821333497762680054e-02 -7.513262331485748291e-02 -2.043806612491607666e-01 -9.058400243520736694e-02 -1.639368236064910889e-01 -4.603331908583641052e-02 -6.360804289579391479e-02 -1.930632740259170532e-01 4.163270816206932068e-02 -1.129801198840141296e-01
-3.637710586190223694e-02 -9.347585588693618774e-02 -6.356033682823181152e-02 1.846186071634292603e-02 -7.076568156480789185e-02 -1.591428518295288086e-01 -1.395822763442993164e-01 -4.688082262873649597e-02 -1.062342524528503418e-01 -1.976939849555492401e-02
-6.426600366830825806e-02 -7.213583588600158691e-02 -4.325348883867263794e-03 1.435122266411781311e-02 5.421056598424911499e-02 -1.023972555994987488e-01 2.105690538883209229e-02 -5.394261330366134644e-02 1.119023002684116364e-02 3.189070150256156921e-02
-1.296999007463455200e-01 2.986403368413448334e-02 -2.517386339604854584e-02 1.910294592380523682e-02 3.830196708440780640e-02 -4.267418757081031799e-02 -3.872095048427581787e-02 -1.433131545782089233e-01 -5.871767923235893250e-02 -1.288106106221675873e-02
-8.706525713205337524e-02 -2.062238380312919617e-02 4.854126274585723877e-02 -1.720388606190681458e-02 1.587910810485482216e-03 2.505482919514179230e-02 -6.428426504135131836e-02 5.697114393115043640e-03 -1.324050128459930420e-01 -6.745691597461700439e-02
-2.208836376667022705e-01 -1.761302649974822998e-01 -1.283780634403228760e-01 -1.938508301973342896e-01 -1.376889348030090332e-01 -1.560681313276290894e-01 -1.952681243419647217e-01 4.203181266784667969e-01 -1.059235185384750366e-01 1.085267439484596252e-01
-2.970356680452823639e-02 5.824951827526092529e-02 -1.292763352394104004e-01 -2.598412148654460907e-02 -8.198674768209457397e-02 -1.327793896198272705e-01 -5.502450466156005859e-02 -1.174924299120903015e-01 3.345404192805290222e-02 -7.378491759300231934e-02
9.004031866788864136e-02 -9.586639702320098877e-02 -1.746969521045684814e-01 -5.037979036569595337e-02 -5.282139033079147339e-02 -1.766769289970397949e-01 -1.087175384163856506e-01 -1.017814800143241882e-01 -7.569852285087108612e-03 -1.305001080036163330e-01
-1.951607316732406616e-02 -3.232359141111373901e-02 -1.778693646192550659e-01 -1.214920133352279663e-01 -1.247750595211982727e-02 -9.511698782444000244e-02 -1.192525401711463928e-01 -1.121158152818679810e-01 -8.624581992626190186e-02 -1.594716459512710571e-01
4.567384347319602966e-02 -1.706552356481552124e-01 -1.729581803083419800e-01 -3.682208433747291565e-02 -9.673880040645599365e-02 -1.938306540250778198e-02 -1.831401735544204712e-01 -1.531473994255065918e-01 -8.094958961009979248e-02 -4.635421186685562134e-02
-1.988627761602401733e-01 -6.612435728311538696e-02 8.368578553199768066e-02 -2.796104922890663147e-02 -6.630880385637283325e-02 2.812217548489570618e-02 -1.192406192421913147e-02 -2.809659019112586975e-02 8.178581297397613525e-02 -2.172136157751083374e-01
-1.087582483887672424e-01 -9.843511879444122314e-02 -1.082899123430252075e-01 -7.258869707584381104e-02 -1.233064010739326477e-01 -6.386228650808334351e-02 -1.222888752818107605e-01 -1.383837908506393433e-01 -8.985614031553268433e-02 6.222893949598073959e-03
-6.963745504617691040e-02 -1.055187284946441650e-01 -1.842811554670333862e-01 -1.621266901493072510e-01 -8.460854738950729370e-02 -1.679950505495071411e-01 -1.156516969203948975e-01 -1.801718771457672119e-01 -8.101271837949752808e-02 -1.608046144247055054e-01
-8.775541186332702637e-02 9.333247691392898560e-02 -2.013189643621444702e-01 -7.715149223804473877e-02 6.781528145074844360e-02 -8.945061266422271729e-02 -7.280778139829635620e-02 -1.570992171764373779e-01 -4.038658738136291504e-02 -1.799284219741821289e-01
-2.507344260811805725e-02 2.936587482690811157e-02 -1.411626487970352173e-01 -1.610063314437866211e-01 -6.004913896322250366e-02 -1.321533918380737305e-01 -1.278001219034194946e-01 9.730771183967590332e-02 3.396713733673095703e-02 -1.376558840274810791e-01
1.565233431756496429e-02 -1.248280480504035950e-01 -8.405358344316482544e-02 -9.231344610452651978e-02 -1.819470226764678955e-01 -1.203500851988792419e-01 -1.195300668478012085e-01 -1.457409560680389404e-01 -8.540092408657073975e-02 -1.257549673318862915e-01
-9.643230587244033813e-02 -1.670038253068923950e-01 -1.891117095947265625e-01 -1.731621176004409790e-01 -1.005852371454238892e-01 2.139723300933837891e-02 -1.233339905738830566e-01 1.325501315295696259e-02 -6.927152723073959351e-02 -1.642525941133499146e-01
-4.420750308781862259e-03 -2.958449721336364746e-02 -7.613805681467056274e-02 -1.340614557266235352e-01 -1.977106630802154541e-01 -3.876116126775741577e-02 -7.089078426361083984e-02 2.831587754189968109e-02 -3.542403131723403931e-02 -1.149199157953262329e-01
6.745644658803939819e-02 -8.287880569696426392e-02 -1.817354857921600342e-01 -1.730484515428543091e-01 -1.962985694408416748e-01 -1.318176556378602982e-02 -1.089278534054756165e-01 -3.611969947814941406e-02 -7.805992662906646729e-02 -1.661733537912368774e-01
-9.875942021608352661e-02 -6.549499183893203735e-02 -1.657554320991039276e-02 -9.759157896041870117e-02 -1.565082184970378876e-02 5.716914683580398560e-02 -5.730172619223594666e-02 -1.649968922138214111e-01 -1.108883768320083618e-01 -1.361419856548309326e-01
-5.711828172206878662e-02 -4.983522370457649231e-02 -6.193007528781890869e-02 -2.443069964647293091e-02 -1.395579129457473755e-01 -1.219878196716308594e-01 -1.501368433237075806e-01 -6.215995550155639648e-02 -1.127236112952232361e-01 -1.160084828734397888e-01
-8.888358622789382935e-02 1.577375689521431923e-03 -9.354739636182785034e-02 -1.694943159818649292e-01 -9.177903831005096436e-02 3.440528735518455505e-02 -9.293927997350692749e-02 4.322046879678964615e-03 -6.836164742708206177e-02 -1.677625030279159546e-01
-7.293422520160675049e-02 -3.968221694231033325e-02 -5.767057836055755615e-02 -7.616051286458969116e-02 6.494977325201034546e-02 -1.212601736187934875e-01 9.299532510340213776e-03 1.183564541861414909e-03 6.182546168565750122e-02 -1.063093170523643494e-01
-1.018906086683273315e-01 -8.624314516782760620e-02 -1.285410970449447632e-01 -1.652874648571014404e-01 5.129089206457138062e-02 -8.896514028310775757e-02 -1.221216395497322083e-01 8.348759263753890991e-03 -1.823583804070949554e-02 -1.609003692865371704e-01
-6.942223012447357178e-02 -5.436475202441215515e-02 -1.509179621934890747e-01 -9.919440746307373047e-02 -6.918009370565414429e-02 -1.697991490364074707e-01 -7.359877973794937134e-02 -1.097858250141143799e-01 -7.714502513408660889e-02 -1.485903859138488770e-01
1.073901355266571045e-02 2.881226874887943268e-02 1.405667886137962341e-02 -7.729136850684881210e-03 -1.375959366559982300e-01 -1.788152307271957397e-01 -8.899322897195816040e-02 -1.109266281127929688e-01 -5.554924532771110535e-02 -5.653185397386550903e-02
4.632572084665298462e-02 -2.219226397573947906e-02 1.125331688672304153e-02 -1.501889973878860474e-01 -4.624788835644721985e-02 -1.009032204747200012e-01 -4.663708060979843140e-02 -5.405249446630477905e-02 3.609287366271018982e-02 -1.249761059880256653e-01
2.214609645307064056e-02 -9.495209902524948120e-02 -1.554203629493713379e-01 9.493948891758918762e-03 -1.197045072913169861e-01 -2.466667070984840393e-02 -1.369765400886535645e-01 -6.739383935928344727e-02 -1.730914413928985596e-01 -1.245003342628479004e-01
-1.167035773396492004e-01 -1.886270195245742798e-01 -1.425501555204391479e-01 -1.679146587848663330e-01 -1.103799417614936829e-01 -2.152979373931884766e-02 -1.141940504312515259e-01 -1.546638756990432739e-01 -3.068596124649047852e-02 -1.516889482736587524e-01
-2.481831796467304230e-02 -6.422851979732513428e-02 -1.909874081611633301e-01 -1.733004748821258545e-01 -1.807096600532531738e-01 -6.386218219995498657e-02 -1.083016321063041687e-01 2.474193461239337921e-02 -2.076405286788940430e-02 -1.605380475521087646e-01
-1.098069250583648682e-01 -1.187678202986717224e-01 -7.397940009832382202e-02 -7.837643474340438843e-02 -5.382024124264717102e-02 -7.178227603435516357e-02 -1.978368498384952545e-02 1.813550293445587158e-02 -5.035743489861488342e-02 -3.626608103513717651e-02
2.589470744132995605e-01 -8.691718429327011108e-02 -1.633768379688262939e-01 -1.044834628701210022e-01 -1.214260384440422058e-01 -1.916263252496719360e-01 -1.243660748004913330e-01 -6.397382915019989014e-02 -1.420926451683044434e-01 -1.464809030294418335e-01
-1.057827770709991455e-01 -1.341772377490997314e-01 -1.796637848019599915e-02 -1.215385943651199341e-01 9.346558898687362671e-02 -1.151421144604682922e-01 -5.274675041437149048e-02 -1.132680401206016541e-01 -3.144512698054313660e-02 -1.790635436773300171e-01
-1.194160198792815208e-03 2.009329386055469513e-03 -2.754593268036842346e-02 -3.324602544307708740e-02 -9.956657141447067261e-02 -8.526576310396194458e-02 -1.128972396254539490e-01 3.603409975767135620e-02 -1.224749535322189331e-01 -1.238691881299018860e-01
-3.630863875150680542e-02 5.473032966256141663e-02 -1.804926842451095581e-01 -5.680837482213973999e-02 -7.098552584648132324e-02 -3.450965881347656250e-02 -1.085285991430282593e-01 -6.498541682958602905e-02 -1.059914082288742065e-01 -1.661499291658401489e-01
-8.960979431867599487e-02 -6.103317439556121826e-02 -1.899458765983581543e-01 3.035317659378051758e-01 -9.177807718515396118e-02 -6.629501283168792725e-02 -2.250716686248779297e-01 -1.520517617464065552e-01 -6.564322859048843384e-02 -4.820865765213966370e-02
-1.845048367977142334e-02 -6.060569360852241516e-02 -1.677056699991226196e-01 -5.052305012941360474e-02 -1.741889268159866333e-01 -1.499689370393753052e-01 -8.097306638956069946e-02 4.461401700973510742e-02 -1.408065259456634521e-01 1.664016991853713989e-01
-9.632894396781921387e-02 9.180006384849548340e-02 -2.141948044300079346e-01 -1.599551886320114136e-01 -4.033824056386947632e-02 7.082162797451019287e-02 -1.567864120006561279e-01 1.282033175230026245e-01 4.744920879602432251e-02 -1.742652654647827148e-01
4.099415987730026245e-02 -1.486431993544101715e-02 -1.755860894918441772e-01 -4.654066637158393860e-02 -8.542875945568084717e-02 -4.092912748456001282e-02 -1.333670318126678467e-01 -1.941605955362319946e-01 -1.636650711297988892e-01 -1.768614202737808228e-01
-1.337954699993133545e-01 -1.929108351469039917e-01 -6.456498056650161743e-02 -1.823750883340835571e-01 -2.373896911740303040e-02 -1.319611817598342896e-02 -3.709389269351959229e-02 -1.157872453331947327e-01 -7.324588485062122345e-03 -5.868054926395416260e-02
-1.544076651334762573e-01 -1.996878534555435181e-02 -2.132489830255508423e-01 -4.928725585341453552e-02 2.186267077922821045e-01 -4.411600530147552490e-02 -1.154478266835212708e-01 -4.391959309577941895e-02 6.284331530332565308e-02 -1.751904636621475220e-01
9.025800973176956177e-03 -1.109067797660827637e-01 -1.820915043354034424e-01 -5.190655589103698730e-02 -1.770187914371490479e-01 -1.249399930238723755e-01 -9.402517974376678467e-02 -1.750989258289337158e-01 -9.452120214700698853e-02 -8.076746016740798950e-02
-4.652018845081329346e-02 -7.409208267927169800e-02 -1.651854254305362701e-02 -1.849902719259262085e-01 -1.578461676836013794e-01 4.019898828119039536e-03 -6.112224981188774109e-02 3.675654530525207520e-02 2.526438049972057343e-02 1.126178354024887085e-01
-8.282195776700973511e-02 -1.070632189512252808e-01 -1.632765680551528931e-01 -1.579060554504394531e-01 -1.000409722328186035e-01 -1.229211017489433289e-01 -1.098496317863464355e-01 -1.818615347146987915e-01 -8.661968261003494263e-02 -1.589231640100479126e-01
