4.503013938665390015e-02
1.310041081160306931e-02
-4.458778351545333862e-02
-1.822084560990333557e-02
-1.714371703565120697e-02
-1.657345145940780640e-02
-3.591002523899078369e-02
-2.174771390855312347e-02
-3.981066122651100159e-02
-2.248475514352321625e-02
-2.985457703471183777e-02
2.902003936469554901e-02
-3.182448074221611023e-02
-4.023943096399307251e-02
-1.669571734964847565e-02
-2.735139243304729462e-02
-8.183605037629604340e-03
-2.961666882038116455e-02
-7.997757755219936371e-03
-3.875332325696945190e-02
-3.614109382033348083e-02
4.506044089794158936e-02
-2.670423127710819244e-02
3.044062480330467224e-02
-1.191759016364812851e-02
