-9.520891308784484863e-02 -5.989950895309448242e-02 5.628962814807891846e-02 -4.640915244817733765e-02 -4.341395199298858643e-02 -7.320930808782577515e-02 -4.871674254536628723e-02 3.964405134320259094e-02 -6.092074513435363770e-02 -7.218745350837707520e-02
-6.016089767217636108e-02 3.996582925319671631e-01 -1.196006685495376587e-01 -8.115129917860031128e-02 -1.003916561603546143e-01 -1.091377586126327515e-01 -1.374617964029312134e-01 -7.028990238904953003e-02 -3.247551321983337402e-01 -8.798845112323760986e-02
-7.379820942878723145e-02 2.615169622004032135e-03 -1.044114977121353149e-01 1.774956285953521729e-02 -3.146258890628814697e-01 -9.826871752738952637e-02 -7.119833678007125854e-02 5.634455010294914246e-02 -8.996888995170593262e-02 2.442632168531417847e-01
-1.032511815428733826e-01 1.471369862556457520e-01 -1.240480914711952209e-01 -8.803331106901168823e-02 -1.156695932149887085e-01 -1.745729148387908936e-01 3.032584190368652344e-01 -8.141479641199111938e-02 -1.373427659273147583e-01 -9.212588518857955933e-02
-7.951600849628448486e-02 -8.163396269083023071e-02 -4.885590821504592896e-02 -4.912182688713073730e-02 -2.679606080055236816e-01 -1.184040829539299011e-01 -5.503350496292114258e-02 -2.108125388622283936e-01 -8.374357223510742188e-02 4.330235123634338379e-01
-8.238383382558822632e-02 -9.261182695627212524e-02 -1.139689385890960693e-01 -6.166871264576911926e-02 3.892252147197723389e-01 -1.188194751739501953e-01 -8.773827552795410156e-02 -2.086642235517501831e-01 -9.365908056497573853e-02 -1.364225149154663086e-01
-9.474266320466995239e-02 4.954207316040992737e-02 4.555624425411224365e-01 -1.197926700115203857e-01 -1.820590347051620483e-01 -1.744605898857116699e-01 -1.222554668784141541e-01 -1.325451433658599854e-01 -1.104483678936958313e-01 -1.417929381132125854e-01
-3.623669967055320740e-02 3.441571816802024841e-02 -5.784508958458900452e-02 -5.920678749680519104e-02 -5.069753900170326233e-02 -1.432824134826660156e-02 -9.465880692005157471e-02 2.952499780803918839e-03 -7.570392638444900513e-02 6.122278515249490738e-03
-9.729220718145370483e-02 1.725604981184005737e-01 -1.188998594880104065e-01 -8.154822140932083130e-02 1.192655563354492188e-01 -1.411928981542587280e-01 -1.266039907932281494e-01 4.570998251438140869e-02 -1.725253015756607056e-01 -9.674591571092605591e-02
-1.008620485663414001e-01 1.054008770734071732e-02 -1.425469517707824707e-01 3.185580968856811523e-01 -8.461234718561172485e-02 -1.460227221250534058e-01 -7.454705238342285156e-02 -5.296557769179344177e-02 -9.132921695709228516e-02 -1.061033755540847778e-01
4.883642196655273438e-01 -6.718035042285919189e-02 -1.435891985893249512e-01 -1.453912109136581421e-01 -1.597966551780700684e-01 -2.277210950851440430e-01 -1.636935472488403320e-01 -1.594495624303817749e-01 -5.939219146966934204e-02 -1.205741763114929199e-01
-2.493998222053050995e-02 -2.761114761233329773e-02 -6.932386755943298340e-02 -8.071932196617126465e-02 5.925699323415756226e-02 -1.124160643666982651e-02 2.277602441608905792e-02 -1.174527034163475037e-01 -9.838197380304336548e-02 5.742802470922470093e-02
-1.148153766989707947e-01 -4.537135362625122070e-02 -1.035496890544891357e-01 -3.889555111527442932e-02 -9.843659400939941406e-02 -8.201875537633895874e-02 2.788820862770080566e-01 -5.988837406039237976e-02 -4.884356260299682617e-02 -9.497474879026412964e-02
-7.862101495265960693e-02 -4.026901721954345703e-02 -1.044375747442245483e-01 1.797061227262020111e-02 -1.727469079196453094e-02 7.009875774383544922e-02 -4.735384881496429443e-02 -9.081402420997619629e-02 -7.416580617427825928e-02 2.821023017168045044e-02
-9.494137763977050781e-02 -5.994685925543308258e-04 -8.634112775325775146e-02 3.721390068531036377e-01 -9.322628378868103027e-02 -1.641926169395446777e-01 -6.368477642536163330e-02 -6.563246995210647583e-02 -1.312674880027770996e-01 -1.180818378925323486e-01
-7.628291100263595581e-02 9.828084707260131836e-02 -1.036143973469734192e-01 -8.614254742860794067e-02 -9.256654232740402222e-02 -4.468108117580413818e-01 -1.221525371074676514e-01 -4.591337218880653381e-02 4.776851832866668701e-01 -8.120629936456680298e-02
-2.057019807398319244e-02 3.754279017448425293e-02 -1.171817407011985779e-01 -9.377254545688629150e-02 -1.193056926131248474e-01 2.629222869873046875e-01 -1.007710993289947510e-01 -8.584740012884140015e-02 -8.867970108985900879e-02 -6.675823032855987549e-02
5.488465726375579834e-02 -1.108426228165626526e-01 -6.546759605407714844e-02 -7.096088677644729614e-02 6.664708256721496582e-03 -3.966075181961059570e-02 3.542273119091987610e-02 -1.281707286834716797e-01 -5.938234925270080566e-02 -5.052300915122032166e-02
-7.171360403299331665e-02 -3.834477439522743225e-02 -6.337179988622665405e-02 -5.685273185372352600e-02 -1.358987987041473389e-01 -7.484465837478637695e-02 -5.415994301438331604e-02 2.365918904542922974e-01 -7.533806562423706055e-02 -1.724490970373153687e-01
-4.213740304112434387e-02 -4.055820032954216003e-02 -4.567488655447959900e-02 -5.109978094696998596e-02 1.114089507609605789e-02 -7.356232404708862305e-02 -9.401637315750122070e-02 4.909673333168029785e-02 -4.355471581220626831e-02 2.626906521618366241e-02
-2.922004647552967072e-02 7.651348132640123367e-03 6.273671239614486694e-02 -2.499402686953544617e-02 -7.538494467735290527e-02 -5.074995756149291992e-02 -5.541252344846725464e-02 -8.892261236906051636e-02 -6.592423468828201294e-02 3.403436765074729919e-02
-6.916783750057220459e-02 -7.527396827936172485e-02 -6.168317049741744995e-02 -7.936664670705795288e-02 4.577638953924179077e-02 -5.213480442762374878e-02 2.557751722633838654e-02 -4.988062754273414612e-02 -8.582492172718048096e-02 -4.583590489346534014e-04
-1.179086118936538696e-01 1.724345237016677856e-01 -1.620730757713317871e-01 -1.907512694597244263e-01 -1.485354453325271606e-01 3.505164384841918945e-01 -8.376137167215347290e-02 -8.360162377357482910e-02 1.170791834592819214e-01 -1.291541904211044312e-01
3.606044501066207886e-02 -1.241505891084671021e-01 -8.705066144466400146e-02 4.509773850440979004e-02 -1.104983389377593994e-01 8.933669328689575195e-02 -8.541899174451828003e-02 -8.587224036455154419e-02 7.222685962915420532e-03 -1.074147503823041916e-02
-7.174752652645111084e-02 -4.454755038022994995e-02 -6.481695175170898438e-02 -6.305062025785446167e-02 -1.264730244874954224e-01 -8.909781277179718018e-02 -3.945771604776382446e-02 3.800879716873168945e-01 -8.218491077423095703e-02 -2.092863768339157104e-01
