-1.756387650966644287e-01
-1.826390326023101807e-01
-1.719115227460861206e-01
-1.784570962190628052e-01
-1.680931597948074341e-01
-1.753660887479782104e-01
-1.782751679420471191e-01
-1.748207509517669678e-01
-1.732751727104187012e-01
-1.707297116518020630e-01
-1.667297184467315674e-01
-1.752751320600509644e-01
-1.783661842346191406e-01
-1.701841503381729126e-01
-1.714569926261901855e-01
-1.746387928724288940e-01
-1.731843352317810059e-01
-1.691841334104537964e-01
-1.660932004451751709e-01
-1.805481165647506714e-01
-1.792751252651214600e-01
-1.768206655979156494e-01
-1.738207340240478516e-01
-1.680022627115249634e-01
-1.832752376794815063e-01
-1.824571490287780762e-01
-1.797298043966293335e-01
-1.703660637140274048e-01
-1.830935180187225342e-01
-1.756388396024703979e-01
-1.758206635713577271e-01
-1.784571260213851929e-01
-1.760933697223663330e-01
-1.709114462137222290e-01
-1.747296899557113647e-01
-1.684570312500000000e-01
-1.610021740198135376e-01
-1.681839376688003540e-01
-1.629112064838409424e-01
-1.625478565692901611e-01
-1.604564189910888672e-01
-1.623656302690505981e-01
-1.593655198812484741e-01
-1.574563682079315186e-01
-1.591836661100387573e-01
-1.573655754327774048e-01
-1.614567339420318604e-01
-1.652749776840209961e-01
-1.706387400627136230e-01
-1.805479824542999268e-01
-1.768206954002380371e-01
-1.793660670518875122e-01
-1.738204658031463623e-01
-1.746388971805572510e-01
-1.773661673069000244e-01
-1.691842377185821533e-01
-1.864573210477828979e-01
-1.693659126758575439e-01
-1.828209012746810913e-01
-1.700022965669631958e-01
-1.747298389673233032e-01
-1.810024976730346680e-01
-1.674568355083465576e-01
-1.586385667324066162e-01
-1.401833295822143555e-01
-1.284560263156890869e-01
-1.271833181381225586e-01
-1.240015849471092224e-01
-1.373649388551712036e-01
-1.636383831501007080e-01
-1.716382056474685669e-01
-1.829105913639068604e-01
-1.842744946479797363e-01
-1.857288628816604614e-01
-1.866385340690612793e-01
-1.481838822364807129e-01
-1.586386710405349731e-01
-1.451835185289382935e-01
-1.482743322849273682e-01
-1.726386994123458862e-01
-1.766387671232223511e-01
-1.752751767635345459e-01
-1.667296439409255981e-01
-1.741841882467269897e-01
-1.748207211494445801e-01
-1.818207651376724243e-01
-1.766388565301895142e-01
-1.770025789737701416e-01
-1.719115227460861206e-01
-1.649112701416015625e-01
-1.553654670715332031e-01
-1.318197846412658691e-01
-1.095458716154098511e-01
-1.194554269313812256e-01
-1.331828236579895020e-01
-1.409098953008651733e-01
-1.485463380813598633e-01
-1.523644179105758667e-01
-2.069095522165298462e-01
-2.020911425352096558e-01
-2.125456929206848145e-01
-2.151826322078704834e-01
-2.403645217418670654e-01
-1.889105886220932007e-01
-1.672744005918502808e-01
-1.470020264387130737e-01
-1.381838023662567139e-01
-1.432744711637496948e-01
-1.587291061878204346e-01
-1.793662011623382568e-01
-1.700933724641799927e-01
-1.730024367570877075e-01
-1.829117089509963989e-01
-1.816388964653015137e-01
-1.626385748386383057e-01
-1.733661144971847534e-01
-1.645475775003433228e-01
-1.434560269117355347e-01
-1.244559809565544128e-01
-7.800079137086868286e-02
-1.096366941928863525e-01
-1.105455830693244934e-01
-1.273641288280487061e-01
-1.571819186210632324e-01
-2.821825742721557617e-01
-3.200911581516265869e-01
-3.196358382701873779e-01
-3.866360783576965332e-01
-4.182710945606231689e-01
-3.093639612197875977e-01
-2.601818442344665527e-01
-2.413641363382339478e-01
-1.650005578994750977e-01
-1.650922149419784546e-01
-1.217284351587295532e-01
-1.317288428544998169e-01
-1.293646544218063354e-01
-1.487288326025009155e-01
-1.635475456714630127e-01
-1.779116690158843994e-01
-1.716387867927551270e-01
-1.859117895364761353e-01
-1.735478937625885010e-01
-1.619113236665725708e-01
-1.325466632843017578e-01
-1.158195734024047852e-01
-8.554597198963165283e-02
-7.581847161054611206e-02
-7.927293330430984497e-02
-5.190882831811904907e-02
-1.797272413969039917e-01
-2.402728945016860962e-01
-3.053628504276275635e-01
-3.925449848175048828e-01
-4.697274565696716309e-01
-5.035459399223327637e-01
-5.623621344566345215e-01
-4.408175945281982422e-01
-3.333628773689270020e-01
-2.499082982540130615e-01
-1.899995654821395874e-01
-1.249997392296791077e-01
-1.070910245180130005e-01
-1.326367706060409546e-01
-1.201824024319648743e-01
-1.342735886573791504e-01
-1.573655158281326294e-01
-1.703660488128662109e-01
-1.683659851551055908e-01
-1.809117496013641357e-01
-1.720024347305297852e-01
-1.520017087459564209e-01
-1.038190945982933044e-01
-6.127275526523590088e-02
-1.463642530143260956e-02
-2.381820231676101685e-02
-2.354519255459308624e-02
-1.339998841285705566e-01
-2.174539417028427124e-01
-2.826364934444427490e-01
-3.045451939105987549e-01
-4.882716536521911621e-01
-5.285445451736450195e-01
-5.506371259689331055e-01
-5.326366424560546875e-01
-4.505459666252136230e-01
-4.008175730705261230e-01
-2.750003337860107422e-01
-2.064546346664428711e-01
-1.104542538523674011e-01
-7.499980181455612183e-02
-1.240910142660140991e-01
-1.214547529816627502e-01
-1.212734952569007874e-01
-1.423649638891220093e-01
-1.679113954305648804e-01
-1.919119209051132202e-01
-1.684569120407104492e-01
-1.534563452005386353e-01
-1.285464465618133545e-01
-7.500033825635910034e-02
-3.254548087716102600e-02
5.455340724438428879e-04
-3.454568563029170036e-03
-5.790913850069046021e-02
-2.120906263589859009e-01
-2.883634567260742188e-01
-4.210904836654663086e-01
-4.329992532730102539e-01
-4.572735428810119629e-01
-5.159994959831237793e-01
-4.219092428684234619e-01
-4.590896368026733398e-01
-4.409093260765075684e-01
-5.061816573143005371e-01
-3.510907888412475586e-01
-2.009093612432479858e-01
-6.836360692977905273e-02
-2.027252502739429474e-02
-8.245440572500228882e-02
-9.990926086902618408e-02
-1.158186346292495728e-01
-1.460924744606018066e-01
-1.730932742357254028e-01
-1.725478768348693848e-01
-1.676386147737503052e-01
-1.498198658227920532e-01
-1.109101697802543640e-01
-7.763633877038955688e-02
-3.418175876140594482e-02
-1.263632439076900482e-02
-2.990892902016639709e-02
-1.604545265436172485e-01
-2.685454487800598145e-01
-3.440910279750823975e-01
-4.288175106048583984e-01
-4.369090497493743896e-01
-3.889099359512329102e-01
-3.428175151348114014e-01
-3.464547991752624512e-01
-3.782738745212554932e-01
-4.461816847324371338e-01
-3.916350007057189941e-01
-3.452727496623992920e-01
-1.890000253915786743e-01
-7.445497065782546997e-02
-3.527252748608589172e-02
-5.427264049649238586e-02
-1.080909892916679382e-01
-1.270913630723953247e-01
-1.381831169128417969e-01
-1.784571260213851929e-01
-1.720933318138122559e-01
-1.693660020828247070e-01
-1.332739889621734619e-01
-1.122738495469093323e-01
-9.209164977073669434e-02
-2.218212001025676727e-02
4.272751044481992722e-03
-5.118172243237495422e-02
-1.574546545743942261e-01
-3.857267200946807861e-01
-4.469996094703674316e-01
-4.405447244644165039e-01
-3.700008988380432129e-01
-2.826356291770935059e-01
-2.809089124202728271e-01
-3.079995512962341309e-01
-2.947263121604919434e-01
-3.870908617973327637e-01
-4.387245178222656250e-01
-4.025457501411437988e-01
-2.521819174289703369e-01
-1.294542402029037476e-01
-3.727276111021637917e-03
-4.972740635275840759e-02
-9.427327662706375122e-02
-1.384559124708175659e-01
-1.449108570814132690e-01
-1.722750961780548096e-01
-1.771842986345291138e-01
-1.618202477693557739e-01
-1.361828595399856567e-01
-1.265461891889572144e-01
-7.345536351203918457e-02
-2.318178303539752960e-02
3.072721511125564575e-02
-6.809074431657791138e-02
-1.725452840328216553e-01
-3.819997012615203857e-01
-3.895449340343475342e-01
-3.808186054229736328e-01
-2.447271645069122314e-01
-2.171821147203445435e-01
-2.310906946659088135e-01
-2.414550483226776123e-01
-2.816362082958221436e-01
-4.343631863594055176e-01
-3.666359782218933105e-01
-4.367273449897766113e-01
-3.094534873962402344e-01
-1.355454474687576294e-01
-2.136365510523319244e-02
-3.618165478110313416e-02
-8.172806352376937866e-02
-1.270016729831695557e-01
-1.615472882986068726e-01
-1.689113080501556396e-01
-1.708207279443740845e-01
-1.659111976623535156e-01
-1.463650315999984741e-01
-1.250007450580596924e-01
-8.218226581811904907e-02
-6.636487785726785660e-03
-1.318177115172147751e-02
-9.381847828626632690e-02
-2.671813964843750000e-01
-3.571828603744506836e-01
-4.230910539627075195e-01
-3.874546885490417480e-01
-2.992718517780303955e-01
-1.620002835988998413e-01
-2.838185727596282959e-01
-2.453642934560775757e-01
-2.320909947156906128e-01
-3.494535684585571289e-01
-3.986361026763916016e-01
-3.458190560340881348e-01
-2.290914207696914673e-01
-1.728180944919586182e-01
-4.936351627111434937e-02
-6.618182361125946045e-02
-7.100052386522293091e-02
-1.324560940265655518e-01
-1.607293486595153809e-01
-1.704568564891815186e-01
-1.669113337993621826e-01
-1.714568734169006348e-01
-1.518199145793914795e-01
-1.227281317114830017e-01
-8.618217706680297852e-02
-1.090906001627445221e-02
-6.418170034885406494e-02
-1.722728163003921509e-01
-2.899085283279418945e-01
-4.270007014274597168e-01
-4.023626148700714111e-01
-3.139990568161010742e-01
-2.316362112760543823e-01
-2.244544625282287598e-01
-3.181824684143066406e-01
-3.368182778358459473e-01
-3.492732942104339600e-01
-4.256339371204376221e-01
-3.198177218437194824e-01
-3.041808307170867920e-01
-1.610911488533020020e-01
-1.580002009868621826e-01
-4.254522919654846191e-02
-5.518161505460739136e-02
-9.436438977718353271e-02
-1.372740864753723145e-01
-1.610931009054183960e-01
-1.736387163400650024e-01
-1.746387630701065063e-01
-1.685477495193481445e-01
-1.558202356100082397e-01
-1.308192014694213867e-01
-7.772759348154067993e-02
-2.272725477814674377e-02
-4.418182000517845154e-02
-1.570002734661102295e-01
-3.387270271778106689e-01
-3.691820204257965088e-01
-4.177266657352447510e-01
-3.489080071449279785e-01
-3.317280113697052002e-01
-3.225442767143249512e-01
-3.708164393901824951e-01
-3.732739388942718506e-01
-4.152721464633941650e-01
-3.977274894714355469e-01
-3.349089324474334717e-01
-2.680898904800415039e-01
-1.956361830234527588e-01
-2.018178701400756836e-01
-1.250911802053451538e-01
-6.463643163442611694e-02
-8.700065314769744873e-02
-1.279100477695465088e-01
-1.640021502971649170e-01
-1.725478768348693848e-01
-1.705478429794311523e-01
-1.669114083051681519e-01
-1.696388274431228638e-01
-1.380920112133026123e-01
-7.154512405395507812e-02
-2.736356481909751892e-02
-9.854572266340255737e-02
-1.779093295335769653e-01
-3.060914576053619385e-01
-3.195437788963317871e-01
-4.074532985687255859e-01
-3.295446336269378662e-01
-2.759985029697418213e-01
-4.345448315143585205e-01
-4.227259159088134766e-01
-4.198172092437744141e-01
-4.213640391826629639e-01
-4.422719180583953857e-01
-3.212728798389434814e-01
-2.056367546319961548e-01
-2.423636317253112793e-01
-1.461815685033798218e-01
-7.309074699878692627e-02
-5.290900915861129761e-02
-9.345502406358718872e-02
-1.254553943872451782e-01
-1.652747541666030884e-01
-1.873663365840911865e-01
-1.717297434806823730e-01
-1.623658686876296997e-01
-1.763661503791809082e-01
-1.296373456716537476e-01
-6.981910020112991333e-02
-5.409079045057296753e-02
-5.581810697913169861e-02
-2.196357995271682739e-01
-2.226366549730300903e-01
-3.099085092544555664e-01
-3.793639242649078369e-01
-2.883640229701995850e-01
-3.295448422431945801e-01
-4.518184661865234375e-01
-4.455458819866180420e-01
-4.901808500289916992e-01
-3.050003945827484131e-01
-3.828171789646148682e-01
-3.596359789371490479e-01
-2.485454082489013672e-01
-2.458175420761108398e-01
-1.494542658329010010e-01
-7.718184590339660645e-02
-7.172740995883941650e-02
-5.663662031292915344e-02
-1.333650499582290649e-01
-1.600018441677093506e-01
-1.726388037204742432e-01
-1.771844327449798584e-01
-1.772752404212951660e-01
-1.699113845825195312e-01
-1.231829747557640076e-01
-8.263710141181945801e-02
-5.454528331756591797e-02
-8.009106665849685669e-02
-1.718183755874633789e-01
-2.450914084911346436e-01
-3.701814115047454834e-01
-3.208180069923400879e-01
-2.463623881340026855e-01
-2.720909714698791504e-01
-3.560910224914550781e-01
-4.212726950645446777e-01
-3.520006835460662842e-01
-3.474539816379547119e-01
-4.107263088226318359e-01
-3.088187873363494873e-01
-3.539081215858459473e-01
-2.179092764854431152e-01
-1.269089579582214355e-01
-8.100024610757827759e-02
-3.109068609774112701e-02
-5.881797522306442261e-02
-1.025462076067924500e-01
-1.569107919931411743e-01
-1.824571639299392700e-01
-1.725478023290634155e-01
-1.643657386302947998e-01
-1.679111719131469727e-01
-1.159108877182006836e-01
-6.100090220570564270e-02
-2.236333675682544708e-02
-8.009079098701477051e-02
-2.146364301443099976e-01
-3.018188774585723877e-01
-3.410923182964324951e-01
-2.600910663604736328e-01
-2.409996390342712402e-01
-2.691825628280639648e-01
-3.018169701099395752e-01
-3.246357142925262451e-01
-2.966361939907073975e-01
-3.920920491218566895e-01
-4.145433008670806885e-01
-3.958173990249633789e-01
-3.429088592529296875e-01
-2.551818192005157471e-01
-1.307270228862762451e-01
-3.754537925124168396e-02
-1.481800060719251633e-02
-8.090917766094207764e-02
-1.097280681133270264e-01
-1.508199721574783325e-01
-1.731842458248138428e-01
-1.720024347305297852e-01
-1.720933467149734497e-01
-1.604563742876052856e-01
-1.156388297677040100e-01
-5.336308106780052185e-02
-7.072761654853820801e-02
-1.179999858140945435e-01
-1.543637067079544067e-01
-2.591812312602996826e-01
-2.707267403602600098e-01
-2.390910387039184570e-01
-2.017263621091842651e-01
-1.815455555915832520e-01
-2.051820904016494751e-01
-3.093647360801696777e-01
-3.300007581710815430e-01
-3.889997303485870361e-01
-3.311814963817596436e-01
-3.793634176254272461e-01
-3.096359372138977051e-01
-1.726361960172653198e-01
-9.236370027065277100e-02
1.254544034600257874e-02
-3.381804376840591431e-02
-8.345425128936767578e-02
-1.241823360323905945e-01
-1.616382449865341187e-01
-1.772751212120056152e-01
-1.840934753417968750e-01
-1.737296730279922485e-01
-1.524563431739807129e-01
-1.157290786504745483e-01
-8.336436748504638672e-02
-4.945459589362144470e-02
-1.435455977916717529e-01
-1.569092273712158203e-01
-2.914541661739349365e-01
-3.377276062965393066e-01
-2.530911564826965332e-01
-2.431817203760147095e-01
-2.768180668354034424e-01
-2.255459278821945190e-01
-2.933629453182220459e-01
-3.343643844127655029e-01
-3.989990055561065674e-01
-4.579092264175415039e-01
-3.769097924232482910e-01
-2.319097369909286499e-01
-1.453634798526763916e-01
-3.172718733549118042e-02
2.299996837973594666e-02
-3.018167801201343536e-02
-6.927289813756942749e-02
-1.161823496222496033e-01
-1.699112355709075928e-01
-1.717296838760375977e-01
-1.744569987058639526e-01
-1.751842945814132690e-01
-1.435468494892120361e-01
-1.150930002331733704e-01
-4.245367273688316345e-02
-8.081860095262527466e-02
-6.181817501783370972e-02
-1.583629250526428223e-01
-2.664542496204376221e-01
-2.729998528957366943e-01
-3.302735686302185059e-01
-3.597263693809509277e-01
-3.270912766456604004e-01
-2.987264096736907959e-01
-3.064557909965515137e-01
-3.792724907398223877e-01
-4.877255558967590332e-01
-3.832740485668182373e-01
-2.918181717395782471e-01
-2.191818952560424805e-01
-5.500007420778274536e-02
3.100011497735977173e-02
8.363714441657066345e-03
-4.963623732328414917e-02
-1.004550680518150330e-01
-1.145462691783905029e-01
-1.586383581161499023e-01
-1.777298152446746826e-01
-1.746389120817184448e-01
-1.778206378221511841e-01
-1.478198021650314331e-01
-1.242743805050849915e-01
-4.809153079986572266e-02
-7.863675057888031006e-02
-3.399976715445518494e-02
-6.645443290472030640e-02
-2.129991650581359863e-01
-3.643640875816345215e-01
-3.871823847293853760e-01
-4.042745232582092285e-01
-4.138188064098358154e-01
-4.428176581859588623e-01
-4.387288987636566162e-01
-5.135449171066284180e-01
-4.565472304821014404e-01
-3.709096908569335938e-01
-2.521820068359375000e-01
-8.609088510274887085e-02
-5.454529309645295143e-04
3.881813958287239075e-02
-3.145424276590347290e-02
-5.300021916627883911e-02
-8.981873840093612671e-02
-1.424561589956283569e-01
-1.666384786367416382e-01
-1.694569885730743408e-01
-1.759115755558013916e-01
-1.751841455698013306e-01
-1.679111868143081665e-01
-1.208194792270660400e-01
-8.900177478790283203e-02
-3.827292099595069885e-02
-5.736375600099563599e-02
-5.363647639751434326e-02
-2.172728329896926880e-01
-2.604544460773468018e-01
-4.334530234336853027e-01
-4.477266669273376465e-01
-4.889995753765106201e-01
-5.043620467185974121e-01
-5.143636465072631836e-01
-4.116359353065490723e-01
-4.527274072170257568e-01
-3.688179850578308105e-01
-1.986356526613235474e-01
-1.427267864346504211e-02
-4.472709074616432190e-02
1.627278141677379608e-02
-6.209073960781097412e-02
-9.372773021459579468e-02
-1.140914484858512878e-01
-1.578199714422225952e-01
-1.808206886053085327e-01
-1.888208687305450439e-01
-1.759115457534790039e-01
-1.753660887479782104e-01
-1.665476113557815552e-01
-1.442740559577941895e-01
-1.300015300512313843e-01
-1.076376587152481079e-01
-7.500065118074417114e-02
-1.256364285945892334e-01
-1.316365003585815430e-01
-3.054538965225219727e-01
-3.517268598079681396e-01
-4.769985675811767578e-01
-4.940917789936065674e-01
-4.182713329792022705e-01
-5.259097814559936523e-01
-3.127279579639434814e-01
-2.963625192642211914e-01
-2.192728817462921143e-01
-1.688182502985000610e-01
-5.863628536462783813e-02
-8.745440840721130371e-02
-7.136375457048416138e-02
-7.818163186311721802e-02
-1.194550096988677979e-01
-1.424559950828552246e-01
-1.639112979173660278e-01
-1.680023223161697388e-01
-1.775479614734649658e-01
-1.734570264816284180e-01
-1.761842370033264160e-01
-1.681841164827346802e-01
-1.651838719844818115e-01
-1.356376707553863525e-01
-1.219104900956153870e-01
-1.019104793667793274e-01
-7.127321511507034302e-02
-1.286363452672958374e-01
-1.767270267009735107e-01
-2.728188633918762207e-01
-2.592723965644836426e-01
-3.503634035587310791e-01
-3.280908167362213135e-01
-3.239980936050415039e-01
-2.569087147712707520e-01
-2.174550294876098633e-01
-1.697276085615158081e-01
-1.319095939397811890e-01
-1.232727393507957458e-01
-1.225457936525344849e-01
-1.128181442618370056e-01
-1.100911572575569153e-01
-1.382739692926406860e-01
-1.565473824739456177e-01
-1.707296073436737061e-01
-1.746389716863632202e-01
-1.803662031888961792e-01
-1.697296053171157837e-01
-1.754571050405502319e-01
-1.733661592006683350e-01
-1.713659465312957764e-01
-1.580018550157546997e-01
-1.464566141366958618e-01
-1.537306904792785645e-01
-1.450035423040390015e-01
-1.559114903211593628e-01
-2.064561396837234497e-01
-2.320924401283264160e-01
-1.994549036026000977e-01
-2.528179883956909180e-01
-2.214541882276535034e-01
-2.608194351196289062e-01
-1.974546164274215698e-01
-1.936379075050354004e-01
-1.909096688032150269e-01
-1.700927019119262695e-01
-1.430011987686157227e-01
-1.460012793540954590e-01
-1.314553320407867432e-01
-1.348192542791366577e-01
-1.539108604192733765e-01
-1.773659586906433105e-01
-1.719114929437637329e-01
-1.713660806417465210e-01
-1.764569878578186035e-01
-1.781843453645706177e-01
-1.749116033315658569e-01
-1.826390326023101807e-01
-1.829116493463516235e-01
-1.749115437269210815e-01
-1.520018428564071655e-01
-1.364560872316360474e-01
-1.461843848228454590e-01
-1.642752587795257568e-01
-1.752752363681793213e-01
-1.840932369232177734e-01
-1.991835385560989380e-01
-2.307282835245132446e-01
-2.070015817880630493e-01
-2.255468219518661499e-01
-1.722736656665802002e-01
-1.794562041759490967e-01
-1.738203167915344238e-01
-1.440015137195587158e-01
-1.454563587903976440e-01
-1.319101303815841675e-01
-1.594564020633697510e-01
-1.791843324899673462e-01
-1.740023940801620483e-01
-1.653659343719482422e-01
-1.814571022987365723e-01
-1.755479574203491211e-01
-1.777297705411911011e-01
-1.704568862915039062e-01
-1.814571022987365723e-01
-1.720024347305297852e-01
-1.742752194404602051e-01
-1.748206764459609985e-01
-1.703660041093826294e-01
-1.682750731706619263e-01
-1.690931469202041626e-01
-1.660022288560867310e-01
-1.563654690980911255e-01
-1.524563133716583252e-01
-1.480018049478530884e-01
-1.453653872013092041e-01
-1.470015794038772583e-01
-1.477291882038116455e-01
-1.412744969129562378e-01
-1.481835991144180298e-01
-1.396379172801971436e-01
-1.642747819423675537e-01
-1.695476770401000977e-01
-1.660931855440139771e-01
-1.728205829858779907e-01
-1.690023988485336304e-01
-1.784572005271911621e-01
-1.767297536134719849e-01
-1.720024496316909790e-01
-1.773661375045776367e-01
-1.734569221735000610e-01
