4.382092058658599854e-01
3.255062997341156006e-01
4.024468064308166504e-01
7.572026252746582031e-01
4.997205734252929688e-01
3.137035369873046875e-01
7.388939857482910156e-01
6.715146303176879883e-01
5.862244963645935059e-01
8.673178553581237793e-01
6.823001503944396973e-01
5.867317914962768555e-01
8.823923468589782715e-01
7.807940840721130371e-01
2.375793606042861938e-01
4.049427509307861328e-01
6.622332930564880371e-01
4.114568233489990234e-01
6.328135132789611816e-01
4.601401090621948242e-01
7.341998219490051270e-01
7.901853322982788086e-01
7.325860261917114258e-01
8.223474025726318359e-01
4.034790694713592529e-01
4.653501510620117188e-01
8.065740466117858887e-01
7.817338109016418457e-01
8.254884481430053711e-01
7.835909128189086914e-01
4.708619117736816406e-01
4.407531023025512695e-01
4.174520373344421387e-01
8.286297917366027832e-01
4.768103361129760742e-01
7.681393027305603027e-01
4.905412197113037109e-01
8.194283843040466309e-01
7.206587791442871094e-01
5.263970494270324707e-01
7.460713386535644531e-01
8.285896182060241699e-01
4.136906266212463379e-01
7.001367211341857910e-01
6.909896135330200195e-01
2.722657024860382080e-01
6.136059761047363281e-01
5.206825137138366699e-01
3.553161025047302246e-01
7.202811837196350098e-01
5.789554715156555176e-01
6.218957901000976562e-01
2.814817428588867188e-01
4.421069025993347168e-01
6.756941080093383789e-01
4.431871771812438965e-01
6.388631463050842285e-01
2.412790060043334961e-01
5.421283245086669922e-01
6.141781210899353027e-01
7.550372481346130371e-01
6.563365459442138672e-01
8.198547363281250000e-01
4.978140592575073242e-01
8.139705061912536621e-01
9.501576423645019531e-01
7.709040045738220215e-01
2.554975152015686035e-01
4.731492996215820312e-01
4.985907077789306641e-01
7.447075247764587402e-01
8.017849922180175781e-01
8.571379184722900391e-01
7.404410243034362793e-01
6.801729202270507812e-01
8.085902333259582520e-01
7.608358263969421387e-01
3.688363432884216309e-01
2.536017298698425293e-01
6.131623387336730957e-01
3.487941920757293701e-01
6.669275760650634766e-01
7.221033573150634766e-01
6.403976082801818848e-01
4.809558391571044922e-01
5.660714507102966309e-01
6.174762845039367676e-01
5.777234435081481934e-01
7.489837408065795898e-01
5.325669050216674805e-01
7.159654498100280762e-01
8.206126689910888672e-01
7.864276170730590820e-01
1.545988321304321289e-01
7.938884496688842773e-01
8.141530156135559082e-01
4.749684631824493408e-01
7.370253205299377441e-01
7.635670900344848633e-01
5.899693369865417480e-01
4.063661694526672363e-01
6.582688093185424805e-01
7.412514686584472656e-01
6.833501458168029785e-01
8.011144995689392090e-01
3.878662884235382080e-01
5.573189854621887207e-01
5.777694582939147949e-01
7.146615982055664062e-01
6.035256981849670410e-01
3.720616102218627930e-01
7.674525976181030273e-01
6.520056128501892090e-01
8.038561344146728516e-01
5.708355307579040527e-01
3.034959137439727783e-01
7.895423769950866699e-01
8.606463670730590820e-01
4.010924100875854492e-01
7.784512042999267578e-01
7.429183721542358398e-01
6.723120808601379395e-01
3.630627691745758057e-01
7.634128928184509277e-01
2.339001148939132690e-01
6.113790869712829590e-01
3.254257142543792725e-01
2.736763954162597656e-01
6.823535561561584473e-01
6.265045404434204102e-01
5.538138151168823242e-01
5.611246824264526367e-01
5.433512330055236816e-01
6.374785304069519043e-01
7.371320724487304688e-01
3.965633511543273926e-01
4.002155661582946777e-01
7.948824167251586914e-01
7.611599564552307129e-01
7.214080095291137695e-01
3.036342561244964600e-01
4.993852972984313965e-01
7.528384327888488770e-01
8.276090025901794434e-01
7.534235715866088867e-01
4.658546447753906250e-01
8.314698338508605957e-01
8.100464940071105957e-01
7.971611022949218750e-01
8.000780344009399414e-01
8.161240816116333008e-01
3.013720214366912842e-01
3.664753139019012451e-01
7.693361639976501465e-01
8.512025475502014160e-01
5.741884708404541016e-01
8.225608468055725098e-01
5.374162793159484863e-01
6.448771357536315918e-01
5.543380975723266602e-01
8.617941141128540039e-01
4.684158861637115479e-01
4.436926841735839844e-01
6.368207335472106934e-01
5.745871663093566895e-01
7.139111161231994629e-01
1.159099116921424866e-01
5.867401957511901855e-01
8.327616453170776367e-01
7.076600790023803711e-01
2.562025189399719238e-01
8.195762038230895996e-01
5.841766595840454102e-01
9.467124342918395996e-01
9.826813340187072754e-01
7.017366886138916016e-01
8.186935782432556152e-01
4.085499644279479980e-01
7.807266712188720703e-01
4.928594827651977539e-01
7.118155956268310547e-01
9.631574749946594238e-01
3.330918252468109131e-01
7.776099443435668945e-01
6.444830894470214844e-01
7.979827523231506348e-01
7.661612033843994141e-01
5.284811258316040039e-01
6.929073333740234375e-01
4.055795967578887939e-01
3.324860334396362305e-01
5.432146787643432617e-01
6.189497113227844238e-01
1.432171463966369629e-01
5.044495463371276855e-01
4.920927584171295166e-01
3.839378654956817627e-01
6.567775011062622070e-01
8.408465385437011719e-01
6.898304820060729980e-01
6.020027995109558105e-01
5.545566082000732422e-01
1.963398754596710205e-01
6.778492927551269531e-01
5.803920030593872070e-01
5.065792202949523926e-01
6.761504411697387695e-01
6.819508075714111328e-01
5.054509639739990234e-01
4.490192830562591553e-01
6.944083571434020996e-01
6.563729643821716309e-01
8.317466974258422852e-01
5.024524331092834473e-01
3.299430906772613525e-01
4.557588994503021240e-01
6.450613141059875488e-01
6.379333734512329102e-01
7.528464198112487793e-01
5.611476302146911621e-01
8.556344509124755859e-01
7.101454138755798340e-01
8.795570731163024902e-01
7.003889679908752441e-01
7.291995882987976074e-01
8.180208802223205566e-01
8.371993303298950195e-01
7.621757388114929199e-01
2.980898320674896240e-01
2.770284116268157959e-01
6.230046749114990234e-01
6.864211559295654297e-01
7.116217613220214844e-01
3.537485003471374512e-01
5.625812411308288574e-01
5.731886625289916992e-01
6.176898479461669922e-01
5.553767681121826172e-01
8.790338039398193359e-01
6.744115948677062988e-01
5.368921756744384766e-01
8.840737938880920410e-01
8.109402060508728027e-01
4.761916697025299072e-01
6.203812360763549805e-01
4.673467576503753662e-01
2.760177850723266602e-01
8.009150624275207520e-01
7.882200479507446289e-01
6.862090229988098145e-01
2.946335673332214355e-01
3.389608263969421387e-01
6.031990647315979004e-01
7.483295202255249023e-01
5.629175901412963867e-01
6.024346351623535156e-01
3.694809675216674805e-01
4.994316995143890381e-01
6.026626825332641602e-01
7.638618946075439453e-01
5.096621513366699219e-01
6.191006898880004883e-01
2.333405613899230957e-01
7.021825909614562988e-01
7.860587835311889648e-01
8.543581962585449219e-01
8.026313185691833496e-01
4.822813868522644043e-01
7.700151801109313965e-01
5.173574090003967285e-01
2.929103374481201172e-01
6.784711480140686035e-01
2.774220108985900879e-01
4.396551847457885742e-01
5.983501076698303223e-01
6.480634212493896484e-01
8.436534404754638672e-01
5.483512878417968750e-01
5.327382087707519531e-01
3.077940344810485840e-01
2.677165865898132324e-01
5.112378001213073730e-01
8.545123934745788574e-01
6.728916168212890625e-01
4.743719100952148438e-01
6.599729657173156738e-01
7.081333994865417480e-01
5.731387734413146973e-01
5.777864456176757812e-01
