-1.750022619962692261e-01
-1.708205640316009521e-01
-1.708206087350845337e-01
-1.799115687608718872e-01
-1.730023324489593506e-01
-1.756388843059539795e-01
-1.751842498779296875e-01
-1.774570047855377197e-01
-1.749114543199539185e-01
-1.765480339527130127e-01
-1.715479046106338501e-01
-1.691839694976806641e-01
-1.684569120407104492e-01
-1.791842877864837646e-01
-1.727296262979507446e-01
-1.690932810306549072e-01
-1.789116263389587402e-01
-1.723661422729492188e-01
-1.737296432256698608e-01
-1.675478070974349976e-01
-1.769115477800369263e-01
-1.700932532548904419e-01
-1.706388294696807861e-01
-1.749115288257598877e-01
-1.691842377185821533e-01
-1.707297265529632568e-01
-1.675478816032409668e-01
-1.805480569601058960e-01
-1.740024089813232422e-01
-1.677297204732894897e-01
-1.737298220396041870e-01
-1.675478368997573853e-01
-1.784571409225463867e-01
-1.766387671232223511e-01
-1.619113534688949585e-01
-1.614568084478378296e-01
-1.669113188982009888e-01
-1.690020710229873657e-01
-1.556382328271865845e-01
-1.603657752275466919e-01
-1.632746309041976929e-01
-1.520925164222717285e-01
-1.606383621692657471e-01
-1.641838550567626953e-01
-1.655475944280624390e-01
-1.583654880523681641e-01
-1.644567847251892090e-01
-1.692749857902526855e-01
-1.754568219184875488e-01
-1.792753487825393677e-01
-1.784570813179016113e-01
-1.787297725677490234e-01
-1.799117326736450195e-01
-1.808207184076309204e-01
-1.720024496316909790e-01
-1.770026087760925293e-01
-1.756388992071151733e-01
-1.769114285707473755e-01
-1.821843981742858887e-01
-1.780025511980056763e-01
-1.695479005575180054e-01
-1.750024855136871338e-01
-1.738204956054687500e-01
-1.570927649736404419e-01
-1.376379281282424927e-01
-1.259104311466217041e-01
-1.274560540914535522e-01
-1.369108706712722778e-01
-1.308193802833557129e-01
-1.594565212726593018e-01
-1.597290039062500000e-01
-1.724561154842376709e-01
-1.790015399456024170e-01
-2.060928791761398315e-01
-1.621835231781005859e-01
-1.621841788291931152e-01
-1.572750657796859741e-01
-1.455472707748413086e-01
-1.353650540113449097e-01
-1.610930114984512329e-01
-1.747296750545501709e-01
-1.731841862201690674e-01
-1.710934191942214966e-01
-1.750932931900024414e-01
-1.760025322437286377e-01
-1.751843541860580444e-01
-1.608205437660217285e-01
-1.697296351194381714e-01
-1.722750514745712280e-01
-1.648202985525131226e-01
-1.579111367464065552e-01
-1.459109038114547729e-01
-1.122736781835556030e-01
-1.124551296234130859e-01
-1.115461885929107666e-01
-1.212732866406440735e-01
-1.630014628171920776e-01
-2.245464473962783813e-01
-2.300007939338684082e-01
-2.156374454498291016e-01
-2.285459339618682861e-01
-2.404549419879913330e-01
-2.263645380735397339e-01
-1.836376637220382690e-01
-1.551831662654876709e-01
-1.359108835458755493e-01
-1.280922889709472656e-01
-1.549112647771835327e-01
-1.560927778482437134e-01
-1.739115566015243530e-01
-1.714568585157394409e-01
-1.635477244853973389e-01
-1.684569418430328369e-01
-1.767297983169555664e-01
-1.765478998422622681e-01
-1.612748950719833374e-01
-1.683658212423324585e-01
-1.441832482814788818e-01
-1.263649761676788330e-01
-9.227332472801208496e-02
-6.545478105545043945e-02
-1.046364307403564453e-01
-1.219093427062034607e-01
-2.093645930290222168e-01
-2.549090385437011719e-01
-2.632714509963989258e-01
-3.809079527854919434e-01
-4.019982516765594482e-01
-4.406366348266601562e-01
-3.675446510314941406e-01
-2.854549288749694824e-01
-1.784550398588180542e-01
-1.778179854154586792e-01
-1.140007004141807556e-01
-1.311833262443542480e-01
-1.412746012210845947e-01
-1.407287120819091797e-01
-1.590018272399902344e-01
-1.707296222448348999e-01
-1.739116013050079346e-01
-1.686385869979858398e-01
-1.759115606546401978e-01
-1.710933595895767212e-01
-1.748204231262207031e-01
-1.484561115503311157e-01
-1.154559403657913208e-01
-8.236435800790786743e-02
-6.145453825592994690e-02
-4.327257722616195679e-02
-9.527273476123809814e-02
-1.363637894392013550e-01
-1.736366748809814453e-01
-2.999104261398315430e-01
-3.977278769016265869e-01
-4.399985373020172119e-01
-4.796356558799743652e-01
-4.888187050819396973e-01
-4.709088504314422607e-01
-2.918185889720916748e-01
-2.499097883701324463e-01
-1.381824761629104614e-01
-1.106367334723472595e-01
-1.111822873353958130e-01
-1.226366311311721802e-01
-1.103639379143714905e-01
-1.367280483245849609e-01
-1.653655916452407837e-01
-1.695478558540344238e-01
-1.722750663757324219e-01
-1.707295924425125122e-01
-1.730023175477981567e-01
-1.426379978656768799e-01
-1.095464900135993958e-01
-6.309108436107635498e-02
-2.227273769676685333e-02
-9.999951347708702087e-03
-6.490917503833770752e-02
-1.013633012771606445e-01
-2.349095642566680908e-01
-3.320002257823944092e-01
-3.566376268863677979e-01
-4.369084239006042480e-01
-4.762732982635498047e-01
-5.906357765197753906e-01
-5.540937185287475586e-01
-4.517269134521484375e-01
-3.916344046592712402e-01
-2.580902576446533203e-01
-1.590000838041305542e-01
-9.190906584262847900e-02
-1.198184341192245483e-01
-9.290921688079833984e-02
-1.174550428986549377e-01
-1.249102801084518433e-01
-1.386377066373825073e-01
-1.728206276893615723e-01
-1.775479316711425781e-01
-1.660931110382080078e-01
-1.628201901912689209e-01
-1.257283240556716919e-01
-1.001822575926780701e-01
-5.663637816905975342e-02
-2.399990148842334747e-02
3.481815010309219360e-02
-8.345478773117065430e-02
-1.996367424726486206e-01
-2.903640568256378174e-01
-4.273628592491149902e-01
-4.314553439617156982e-01
-5.265467762947082520e-01
-4.852711558341979980e-01
-4.336365461349487305e-01
-4.599090218544006348e-01
-5.548181533813476562e-01
-4.564548432826995850e-01
-3.308187425136566162e-01
-1.971819549798965454e-01
-8.818160742521286011e-02
-6.054524332284927368e-02
-9.736394137144088745e-02
-8.945444971323013306e-02
-1.212732270359992981e-01
-1.519106924533843994e-01
-1.714568883180618286e-01
-1.738205552101135254e-01
-1.756387650966644287e-01
-1.350921243429183960e-01
-1.202737316489219666e-01
-9.109131991863250732e-02
-4.918174818158149719e-02
8.909128606319427490e-03
-1.218182221055030823e-02
-9.118192642927169800e-02
-2.205451428890228271e-01
-3.301804065704345703e-01
-4.324540197849273682e-01
-4.731827080249786377e-01
-4.471803903579711914e-01
-3.935457468032836914e-01
-3.648191690444946289e-01
-4.116370379924774170e-01
-3.725454211235046387e-01
-4.994541108608245850e-01
-4.065453112125396729e-01
-2.231821715831756592e-01
-5.472752451896667480e-02
-5.018186196684837341e-02
-4.418190941214561462e-02
-1.131821200251579285e-01
-1.375462263822555542e-01
-1.365465372800827026e-01
-1.772751957178115845e-01
-1.744568794965744019e-01
-1.650021076202392578e-01
-1.372740268707275391e-01
-9.736435115337371826e-02
-7.227324694395065308e-02
-4.818016663193702698e-03
5.999966524541378021e-03
1.381817460060119629e-02
-9.609076380729675293e-02
-2.854557633399963379e-01
-3.973633944988250732e-01
-3.881828784942626953e-01
-4.175455272197723389e-01
-3.310899138450622559e-01
-2.803643345832824707e-01
-2.730906605720520020e-01
-3.268179893493652344e-01
-4.194535017013549805e-01
-4.904539883136749268e-01
-4.477274417877197266e-01
-2.738182246685028076e-01
-1.555454879999160767e-01
-2.845448069274425507e-02
-8.627270162105560303e-02
-1.165460571646690369e-01
-1.180918365716934204e-01
-1.450018882751464844e-01
-1.685478091239929199e-01
-1.748206168413162231e-01
-1.721840798854827881e-01
-1.434557288885116577e-01
-1.091824099421501160e-01
-7.745536416769027710e-02
-4.145453870296478271e-02
5.000044591724872589e-03
-1.627268455922603607e-02
-2.217270135879516602e-01
-3.304542601108551025e-01
-4.341816306114196777e-01
-4.317270815372467041e-01
-3.137249648571014404e-01
-2.309087514877319336e-01
-1.795451790094375610e-01
-3.131807148456573486e-01
-2.883628010749816895e-01
-3.199092745780944824e-01
-4.289997518062591553e-01
-4.032716453075408936e-01
-2.787269949913024902e-01
-7.581799477338790894e-02
-1.079090535640716553e-01
-2.372707985341548920e-02
-9.790963679552078247e-02
-1.297287791967391968e-01
-1.421833932399749756e-01
-1.768206357955932617e-01
-1.633657813072204590e-01
-1.590929627418518066e-01
-1.369103938341140747e-01
-1.216370835900306702e-01
-6.672725081443786621e-02
-2.445439435541629791e-02
1.090951845981180668e-03
-1.260905861854553223e-01
-2.830905318260192871e-01
-4.499092102050781250e-01
-4.400914311408996582e-01
-3.456352353096008301e-01
-2.333636581897735596e-01
-1.760002970695495605e-01
-1.990007758140563965e-01
-3.010905981063842773e-01
-2.761813402175903320e-01
-3.906356394290924072e-01
-4.729080200195312500e-01
-3.184545040130615234e-01
-1.893634796142578125e-01
-1.643645465373992920e-01
-4.509066045284271240e-02
-3.490886092185974121e-02
-8.245512098073959351e-02
-1.418196856975555420e-01
-1.520928293466567993e-01
-1.643658280372619629e-01
-1.610930413007736206e-01
-1.580019593238830566e-01
-1.514562368392944336e-01
-1.117281466722488403e-01
-9.272795915603637695e-02
-5.072732642292976379e-02
-9.363557212054729462e-03
-1.439996957778930664e-01
-3.201820552349090576e-01
-4.082728624343872070e-01
-4.050908982753753662e-01
-3.387271463871002197e-01
-2.955443263053894043e-01
-2.771817147731781006e-01
-2.599999308586120605e-01
-3.660922944545745850e-01
-4.130908250808715820e-01
-4.784539341926574707e-01
-3.821820318698883057e-01
-3.741816580295562744e-01
-2.495449632406234741e-01
-1.585450768470764160e-01
-3.545446321368217468e-02
-3.009074367582798004e-02
-7.000061869621276855e-02
-1.437288820743560791e-01
-1.758206933736801147e-01
-1.694567948579788208e-01
-1.774570494890213013e-01
-1.717296540737152100e-01
-1.621840000152587891e-01
-1.218190193176269531e-01
-6.627259403467178345e-02
-4.872718453407287598e-02
-7.445432245731353760e-02
-1.752724796533584595e-01
-3.490895330905914307e-01
-3.847270011901855469e-01
-3.358176946640014648e-01
-3.215451836585998535e-01
-2.879096865653991699e-01
-3.160904049873352051e-01
-4.193626940250396729e-01
-3.708186745643615723e-01
-4.746364951133728027e-01
-3.772729039192199707e-01
-3.539095818996429443e-01
-2.875444889068603516e-01
-2.148186266422271729e-01
-1.557263582944869995e-01
-1.254542917013168335e-01
-8.763660490512847900e-02
-7.636419683694839478e-02
-1.181827262043952942e-01
-1.653658449649810791e-01
-1.766387820243835449e-01
-1.719114780426025391e-01
-1.769115775823593140e-01
-1.721841990947723389e-01
-1.262737810611724854e-01
-8.127272874116897583e-02
-4.163632914423942566e-02
-7.009087502956390381e-02
-2.110905796289443970e-01
-3.532726168632507324e-01
-4.404551684856414795e-01
-3.018164038658142090e-01
-2.723652720451354980e-01
-2.776362299919128418e-01
-3.799093365669250488e-01
-4.811806380748748779e-01
-4.741811752319335938e-01
-3.797283470630645752e-01
-4.440904557704925537e-01
-3.533641099929809570e-01
-2.534548044204711914e-01
-2.076361924409866333e-01
-1.403635442256927490e-01
-5.790906026959419250e-02
-7.009077072143554688e-02
-5.127267539501190186e-02
-1.266372948884963989e-01
-1.574565172195434570e-01
-1.712749749422073364e-01
-1.730932593345642090e-01
-1.805479377508163452e-01
-1.732748746871948242e-01
-1.203644424676895142e-01
-7.236409932374954224e-02
-4.036348685622215271e-02
-7.809080928564071655e-02
-2.608169615268707275e-01
-2.940910756587982178e-01
-3.497257828712463379e-01
-3.484539985656738281e-01
-3.035450875759124756e-01
-3.338167369365692139e-01
-3.900899887084960938e-01
-5.169094800949096680e-01
-4.107262194156646729e-01
-4.677259922027587891e-01
-4.380924701690673828e-01
-3.520909547805786133e-01
-3.132731318473815918e-01
-2.739089131355285645e-01
-1.207274794578552246e-01
-4.763626679778099060e-02
-3.009072504937648773e-02
-7.863692939281463623e-02
-1.139100044965744019e-01
-1.583656817674636841e-01
-1.774570941925048828e-01
-1.729115992784500122e-01
-1.805479079484939575e-01
-1.580021530389785767e-01
-1.299104392528533936e-01
-7.900091260671615601e-02
-7.763630151748657227e-02
-9.563648700714111328e-02
-1.732732504606246948e-01
-3.210908770561218262e-01
-3.626359105110168457e-01
-3.010905981063842773e-01
-2.891828715801239014e-01
-3.738172650337219238e-01
-4.022713005542755127e-01
-4.434541165828704834e-01
-3.615453541278839111e-01
-3.488181829452514648e-01
-3.967267274856567383e-01
-3.601807057857513428e-01
-3.506351411342620850e-01
-3.088181018829345703e-01
-1.179094314575195312e-01
-9.145463258028030396e-02
-1.134547442197799683e-01
-7.018230110406875610e-02
-1.300009489059448242e-01
-1.687294691801071167e-01
-1.733661442995071411e-01
-1.699113547801971436e-01
-1.745478510856628418e-01
-1.652749627828598022e-01
-1.116381958127021790e-01
-5.336354300379753113e-02
-5.954515188932418823e-02
-8.509074896574020386e-02
-1.970907598733901978e-01
-2.607268989086151123e-01
-3.055441379547119141e-01
-2.466359287500381470e-01
-2.273641973733901978e-01
-3.169089853763580322e-01
-3.089993298053741455e-01
-3.809093236923217773e-01
-3.497274518013000488e-01
-3.857267498970031738e-01
-4.362719655036926270e-01
-3.543629646301269531e-01
-3.198178410530090332e-01
-2.078177928924560547e-01
-8.909089863300323486e-02
-5.272721871733665466e-02
-5.181787908077239990e-02
-7.618164271116256714e-02
-1.230917200446128845e-01
-1.557288616895675659e-01
-1.736388355493545532e-01
-1.680931895971298218e-01
-1.750024259090423584e-01
-1.545471549034118652e-01
-1.135477125644683838e-01
-5.081797018647193909e-02
-6.909085065126419067e-02
-1.334543377161026001e-01
-1.937273144721984863e-01
-2.501823604106903076e-01
-3.318186998367309570e-01
-2.957270741462707520e-01
-2.525460124015808105e-01
-2.932727336883544922e-01
-3.489093184471130371e-01
-3.616364002227783203e-01
-3.333641290664672852e-01
-3.934544026851654053e-01
-3.509107232093811035e-01
-3.925440609455108643e-01
-2.819078564643859863e-01
-1.610909402370452881e-01
-6.218174472451210022e-02
2.436358481645584106e-02
-1.409088354557752609e-02
-7.945427298545837402e-02
-1.280914247035980225e-01
-1.571837067604064941e-01
-1.714568436145782471e-01
-1.736388206481933594e-01
-1.700022071599960327e-01
-1.579109132289886475e-01
-1.230019703507423401e-01
-6.418290734291076660e-02
-7.209103554487228394e-02
-1.086363866925239563e-01
-2.197268009185791016e-01
-2.838181853294372559e-01
-2.966354191303253174e-01
-2.685465216636657715e-01
-2.378179281949996948e-01
-3.240899741649627686e-01
-3.134547173976898193e-01
-3.566353917121887207e-01
-3.815444707870483398e-01
-3.915440738201141357e-01
-3.495454490184783936e-01
-3.596358001232147217e-01
-2.278180569410324097e-01
-4.418170824646949768e-02
-1.963624171912670135e-02
-1.236356608569622040e-02
-4.027286544442176819e-02
-7.581830024719238281e-02
-1.306372731924057007e-01
-1.615473031997680664e-01
-1.737297922372817993e-01
-1.822753250598907471e-01
-1.658203303813934326e-01
-1.443652659654617310e-01
-1.014567539095878601e-01
-5.545452237129211426e-02
-3.027251549065113068e-02
-5.181819945573806763e-02
-2.241818010807037354e-01
-2.849993109703063965e-01
-2.833633720874786377e-01
-3.552728891372680664e-01
-3.844544291496276855e-01
-3.463622629642486572e-01
-3.384539484977722168e-01
-4.136363267898559570e-01
-4.242713749408721924e-01
-4.084535539150238037e-01
-4.147258698940277100e-01
-2.781822979450225830e-01
-1.623637676239013672e-01
-5.327255651354789734e-02
3.500005230307579041e-02
6.636326201260089874e-03
-4.518151283264160156e-02
-1.036370918154716492e-01
-1.374556869268417358e-01
-1.606383174657821655e-01
-1.678204834461212158e-01
-1.729113608598709106e-01
-1.685477942228317261e-01
-1.547289341688156128e-01
-1.078194901347160339e-01
-9.672892838716506958e-02
-7.027290016412734985e-02
-4.263652116060256958e-02
-1.290903985500335693e-01
-2.686362862586975098e-01
-3.429991900920867920e-01
-4.262720346450805664e-01
-4.441813528537750244e-01
-5.133643746376037598e-01
-5.193639397621154785e-01
-5.088161230087280273e-01
-4.482719302177429199e-01
-4.216373264789581299e-01
-4.103630185127258301e-01
-2.215455770492553711e-01
-7.618188858032226562e-02
3.136359900236129761e-02
3.863641619682312012e-02
-3.699985519051551819e-02
-4.318174347281455994e-02
-8.854608982801437378e-02
-1.371831595897674561e-01
-1.707295179367065430e-01
-1.790025234222412109e-01
-1.716386675834655762e-01
-1.730024516582489014e-01
-1.545472145080566406e-01
-1.148194596171379089e-01
-1.194561570882797241e-01
-5.899962410330772400e-02
-6.527297198772430420e-02
-1.539996862411499023e-01
-2.218178659677505493e-01
-2.945452034473419189e-01
-3.896357119083404541e-01
-5.334561467170715332e-01
-5.044550895690917969e-01
-4.735445082187652588e-01
-5.538167357444763184e-01
-5.160002112388610840e-01
-3.288171291351318359e-01
-2.600910961627960205e-01
-1.732731461524963379e-01
-7.618182152509689331e-02
-2.272726222872734070e-02
-7.818194106221199036e-03
-6.163661181926727295e-02
-9.190923720598220825e-02
-1.140913441777229309e-01
-1.590018570423126221e-01
-1.831843852996826172e-01
-1.770026981830596924e-01
-1.760025173425674438e-01
-1.706387847661972046e-01
-1.602746546268463135e-01
-1.377285122871398926e-01
-1.227288991212844849e-01
-1.114557906985282898e-01
-8.545529842376708984e-02
-1.432727426290512085e-01
-1.460911631584167480e-01
-2.458183914422988892e-01
-3.559997975826263428e-01
-5.068169832229614258e-01
-4.935452640056610107e-01
-4.751799106597900391e-01
-4.650892317295074463e-01
-3.738173246383666992e-01
-3.052733242511749268e-01
-2.143637090921401978e-01
-1.439094990491867065e-01
-6.018172577023506165e-02
-5.772769451141357422e-02
-1.040002554655075073e-01
-8.981821686029434204e-02
-1.178187578916549683e-01
-1.506380140781402588e-01
-1.593656390905380249e-01
-1.722751706838607788e-01
-1.656386405229568481e-01
-1.740024834871292114e-01
-1.727295368909835815e-01
-1.694568395614624023e-01
-1.553655862808227539e-01
-1.401830762624740601e-01
-1.083651557564735413e-01
-9.691017121076583862e-02
-1.282731443643569946e-01
-1.441822350025177002e-01
-1.820912510156631470e-01
-3.049090802669525146e-01
-3.311817944049835205e-01
-3.398200571537017822e-01
-3.577266931533813477e-01
-3.852719366550445557e-01
-3.188187777996063232e-01
-2.140909433364868164e-01
-1.770006269216537476e-01
-1.674551963806152344e-01
-1.204548180103302002e-01
-1.376369297504425049e-01
-1.210912764072418213e-01
-1.178185939788818359e-01
-1.435467749834060669e-01
-1.588201224803924561e-01
-1.720024645328521729e-01
-1.756387054920196533e-01
-1.720023602247238159e-01
-1.662750095129013062e-01
-1.693658828735351562e-01
-1.818208247423171997e-01
-1.753660738468170166e-01
-1.616383194923400879e-01
-1.412746757268905640e-01
-1.256390661001205444e-01
-1.493671387434005737e-01
-1.519114077091217041e-01
-2.038194835186004639e-01
-2.298195660114288330e-01
-2.430918365716934204e-01
-2.636369466781616211e-01
-2.130003571510314941e-01
-2.503635883331298828e-01
-2.109099328517913818e-01
-1.752729266881942749e-01
-1.763647645711898804e-01
-1.883654147386550903e-01
-1.466379612684249878e-01
-1.272734552621841431e-01
-1.250916272401809692e-01
-1.380921602249145508e-01
-1.566383093595504761e-01
-1.717297136783599854e-01
-1.729115396738052368e-01
-1.711842715740203857e-01
-1.711842566728591919e-01
-1.722751408815383911e-01
-1.639112830162048340e-01
-1.780024617910385132e-01
-1.714569628238677979e-01
-1.709114909172058105e-01
-1.612746864557266235e-01
-1.341835856437683105e-01
-1.611848324537277222e-01
-1.486385017633438110e-01
-1.612746417522430420e-01
-1.758197396993637085e-01
-1.917285174131393433e-01
-2.126374244689941406e-01
-2.064562290906906128e-01
-1.856372654438018799e-01
-1.950009763240814209e-01
-1.757285594940185547e-01
-1.531834006309509277e-01
-1.556383967399597168e-01
-1.449107974767684937e-01
-1.356374323368072510e-01
-1.501833945512771606e-01
-1.637293100357055664e-01
-1.761843413114547729e-01
-1.659113615751266479e-01
-1.750933527946472168e-01
-1.843660920858383179e-01
-1.700932681560516357e-01
-1.740023344755172729e-01
-1.643659472465515137e-01
-1.725480109453201294e-01
-1.690934747457504272e-01
-1.735479086637496948e-01
-1.739116758108139038e-01
-1.739115267992019653e-01
-1.669113188982009888e-01
-1.553654670715332031e-01
-1.575473397970199585e-01
-1.428198069334030151e-01
-1.487289816141128540e-01
-1.630022078752517700e-01
-1.444560736417770386e-01
-1.426378488540649414e-01
-1.437287181615829468e-01
-1.429107189178466797e-01
-1.451833248138427734e-01
-1.560928374528884888e-01
-1.559110581874847412e-01
-1.636385172605514526e-01
-1.811843663454055786e-01
-1.778206378221511841e-01
-1.758207082748413086e-01
-1.723659485578536987e-01
-1.716388314962387085e-01
-1.830024570226669312e-01
-1.624568402767181396e-01
