3.938041210174560547e+00
2.596500158309936523e+00
3.269647121429443359e+00
1.180655002593994141e+00
3.327547073364257812e+00
4.176074028015136719e+00
8.484118580818176270e-01
3.193275928497314453e+00
1.732832193374633789e+00
1.630298018455505371e+00
3.195550918579101562e+00
-1.561951488256454468e-01
2.805143117904663086e+00
3.865414142608642578e+00
4.034527778625488281e+00
-1.290101706981658936e-01
2.651208400726318359e+00
2.768073081970214844e+00
3.198782920837402344e+00
3.232207059860229492e+00
2.784046173095703125e+00
1.785424709320068359e+00
2.450118303298950195e+00
1.482179403305053711e+00
2.634778022766113281e-01
1.106636762619018555e+00
1.438043832778930664e+00
3.238277196884155273e+00
1.562147378921508789e+00
2.490516185760498047e+00
8.235601782798767090e-01
6.611995697021484375e-01
2.165445089340209961e+00
4.157346248626708984e+00
1.659924268722534180e+00
-7.949797511100769043e-01
1.851154446601867676e+00
2.015283346176147461e+00
3.076895475387573242e+00
6.198616623878479004e-01
2.920109033584594727e+00
-9.511391073465347290e-02
2.626436948776245117e+00
3.592820405960083008e+00
1.053139925003051758e+00
1.451835274696350098e+00
-8.095749467611312866e-02
9.677602648735046387e-01
2.594085931777954102e-01
2.706238031387329102e+00
3.283445596694946289e+00
4.429698884487152100e-01
2.095441579818725586e+00
-1.300362348556518555e-01
4.038582324981689453e+00
1.035041689872741699e+00
2.957021951675415039e+00
2.829622507095336914e+00
2.836539983749389648e+00
3.381233215332031250e+00
3.260792016983032227e+00
1.712190508842468262e+00
4.036356449127197266e+00
3.263966083526611328e+00
-2.292327582836151123e-03
1.501372098922729492e+00
3.358143091201782227e+00
-6.677184700965881348e-01
5.277773141860961914e-01
2.607680320739746094e+00
3.531055688858032227e+00
2.977771282196044922e+00
2.183458089828491211e+00
3.892261981964111328e+00
3.525188446044921875e+00
3.549825429916381836e+00
7.279219627380371094e-01
1.346549034118652344e+00
1.965756297111511230e+00
1.542926669120788574e+00
1.933022975921630859e+00
3.448764562606811523e+00
3.601670980453491211e+00
3.352456331253051758e+00
4.038766860961914062e+00
5.241959095001220703e-01
2.504370689392089844e+00
-1.787993907928466797e-01
2.434515476226806641e+00
2.163323402404785156e+00
4.183459579944610596e-01
3.827861785888671875e+00
1.830247998237609863e+00
3.440401077270507812e+00
1.532797932624816895e+00
2.567713737487792969e+00
3.909434080123901367e+00
3.423985719680786133e+00
4.660821557044982910e-01
3.426434040069580078e+00
