7.821540832519531250e-01
7.049677968025207520e-01
1.415495395660400391e+00
7.865778803825378418e-01
1.678292632102966309e+00
1.113058805465698242e+00
9.317488074302673340e-01
1.200216650962829590e+00
1.489265561103820801e+00
2.004859447479248047e+00
2.111256122589111328e+00
9.431897997856140137e-01
2.341988325119018555e+00
1.869309186935424805e+00
5.647245049476623535e-01
-3.721675872802734375e-01
1.728078722953796387e+00
8.939403891563415527e-01
1.240383148193359375e+00
1.843381047248840332e+00
2.614603757858276367e+00
1.472645282745361328e+00
1.880401134490966797e+00
1.192040085792541504e+00
1.699536800384521484e+00
2.768637657165527344e+00
1.294850230216979980e+00
1.326675057411193848e+00
1.862451195716857910e+00
1.632707238197326660e+00
2.306623935699462891e+00
4.282304644584655762e-01
1.673746943473815918e+00
2.117969512939453125e+00
1.233942627906799316e+00
1.181778669357299805e+00
1.530382871627807617e+00
2.016514539718627930e+00
2.646988444030284882e-02
-1.696379423141479492e+00
-2.778106927871704102e-01
5.123869180679321289e-01
7.013435363769531250e-01
1.569998621940612793e+00
1.325605273246765137e+00
1.166938424110412598e+00
2.257209539413452148e+00
1.930687069892883301e+00
3.121071457862854004e-01
1.289163112640380859e+00
1.141225695610046387e+00
-1.023268222808837891e+00
2.338203668594360352e+00
8.757804632186889648e-01
2.135334014892578125e-01
2.404942274093627930e+00
9.994266033172607422e-01
4.365390837192535400e-01
2.688336372375488281e-01
7.651989459991455078e-01
-1.015085697174072266e+00
2.629847526550292969e+00
1.565130591392517090e+00
1.338635325431823730e+00
8.233506679534912109e-01
2.145412843674421310e-03
8.761227130889892578e-01
2.309875965118408203e+00
2.593661546707153320e+00
7.197262048721313477e-01
4.472208619117736816e-01
-2.689041793346405029e-01
1.935709714889526367e+00
2.240299940109252930e+00
8.736754655838012695e-01
1.527549743652343750e+00
1.945640206336975098e+00
1.283783912658691406e+00
2.415027618408203125e+00
-5.534790158271789551e-01
9.016751050949096680e-01
1.583942294120788574e+00
1.181514382362365723e+00
1.941850781440734863e+00
2.362140178680419922e+00
2.974586188793182373e-01
1.892001986503601074e+00
1.190740942955017090e+00
1.276071667671203613e+00
1.080919146537780762e+00
1.407610654830932617e+00
1.492616057395935059e+00
1.253271937370300293e+00
1.135683774948120117e+00
1.349617838859558105e+00
1.543708324432373047e+00
5.363461375236511230e-01
1.597019433975219727e+00
1.658829331398010254e+00
2.228727579116821289e+00
2.249860048294067383e+00
1.535192370414733887e+00
1.014099955558776855e+00
4.895242154598236084e-01
1.175499081611633301e+00
8.597231507301330566e-01
4.617627263069152832e-01
4.698751866817474365e-01
1.440932512283325195e+00
8.292047381401062012e-01
7.463270425796508789e-01
-6.242155432701110840e-01
2.008957386016845703e+00
2.754161596298217773e+00
2.842948436737060547e+00
2.156005620956420898e+00
4.863840937614440918e-01
1.413745641708374023e+00
1.465368866920471191e+00
1.977676272392272949e+00
1.632931232452392578e+00
1.948093414306640625e+00
6.983989477157592773e-01
1.410574436187744141e+00
2.728017568588256836e+00
-8.337738364934921265e-02
1.671746015548706055e+00
6.993308067321777344e-01
1.331678152084350586e+00
1.142223119735717773e+00
2.552709579467773438e+00
1.840614318847656250e+00
1.403820991516113281e+00
1.668988227844238281e+00
2.303303718566894531e+00
1.068910002708435059e+00
1.383346438407897949e+00
-7.240261435508728027e-01
9.273744225502014160e-01
1.252781748771667480e+00
1.287904143333435059e+00
1.473441243171691895e+00
1.523995161056518555e+00
1.395203948020935059e+00
1.536219358444213867e+00
1.656445264816284180e+00
1.162215352058410645e+00
2.482052326202392578e+00
1.782519578933715820e+00
1.205606222152709961e+00
9.425352811813354492e-01
4.351032376289367676e-01
1.060750126838684082e+00
2.095887899398803711e+00
1.281407713890075684e+00
1.063981771469116211e+00
1.886103272438049316e+00
1.864906698465347290e-01
7.030696272850036621e-01
1.539649009704589844e+00
2.787733376026153564e-01
2.815147042274475098e-01
-2.927246689796447754e-02
1.546147584915161133e+00
1.696708440780639648e+00
1.089015007019042969e+00
1.031893968582153320e+00
8.189113736152648926e-01
4.581223428249359131e-01
2.403410196304321289e+00
-8.333432674407958984e-01
1.282883524894714355e+00
6.884900331497192383e-01
2.687303543090820312e+00
1.899274349212646484e+00
9.086576700210571289e-01
1.054977893829345703e+00
5.012339949607849121e-01
2.129107475280761719e+00
1.689348220825195312e+00
2.158647298812866211e+00
1.963850498199462891e+00
1.273353934288024902e+00
1.375742197036743164e+00
1.941040515899658203e+00
1.196559071540832520e+00
1.390878915786743164e+00
-2.076504528522491455e-01
2.195012807846069336e+00
2.261037111282348633e+00
1.286007761955261230e+00
8.713840246200561523e-01
7.963401675224304199e-01
1.466346263885498047e+00
1.085487961769104004e+00
2.968273401260375977e+00
1.144426703453063965e+00
2.304018259048461914e+00
2.175921440124511719e+00
1.940050482749938965e+00
-8.360958695411682129e-01
1.915977954864501953e+00
7.073103785514831543e-01
8.717585802078247070e-01
-4.000444412231445312e-01
2.715307235717773438e+00
2.351236104965209961e+00
9.137070775032043457e-01
-4.983795881271362305e-01
1.230047345161437988e+00
1.194576144218444824e+00
1.139443516731262207e+00
1.972046852111816406e+00
1.318191051483154297e+00
-2.500254511833190918e-01
9.735758304595947266e-01
6.895839571952819824e-01
-4.967046380043029785e-01
1.644499182701110840e+00
2.471120119094848633e+00
1.174737930297851562e+00
2.137772321701049805e+00
1.168006777763366699e+00
-2.035875618457794189e-01
1.204345583915710449e+00
1.684645414352416992e+00
1.309930324554443359e+00
9.312077164649963379e-01
1.662413001060485840e+00
1.727556347846984863e+00
-1.148322105407714844e+00
1.703570842742919922e+00
-5.560159087181091309e-01
1.042381286621093750e+00
2.211665630340576172e+00
1.573725819587707520e+00
3.865613788366317749e-02
1.285943627357482910e+00
8.921111226081848145e-01
2.944974303245544434e-01
1.470536112785339355e+00
1.752156972885131836e+00
6.854557394981384277e-01
-2.114948779344558716e-01
1.507340908050537109e+00
1.117139101028442383e+00
1.539450407028198242e+00
1.542245030403137207e+00
2.579282522201538086e+00
-6.691458225250244141e-01
1.674563765525817871e+00
2.041829824447631836e+00
2.944302558898925781e+00
1.645050168037414551e+00
-1.092704534530639648e+00
-5.357585549354553223e-01
2.456080198287963867e+00
1.012621164321899414e+00
2.293164491653442383e+00
2.896693348884582520e-02
-8.189185261726379395e-01
3.161421537399291992e+00
2.251145601272583008e+00
1.634701609611511230e+00
-2.620915472507476807e-01
2.763304948806762695e+00
2.147732257843017578e+00
-1.639803528785705566e+00
9.533997774124145508e-01
2.429351329803466797e+00
2.674689531326293945e+00
3.182618916034698486e-01
1.286861300468444824e+00
3.253160715103149414e+00
2.886016368865966797e+00
8.100820183753967285e-01
1.687599658966064453e+00
9.100695848464965820e-01
1.876035571098327637e+00
1.268700242042541504e+00
1.467149496078491211e+00
1.350791215896606445e+00
2.893972873687744141e+00
2.198226451873779297e+00
2.084336280822753906e+00
1.204399347305297852e+00
1.590766191482543945e+00
1.196329236030578613e+00
2.463126420974731445e+00
2.331515789031982422e+00
4.077398180961608887e-01
2.069275140762329102e+00
1.206453323364257812e+00
1.109284758567810059e+00
2.960149526596069336e+00
1.689319491386413574e+00
1.602879524230957031e+00
9.963917732238769531e-01
1.507516145706176758e+00
2.852856397628784180e+00
1.805087208747863770e+00
1.615176677703857422e+00
1.544221282005310059e+00
1.221671104431152344e+00
1.018169522285461426e+00
1.520461440086364746e+00
2.183439254760742188e+00
1.623831272125244141e+00
1.959685802459716797e+00
-7.064173221588134766e-01
1.135478615760803223e+00
1.287190794944763184e+00
5.497552156448364258e-01
1.532552123069763184e+00
-1.781341880559921265e-01
1.052092909812927246e+00
1.924907445907592773e+00
1.245936989784240723e+00
1.045694470405578613e+00
2.578641176223754883e+00
1.003225564956665039e+00
2.394059300422668457e-02
1.936559677124023438e+00
-2.054776698350906372e-01
