-5.200000000000003925e-02
-5.400000000000004102e-02
-5.600000000000004280e-02
-5.300000000000004013e-02
-5.400000000000004102e-02
-5.700000000000004369e-02
-5.600000000000004280e-02
-5.300000000000004013e-02
-5.300000000000004013e-02
-5.200000000000003925e-02
-5.200000000000003925e-02
-5.100000000000003836e-02
-4.900000000000003658e-02
-5.700000000000004369e-02
-5.500000000000004191e-02
-5.300000000000004013e-02
-5.400000000000004102e-02
-5.100000000000003836e-02
-5.200000000000003925e-02
-5.600000000000004280e-02
-5.100000000000003836e-02
-5.400000000000004102e-02
-5.500000000000004191e-02
-5.500000000000004191e-02
-5.400000000000004102e-02
-5.500000000000004191e-02
-5.200000000000003925e-02
-5.200000000000003925e-02
-5.300000000000004013e-02
-5.300000000000004013e-02
-5.300000000000004013e-02
-5.300000000000004013e-02
-5.300000000000004013e-02
-5.700000000000004369e-02
-5.300000000000004013e-02
-5.400000000000004102e-02
-5.300000000000004013e-02
-5.494509803876284487e-02
-5.164313721656803996e-02
-5.198039209842685721e-02
-5.500000000000004191e-02
-5.228627449274066835e-02
-5.330196070671085889e-02
-5.010588231682782528e-02
-5.156470569968226586e-02
-5.161960780248050357e-02
-5.175686264038089485e-02
-5.118823525309567496e-02
-5.205490191280846141e-02
-5.485882350057367379e-02
-5.088627445697788826e-02
-5.400000000000004102e-02
-5.300000000000004013e-02
-5.300000000000004013e-02
-5.500000000000004191e-02
-5.100000000000003836e-02
-5.600000000000004280e-02
-5.700000000000004369e-02
-5.400000000000004102e-02
-5.300000000000004013e-02
-5.000000000000003747e-02
-5.100000000000003836e-02
-5.651372548937801804e-02
-5.363529407978061964e-02
-5.777647056989376056e-02
-5.427450969815258291e-02
-4.772941167652610533e-02
-5.087058807164435842e-02
-4.968627429381016619e-02
-4.678431342169647039e-02
-4.156862674094745358e-02
-3.696470497641721198e-02
-3.953333215974275811e-02
-4.016862664744266093e-02
-3.947450859472163842e-02
-4.273333263117828906e-02
-3.761568580567844350e-02
-5.001960767805583435e-02
-5.321568614244465839e-02
-5.238431370258334746e-02
-5.227058821916583803e-02
-5.600000000000004280e-02
-5.100000000000003836e-02
-5.300000000000004013e-02
-5.500000000000004191e-02
-5.400000000000004102e-02
-5.700000000000004369e-02
-5.000000000000003747e-02
-5.659999999403957788e-02
-5.300000000000004013e-02
-5.087058819085362588e-02
-5.224313719570641140e-02
-4.561568606272341925e-02
-4.386666609346875217e-02
-4.078823471441873211e-02
-3.659999895095832068e-02
-3.640392038226141630e-02
-4.157646884210417643e-02
-4.000391904637227991e-02
-3.554901714157327614e-02
-4.070980121009064312e-02
-3.954117340967072680e-02
-3.958038941584542808e-02
-3.846666484978057687e-02
-3.969411655515441006e-02
-3.968627377599487360e-02
-4.896470572799450222e-02
-4.785098027065400744e-02
-5.005882346257569532e-02
-5.163137254118923408e-02
-5.100000000000003836e-02
-5.400000000000004102e-02
-5.100000000000003836e-02
-5.500000000000004191e-02
-5.200000000000003925e-02
-5.363921567797664408e-02
-5.160784307122235487e-02
-5.243921562097971639e-02
-5.166274491883818265e-02
-5.126274446118632422e-02
-4.089019532501703136e-02
-3.897254765871923515e-02
-3.638038997538400876e-02
-3.493725112825646351e-02
-3.572940658405437953e-02
-3.188234539143758317e-02
-3.162352082133307318e-02
-3.173332493659121456e-02
-2.854508843366076673e-02
-3.153724602051096587e-02
-3.222744295466713899e-02
-3.338430815935146401e-02
-3.292940824572008346e-02
-3.223137063905610888e-02
-3.532548875547956990e-02
-4.005490112304693068e-02
-4.260784256737684683e-02
-5.223137234896425146e-02
-5.400000000000004102e-02
-5.300000000000004013e-02
-5.200000000000003925e-02
-5.500000000000004191e-02
-5.342745095491412827e-02
-5.342745095491412827e-02
-4.902352924272423279e-02
-4.730980354547507927e-02
-4.116078367829330287e-02
-3.876862621586778246e-02
-3.681176220905049701e-02
-3.425881938263788951e-02
-2.905489649903045951e-02
-3.180783562175947682e-02
-3.153724623285254075e-02
-2.403528351802395116e-02
-2.469410511665057900e-02
-2.216861429810529360e-02
-2.852939830999831616e-02
-2.496861425321559441e-02
-2.740782986953863715e-02
-2.627842052839711451e-02
-2.774508995004016168e-02
-3.103136693593133016e-02
-3.221960384678112382e-02
-3.615686059370649963e-02
-4.003529295884081241e-02
-4.348235258366916350e-02
-5.310588233917955953e-02
-5.400000000000004102e-02
-5.500000000000004191e-02
-5.500000000000004191e-02
-5.593725489825013969e-02
-5.393333330005411347e-02
-5.205490163061773923e-02
-4.343921507988132702e-02
-3.893725355900831686e-02
-3.684705697838232957e-02
-2.582352580875175302e-02
-2.454901394248036953e-02
-2.328234492614885548e-02
-1.879606736451401930e-02
-1.779214405640968874e-02
-1.307449510414160528e-02
-1.335684624221181865e-02
-6.384297140874051722e-03
-5.286259516142386393e-03
-9.490180679597042673e-03
-1.277253477275378316e-02
-1.784704670775686536e-02
-2.138430368248384755e-02
-2.349803164042550685e-02
-2.746274005342295640e-02
-3.086274176742892852e-02
-3.629019444435843678e-02
-4.340392103232453697e-02
-5.176862739771610072e-02
-5.500000000000004191e-02
-5.500000000000004191e-02
-5.500000000000004191e-02
-5.600000000000004280e-02
-4.870980381593112418e-02
-4.666274465993048431e-02
-3.598431245796392119e-02
-3.476862552668911338e-02
-2.855685948953049641e-02
-2.440391548723004275e-02
-2.325881447829328610e-02
-1.325489051267513679e-02
-1.225096576195215323e-02
-6.568611768074402932e-03
3.372725248336429140e-04
1.698056343942857139e-03
4.298057192936482855e-03
6.980571504681563552e-04
1.494134573265878171e-03
-3.188219171017437140e-03
-7.870573782362085338e-03
-1.574900696706037911e-02
-2.050979411322637058e-02
-2.776469900179672282e-02
-3.236470080725861037e-02
-3.528235062584286763e-02
-3.950195991247896360e-02
-5.130588222667579329e-02
-5.700000000000004369e-02
-5.500000000000004191e-02
-5.442745095491412916e-02
-5.485098038613801102e-02
-4.610588206164541181e-02
-3.645490149781115824e-02
-3.251764578744777839e-02
-2.907058573793637468e-02
-2.585881905537120579e-02
-1.663136485870947076e-02
-1.574116615671681749e-02
-9.450967567972898969e-03
-5.462730440311221354e-03
3.474525081925049653e-03
1.127452601306133326e-02
1.815701979212393756e-03
2.101977258920636766e-03
-3.729395369067807064e-03
4.196243667974812290e-04
-3.007827088236861637e-03
-2.682338275015406972e-03
-1.025488923024396939e-02
-2.011371543258443084e-02
-2.402352259121852754e-02
-2.878038779180515719e-02
-3.565882160700865888e-02
-3.916470526903876453e-02
-4.954117634892468008e-02
-5.200000000000003925e-02
-5.200000000000003925e-02
-5.542745095491413004e-02
-5.274509802460674440e-02
-4.967843118868772029e-02
-3.870196005329498007e-02
-3.218039035890259830e-02
-2.279999673925358489e-02
-2.023921004589673139e-02
-1.219606967642914742e-02
-7.043126408010813751e-03
-3.035281460732313762e-03
5.607985686510318004e-04
9.921717420219567079e-04
-3.356847515329745932e-03
-3.262730782851649969e-03
-8.298023470677522856e-03
-8.886259705759623137e-03
-4.195929076522977126e-04
-1.415670635178714262e-03
-1.525476044043932349e-03
-1.066665389761338456e-02
-1.852155847847476722e-02
-2.850195421278496274e-02
-2.868626969400809787e-02
-3.916078251414011752e-02
-4.718039172422148347e-02
-5.811372547596697219e-02
-5.600000000000004280e-02
-5.200000000000003925e-02
-5.249411761760715972e-02
-5.751372545957569166e-02
-4.850980357453232167e-02
-3.662352838739760252e-02
-2.992156642396012062e-02
-2.425489848572779175e-02
-1.596469903085406122e-02
-8.317637870088337437e-03
-4.039095258341379355e-04
-7.882222449407635164e-04
-7.841737754649765087e-05
-3.301946802996182182e-03
-1.126273065712309063e-02
-1.648626165650794381e-02
-1.119214355293670152e-02
-7.960770231671673858e-03
-4.541161888279091063e-03
4.674524798057913370e-03
4.313863525166092934e-04
-1.322743892390293788e-02
-1.565881539694982325e-02
-3.016077884566056508e-02
-3.312940778583302326e-02
-3.957646938599655023e-02
-5.252941152732824165e-02
-5.200000000000003925e-02
-5.400000000000004102e-02
-5.300000000000004013e-02
-5.200000000000003925e-02
-5.223921567201617738e-02
-4.882352921739228219e-02
-3.748235231172301896e-02
-2.888627248071146819e-02
-1.596470198873452956e-02
-1.208234554529208360e-02
-4.027441199869034177e-03
-1.372536192648180116e-03
4.980525756253623929e-04
-3.294103954918745254e-03
-1.201175051834436035e-02
-1.530586804449565394e-02
-1.683920367155239406e-02
-1.338430154044198232e-02
-5.925474943593189714e-03
4.403936756774686975e-03
4.235307740047499631e-03
-2.435281303711351285e-03
-1.245881219673913853e-02
-2.440783510077763549e-02
-2.788626914750798325e-02
-3.487058516126133323e-02
-4.230980229098356415e-02
-5.414509798027580117e-02
-5.300000000000004013e-02
-5.700000000000004369e-02
-5.300000000000004013e-02
-5.524313724040989110e-02
-5.127058821916585102e-02
-5.016470571979886328e-02
-3.864313638210303131e-02
-2.341960503719751896e-02
-1.616470125503861877e-02
-9.670580350794089758e-03
-4.058813039213528782e-03
-4.364693005569372439e-03
-3.423516703769609142e-03
-6.921554665081260799e-03
-1.506665285397332243e-02
-1.381567195057881343e-02
-1.222351711522803343e-02
-6.913712421432231803e-03
5.717662682756725380e-03
9.521584500558524788e-03
2.454915002919619629e-03
-1.443124562501966286e-03
-1.265096975397334879e-02
-2.279214993771182599e-02
-3.258430876955402400e-02
-3.705097760818908820e-02
-4.294901809841403240e-02
-4.804313705861571610e-02
-5.107058820128444060e-02
-5.200000000000003925e-02
-5.300000000000004013e-02
-5.419215685129170207e-02
-5.667450976371769117e-02
-4.815686258673670950e-02
-3.631372456811370747e-02
-2.161568348482266824e-02
-1.140391608141378028e-02
-1.218038387037824813e-02
-4.125479788519562617e-03
-3.917634349316421842e-03
-4.215672791935617947e-03
-6.133319099433803996e-03
-1.130979080218836967e-02
-9.898025439120942265e-03
-2.215673156082786487e-03
-1.662730233743889329e-03
6.937271982431338600e-03
7.050994873046741336e-03
2.015700331889003303e-03
-4.384300827048757433e-03
-1.356077344249957684e-02
-2.638822891376934113e-02
-2.989411304984252934e-02
-3.617254585865894295e-02
-4.232548891939234142e-02
-4.785490177199249601e-02
-5.260392153263095810e-02
-5.400000000000004102e-02
-5.700000000000004369e-02
-5.300000000000004013e-02
-5.164705881476406441e-02
-5.148235283233234399e-02
-3.843529317341756041e-02
-2.679607509728534204e-02
-1.499215073883548160e-02
-8.349011081271093954e-03
-4.360774094239059685e-03
-2.560770907439430429e-03
1.058960668741850807e-04
-1.498025771230539118e-03
-1.976456297561626513e-03
2.082367644645163971e-03
-5.215544551612741504e-04
1.411781191825812803e-03
1.145099718030536881e-02
9.341191061772306445e-03
1.592170160263706342e-03
-6.698026691563529686e-03
-1.950979332160224233e-02
-3.141567976959068476e-02
-3.147450481168940356e-02
-3.521568249911084109e-02
-4.221568445861349078e-02
-5.045490168035034889e-02
-5.389803921431306905e-02
-5.400000000000004102e-02
-5.400000000000004102e-02
-5.700000000000004369e-02
-5.300000000000004013e-02
-5.049411754496397481e-02
-3.842744979262356642e-02
-2.956862429156916286e-02
-2.069411150645482714e-02
-1.348626544047167031e-02
-5.647048457525835792e-03
-7.482340933755157047e-03
-1.674496906809609100e-03
1.717662485316302128e-03
3.298054238781209999e-03
1.549032669514306508e-03
1.498052045702781771e-03
2.494134270585996165e-03
1.118824976962045845e-02
3.152955682948146640e-03
-1.047043312341029231e-03
-1.005881116352983808e-02
-2.135293130762892094e-02
-3.025489557813868663e-02
-3.520783738419430015e-02
-3.571764379460377892e-02
-4.150588120706390910e-02
-4.997647034749392453e-02
-5.429019606113438118e-02
-5.400000000000004102e-02
-5.300000000000004013e-02
-5.394509803876284398e-02
-5.197647058777515178e-02
-4.953725481033329631e-02
-4.240784160140907699e-02
-3.790979961119607389e-02
-2.499215089716036453e-02
-1.504312824178502886e-02
-1.150587196555003487e-02
-7.462733311578716860e-03
-7.074497540481537901e-03
-2.223516956903200375e-03
-3.803908796049742993e-03
-4.109791478142262554e-03
-3.976456212811289165e-03
3.392172004096142852e-03
4.635308899916601617e-03
-2.521554252132830309e-03
-4.823514433577702487e-03
-1.761175310518604473e-02
-2.645881371013833125e-02
-2.954901220649501850e-02
-3.341960246022805670e-02
-3.800783984456225506e-02
-4.197646956518302774e-02
-4.816078407317406912e-02
-5.129019606113437851e-02
-5.500000000000004191e-02
-5.400000000000004102e-02
-5.416862744092944965e-02
-5.165490195155147263e-02
-5.274509788863365745e-02
-4.029411600343892064e-02
-3.394901526346813525e-02
-2.968626842554673156e-02
-2.004312907718143119e-02
-1.995685287099347588e-02
-1.539998886361736846e-02
-1.313332216348508247e-02
-1.102743941452367926e-02
-1.367057776451120060e-02
-1.003920307010428004e-02
-4.152927593328199773e-03
-7.019467279316142418e-04
4.317661513574331048e-03
-2.921553066931689702e-03
-5.396064076572715945e-03
-1.229410580359414570e-02
-2.211371650639934808e-02
-3.205489477608373244e-02
-3.068627002742162560e-02
-3.568627173919242113e-02
-3.707058694493034490e-02
-4.852548985183242208e-02
-5.070196074247363544e-02
-5.300000000000004013e-02
-5.759999999403957877e-02
-4.990588235110048759e-02
-5.396078431233767431e-02
-4.725882309488961541e-02
-4.406274298578513604e-02
-3.649803424533473034e-02
-3.271763981226846751e-02
-2.629018830694279663e-02
-2.507842142134923333e-02
-2.119606837816552861e-02
-2.066273439303056153e-02
-2.124312668759391690e-02
-1.911371413245814554e-02
-1.279606473259647936e-02
-6.286261067725803717e-03
-7.686142120510762801e-04
8.902115421368991940e-04
-5.486258986406069606e-03
-9.988221826031883771e-03
-1.656861587241304293e-02
-2.418822666257638629e-02
-2.650195447355525522e-02
-3.326274057012068575e-02
-3.929803719092174463e-02
-4.318823414668446214e-02
-4.866666651517156938e-02
-5.851372548937801982e-02
-5.400000000000004102e-02
-5.600000000000004280e-02
-5.400000000000004102e-02
-5.308235289901499371e-02
-4.731372495368128817e-02
-4.206666430272176099e-02
-3.570587760955110102e-02
-3.119999327138081938e-02
-2.538822664786141367e-02
-2.574508785549563250e-02
-2.669018529634931483e-02
-2.665096893534076375e-02
-2.238038087356849018e-02
-1.553724173642699949e-02
-9.039201628416841314e-03
-4.901946148835144637e-03
-1.435279889963626690e-03
-1.138037659320981915e-02
-1.115292626712473603e-02
-1.152939907088887730e-02
-1.058038104511811739e-02
-2.496077698096655501e-02
-2.452548422664426256e-02
-3.286274093110140571e-02
-3.743921379279357975e-02
-4.098431290499873064e-02
-5.413333315029743992e-02
-5.200000000000003925e-02
-5.200000000000003925e-02
-5.400000000000004102e-02
-5.489803921431306993e-02
-5.373333322256807626e-02
-4.402352896705276353e-02
-4.244313484430327355e-02
-3.945489683188520280e-02
-3.072548285685495345e-02
-2.588234385103001245e-02
-2.778430365864198448e-02
-2.858822409622383334e-02
-2.767449771333493208e-02
-2.187449589278556844e-02
-1.245488661434508183e-02
-1.245096505992115271e-02
-5.203905703499951858e-03
-7.513709021732247438e-03
-9.662728215567809031e-03
-1.316076981928204076e-02
-1.189802723750484938e-02
-1.708626560401183686e-02
-2.212548320554217490e-02
-3.143921107891959471e-02
-3.135293850488974493e-02
-4.089019489754001230e-02
-4.304705816973004862e-02
-5.057647028565411679e-02
-5.300000000000004013e-02
-5.300000000000004013e-02
-5.300000000000004013e-02
-5.154901957511905802e-02
-4.763921567052607081e-02
-4.803921518661085494e-02
-3.950195882003768727e-02
-4.140783820580708208e-02
-3.047058208473040625e-02
-3.221959954686474253e-02
-2.638038128335039659e-02
-2.626273180544386188e-02
-2.526273008063447192e-02
-1.584704291448001470e-02
-5.827434721402813614e-03
-7.305864889174714348e-03
-6.231356007978374432e-03
-8.047042851336330335e-03
-1.121174942050132822e-02
-7.870574773289364806e-03
-1.272155804187070048e-02
-2.059214882925170659e-02
-1.992156381439438850e-02
-3.246666359994577339e-02
-3.774509661551577605e-02
-4.142745013441896662e-02
-4.970196037273860029e-02
-5.456078417226676441e-02
-5.152549016475680560e-02
-5.500000000000004191e-02
-5.400000000000004102e-02
-5.600000000000004280e-02
-5.450588229298596737e-02
-4.792548986524345495e-02
-4.225490035396074762e-02
-4.219607558194560931e-02
-2.998038628045487930e-02
-2.792940377257777801e-02
-2.561959848552953709e-02
-2.494900859333584048e-02
-1.673724129144111075e-02
-1.774116323050116059e-02
-7.513710218481742947e-03
-6.294101274572342156e-03
-9.623514488339488318e-03
-1.041174977645283051e-02
-7.909790836274716019e-03
-1.004312670044614844e-02
-1.316469748131941959e-02
-1.974509324133424601e-02
-2.397646728809939981e-02
-3.069019411690544763e-02
-3.392156770918526576e-02
-4.338431343715643679e-02
-5.294901951402430224e-02
-5.083529405295852260e-02
-5.590588234923784400e-02
-5.600000000000004280e-02
-5.300000000000004013e-02
-5.500000000000004191e-02
-5.201960783451799880e-02
-5.034117631148554012e-02
-4.636078371945775295e-02
-4.166666512656966997e-02
-3.517254581488687276e-02
-3.050195501651635846e-02
-2.952156058046982029e-02
-2.634900917392239000e-02
-1.559606561157864633e-02
-1.023135786410425685e-02
-1.070978879276666962e-02
-7.313709570094988413e-03
-1.146273037418733126e-02
-1.051763419713836606e-02
-7.964696601033379592e-03
-1.239607151690888878e-02
-1.736077975109238600e-02
-2.477646802272662555e-02
-2.363137122150520131e-02
-3.173333248775458276e-02
-3.981568581238388582e-02
-4.784705861285335621e-02
-5.098823521658781693e-02
-5.391372548788789937e-02
-5.600000000000004280e-02
-5.100000000000003836e-02
-5.400000000000004102e-02
-5.400000000000004102e-02
-5.700000000000004369e-02
-5.416862740740185228e-02
-4.964313710108402694e-02
-4.794901933614168638e-02
-4.275686192605649555e-02
-3.279607668798420472e-02
-3.053332986217010062e-02
-2.158430803939726320e-02
-8.866659494117079543e-03
-8.376462592743522118e-03
-1.227450095303372728e-02
-1.288626553304503090e-02
-1.436469803564269579e-02
-1.189803285338004134e-02
-1.149411228764826709e-02
-1.519215345010175786e-02
-2.191372325085113107e-02
-2.547843030933301389e-02
-2.637646965589382150e-02
-3.170588190760470493e-02
-4.463921550661333060e-02
-4.992156850174073873e-02
-5.144705879502001894e-02
-5.355294117331508424e-02
-5.100000000000003836e-02
-5.300000000000004013e-02
-5.300000000000004013e-02
-5.400000000000004102e-02
-5.400000000000004102e-02
-5.200000000000003925e-02
-5.600000000000004280e-02
-5.212941172719006561e-02
-4.988627444207670986e-02
-4.373333308100705447e-02
-3.189803843107080067e-02
-2.440784104354693992e-02
-1.196470288001010365e-02
-1.382744766306146997e-02
-1.136078025773177257e-02
-1.322744780313237986e-02
-1.611764440033594883e-02
-1.966666437499237780e-02
-2.033333150763077385e-02
-1.583529292792086596e-02
-2.764705820381648665e-02
-3.418823467940095701e-02
-3.876078385673470406e-02
-4.457647035177807887e-02
-4.823137241229421418e-02
-5.348235293105248894e-02
-5.627843134105210005e-02
-5.000000000000003747e-02
-5.400000000000004102e-02
-5.600000000000004280e-02
-5.000000000000003747e-02
-5.300000000000004013e-02
-5.300000000000004013e-02
-5.300000000000004013e-02
-5.200000000000003925e-02
-5.200000000000003925e-02
-4.952941175363962528e-02
-4.713333312049513418e-02
-4.586274486035114145e-02
-3.951764634624127526e-02
-2.742352819815288209e-02
-2.365490071475518166e-02
-1.927842976711700504e-02
-2.141568492166709761e-02
-2.505490090325482311e-02
-3.398431293759501121e-02
-3.490196018666032879e-02
-3.931372483447197891e-02
-4.105490165948873921e-02
-4.337647047638899106e-02
-4.797647050023084309e-02
-4.838823521137241429e-02
-5.160784313082699554e-02
-5.600000000000004280e-02
-5.600000000000004280e-02
-5.300000000000004013e-02
-5.600000000000004280e-02
-5.300000000000004013e-02
-5.200000000000003925e-02
-5.200000000000003925e-02
-5.300000000000004013e-02
-5.400000000000004102e-02
-5.500000000000004191e-02
-5.400000000000004102e-02
-5.495294117555026697e-02
-5.078823527693753642e-02
-5.064313718676571180e-02
-5.467450976371768939e-02
-5.144705871865157959e-02
-5.128235279023652532e-02
-5.261960775777702742e-02
-5.352549007534985331e-02
-4.756862744688993699e-02
-5.021960774064068017e-02
-5.517254898697143001e-02
-5.391372548788789937e-02
-5.352156862616543748e-02
-5.188627445697787527e-02
-5.386666665971283352e-02
-5.201568627357486957e-02
-5.660784313082699998e-02
-5.400000000000004102e-02
-5.200000000000003925e-02
-5.500000000000004191e-02
-5.600000000000004280e-02
-5.300000000000004013e-02
