8.199980109930038452e-02 8.370517194271087646e-02 8.163982629776000977e-02 8.271033316850662231e-02 8.299287408590316772e-02 8.157204091548919678e-02 8.383317291736602783e-02 8.504021912813186646e-02 8.333977311849594116e-02 8.102209866046905518e-02
6.300083547830581665e-02 6.378196179866790771e-02 6.425006687641143799e-02 6.473071873188018799e-02 6.559743732213973999e-02 6.278870999813079834e-02 6.446871906518936157e-02 6.621611118316650391e-02 6.498534232378005981e-02 6.303919851779937744e-02
3.861175850033760071e-02 3.743769973516464233e-02 3.783386945724487305e-02 3.716704621911048889e-02 3.685712814331054688e-02 3.624483197927474976e-02 3.853771463036537170e-02 3.730467706918716431e-02 3.652676939964294434e-02 3.681038320064544678e-02
3.305400162935256958e-02 3.364131972193717957e-02 3.421082347631454468e-02 3.411292657256126404e-02 3.303048387169837952e-02 3.137935325503349304e-02 3.334431350231170654e-02 3.503799065947532654e-02 3.276188299059867859e-02 3.302801772952079773e-02
-9.873953461647033691e-02 -9.787879884243011475e-02 -9.778814762830734253e-02 -9.900087863206863403e-02 -9.917031228542327881e-02 -9.693606197834014893e-02 -9.752299636602401733e-02 -9.929420053958892822e-02 -9.677906334400177002e-02 -9.781371802091598511e-02
-1.149364039301872253e-01 -1.133243814110755920e-01 -1.131385564804077148e-01 -1.136326640844345093e-01 -1.137975156307220459e-01 -1.120160371065139771e-01 -1.127417758107185364e-01 -1.136974096298217773e-01 -1.132328584790229797e-01 -1.136827915906906128e-01
-3.469093516469001770e-02 -3.527966141700744629e-02 -3.441528975963592529e-02 -3.634133934974670410e-02 -3.519922867417335510e-02 -3.603429347276687622e-02 -3.430696949362754822e-02 -3.529089689254760742e-02 -3.688155487179756165e-02 -3.501822054386138916e-02
6.553565710783004761e-02 6.719600409269332886e-02 6.591762602329254150e-02 6.757436692714691162e-02 6.757740676403045654e-02 6.641633063554763794e-02 6.747434288263320923e-02 6.829576194286346436e-02 6.580846756696701050e-02 6.534711271524429321e-02
-4.456974565982818604e-02 -4.627757146954536438e-02 -4.596281796693801880e-02 -4.480492696166038513e-02 -4.405947402119636536e-02 -4.553269967436790466e-02 -4.376686736941337585e-02 -4.385910928249359131e-02 -4.527810215950012207e-02 -4.563862830400466919e-02
-9.209685027599334717e-02 -9.032803028821945190e-02 -8.922935277223587036e-02 -9.170175343751907349e-02 -9.043084084987640381e-02 -8.950050175189971924e-02 -8.882862329483032227e-02 -9.118214249610900879e-02 -9.026753157377243042e-02 -9.094507992267608643e-02
-9.640865027904510498e-02 -9.571979939937591553e-02 -9.600828588008880615e-02 -9.666498750448226929e-02 -9.707329422235488892e-02 -9.602499753236770630e-02 -9.670283645391464233e-02 -9.766015410423278809e-02 -9.558134526014328003e-02 -9.703242033720016479e-02
-1.058520525693893433e-01 -1.043529435992240906e-01 -1.056798174977302551e-01 -1.075356751680374146e-01 -1.059855073690414429e-01 -1.046368554234504700e-01 -1.053972467780113220e-01 -1.074074432253837585e-01 -1.059988364577293396e-01 -1.063782349228858948e-01
-3.719545155763626099e-02 -3.429490327835083008e-02 -3.642119094729423523e-02 -3.552442044019699097e-02 -3.562354668974876404e-02 -3.630649298429489136e-02 -3.606742247939109802e-02 -3.738884255290031433e-02 -3.598526120185852051e-02 -3.588557243347167969e-02
3.486688062548637390e-02 3.503345325589179993e-02 3.346062451601028442e-02 3.473144769668579102e-02 3.631087020039558411e-02 3.426342830061912537e-02 3.670497611165046692e-02 3.587926924228668213e-02 3.606908395886421204e-02 3.592707216739654541e-02
-8.215707540512084961e-02 -7.944462448358535767e-02 -8.076662570238113403e-02 -8.244733512401580811e-02 -7.993368804454803467e-02 -8.016887307167053223e-02 -7.946274429559707642e-02 -8.101127296686172485e-02 -8.045361191034317017e-02 -8.181764185428619385e-02
-8.041805028915405273e-02 -7.983152568340301514e-02 -7.911143451929092407e-02 -7.888177037239074707e-02 -8.083124458789825439e-02 -7.915332168340682983e-02 -8.121518790721893311e-02 -8.009874075651168823e-02 -7.962039858102798462e-02 -7.936718314886093140e-02
8.188993670046329498e-03 9.634907357394695282e-03 9.796258993446826935e-03 8.923811838030815125e-03 9.587754495441913605e-03 7.661053910851478577e-03 1.028931979089975357e-02 9.798224084079265594e-03 9.258975274860858917e-03 8.014236576855182648e-03
-1.114077344536781311e-01 -1.098360419273376465e-01 -1.105973348021507263e-01 -1.122711226344108582e-01 -1.105602458119392395e-01 -1.095800548791885376e-01 -1.109371334314346313e-01 -1.109248548746109009e-01 -1.108826547861099243e-01 -1.110863909125328064e-01
-1.698023825883865356e-02 -1.566367223858833313e-02 -1.574906893074512482e-02 -1.621907949447631836e-02 -1.540425233542919159e-02 -1.728190667927265167e-02 -1.465306244790554047e-02 -1.686951890587806702e-02 -1.719363220036029816e-02 -1.653768308460712433e-02
-9.584499150514602661e-02 -9.536116570234298706e-02 -9.559696912765502930e-02 -9.534526616334915161e-02 -9.667690098285675049e-02 -9.397638589143753052e-02 -9.584268927574157715e-02 -9.531266242265701294e-02 -9.449055790901184082e-02 -9.570910781621932983e-02
8.761683851480484009e-02 8.787664026021957397e-02 8.694270998239517212e-02 8.793134242296218872e-02 8.869692683219909668e-02 8.678516000509262085e-02 8.942299336194992065e-02 9.008592367172241211e-02 8.935765922069549561e-02 8.669930696487426758e-02
-9.591180086135864258e-02 -9.229184687137603760e-02 -9.450954943895339966e-02 -9.529674798250198364e-02 -9.376448392868041992e-02 -9.384455531835556030e-02 -9.436638653278350830e-02 -9.415771067142486572e-02 -9.258201718330383301e-02 -9.362380206584930420e-02
-1.094956323504447937e-01 -1.098574772477149963e-01 -1.085726320743560791e-01 -1.101368963718414307e-01 -1.092684492468833923e-01 -1.078651770949363708e-01 -1.091558113694190979e-01 -1.100345402956008911e-01 -1.083088815212249756e-01 -1.092514991760253906e-01
-8.103791624307632446e-02 -8.139536529779434204e-02 -7.998686283826828003e-02 -8.230485022068023682e-02 -7.918887585401535034e-02 -7.968885451555252075e-02 -8.064845949411392212e-02 -8.134809136390686035e-02 -8.045350760221481323e-02 -8.018608391284942627e-02
6.886862218379974365e-02 6.947242468595504761e-02 6.975981593132019043e-02 7.050386071205139160e-02 7.010256499052047729e-02 6.666264683008193970e-02 7.067048549652099609e-02 7.018277794122695923e-02 6.787513196468353271e-02 6.899998337030410767e-02
7.384740561246871948e-02 7.582449913024902344e-02 7.288262248039245605e-02 7.543868571519851685e-02 7.464351505041122437e-02 7.231195271015167236e-02 7.407622784376144409e-02 7.646112889051437378e-02 7.334832847118377686e-02 7.437559217214584351e-02
-2.127535641193389893e-02 -2.139093168079853058e-02 -2.191193774342536926e-02 -2.039824984967708588e-02 -2.045270428061485291e-02 -2.180683612823486328e-02 -1.937960274517536163e-02 -1.886291988193988800e-02 -2.061164565384387970e-02 -2.077530324459075928e-02
7.077874243259429932e-02 7.362859696149826050e-02 7.366126030683517456e-02 7.487869262695312500e-02 7.296992093324661255e-02 7.152643054723739624e-02 7.252018898725509644e-02 7.479935139417648315e-02 7.204325497150421143e-02 7.260869443416595459e-02
-1.152810230851173401e-01 -1.144116669893264771e-01 -1.141733676195144653e-01 -1.177358850836753845e-01 -1.159971356391906738e-01 -1.144548952579498291e-01 -1.156829744577407837e-01 -1.158489137887954712e-01 -1.159377917647361755e-01 -1.157416850328445435e-01
7.196937501430511475e-02 7.276947051286697388e-02 7.298228889703750610e-02 7.249472290277481079e-02 7.324770838022232056e-02 7.155464589595794678e-02 7.236901670694351196e-02 7.410216331481933594e-02 7.191307842731475830e-02 7.117339223623275757e-02
-2.884620986878871918e-02 -2.836689352989196777e-02 -2.845185808837413788e-02 -2.830795384943485260e-02 -3.050249442458152771e-02 -2.861119806766510010e-02 -2.758126705884933472e-02 -2.804469503462314606e-02 -2.835536375641822815e-02 -2.827990241348743439e-02
-8.332008123397827148e-02 -8.306060731410980225e-02 -8.247141540050506592e-02 -8.421599864959716797e-02 -8.237513899803161621e-02 -8.023492991924285889e-02 -8.124983310699462891e-02 -8.378099650144577026e-02 -8.321759104728698730e-02 -8.300349861383438110e-02
-7.686722278594970703e-02 -7.580107450485229492e-02 -7.599559426307678223e-02 -7.799433916807174683e-02 -7.553742825984954834e-02 -7.608381658792495728e-02 -7.612548768520355225e-02 -7.654311507940292358e-02 -7.634803652763366699e-02 -7.619167864322662354e-02
-8.692402392625808716e-02 -8.658356219530105591e-02 -8.657293766736984253e-02 -8.875962346792221069e-02 -8.715984225273132324e-02 -8.503034710884094238e-02 -8.605358004570007324e-02 -8.628980070352554321e-02 -8.610944449901580811e-02 -8.762945979833602905e-02
-1.103480681777000427e-01 -1.092123612761497498e-01 -1.110794320702552795e-01 -1.113624721765518188e-01 -1.105720773339271545e-01 -1.090410128235816956e-01 -1.092798486351966858e-01 -1.112109497189521790e-01 -1.100267842411994934e-01 -1.099513322114944458e-01
-9.358721226453781128e-02 -9.314163029193878174e-02 -9.366440027952194214e-02 -9.519670903682708740e-02 -9.297421574592590332e-02 -9.188494086265563965e-02 -9.308411180973052979e-02 -9.521092474460601807e-02 -9.393336623907089233e-02 -9.314454346895217896e-02
-9.183511883020401001e-02 -8.888443559408187866e-02 -9.023102372884750366e-02 -9.216348826885223389e-02 -9.129726141691207886e-02 -8.903362601995468140e-02 -8.969456702470779419e-02 -9.167176485061645508e-02 -8.965791761875152588e-02 -9.185063093900680542e-02
-2.662713825702667236e-02 -2.615069411695003510e-02 -2.561231330037117004e-02 -2.778503112494945526e-02 -2.542839013040065765e-02 -2.774851582944393158e-02 -2.605388127267360687e-02 -2.599571831524372101e-02 -2.621601894497871399e-02 -2.697111107409000397e-02
-5.006393790245056152e-02 -4.881186038255691528e-02 -5.002458021044731140e-02 -5.007191374897956848e-02 -4.779486730694770813e-02 -4.817127436399459839e-02 -4.747155681252479553e-02 -4.874176904559135437e-02 -5.034767463803291321e-02 -4.987149313092231750e-02
6.163254380226135254e-02 6.194655224680900574e-02 6.144233420491218567e-02 6.114979460835456848e-02 6.274826824665069580e-02 6.039674207568168640e-02 6.218289956450462341e-02 6.350620836019515991e-02 6.308093667030334473e-02 6.297525018453598022e-02
-6.740438938140869141e-02 -6.655122339725494385e-02 -6.745218485593795776e-02 -6.776941567659378052e-02 -6.611475348472595215e-02 -6.542374193668365479e-02 -6.622461974620819092e-02 -6.771556288003921509e-02 -6.498862057924270630e-02 -6.642171740531921387e-02
-9.501971304416656494e-02 -9.310537576675415039e-02 -9.326661378145217896e-02 -9.437613189220428467e-02 -9.412228316068649292e-02 -9.451217204332351685e-02 -9.359383583068847656e-02 -9.495542943477630615e-02 -9.449263662099838257e-02 -9.340763092041015625e-02
-2.436014451086521149e-02 -2.381258830428123474e-02 -2.421892620623111725e-02 -2.535839751362800598e-02 -2.283467352390289307e-02 -2.510695345699787140e-02 -2.275859192013740540e-02 -2.298860624432563782e-02 -2.357397601008415222e-02 -2.426800876855850220e-02
4.844647645950317383e-02 5.034838244318962097e-02 4.987555369734764099e-02 5.100818723440170288e-02 5.153577402234077454e-02 4.924686625599861145e-02 5.148756131529808044e-02 5.229383334517478943e-02 5.015131458640098572e-02 4.860238358378410339e-02
1.745141297578811646e-02 1.642246358096599579e-02 1.695941388607025146e-02 1.706117019057273865e-02 1.813407428562641144e-02 1.662001386284828186e-02 1.700047031044960022e-02 1.758428663015365601e-02 1.778388395905494690e-02 1.647559367120265961e-02
-9.035576879978179932e-02 -9.025940299034118652e-02 -8.745454251766204834e-02 -8.994155377149581909e-02 -8.797097951173782349e-02 -8.883564919233322144e-02 -8.883104473352432251e-02 -8.845459669828414917e-02 -8.944776654243469238e-02 -8.968240022659301758e-02
-4.467247053980827332e-02 -4.526339843869209290e-02 -4.449676349759101868e-02 -4.436757415533065796e-02 -4.606675729155540466e-02 -4.584067314863204956e-02 -4.340019449591636658e-02 -4.368305951356887817e-02 -4.548264667391777039e-02 -4.407134652137756348e-02
-5.176103860139846802e-02 -5.104852840304374695e-02 -5.095059424638748169e-02 -5.193189531564712524e-02 -5.215527489781379700e-02 -5.130312591791152954e-02 -5.096211656928062439e-02 -5.300500243902206421e-02 -5.161915719509124756e-02 -5.116603896021842957e-02
-1.020114198327064514e-01 -1.010228097438812256e-01 -1.011895760893821716e-01 -1.019521877169609070e-01 -1.008940488100051880e-01 -1.004712134599685669e-01 -1.004964634776115417e-01 -1.015860810875892639e-01 -1.007797420024871826e-01 -1.001989468932151794e-01
5.978406220674514771e-02 6.121588125824928284e-02 6.136389821767807007e-02 5.915808677673339844e-02 6.249173730611801147e-02 6.046505272388458252e-02 6.185350939631462097e-02 6.073552370071411133e-02 5.818327143788337708e-02 6.013778224587440491e-02
-9.820773452520370483e-02 -9.724585711956024170e-02 -9.612375497817993164e-02 -9.862015396356582642e-02 -9.805156290531158447e-02 -9.640354663133621216e-02 -9.854227304458618164e-02 -9.903115779161453247e-02 -9.706004709005355835e-02 -9.754714369773864746e-02
6.856936961412429810e-02 6.800745427608489990e-02 6.856116652488708496e-02 6.846168637275695801e-02 6.952679902315139771e-02 6.684430688619613647e-02 7.029713690280914307e-02 7.018985599279403687e-02 6.875748187303543091e-02 6.967329233884811401e-02
2.588107436895370483e-02 2.669073455035686493e-02 2.688027173280715942e-02 2.684938721358776093e-02 2.642570249736309052e-02 2.483865618705749512e-02 2.689663507044315338e-02 2.712430059909820557e-02 2.593808807432651520e-02 2.531632967293262482e-02
3.578085452318191528e-02 3.631262853741645813e-02 3.608746454119682312e-02 3.545561805367469788e-02 3.612579777836799622e-02 3.529400750994682312e-02 3.714188188314437866e-02 3.835789859294891357e-02 3.512481972575187683e-02 3.542890772223472595e-02
7.791716605424880981e-02 7.886642217636108398e-02 7.729550451040267944e-02 7.860706001520156860e-02 7.843020558357238770e-02 7.759864628314971924e-02 8.074823021888732910e-02 7.959912717342376709e-02 7.796123623847961426e-02 7.866347581148147583e-02
5.875084921717643738e-02 5.943291261792182922e-02 5.782068520784378052e-02 6.019879505038261414e-02 5.883712321519851685e-02 5.756968259811401367e-02 5.924872681498527527e-02 6.142405793070793152e-02 5.809333920478820801e-02 5.733668059110641479e-02
-9.690388292074203491e-02 -9.550273418426513672e-02 -9.573558717966079712e-02 -9.622974693775177002e-02 -9.597217291593551636e-02 -9.456153959035873413e-02 -9.773845225572586060e-02 -9.760259091854095459e-02 -9.499150514602661133e-02 -9.713906794786453247e-02
-6.377821415662765503e-02 -6.392709910869598389e-02 -6.401691585779190063e-02 -6.221204996109008789e-02 -6.189848482608795166e-02 -6.225484982132911682e-02 -6.214959546923637390e-02 -6.221777945756912231e-02 -6.349555402994155884e-02 -6.386747956275939941e-02
5.141841992735862732e-02 5.205973982810974121e-02 5.075100809335708618e-02 4.978148639202117920e-02 5.114744231104850769e-02 5.079571530222892761e-02 5.174075812101364136e-02 5.101312696933746338e-02 5.149314925074577332e-02 5.091487243771553040e-02
7.995261251926422119e-02 8.100288361310958862e-02 8.051507920026779175e-02 8.120147883892059326e-02 8.114722371101379395e-02 7.972459495067596436e-02 8.261214196681976318e-02 8.220390230417251587e-02 7.985838502645492554e-02 7.953605800867080688e-02
-4.383322596549987793e-02 -4.230811819434165955e-02 -4.127056151628494263e-02 -4.373374581336975098e-02 -4.112926498055458069e-02 -4.060253128409385681e-02 -4.209772124886512756e-02 -4.117191582918167114e-02 -4.101489111781120300e-02 -4.186437651515007019e-02
-7.630772888660430908e-02 -7.627926766872406006e-02 -7.510069757699966431e-02 -7.631391286849975586e-02 -7.712984830141067505e-02 -7.570438086986541748e-02 -7.548420876264572144e-02 -7.590907812118530273e-02 -7.655634731054306030e-02 -7.575785368680953979e-02
8.921796828508377075e-02 8.801368623971939087e-02 8.832977712154388428e-02 8.866085112094879150e-02 8.851283788681030273e-02 8.742748945951461792e-02 8.924810588359832764e-02 8.994355797767639160e-02 8.703137189149856567e-02 8.912114053964614868e-02
-1.097966060042381287e-01 -1.083580404520034790e-01 -1.084091365337371826e-01 -1.107108741998672485e-01 -1.091120541095733643e-01 -1.076498925685882568e-01 -1.092611700296401978e-01 -1.109275072813034058e-01 -1.084818243980407715e-01 -1.102798581123352051e-01
-9.820993989706039429e-02 -9.663700312376022339e-02 -9.626284241676330566e-02 -9.845490008592605591e-02 -9.701628983020782471e-02 -9.696332365274429321e-02 -9.606618434190750122e-02 -9.903916716575622559e-02 -9.682782739400863647e-02 -9.800770133733749390e-02
-2.085665054619312286e-02 -1.895131543278694153e-02 -2.022267878055572510e-02 -2.015002816915512085e-02 -1.952142640948295593e-02 -2.051510103046894073e-02 -2.070496231317520142e-02 -2.116137370467185974e-02 -1.996865309774875641e-02 -2.111368626356124878e-02
-4.786413162946701050e-02 -4.706446826457977295e-02 -4.815679788589477539e-02 -4.742938280105590820e-02 -4.588091000914573669e-02 -4.639713466167449951e-02 -4.757760092616081238e-02 -4.694981873035430908e-02 -4.862283170223236084e-02 -4.796454682946205139e-02
-4.421118274331092834e-02 -4.460577666759490967e-02 -4.363425076007843018e-02 -4.479500278830528259e-02 -4.372736439108848572e-02 -4.421331360936164856e-02 -4.245833307504653931e-02 -4.424574226140975952e-02 -4.295596480369567871e-02 -4.326137527823448181e-02
-9.526884555816650391e-02 -9.438958764076232910e-02 -9.458587318658828735e-02 -9.522539377212524414e-02 -9.502299129962921143e-02 -9.345485270023345947e-02 -9.488711506128311157e-02 -9.530475735664367676e-02 -9.402452409267425537e-02 -9.609606117010116577e-02
-6.815416365861892700e-02 -6.720326095819473267e-02 -6.847792863845825195e-02 -6.808236986398696899e-02 -6.824421137571334839e-02 -6.687289476394653320e-02 -6.635822355747222900e-02 -6.825000792741775513e-02 -6.789594888687133789e-02 -6.975462287664413452e-02
3.531355038285255432e-02 3.526059538125991821e-02 3.551518544554710388e-02 3.467362001538276672e-02 3.639144822955131531e-02 3.548506274819374084e-02 3.796387836337089539e-02 3.703726455569267273e-02 3.600721061229705811e-02 3.496647253632545471e-02
-8.218308538198471069e-02 -7.921874523162841797e-02 -8.062314242124557495e-02 -8.118386566638946533e-02 -7.868694514036178589e-02 -7.889740914106369019e-02 -8.053801208734512329e-02 -8.094380050897598267e-02 -8.024278283119201660e-02 -7.987017929553985596e-02
-7.222993671894073486e-02 -7.258483767509460449e-02 -7.199636846780776978e-02 -7.368701696395874023e-02 -7.252261042594909668e-02 -7.209373265504837036e-02 -7.153428345918655396e-02 -7.263378798961639404e-02 -7.145048677921295166e-02 -7.300724089145660400e-02
-9.171020239591598511e-02 -9.096200019121170044e-02 -8.977494388818740845e-02 -9.073570370674133301e-02 -9.083767235279083252e-02 -9.007891267538070679e-02 -9.064406156539916992e-02 -9.179858863353729248e-02 -9.047020226716995239e-02 -9.032110124826431274e-02
6.999529898166656494e-02 7.158723473548889160e-02 7.117164134979248047e-02 7.266860455274581909e-02 7.239535450935363770e-02 6.951188296079635620e-02 7.084347307682037354e-02 7.179460674524307251e-02 7.172190397977828979e-02 7.145574688911437988e-02
7.346411794424057007e-02 7.662042230367660522e-02 7.629615813493728638e-02 7.447364926338195801e-02 7.593634724617004395e-02 7.294971495866775513e-02 7.583397626876831055e-02 7.668392360210418701e-02 7.540009170770645142e-02 7.392074912786483765e-02
-1.048375591635704041e-01 -1.029132306575775146e-01 -1.034611091017723083e-01 -1.050448939204216003e-01 -1.038377135992050171e-01 -1.023148521780967712e-01 -1.045204475522041321e-01 -1.053428202867507935e-01 -1.028784736990928650e-01 -1.035038754343986511e-01
-1.513231918215751648e-02 -1.314882095903158188e-02 -1.561897899955511093e-02 -1.375821232795715332e-02 -1.492068544030189514e-02 -1.486671157181262970e-02 -1.325124222785234451e-02 -1.412625424563884735e-02 -1.295404322445392609e-02 -1.502356957644224167e-02
-8.251374214887619019e-02 -8.107993751764297485e-02 -8.003552258014678955e-02 -8.192392438650131226e-02 -7.976833730936050415e-02 -8.081360161304473877e-02 -8.010108768939971924e-02 -8.049595355987548828e-02 -8.125240355730056763e-02 -8.189476281404495239e-02
-1.127206310629844666e-01 -1.105892434716224670e-01 -1.111832335591316223e-01 -1.119400635361671448e-01 -1.119690760970115662e-01 -1.100468337535858154e-01 -1.105087697505950928e-01 -1.126130595803260803e-01 -1.100094690918922424e-01 -1.117197051644325256e-01
6.500925868749618530e-02 6.541410088539123535e-02 6.493832170963287354e-02 6.438052654266357422e-02 6.577541679143905640e-02 6.300244480371475220e-02 6.600367277860641479e-02 6.452554464340209961e-02 6.556687504053115845e-02 6.451579928398132324e-02
-7.466167956590652466e-02 -7.370141893625259399e-02 -7.308085262775421143e-02 -7.425059378147125244e-02 -7.415618747472763062e-02 -7.187470048666000366e-02 -7.376903295516967773e-02 -7.413990795612335205e-02 -7.407698780298233032e-02 -7.429458945989608765e-02
7.832490652799606323e-02 8.153126388788223267e-02 8.015328645706176758e-02 8.197062462568283081e-02 8.058941364288330078e-02 7.862095534801483154e-02 8.042567968368530273e-02 8.148803561925888062e-02 7.952868938446044922e-02 7.885988801717758179e-02
-1.081808134913444519e-01 -1.086560264229774475e-01 -1.074293330311775208e-01 -1.089741364121437073e-01 -1.088033244013786316e-01 -1.054860800504684448e-01 -1.078524962067604065e-01 -1.075080037117004395e-01 -1.073340475559234619e-01 -1.081725060939788818e-01
-4.485614970326423645e-02 -4.472751542925834656e-02 -4.494354501366615295e-02 -4.601951315999031067e-02 -4.533651471138000488e-02 -4.658761247992515564e-02 -4.586830362677574158e-02 -4.634094983339309692e-02 -4.527378827333450317e-02 -4.633003473281860352e-02
-3.111618012189865112e-02 -2.971347980201244354e-02 -2.914190664887428284e-02 -3.036230057477951050e-02 -2.865391410887241364e-02 -3.022638708353042603e-02 -2.953034266829490662e-02 -3.102686442434787750e-02 -3.071880154311656952e-02 -3.206053748726844788e-02
1.722439192235469818e-02 1.837643422186374664e-02 1.652610860764980316e-02 1.824701018631458282e-02 1.693221740424633026e-02 1.680597104132175446e-02 1.850729808211326599e-02 1.824452169239521027e-02 1.774488016963005066e-02 1.582729071378707886e-02
7.302995771169662476e-02 7.437340915203094482e-02 7.254965603351593018e-02 7.475490123033523560e-02 7.372628897428512573e-02 7.213251292705535889e-02 7.518634945154190063e-02 7.377406209707260132e-02 7.454524934291839600e-02 7.362964749336242676e-02
9.006129950284957886e-02 8.996914327144622803e-02 8.897014707326889038e-02 9.053698927164077759e-02 9.165759384632110596e-02 8.922219276428222656e-02 9.166901558637619019e-02 9.113978594541549683e-02 9.019257128238677979e-02 9.140741080045700073e-02
-3.535153716802597046e-02 -3.352200239896774292e-02 -3.350309655070304871e-02 -3.546595945954322815e-02 -3.446533158421516418e-02 -3.454060107469558716e-02 -3.304364532232284546e-02 -3.508922830224037170e-02 -3.375313431024551392e-02 -3.514648973941802979e-02
-9.806856513023376465e-02 -9.773723781108856201e-02 -9.730117768049240112e-02 -9.860000759363174438e-02 -9.708528965711593628e-02 -9.570265561342239380e-02 -9.877086430788040161e-02 -1.003541424870491028e-01 -9.765648096799850464e-02 -9.716168045997619629e-02
7.643681764602661133e-02 7.915814220905303955e-02 7.610709965229034424e-02 7.674302160739898682e-02 7.854861021041870117e-02 7.460965961217880249e-02 7.846367359161376953e-02 7.812855392694473267e-02 7.723326981067657471e-02 7.805798947811126709e-02
-1.015850752592086792e-01 -1.022122129797935486e-01 -1.022216081619262695e-01 -1.033218279480934143e-01 -1.023442670702934265e-01 -9.955307841300964355e-02 -1.010244861245155334e-01 -1.016924381256103516e-01 -1.017359867691993713e-01 -1.029530912637710571e-01
3.872213512659072876e-02 3.990025818347930908e-02 3.831499442458152771e-02 3.834980726242065430e-02 3.954342007637023926e-02 3.777735680341720581e-02 3.934657573699951172e-02 3.983288258314132690e-02 3.751666843891143799e-02 3.766335546970367432e-02
-1.059532836079597473e-01 -1.030026972293853760e-01 -1.057289540767669678e-01 -1.046314463019371033e-01 -1.064741387963294983e-01 -1.041349619626998901e-01 -1.045262441039085388e-01 -1.048826798796653748e-01 -1.041000857949256897e-01 -1.046737581491470337e-01
4.704946652054786682e-02 4.756068810820579529e-02 4.687470197677612305e-02 4.766575619578361511e-02 4.763556271791458130e-02 4.743061959743499756e-02 4.802590236067771912e-02 4.890485480427742004e-02 4.800598695874214172e-02 4.769194126129150391e-02
4.579655453562736511e-02 4.599439725279808044e-02 4.568179324269294739e-02 4.668470844626426697e-02 4.599277302622795105e-02 4.506567493081092834e-02 4.701760038733482361e-02 4.673571884632110596e-02 4.576599597930908203e-02 4.583265632390975952e-02
-7.422504574060440063e-02 -7.422803342342376709e-02 -7.451292872428894043e-02 -7.511558383703231812e-02 -7.529320567846298218e-02 -7.341091334819793701e-02 -7.511125504970550537e-02 -7.515220344066619873e-02 -7.469676434993743896e-02 -7.493238151073455811e-02
1.389804575592279434e-02 1.550094224512577057e-02 1.423877011984586716e-02 1.463988050818443298e-02 1.466396450996398926e-02 1.632599346339702606e-02 1.682740822434425354e-02 1.641198806464672089e-02 1.559571735560894012e-02 1.542665995657444000e-02
7.277984917163848877e-02 7.529178261756896973e-02 7.438058406114578247e-02 7.426390796899795532e-02 7.440344244241714478e-02 7.152039557695388794e-02 7.385390996932983398e-02 7.386902719736099243e-02 7.301919162273406982e-02 7.355751842260360718e-02
7.177642732858657837e-02 7.159528136253356934e-02 7.098843157291412354e-02 7.292240858078002930e-02 7.249707728624343872e-02 6.932165473699569702e-02 7.260894775390625000e-02 7.349462807178497314e-02 7.194427400827407837e-02 7.031182199716567993e-02
5.516695231199264526e-02 5.575610324740409851e-02 5.622025579214096069e-02 5.585144460201263428e-02 5.729709565639495850e-02 5.458255484700202942e-02 5.542338266968727112e-02 5.669568106532096863e-02 5.548091232776641846e-02 5.480403825640678406e-02
6.721341609954833984e-02 6.685937196016311646e-02 6.802213937044143677e-02 6.796563416719436646e-02 6.783078610897064209e-02 6.632454693317413330e-02 6.890074163675308228e-02 6.900086998939514160e-02 6.619820743799209595e-02 6.738448143005371094e-02
6.415674835443496704e-02 6.414522975683212280e-02 6.329201906919479370e-02 6.560428440570831299e-02 6.505208462476730347e-02 6.248648092150688171e-02 6.642641127109527588e-02 6.571416556835174561e-02 6.510002166032791138e-02 6.481429189443588257e-02
-1.714928261935710907e-02 -1.648180000483989716e-02 -1.471620984375476837e-02 -1.827903464436531067e-02 -1.653025113046169281e-02 -1.594345644116401672e-02 -1.503659039735794067e-02 -1.675062999129295349e-02 -1.717115752398967743e-02 -1.834203489124774933e-02
-9.046652168035507202e-02 -8.868168294429779053e-02 -8.755894005298614502e-02 -8.995212614536285400e-02 -8.847247809171676636e-02 -8.712510764598846436e-02 -8.857942372560501099e-02 -8.960371464490890503e-02 -8.713363111019134521e-02 -8.968208730220794678e-02
7.592704147100448608e-02 7.556834071874618530e-02 7.558322697877883911e-02 7.639234513044357300e-02 7.732184976339340210e-02 7.512594014406204224e-02 7.817724347114562988e-02 7.749732583761215210e-02 7.608925551176071167e-02 7.514691352844238281e-02
6.501360982656478882e-02 6.632264703512191772e-02 6.660626083612442017e-02 6.516752392053604126e-02 6.689977645874023438e-02 6.461434066295623779e-02 6.635583192110061646e-02 6.753978133201599121e-02 6.663674116134643555e-02 6.439942866563796997e-02
8.133727312088012695e-02 8.256548643112182617e-02 8.276697993278503418e-02 8.297040313482284546e-02 8.303251117467880249e-02 8.217336237430572510e-02 8.389633148908615112e-02 8.376713842153549194e-02 8.166853338479995728e-02 8.191920816898345947e-02
-9.266188740730285645e-02 -9.091552346944808960e-02 -8.924912661314010620e-02 -9.005976468324661255e-02 -9.122858941555023193e-02 -8.818117529153823853e-02 -9.010988473892211914e-02 -9.030230343341827393e-02 -9.052216261625289917e-02 -9.096623957157135010e-02
-9.943863004446029663e-02 -9.859332442283630371e-02 -9.946999698877334595e-02 -9.935240447521209717e-02 -9.822016954421997070e-02 -9.816379100084304810e-02 -9.839913994073867798e-02 -1.011466458439826965e-01 -9.835402667522430420e-02 -9.854079037904739380e-02
-9.674403816461563110e-02 -9.571367502212524414e-02 -9.562230110168457031e-02 -9.595509618520736694e-02 -9.549813717603683472e-02 -9.564597904682159424e-02 -9.545332938432693481e-02 -9.753456711769104004e-02 -9.483855962753295898e-02 -9.502242505550384521e-02
-1.095076501369476318e-01 -1.097376868128776550e-01 -1.093308478593826294e-01 -1.105835735797882080e-01 -1.091174483299255371e-01 -1.081735938787460327e-01 -1.099713891744613647e-01 -1.104673072695732117e-01 -1.081412583589553833e-01 -1.092022955417633057e-01
-1.206441000103950500e-01 -1.181824803352355957e-01 -1.193211227655410767e-01 -1.197421699762344360e-01 -1.189761906862258911e-01 -1.178967133164405823e-01 -1.191412508487701416e-01 -1.196313500404357910e-01 -1.182624995708465576e-01 -1.181942224502563477e-01
4.611672461032867432e-02 4.762150719761848450e-02 4.625401645898818970e-02 4.722410440444946289e-02 4.777890071272850037e-02 4.549455642700195312e-02 4.717539250850677490e-02 4.652935266494750977e-02 4.772539064288139343e-02 4.412364214658737183e-02
-1.195681691169738770e-01 -1.185872107744216919e-01 -1.186013147234916687e-01 -1.196923777461051941e-01 -1.191199421882629395e-01 -1.168345436453819275e-01 -1.186253279447555542e-01 -1.190664917230606079e-01 -1.174272298812866211e-01 -1.183656975626945496e-01
-5.563151836395263672e-02 -5.365340411663055420e-02 -5.648123100399971008e-02 -5.657120421528816223e-02 -5.509842559695243835e-02 -5.499039217829704285e-02 -5.450376495718955994e-02 -5.627787858247756958e-02 -5.632746964693069458e-02 -5.712735652923583984e-02
7.644627243280410767e-02 7.667507976293563843e-02 7.489102333784103394e-02 7.610772550106048584e-02 7.668924331665039062e-02 7.349398732185363770e-02 7.714464515447616577e-02 7.692916691303253174e-02 7.608085125684738159e-02 7.531888782978057861e-02
4.362030327320098877e-02 4.351400583982467651e-02 4.255632311105728149e-02 4.375925660133361816e-02 4.317267239093780518e-02 4.373732209205627441e-02 4.463172703981399536e-02 4.336655884981155396e-02 4.299021139740943909e-02 4.224761202931404114e-02
-1.121414229273796082e-01 -1.092084199190139771e-01 -1.105322167277336121e-01 -1.109746396541595459e-01 -1.113243401050567627e-01 -1.090981885790824890e-01 -1.120495200157165527e-01 -1.121110096573829651e-01 -1.096879467368125916e-01 -1.107113212347030640e-01
-4.185526445508003235e-02 -4.138571768999099731e-02 -4.153596609830856323e-02 -4.071099311113357544e-02 -3.958920761942863464e-02 -3.954881057143211365e-02 -3.922878578305244446e-02 -3.981446847319602966e-02 -3.891277685761451721e-02 -4.109302163124084473e-02
6.256595253944396973e-02 6.286741048097610474e-02 6.377277523279190063e-02 6.376104056835174561e-02 6.528475135564804077e-02 6.278695911169052124e-02 6.372643262147903442e-02 6.519593298435211182e-02 6.323200464248657227e-02 6.263009458780288696e-02
-8.535508811473846436e-02 -8.431831747293472290e-02 -8.397555351257324219e-02 -8.648371696472167969e-02 -8.571749925613403320e-02 -8.459228277206420898e-02 -8.438768237829208374e-02 -8.669718354940414429e-02 -8.432026207447052002e-02 -8.614445477724075317e-02
7.591623067855834961e-02 7.677856832742691040e-02 7.534664124250411987e-02 7.797212153673171997e-02 7.726678997278213501e-02 7.623095810413360596e-02 7.735275477170944214e-02 7.738942652940750122e-02 7.675413042306900024e-02 7.728112488985061646e-02
-4.262835159897804260e-02 -4.124219343066215515e-02 -4.121272638440132141e-02 -4.249403253197669983e-02 -4.206325858831405640e-02 -4.172631353139877319e-02 -4.174939915537834167e-02 -4.056774452328681946e-02 -4.160150140523910522e-02 -4.267522320151329041e-02
5.032158643007278442e-02 5.001484602689743042e-02 4.930780455470085144e-02 4.929642751812934875e-02 5.094325914978981018e-02 4.833001643419265747e-02 5.169671773910522461e-02 5.198170617222785950e-02 4.965534806251525879e-02 4.961399734020233154e-02
-9.681254625320434570e-02 -9.690751880407333374e-02 -9.614093601703643799e-02 -9.629917889833450317e-02 -9.676495939493179321e-02 -9.422270208597183228e-02 -9.530094265937805176e-02 -9.646777063608169556e-02 -9.487075358629226685e-02 -9.596259146928787231e-02
-2.742063254117965698e-03 -7.123671239241957664e-04 -1.886265352368354797e-03 -1.063190284185111523e-03 -3.882882592733949423e-04 -8.146361215040087700e-04 1.901300420286133885e-04 -1.147159375250339508e-03 4.858032334595918655e-04 -1.842740341089665890e-03
-3.794473363086581230e-03 -2.554061124101281166e-03 -4.678156226873397827e-03 -3.779259743168950081e-03 -3.739774459972977638e-03 -4.521478433161973953e-03 -3.810963360592722893e-03 -4.051033873111009598e-03 -4.145572427660226822e-03 -5.403409246355295181e-03
-4.652312397956848145e-02 -4.470190778374671936e-02 -4.446823149919509888e-02 -4.490754753351211548e-02 -4.509427398443222046e-02 -4.542281478643417358e-02 -4.359695315361022949e-02 -4.435414820909500122e-02 -4.451698064804077148e-02 -4.553268849849700928e-02
7.912828773260116577e-02 8.062747865915298462e-02 7.912594825029373169e-02 7.919566333293914795e-02 8.111667633056640625e-02 7.889787852764129639e-02 8.065489679574966431e-02 8.040012419223785400e-02 8.018702268600463867e-02 8.033231645822525024e-02
5.248224362730979919e-02 5.223845690488815308e-02 5.263085663318634033e-02 5.377168580889701843e-02 5.348870530724525452e-02 5.078426003456115723e-02 5.352669209241867065e-02 5.235642567276954651e-02 5.217295512557029724e-02 5.002918094396591187e-02
4.169129207730293274e-02 4.285438358783721924e-02 4.255769401788711548e-02 4.354413226246833801e-02 4.352771490812301636e-02 4.279961436986923218e-02 4.373134672641754150e-02 4.218326136469841003e-02 4.279585555195808411e-02 4.285640642046928406e-02
-8.693435043096542358e-02 -8.563189208507537842e-02 -8.724643290042877197e-02 -8.591900020837783813e-02 -8.635930716991424561e-02 -8.561813086271286011e-02 -8.591156452894210815e-02 -8.771505206823348999e-02 -8.722733706235885620e-02 -8.648554980754852295e-02
-9.881101548671722412e-02 -9.813793748617172241e-02 -9.929133206605911255e-02 -9.971135109663009644e-02 -9.836316853761672974e-02 -9.716337919235229492e-02 -9.714359045028686523e-02 -9.895128011703491211e-02 -9.882693737745285034e-02 -1.004363968968391418e-01
-9.463453292846679688e-02 -9.381131827831268311e-02 -9.457354992628097534e-02 -9.511587768793106079e-02 -9.504254162311553955e-02 -9.357395768165588379e-02 -9.516313672065734863e-02 -9.444274008274078369e-02 -9.414982050657272339e-02 -9.612160176038742065e-02
-6.820432096719741821e-02 -6.883009523153305054e-02 -6.750400364398956299e-02 -6.906622648239135742e-02 -6.897807866334915161e-02 -6.698840856552124023e-02 -6.675809621810913086e-02 -6.704190373420715332e-02 -6.822392344474792480e-02 -6.865525245666503906e-02
-1.032113134860992432e-01 -1.023252457380294800e-01 -1.019949242472648621e-01 -1.034763455390930176e-01 -1.031332239508628845e-01 -1.018889918923377991e-01 -1.036858782172203064e-01 -1.025555431842803955e-01 -1.010387912392616272e-01 -1.021732911467552185e-01
8.217465132474899292e-02 8.189353346824645996e-02 8.118306100368499756e-02 8.069855719804763794e-02 8.242531865835189819e-02 8.128721266984939575e-02 8.244805037975311279e-02 8.254234492778778076e-02 8.282200992107391357e-02 7.997161895036697388e-02
2.920764312148094177e-02 2.874414622783660889e-02 2.838476002216339111e-02 2.981978841125965118e-02 2.937124297022819519e-02 2.673426456749439240e-02 2.957989089190959930e-02 2.908104471862316132e-02 2.822264842689037323e-02 2.730456367135047913e-02
4.231044277548789978e-02 4.385005310177803040e-02 4.366070777177810669e-02 4.482092708349227905e-02 4.339548945426940918e-02 4.343024641275405884e-02 4.437680169939994812e-02 4.438944160938262939e-02 4.410250112414360046e-02 4.316130280494689941e-02
3.513286262750625610e-02 3.619370982050895691e-02 3.527118638157844543e-02 3.526008129119873047e-02 3.547153621912002563e-02 3.388655558228492737e-02 3.633729368448257446e-02 3.683734312653541565e-02 3.460446372628211975e-02 3.535348922014236450e-02
1.370577048510313034e-02 1.361678168177604675e-02 1.412041019648313522e-02 1.294685062021017075e-02 1.511332858353853226e-02 1.260609459131956100e-02 1.434128731489181519e-02 1.404933538287878036e-02 1.537242624908685684e-02 1.153259817510843277e-02
-5.533099919557571411e-02 -5.407414957880973816e-02 -5.381998792290687561e-02 -5.459443852305412292e-02 -5.311672016978263855e-02 -5.278568342328071594e-02 -5.437247455120086670e-02 -5.394339561462402344e-02 -5.361440777778625488e-02 -5.382243543863296509e-02
5.727772042155265808e-02 5.760777369141578674e-02 5.721518769860267639e-02 5.801814794540405273e-02 5.845184624195098877e-02 5.606279149651527405e-02 6.040077283978462219e-02 6.039968505501747131e-02 5.728179588913917542e-02 5.783220008015632629e-02
-4.198117926716804504e-02 -4.009922593832015991e-02 -3.973650559782981873e-02 -4.107647016644477844e-02 -4.008705541491508484e-02 -4.010165855288505554e-02 -4.115308448672294617e-02 -4.001425206661224365e-02 -4.086691513657569885e-02 -4.141348227858543396e-02
-9.875887632369995117e-02 -9.709781408309936523e-02 -9.618025273084640503e-02 -9.778036177158355713e-02 -9.765836596488952637e-02 -9.685946255922317505e-02 -9.694381058216094971e-02 -9.836641699075698853e-02 -9.575473517179489136e-02 -9.812317043542861938e-02
-1.039391979575157166e-01 -1.026939004659652710e-01 -1.033604890108108521e-01 -1.044043749570846558e-01 -1.038610562682151794e-01 -1.019400730729103088e-01 -1.042529046535491943e-01 -1.024845540523529053e-01 -1.022608876228332520e-01 -1.026143580675125122e-01
7.049030810594558716e-02 7.167927920818328857e-02 7.226532697677612305e-02 7.296399027109146118e-02 7.242022454738616943e-02 7.203476130962371826e-02 7.309500873088836670e-02 7.502038031816482544e-02 7.198008149862289429e-02 7.176460325717926025e-02
8.191049844026565552e-02 8.251347392797470093e-02 8.361761271953582764e-02 8.242307603359222412e-02 8.304206281900405884e-02 8.254403620958328247e-02 8.319737762212753296e-02 8.398473262786865234e-02 8.410044014453887939e-02 8.315655589103698730e-02
-6.961156427860260010e-02 -6.921958178281784058e-02 -6.951770931482315063e-02 -6.888264417648315430e-02 -7.008186727762222290e-02 -6.738201528787612915e-02 -6.703156232833862305e-02 -6.807910650968551636e-02 -6.784924119710922241e-02 -6.931289285421371460e-02
1.927704177796840668e-02 2.025801874697208405e-02 2.076429687440395355e-02 2.034855820238590240e-02 1.935910806059837341e-02 1.881934516131877899e-02 2.238877676427364349e-02 2.176686190068721771e-02 2.053743600845336914e-02 1.951214484870433807e-02
-8.839583396911621094e-02 -8.780711144208908081e-02 -8.744300156831741333e-02 -8.859191834926605225e-02 -8.914743363857269287e-02 -8.663114905357360840e-02 -8.647414296865463257e-02 -8.937636762857437134e-02 -8.682786673307418823e-02 -8.850949257612228394e-02
-4.971882328391075134e-02 -4.977937787771224976e-02 -4.938588291406631470e-02 -4.874464124441146851e-02 -4.883885756134986877e-02 -5.002968758344650269e-02 -4.846905916929244995e-02 -4.905821382999420166e-02 -4.876779019832611084e-02 -5.038006603717803955e-02
5.835050716996192932e-02 5.848554894328117371e-02 5.752743780612945557e-02 5.941833928227424622e-02 5.905474722385406494e-02 5.667815357446670532e-02 5.961168557405471802e-02 5.908644199371337891e-02 5.761215463280677795e-02 5.735966563224792480e-02
-1.167557835578918457e-01 -1.153818443417549133e-01 -1.153025329113006592e-01 -1.182817071676254272e-01 -1.170819848775863647e-01 -1.140704005956649780e-01 -1.166305765509605408e-01 -1.172671169042587280e-01 -1.162080541253089905e-01 -1.150150895118713379e-01
-3.450319543480873108e-02 -3.268695622682571411e-02 -3.274123743176460266e-02 -3.353689983487129211e-02 -3.350661322474479675e-02 -3.364113718271255493e-02 -3.235433623194694519e-02 -3.347612544894218445e-02 -3.163262084126472473e-02 -3.473951295018196106e-02
-1.118121594190597534e-01 -1.121841222047805786e-01 -1.112295240163803101e-01 -1.124376282095909119e-01 -1.118617951869964600e-01 -1.109297424554824829e-01 -1.119535788893699646e-01 -1.130670309066772461e-01 -1.127007603645324707e-01 -1.122376248240470886e-01
-1.800627261400222778e-02 -1.349942013621330261e-02 -1.574624329805374146e-02 -1.440583262592554092e-02 -1.526991929858922958e-02 -1.579378731548786163e-02 -1.399472542107105255e-02 -1.532859914004802704e-02 -1.524095702916383743e-02 -1.509757060557603836e-02
3.098503686487674713e-02 3.053437359631061554e-02 2.990311756730079651e-02 2.965452335774898529e-02 3.080957569181919098e-02 3.162911534309387207e-02 3.204796090722084045e-02 3.072213940322399139e-02 3.121278621256351471e-02 3.023872338235378265e-02
7.486677169799804688e-02 7.574253529310226440e-02 7.515443116426467896e-02 7.654622197151184082e-02 7.695544511079788208e-02 7.516456395387649536e-02 7.693506777286529541e-02 7.751817256212234497e-02 7.658228278160095215e-02 7.571940869092941284e-02
8.067884296178817749e-02 8.114672452211380005e-02 8.079879730939865112e-02 8.054072409868240356e-02 8.138416707515716553e-02 8.046169579029083252e-02 8.104769140481948853e-02 8.374335616827011108e-02 8.142437040805816650e-02 7.967918366193771362e-02
-1.076225712895393372e-01 -1.057080551981925964e-01 -1.055174991488456726e-01 -1.078079044818878174e-01 -1.071943491697311401e-01 -1.033371984958648682e-01 -1.066014692187309265e-01 -1.059634536504745483e-01 -1.046592146158218384e-01 -1.057617589831352234e-01
-1.078356727957725525e-01 -1.093784347176551819e-01 -1.077467054128646851e-01 -1.087506413459777832e-01 -1.079342588782310486e-01 -1.076539233326911926e-01 -1.081821843981742859e-01 -1.091298460960388184e-01 -1.084397360682487488e-01 -1.088694185018539429e-01
-7.781359553337097168e-02 -7.711333781480789185e-02 -7.666448503732681274e-02 -7.747152447700500488e-02 -7.757870107889175415e-02 -7.710413634777069092e-02 -7.660228013992309570e-02 -7.708093523979187012e-02 -7.795047014951705933e-02 -7.698013633489608765e-02
-1.035310551524162292e-01 -1.022111698985099792e-01 -1.022584363818168640e-01 -1.025275960564613342e-01 -1.013158932328224182e-01 -1.004299223423004150e-01 -1.009000688791275024e-01 -1.026215925812721252e-01 -1.026779785752296448e-01 -1.013917624950408936e-01
-1.082346737384796143e-01 -1.071641519665718079e-01 -1.076070815324783325e-01 -1.085250079631805420e-01 -1.079419106245040894e-01 -1.058404371142387390e-01 -1.069348379969596863e-01 -1.092935726046562195e-01 -1.070134714245796204e-01 -1.075411513447761536e-01
-1.137854978442192078e-01 -1.122797057032585144e-01 -1.113549247384071350e-01 -1.132874488830566406e-01 -1.120095178484916687e-01 -1.124147698283195496e-01 -1.119424030184745789e-01 -1.132182627916336060e-01 -1.117264404892921448e-01 -1.126926839351654053e-01
-8.511367440223693848e-02 -8.376573771238327026e-02 -8.342139422893524170e-02 -8.424961566925048828e-02 -8.301950246095657349e-02 -8.244634419679641724e-02 -8.357257395982742310e-02 -8.404266089200973511e-02 -8.420947194099426270e-02 -8.355082571506500244e-02
7.900393009185791016e-02 8.172125369310379028e-02 7.941295206546783447e-02 8.137420564889907837e-02 8.064616471529006958e-02 7.924170792102813721e-02 8.122542500495910645e-02 8.145324885845184326e-02 8.225110918283462524e-02 8.150894939899444580e-02
-1.597996428608894348e-02 -1.494774129241704941e-02 -1.751223206520080566e-02 -1.681591197848320007e-02 -1.481372304260730743e-02 -1.631378009915351868e-02 -1.553263515233993530e-02 -1.680090278387069702e-02 -1.693405769765377045e-02 -1.798497140407562256e-02
-4.915834218263626099e-02 -4.926094040274620056e-02 -4.931696876883506775e-02 -4.926859214901924133e-02 -4.814204201102256775e-02 -4.884427040815353394e-02 -4.779617488384246826e-02 -4.841959848999977112e-02 -4.887920990586280823e-02 -4.963798075914382935e-02
5.449504405260086060e-02 5.687354505062103271e-02 5.435509979724884033e-02 5.540037900209426880e-02 5.717784538865089417e-02 5.386324599385261536e-02 5.701604112982749939e-02 5.593104287981987000e-02 5.440211668610572815e-02 5.490315705537796021e-02
2.787787653505802155e-02 2.790336497128009796e-02 2.779990062117576599e-02 2.813258394598960876e-02 2.889360859990119934e-02 2.768194861710071564e-02 2.897325903177261353e-02 3.003800101578235626e-02 2.837534435093402863e-02 2.898772433400154114e-02
5.086800083518028259e-02 5.225473269820213318e-02 5.150314420461654663e-02 5.129037424921989441e-02 5.193508416414260864e-02 5.116643011569976807e-02 5.195870250463485718e-02 5.378487706184387207e-02 5.139400437474250793e-02 5.234834924340248108e-02
1.730057783424854279e-02 1.869965903460979462e-02 1.809920556843280792e-02 1.777792349457740784e-02 1.740282215178012848e-02 1.783894747495651245e-02 1.809353940188884735e-02 1.799483969807624817e-02 1.813774183392524719e-02 1.783049292862415314e-02
-9.201924502849578857e-02 -9.222745895385742188e-02 -9.081864356994628906e-02 -9.153768420219421387e-02 -9.117699414491653442e-02 -8.970636129379272461e-02 -8.972556143999099731e-02 -9.322399646043777466e-02 -9.089085459709167480e-02 -9.088930487632751465e-02
-1.153370738029479980e-01 -1.159080192446708679e-01 -1.157933548092842102e-01 -1.161180287599563599e-01 -1.144066080451011658e-01 -1.145730465650558472e-01 -1.160887703299522400e-01 -1.156926900148391724e-01 -1.145173981785774231e-01 -1.145620122551918030e-01
-5.565294250845909119e-02 -5.569953843951225281e-02 -5.568029358983039856e-02 -5.699221789836883545e-02 -5.504505336284637451e-02 -5.571892485022544861e-02 -5.528228357434272766e-02 -5.578755587339401245e-02 -5.667496472597122192e-02 -5.603615194559097290e-02
4.536432027816772461e-02 4.710445553064346313e-02 4.475922510027885437e-02 4.736634343862533569e-02 4.682576656341552734e-02 4.417945072054862976e-02 4.601748287677764893e-02 4.649032279849052429e-02 4.444166272878646851e-02 4.494740813970565796e-02
-1.176284700632095337e-01 -1.154509037733078003e-01 -1.154230386018753052e-01 -1.159297823905944824e-01 -1.159203425049781799e-01 -1.138097420334815979e-01 -1.151422038674354553e-01 -1.167402490973472595e-01 -1.153791397809982300e-01 -1.155242323875427246e-01
-1.071148887276649475e-01 -1.068491563200950623e-01 -1.052216738462448120e-01 -1.067785993218421936e-01 -1.069080457091331482e-01 -1.038714498281478882e-01 -1.051645949482917786e-01 -1.059994623064994812e-01 -1.053715944290161133e-01 -1.049014851450920105e-01
7.487789541482925415e-02 7.562437653541564941e-02 7.415391504764556885e-02 7.660122215747833252e-02 7.499714940786361694e-02 7.260966300964355469e-02 7.664418220520019531e-02 7.581726461648941040e-02 7.439135015010833740e-02 7.426012307405471802e-02
-1.074422895908355713e-01 -1.054146140813827515e-01 -1.057671383023262024e-01 -1.082125604152679443e-01 -1.073060780763626099e-01 -1.054084450006484985e-01 -1.061351150274276733e-01 -1.084931194782257080e-01 -1.056310832500457764e-01 -1.059309691190719604e-01
7.540785521268844604e-02 7.727652043104171753e-02 7.548599690198898315e-02 7.806704193353652954e-02 7.761105895042419434e-02 7.673988491296768188e-02 7.788628339767456055e-02 7.696001976728439331e-02 7.596747577190399170e-02 7.668316364288330078e-02
-1.004416644573211670e-01 -1.005585789680480957e-01 -1.009552851319313049e-01 -1.015844121575355530e-01 -1.006372198462486267e-01 -9.930150955915451050e-02 -1.003551036119461060e-01 -9.983226656913757324e-02 -1.015084236860275269e-01 -1.010451987385749817e-01
-2.119592018425464630e-02 -2.115987055003643036e-02 -1.981533691287040710e-02 -2.079416997730731964e-02 -2.105261571705341339e-02 -2.131547965109348297e-02 -1.958857476711273193e-02 -2.033848874270915985e-02 -2.093897387385368347e-02 -2.047132141888141632e-02
-1.020532175898551941e-01 -1.028632074594497681e-01 -1.031412929296493530e-01 -1.024262532591819763e-01 -1.029231548309326172e-01 -1.010807678103446960e-01 -1.025924235582351685e-01 -1.025483012199401855e-01 -1.029321104288101196e-01 -1.020066663622856140e-01
-1.977788284420967102e-02 -1.870934106409549713e-02 -1.937594078481197357e-02 -2.025609090924263000e-02 -1.909441128373146057e-02 -1.936405524611473083e-02 -1.865244470536708832e-02 -1.936553046107292175e-02 -1.990089751780033112e-02 -2.118350565433502197e-02
8.923355489969253540e-02 9.148032218217849731e-02 8.848781138658523560e-02 9.217847138643264771e-02 8.968671411275863647e-02 8.749764412641525269e-02 8.946683257818222046e-02 9.253126382827758789e-02 9.005595743656158447e-02 8.926717191934585571e-02
5.619345232844352722e-02 5.759873986244201660e-02 5.686653032898902893e-02 5.850018188357353210e-02 5.705854669213294983e-02 5.670559033751487732e-02 5.677058175206184387e-02 5.830178409814834595e-02 5.651690810918807983e-02 5.855656415224075317e-02
5.759074166417121887e-02 5.792811512947082520e-02 5.786700919270515442e-02 6.001174077391624451e-02 5.952107906341552734e-02 5.677333101630210876e-02 6.057469546794891357e-02 6.028040871024131775e-02 5.917153880000114441e-02 5.765308812260627747e-02
4.209889099001884460e-02 4.183633998036384583e-02 4.129867628216743469e-02 4.344964027404785156e-02 4.222186654806137085e-02 4.143312573432922363e-02 4.391572624444961548e-02 4.259143769741058350e-02 4.226013645529747009e-02 4.068052023649215698e-02
5.378188192844390869e-02 5.338130518794059753e-02 5.349640548229217529e-02 5.395438149571418762e-02 5.415522307157516479e-02 5.254705622792243958e-02 5.431409552693367004e-02 5.410441756248474121e-02 5.322284251451492310e-02 5.306914076209068298e-02
5.478922650218009949e-02 5.445287004113197327e-02 5.352200195193290710e-02 5.357868224382400513e-02 5.620553717017173767e-02 5.344636738300323486e-02 5.589115619659423828e-02 5.517378821969032288e-02 5.353393778204917908e-02 5.466523021459579468e-02
-7.262860983610153198e-02 -7.267506420612335205e-02 -7.198970019817352295e-02 -7.222465425729751587e-02 -7.160966843366622925e-02 -7.096128910779953003e-02 -7.105398923158645630e-02 -7.131599634885787964e-02 -7.149970531463623047e-02 -7.326161861419677734e-02
-1.104680374264717102e-01 -1.099337488412857056e-01 -1.114876046776771545e-01 -1.120165959000587463e-01 -1.122011542320251465e-01 -1.096818298101425171e-01 -1.102929934859275818e-01 -1.114066243171691895e-01 -1.098866760730743408e-01 -1.110275909304618835e-01
-1.134148016571998596e-01 -1.111265420913696289e-01 -1.114763244986534119e-01 -1.127502992749214172e-01 -1.131301000714302063e-01 -1.092944294214248657e-01 -1.132320463657379150e-01 -1.124083921313285828e-01 -1.110501214861869812e-01 -1.119834482669830322e-01
8.413247019052505493e-02 8.582358062267303467e-02 8.393713086843490601e-02 8.470673114061355591e-02 8.572324365377426147e-02 8.299024403095245361e-02 8.473667502403259277e-02 8.616539090871810913e-02 8.456280827522277832e-02 8.487964421510696411e-02
-8.143931627273559570e-02 -8.143059164285659790e-02 -8.009111881256103516e-02 -8.050444722175598145e-02 -7.889228314161300659e-02 -7.952283322811126709e-02 -7.882307469844818115e-02 -7.952003926038742065e-02 -7.950735837221145630e-02 -8.078088611364364624e-02
8.548442274332046509e-02 8.557406812906265259e-02 8.462078124284744263e-02 8.587852865457534790e-02 8.577696233987808228e-02 8.248211443424224854e-02 8.656714856624603271e-02 8.689823746681213379e-02 8.597560971975326538e-02 8.343643695116043091e-02
3.239990025758743286e-02 3.521168604493141174e-02 3.483415767550468445e-02 3.384193405508995056e-02 3.460401669144630432e-02 3.395686298608779907e-02 3.542671352624893188e-02 3.457459434866905212e-02 3.368605300784111023e-02 3.242668882012367249e-02
2.968127839267253876e-02 3.204590082168579102e-02 3.005927056074142456e-02 3.125329688191413879e-02 3.058656677603721619e-02 2.972430363297462463e-02 3.012091666460037231e-02 3.076240606606006622e-02 2.974566444754600525e-02 3.006380237638950348e-02
4.526713490486145020e-02 4.550815746188163757e-02 4.436563700437545776e-02 4.420461878180503845e-02 4.402033239603042603e-02 4.394910112023353577e-02 4.625380039215087891e-02 4.685525223612785339e-02 4.391613975167274475e-02 4.336814209818840027e-02
-1.071865111589431763e-01 -1.071541756391525269e-01 -1.056365072727203369e-01 -1.079445332288742065e-01 -1.067176833748817444e-01 -1.040238291025161743e-01 -1.068495437502861023e-01 -1.053297370672225952e-01 -1.058323010802268982e-01 -1.068363040685653687e-01
-5.372380092740058899e-02 -5.112013965845108032e-02 -5.169382318854331970e-02 -5.359048396348953247e-02 -5.229891091585159302e-02 -5.187242478132247925e-02 -5.313990637660026550e-02 -5.227065831422805786e-02 -5.204214528203010559e-02 -5.268919467926025391e-02
7.987879961729049683e-02 8.130951225757598877e-02 8.001157641410827637e-02 8.130010962486267090e-02 8.099251240491867065e-02 7.840751856565475464e-02 7.970158010721206665e-02 8.303126692771911621e-02 7.979973405599594116e-02 7.985006272792816162e-02
-1.134532839059829712e-01 -1.128737926483154297e-01 -1.124551370739936829e-01 -1.144209429621696472e-01 -1.120693013072013855e-01 -1.115548685193061829e-01 -1.125888824462890625e-01 -1.138677895069122314e-01 -1.123392358422279358e-01 -1.133012250065803528e-01
7.761439681053161621e-02 7.829528301954269409e-02 7.900816947221755981e-02 7.831048220396041870e-02 7.912407815456390381e-02 7.738079130649566650e-02 7.923039793968200684e-02 7.936736941337585449e-02 7.942091673612594604e-02 7.777154445648193359e-02
4.294573888182640076e-02 4.347603395581245422e-02 4.470045864582061768e-02 4.487652331590652466e-02 4.412388801574707031e-02 4.385566711425781250e-02 4.363152757287025452e-02 4.500419646501541138e-02 4.513748735189437866e-02 4.241643100976943970e-02
-8.404362946748733521e-02 -8.237607777118682861e-02 -8.386639505624771118e-02 -8.409434556961059570e-02 -8.210587501525878906e-02 -8.074345439672470093e-02 -8.377178758382797241e-02 -8.277337253093719482e-02 -8.301702141761779785e-02 -8.338925987482070923e-02
7.295951247215270996e-02 7.311139255762100220e-02 7.259131222963333130e-02 7.351095229387283325e-02 7.382311671972274780e-02 7.083933055400848389e-02 7.373835146427154541e-02 7.448888570070266724e-02 7.207874208688735962e-02 7.283663004636764526e-02
3.292190656065940857e-02 3.414656221866607666e-02 3.317040950059890747e-02 3.341584652662277222e-02 3.279273211956024170e-02 3.275161981582641602e-02 3.436171263456344604e-02 3.504367545247077942e-02 3.269311785697937012e-02 3.229304775595664978e-02
3.808498010039329529e-02 3.918300196528434753e-02 3.891678526997566223e-02 3.895783424377441406e-02 4.134199023246765137e-02 3.851196914911270142e-02 4.128936678171157837e-02 3.905195742845535278e-02 3.787724673748016357e-02 3.783176094293594360e-02
-8.945757895708084106e-02 -8.786933869123458862e-02 -8.877665549516677856e-02 -8.922259509563446045e-02 -8.827843517065048218e-02 -8.703626692295074463e-02 -8.851411193609237671e-02 -8.920574188232421875e-02 -8.800973743200302124e-02 -8.851377665996551514e-02
8.045337349176406860e-02 8.064268529415130615e-02 7.934671640396118164e-02 8.080038428306579590e-02 8.143525570631027222e-02 7.869081199169158936e-02 8.172681182622909546e-02 8.279012888669967651e-02 8.162046223878860474e-02 8.106780052185058594e-02
3.591077029705047607e-02 3.465801477432250977e-02 3.648003563284873962e-02 3.643793240189552307e-02 3.769150748848915100e-02 3.528172895312309265e-02 3.718284517526626587e-02 3.643388673663139343e-02 3.495396301150321960e-02 3.462390229105949402e-02
-2.581203915178775787e-02 -2.344437688589096069e-02 -2.509585954248905182e-02 -2.650347910821437836e-02 -2.438302338123321533e-02 -2.504067867994308472e-02 -2.473559044301509857e-02 -2.531784772872924805e-02 -2.556363120675086975e-02 -2.481481060385704041e-02
-8.672562241554260254e-02 -8.669484406709671021e-02 -8.674827963113784790e-02 -8.607156574726104736e-02 -8.756033331155776978e-02 -8.534898608922958374e-02 -8.579407632350921631e-02 -8.708418905735015869e-02 -8.603949099779129028e-02 -8.633011579513549805e-02
-1.155103743076324463e-02 -1.276225037872791290e-02 -1.146359369158744812e-02 -1.340624503791332245e-02 -1.241844706237316132e-02 -1.176683977246284485e-02 -1.313738245517015457e-02 -1.292059570550918579e-02 -1.366283744573593140e-02 -1.217733509838581085e-02
6.148867309093475342e-02 6.183983758091926575e-02 6.289390474557876587e-02 6.225963681936264038e-02 6.213856860995292664e-02 5.947233736515045166e-02 6.187996268272399902e-02 6.322994083166122437e-02 6.043498218059539795e-02 6.134672462940216064e-02
-9.239016473293304443e-02 -9.089666604995727539e-02 -9.169833362102508545e-02 -9.264292567968368530e-02 -9.141815453767776489e-02 -9.005305171012878418e-02 -9.116414934396743774e-02 -9.180369228124618530e-02 -9.157928824424743652e-02 -9.076909720897674561e-02
6.522215902805328369e-02 6.460805982351303101e-02 6.441959738731384277e-02 6.537128239870071411e-02 6.533996015787124634e-02 6.414934992790222168e-02 6.741551309823989868e-02 6.646451354026794434e-02 6.484477967023849487e-02 6.526611745357513428e-02
6.932368874549865723e-02 6.884258985519409180e-02 6.817655265331268311e-02 6.950908154249191284e-02 6.866071373224258423e-02 6.773407757282257080e-02 6.985322386026382446e-02 6.834032386541366577e-02 6.872630864381790161e-02 6.739435344934463501e-02
-6.955901533365249634e-02 -7.018761336803436279e-02 -6.861771643161773682e-02 -7.154177129268646240e-02 -7.001349329948425293e-02 -6.948954612016677856e-02 -6.886772066354751587e-02 -7.011537998914718628e-02 -6.840798258781433105e-02 -6.939648836851119995e-02
