-1.215400546789169312e-01
-1.219482719898223877e-01
-1.230856031179428101e-01
-1.220105364918708801e-01
-1.238479092717170715e-01
-1.221834719181060791e-01
-1.203966662287712097e-01
-1.213038563728332520e-01
-1.211350262165069580e-01
-1.198960319161415100e-01
-1.224223822355270386e-01
-1.232550069689750671e-01
-1.195214167237281799e-01
-1.213250011205673218e-01
-1.200909912586212158e-01
-1.212612465023994446e-01
-1.214539408683776855e-01
-1.220568343997001648e-01
-1.232505887746810913e-01
-1.196225658059120178e-01
-1.220278069376945496e-01
-1.195841357111930847e-01
-1.208668872714042664e-01
-1.210205405950546265e-01
-1.205023005604743958e-01
-1.195262074470520020e-01
-1.194849088788032532e-01
-1.202651709318161011e-01
-1.181356012821197510e-01
-1.221204325556755066e-01
-1.217343136668205261e-01
-1.209747120738029480e-01
-1.212938278913497925e-01
-1.221760809421539307e-01
-1.218971163034439087e-01
-1.201316267251968384e-01
-1.139215901494026184e-01
-1.167443916201591492e-01
-1.124314218759536743e-01
-1.136536598205566406e-01
-1.150269359350204468e-01
-1.166653260588645935e-01
-1.170965209603309631e-01
-1.184709370136260986e-01
-1.153634786605834961e-01
-1.160450130701065063e-01
-1.147501170635223389e-01
-1.161298453807830811e-01
-1.165932118892669678e-01
-1.192077845335006714e-01
-1.211440712213516235e-01
-1.219164282083511353e-01
-1.178774163126945496e-01
-1.219127848744392395e-01
-1.211190745234489441e-01
-1.231268495321273804e-01
-1.212802678346633911e-01
-1.216014921665191650e-01
-1.212760955095291138e-01
-1.226128414273262024e-01
-1.189143061637878418e-01
-1.212058588862419128e-01
-1.164746582508087158e-01
-1.127900108695030212e-01
-1.109608486294746399e-01
-1.109514907002449036e-01
-1.178626269102096558e-01
-1.247512996196746826e-01
-1.280926465988159180e-01
-1.353429853916168213e-01
-1.399314403533935547e-01
-1.384838521480560303e-01
-1.484761387109756470e-01
-1.410500407218933105e-01
-1.351312398910522461e-01
-1.307040899991989136e-01
-1.228633895516395569e-01
-1.185520291328430176e-01
-1.122172847390174866e-01
-1.128861829638481140e-01
-1.158559843897819519e-01
-1.231417879462242126e-01
-1.232954785227775574e-01
-1.205532923340797424e-01
-1.212168261408805847e-01
-1.200061440467834473e-01
-1.202774345874786377e-01
-1.212567538022994995e-01
-1.205699220299720764e-01
-1.125001460313796997e-01
-1.086518168449401855e-01
-1.065194830298423767e-01
-1.059360057115554810e-01
-1.133823692798614502e-01
-1.180869787931442261e-01
-1.270594149827957153e-01
-1.286185383796691895e-01
-1.235448345541954041e-01
-1.318414360284805298e-01
-1.311908513307571411e-01
-1.148270219564437866e-01
-1.204432919621467590e-01
-1.259241104125976562e-01
-1.174794659018516541e-01
-1.180547922849655151e-01
-1.166891455650329590e-01
-1.109238639473915100e-01
-1.078045964241027832e-01
-1.096567958593368530e-01
-1.188926771283149719e-01
-1.200816333293914795e-01
-1.189965084195137024e-01
-1.205439269542694092e-01
-1.207336410880088806e-01
-1.189609542489051819e-01
-1.185020804405212402e-01
-1.160649284720420837e-01
-1.046643927693367004e-01
-1.035697683691978455e-01
-9.218854457139968872e-02
-9.837044775485992432e-02
-8.626066893339157104e-02
-9.530284255743026733e-02
-8.148124814033508301e-02
-8.714421093463897705e-02
-6.121779605746269226e-02
-5.675223842263221741e-02
-5.128505080938339233e-02
-4.163749516010284424e-02
-4.700032621622085571e-02
-5.634899437427520752e-02
-7.664693146944046021e-02
-9.072970598936080933e-02
-9.353198111057281494e-02
-1.081788837909698486e-01
-1.129003837704658508e-01
-1.100921034812927246e-01
-1.078916117548942566e-01
-1.187353506684303284e-01
-1.189564242959022522e-01
-1.223488152027130127e-01
-1.222592070698738098e-01
-1.203802749514579773e-01
-1.169570088386535645e-01
-1.055252552032470703e-01
-9.828994423151016235e-02
-9.283244609832763672e-02
-8.536127209663391113e-02
-7.947859168052673340e-02
-6.334385275840759277e-02
-7.258131355047225952e-02
-5.701873824000358582e-02
-4.239058494567871094e-02
-1.188350375741720200e-02
-1.360901817679405212e-02
-1.551772560924291611e-02
-5.036765243858098984e-03
-1.467919629067182541e-02
-8.258367888629436493e-03
-4.275267571210861206e-02
-5.109767615795135498e-02
-6.951040029525756836e-02
-8.777089416980743408e-02
-1.095265895128250122e-01
-1.129413172602653503e-01
-1.071955189108848572e-01
-1.103060543537139893e-01
-1.190597862005233765e-01
-1.201804131269454956e-01
-1.218778640031814575e-01
-1.211124211549758911e-01
-1.071328371763229370e-01
-1.005122736096382141e-01
-8.890116959810256958e-02
-8.903400599956512451e-02
-7.658478617668151855e-02
-5.997784435749053955e-02
-6.446971744298934937e-02
-5.233876407146453857e-02
-2.407824620604515076e-02
-3.582271561026573181e-02
1.002346817404031754e-02
-7.126620970666408539e-03
-1.842536032199859619e-02
-1.122635137289762497e-02
-1.895122416317462921e-02
-2.098986506462097168e-02
-3.281541168689727783e-02
-4.803175851702690125e-02
-5.204316228628158569e-02
-8.061396330595016479e-02
-1.008738279342651367e-01
-1.100811660289764404e-01
-1.127207204699516296e-01
-1.099204272031784058e-01
-1.193608716130256653e-01
-1.232208311557769775e-01
-1.186435595154762268e-01
-1.139260083436965942e-01
-1.077164411544799805e-01
-9.353681653738021851e-02
-7.947917282581329346e-02
-7.753136008977890015e-02
-5.720222368836402893e-02
-5.614321678876876831e-02
-4.018901661038398743e-02
-3.812645003199577332e-02
-1.867955923080444336e-02
-3.461236506700515747e-02
-2.941501885652542114e-02
2.056126715615391731e-03
1.379259745590388775e-03
4.194192122668027878e-03
2.089682407677173615e-02
5.355423782020807266e-03
2.469098544679582119e-04
-1.350502390414476395e-02
-4.608804732561111450e-02
-5.276582762598991394e-02
-9.040366858243942261e-02
-9.661561995744705200e-02
-1.078419685363769531e-01
-1.104210466146469116e-01
-1.178061142563819885e-01
-1.208666712045669556e-01
-1.168683171272277832e-01
-1.161352843046188354e-01
-1.029502600431442261e-01
-8.940723538398742676e-02
-7.678217440843582153e-02
-6.242755427956581116e-02
-5.162281543016433716e-02
-5.564835295081138611e-02
-3.433969616889953613e-02
-2.943821810185909271e-02
-9.233284741640090942e-03
-2.700543403625488281e-02
-3.102703252807259560e-03
1.747997128404676914e-03
1.433134078979492188e-03
8.323198184370994568e-03
2.312513440847396851e-02
2.585071884095668793e-02
2.260042726993560791e-02
5.260854028165340424e-03
-3.452180698513984680e-02
-4.955443367362022400e-02
-8.113216608762741089e-02
-9.568423777818679810e-02
-1.096670031547546387e-01
-1.108644753694534302e-01
-1.161172017455101013e-01
-1.222894042730331421e-01
-1.164710000157356262e-01
-1.155424565076828003e-01
-1.030500605702400208e-01
-7.524585723876953125e-02
-6.511867791414260864e-02
-5.453358963131904602e-02
-5.217298492789268494e-02
-4.946815222501754761e-02
-3.622475638985633850e-02
-2.340830489993095398e-02
-1.577832177281379700e-02
1.943065552040934563e-03
-1.220127567648887634e-02
-2.548619173467159271e-02
-2.851439453661441803e-02
8.626000024378299713e-03
1.590994000434875488e-02
1.457157637923955917e-02
3.221862018108367920e-02
-7.517902180552482605e-03
-2.017106488347053528e-02
-4.488513991236686707e-02
-7.592777162790298462e-02
-9.242889285087585449e-02
-1.028933301568031311e-01
-1.127262786030769348e-01
-1.179185286164283752e-01
-1.212541237473487854e-01
-1.155460923910140991e-01
-1.133551746606826782e-01
-1.045818030834197998e-01
-8.334138244390487671e-02
-6.623181700706481934e-02
-6.798533350229263306e-02
-6.518835574388504028e-02
-5.609406903386116028e-02
-5.168509483337402344e-02
-1.870682276785373688e-02
-9.402553550899028778e-03
-2.976843900978565216e-02
-4.403512552380561829e-02
-3.329044580459594727e-02
-1.503440458327531815e-02
-3.596281167119741440e-04
1.194257102906703949e-02
1.518367975950241089e-02
1.083417143672704697e-02
-8.315789746120572090e-04
-2.616699784994125366e-02
-5.173674598336219788e-02
-8.923023194074630737e-02
-9.931962937116622925e-02
-1.063756868243217468e-01
-1.103637740015983582e-01
-1.184430792927742004e-01
-1.201357170939445496e-01
-1.126280725002288818e-01
-1.150707155466079712e-01
-1.036214679479598999e-01
-8.808819949626922607e-02
-8.548504114151000977e-02
-7.219556719064712524e-02
-7.937008142471313477e-02
-8.463653922080993652e-02
-6.151538342237472534e-02
-1.625063084065914154e-02
-2.166163921356201172e-02
-2.340322174131870270e-02
-3.157445043325424194e-02
-3.124515339732170105e-02
1.068178657442331314e-02
9.210230782628059387e-03
2.453058585524559021e-02
1.322398148477077484e-02
-2.882412634789943695e-03
-2.403446659445762634e-02
-3.216132894158363342e-02
-6.421786546707153320e-02
-8.648870885372161865e-02
-1.075799763202667236e-01
-1.069993227720260620e-01
-1.130412966012954712e-01
-1.236969307065010071e-01
-1.191349178552627563e-01
-1.188298016786575317e-01
-1.139216572046279907e-01
-1.060699224472045898e-01
-9.290755540132522583e-02
-9.418771415948867798e-02
-8.975112438201904297e-02
-9.640915691852569580e-02
-8.558582514524459839e-02
-4.523224756121635437e-02
-2.847456932067871094e-02
-7.948793936520814896e-04
-1.911941543221473694e-02
-1.806005835533142090e-02
-9.992008097469806671e-03
1.421993412077426910e-02
1.799291744828224182e-02
1.749875396490097046e-02
2.429796569049358368e-02
-1.096460036933422089e-02
-4.320527985692024231e-02
-5.730796232819557190e-02
-7.042619585990905762e-02
-9.797637909650802612e-02
-1.148855015635490417e-01
-1.061894595623016357e-01
-1.123892217874526978e-01
-1.180969104170799255e-01
-1.218581125140190125e-01
-1.191879138350486755e-01
-1.126307472586631775e-01
-1.096362471580505371e-01
-9.854740649461746216e-02
-9.455227851867675781e-02
-9.576725959777832031e-02
-9.712185710668563843e-02
-8.910833299160003662e-02
-4.834011569619178772e-02
-1.561444159597158432e-02
-1.325485948473215103e-02
1.981846988201141357e-03
-8.476175367832183838e-03
2.194258011877536774e-02
1.768503710627555847e-02
3.550773859024047852e-02
2.668577805161476135e-02
-7.415054365992546082e-03
-2.456150949001312256e-02
-5.043964460492134094e-02
-7.171460241079330444e-02
-8.357987552881240845e-02
-1.104631498456001282e-01
-1.203878670930862427e-01
-1.088350638747215271e-01
-1.132863834500312805e-01
-1.198705956339836121e-01
-1.217502951622009277e-01
-1.218112930655479431e-01
-1.148763149976730347e-01
-1.058024987578392029e-01
-1.036795452237129211e-01
-1.067599058151245117e-01
-9.338986873626708984e-02
-8.745365589857101440e-02
-5.742781236767768860e-02
-3.171609342098236084e-02
-1.925296895205974579e-02
3.600391792133450508e-04
-6.472472567111253738e-03
1.396238617599010468e-02
3.030004352331161499e-02
3.030179627239704132e-02
1.787101849913597107e-02
1.600193232297897339e-02
-3.527311841025948524e-03
-3.695432096719741821e-02
-6.032320111989974976e-02
-8.605510741472244263e-02
-8.878022432327270508e-02
-1.099993288516998291e-01
-1.155899241566658020e-01
-1.102730631828308105e-01
-1.160770878195762634e-01
-1.177584752440452576e-01
-1.213543489575386047e-01
-1.216728463768959045e-01
-1.169574260711669922e-01
-1.095374673604965210e-01
-1.003450229763984680e-01
-9.973855316638946533e-02
-9.606305509805679321e-02
-7.336945831775665283e-02
-4.715695604681968689e-02
-2.923833206295967102e-02
1.242211554199457169e-02
-9.609675034880638123e-04
1.622015796601772308e-02
3.061827644705772400e-02
3.751939535140991211e-02
3.640968725085258484e-02
2.798103913664817810e-02
1.151243317872285843e-02
-7.082372903823852539e-03
-4.385190829634666443e-02
-7.408915460109710693e-02
-7.257108390331268311e-02
-9.346150606870651245e-02
-1.145533099770545959e-01
-1.148987263441085815e-01
-1.085683032870292664e-01
-1.113364994525909424e-01
-1.201572790741920471e-01
-1.219394430518150330e-01
-1.221783161163330078e-01
-1.144813522696495056e-01
-1.037229076027870178e-01
-1.037563830614089966e-01
-9.755957871675491333e-02
-9.159912168979644775e-02
-6.785153597593307495e-02
-3.815252706408500671e-02
-2.376807853579521179e-02
9.173570200800895691e-03
2.084772661328315735e-02
1.474089454859495163e-02
5.292516574263572693e-02
3.725341334939002991e-02
5.689831078052520752e-02
3.821190446615219116e-02
2.221039310097694397e-02
-1.288072206079959869e-02
-5.029524862766265869e-02
-6.360017508268356323e-02
-7.502172887325286865e-02
-8.852043747901916504e-02
-9.299243241548538208e-02
-1.061433106660842896e-01
-1.103250831365585327e-01
-1.120311021804809570e-01
-1.192663609981536865e-01
-1.192182227969169617e-01
-1.210982725024223328e-01
-1.112112998962402344e-01
-1.004600599408149719e-01
-1.027530729770660400e-01
-9.615907818078994751e-02
-7.667639106512069702e-02
-4.666487127542495728e-02
-4.490001499652862549e-02
-3.374070674180984497e-02
-1.660158298909664154e-02
6.146115250885486603e-03
4.412764392327517271e-04
2.514256536960601807e-02
2.556127868592739105e-02
4.397876933217048645e-02
1.764792948961257935e-02
6.433010101318359375e-03
-9.501360356807708740e-03
-4.024963453412055969e-02
-7.087431848049163818e-02
-7.719778269529342651e-02
-9.317941963672637939e-02
-1.008973047137260437e-01
-1.023526266217231750e-01
-1.119416803121566772e-01
-1.129684075713157654e-01
-1.216371655464172363e-01
-1.196357458829879761e-01
-1.204208508133888245e-01
-1.068615391850471497e-01
-9.724397957324981689e-02
-1.005268543958663940e-01
-8.124908804893493652e-02
-6.045930460095405579e-02
-5.494164675474166870e-02
-4.688461869955062866e-02
-2.722261101007461548e-02
-1.965142227709293365e-02
-8.844142779707908630e-03
1.255565788596868515e-03
1.122363656759262085e-02
3.959415853023529053e-02
3.880874440073966980e-02
1.659276150166988373e-02
-1.421981304883956909e-02
-2.255422063171863556e-02
-3.860789909958839417e-02
-5.519088357686996460e-02
-7.957962155342102051e-02
-6.943936645984649658e-02
-8.229001611471176147e-02
-1.035197377204895020e-01
-1.107639893889427185e-01
-1.114334017038345337e-01
-1.185243055224418640e-01
-1.185285598039627075e-01
-1.189931258559226990e-01
-1.044631376862525940e-01
-9.936620295047760010e-02
-8.969466388225555420e-02
-8.559961616992950439e-02
-5.097369104623794556e-02
-4.727674648165702820e-02
-4.141891002655029297e-02
-3.122499585151672363e-02
-2.302524517290294170e-04
-7.289100904017686844e-03
-2.326977625489234924e-02
1.425452623516321182e-02
3.342803195118904114e-02
4.632937535643577576e-02
2.288122102618217468e-02
6.431696237996220589e-04
-4.017307236790657043e-02
-6.128033623099327087e-02
-5.970941483974456787e-02
-6.689023971557617188e-02
-7.380350679159164429e-02
-8.155287057161331177e-02
-1.018030941486358643e-01
-1.083691194653511047e-01
-1.138894036412239075e-01
-1.207466125488281250e-01
-1.230817586183547974e-01
-1.167854145169258118e-01
-1.012937799096107483e-01
-1.025999411940574646e-01
-9.422635287046432495e-02
-7.518691569566726685e-02
-6.083483994007110596e-02
-5.930590629577636719e-02
-3.944358974695205688e-02
-3.005818836390972137e-02
-1.140676438808441162e-02
2.847019350156188011e-03
1.183978933840990067e-02
1.761957630515098572e-02
2.905448712408542633e-02
3.286126628518104553e-02
1.840511709451675415e-02
-6.554250605404376984e-03
-3.650545701384544373e-02
-6.206731870770454407e-02
-4.719718173146247864e-02
-5.518814921379089355e-02
-6.436622887849807739e-02
-7.896508276462554932e-02
-9.824930876493453979e-02
-1.025756224989891052e-01
-1.101577579975128174e-01
-1.197010651230812073e-01
-1.195187941193580627e-01
-1.203882694244384766e-01
-1.044113785028457642e-01
-9.052937477827072144e-02
-8.652546256780624390e-02
-7.947346568107604980e-02
-5.100023373961448669e-02
-4.158512130379676819e-02
-4.221302270889282227e-02
-2.049334347248077393e-02
-2.549995481967926025e-02
-5.726623348891735077e-03
7.700467482209205627e-03
2.609711885452270508e-02
2.466646581888198853e-02
2.055713720619678497e-02
-1.354481279850006104e-02
-3.999628871679306030e-02
-5.174056440591812134e-02
-5.924985185265541077e-02
-6.470230966806411743e-02
-5.788373574614524841e-02
-6.960480660200119019e-02
-8.781924843788146973e-02
-9.449981153011322021e-02
-1.081546097993850708e-01
-1.152615323662757874e-01
-1.191572919487953186e-01
-1.197215765714645386e-01
-1.217998340725898743e-01
-1.082488372921943665e-01
-9.421948343515396118e-02
-9.382116794586181641e-02
-7.271452248096466064e-02
-5.737717822194099426e-02
-5.010420456528663635e-02
-3.742012381553649902e-02
-3.504271060228347778e-02
-2.012292668223381042e-02
-1.576702855527400970e-02
1.646607741713523865e-02
5.431537982076406479e-03
1.513730362057685852e-02
-1.321326661854982376e-02
-3.650470823049545288e-02
-4.085391759872436523e-02
-6.851709634065628052e-02
-6.392906606197357178e-02
-7.736759632825851440e-02
-7.773747295141220093e-02
-7.788217067718505859e-02
-8.899278193712234497e-02
-9.941979497671127319e-02
-1.062056645750999451e-01
-1.208282560110092163e-01
-1.202738583087921143e-01
-1.201020479202270508e-01
-1.229927167296409607e-01
-1.134729459881782532e-01
-1.010745614767074585e-01
-8.992937952280044556e-02
-8.675609529018402100e-02
-6.494168937206268311e-02
-5.792177841067314148e-02
-3.828360885381698608e-02
-4.396535456180572510e-02
-1.501826662570238113e-02
-1.383015140891075134e-02
-8.237752132117748260e-03
-1.286938507109880447e-02
-8.771952241659164429e-03
-3.767373412847518921e-02
-5.631758272647857666e-02
-7.047445327043533325e-02
-8.677042275667190552e-02
-9.016489237546920776e-02
-9.059570729732513428e-02
-8.866634219884872437e-02
-9.093496203422546387e-02
-9.762220829725265503e-02
-1.062021329998970032e-01
-1.141219586133956909e-01
-1.185738816857337952e-01
-1.211266815662384033e-01
-1.212324947118759155e-01
-1.207108721137046814e-01
-1.185653209686279297e-01
-1.082545444369316101e-01
-1.021050959825515747e-01
-1.014162227511405945e-01
-8.754782378673553467e-02
-8.222573995590209961e-02
-6.610732525587081909e-02
-7.565733790397644043e-02
-5.358266830444335938e-02
-4.709235578775405884e-02
-3.925513476133346558e-02
-5.096571519970893860e-02
-7.548397779464721680e-02
-6.822628527879714966e-02
-6.999754905700683594e-02
-9.008698910474777222e-02
-1.030924245715141296e-01
-1.053864136338233948e-01
-1.113002672791481018e-01
-1.037895902991294861e-01
-1.024383455514907837e-01
-1.086356490850448608e-01
-1.127253621816635132e-01
-1.193202659487724304e-01
-1.192893236875534058e-01
-1.224747523665428162e-01
-1.218182295560836792e-01
-1.228509396314620972e-01
-1.195199787616729736e-01
-1.189375370740890503e-01
-1.109075769782066345e-01
-1.063179671764373779e-01
-1.007827371358871460e-01
-1.003667488694190979e-01
-9.981704503297805786e-02
-9.735780209302902222e-02
-9.518732130527496338e-02
-9.053750336170196533e-02
-8.836268633604049683e-02
-8.983207494020462036e-02
-1.018624007701873779e-01
-9.818596392869949341e-02
-1.070036068558692932e-01
-1.222878023982048035e-01
-1.196992471814155579e-01
-1.210398301482200623e-01
-1.154742985963821411e-01
-1.107128486037254333e-01
-1.097511798143386841e-01
-1.113906502723693848e-01
-1.179187297821044922e-01
-1.225007995963096619e-01
-1.219210326671600342e-01
-1.205788627266883850e-01
-1.205048561096191406e-01
-1.203744113445281982e-01
-1.210022419691085815e-01
-1.221828386187553406e-01
-1.162025034427642822e-01
-1.136441454291343689e-01
-1.099355518817901611e-01
-1.124095022678375244e-01
-1.121128499507904053e-01
-1.126782745122909546e-01
-1.181558519601821899e-01
-1.140100061893463135e-01
-1.249772161245346069e-01
-1.193507090210914612e-01
-1.263276040554046631e-01
-1.304957717657089233e-01
-1.373323351144790649e-01
-1.376224905252456665e-01
-1.305864751338958740e-01
-1.237905398011207581e-01
-1.162174716591835022e-01
-1.138638630509376526e-01
-1.189349889755249023e-01
-1.201939657330513000e-01
-1.211054027080535889e-01
-1.207813397049903870e-01
-1.200106441974639893e-01
-1.234027743339538574e-01
-1.218878626823425293e-01
-1.183812543749809265e-01
-1.244142800569534302e-01
-1.212034076452255249e-01
-1.206889227032661438e-01
-1.202501580119132996e-01
-1.165692880749702454e-01
-1.155139431357383728e-01
-1.113294139504432678e-01
-1.112902685999870300e-01
-1.143145635724067688e-01
-1.157141327857971191e-01
-1.180528923869132996e-01
-1.293024867773056030e-01
-1.262906193733215332e-01
-1.273752450942993164e-01
-1.213148906826972961e-01
-1.199598610401153564e-01
-1.166270747780799866e-01
-1.179887950420379639e-01
-1.160710304975509644e-01
-1.198612526059150696e-01
-1.189932003617286682e-01
-1.214421391487121582e-01
-1.194705739617347717e-01
-1.197606250643730164e-01
-1.211904436349868774e-01
-1.200912147760391235e-01
