-1.100237518548965454e-01 -8.767728507518768311e-02 3.221556916832923889e-02 -4.640913754701614380e-02 -3.045098669826984406e-02 -8.802419155836105347e-02 -4.686490818858146667e-02 3.038479574024677277e-02 -8.314298093318939209e-02 -8.329857885837554932e-02
-6.864681839942932129e-02 6.036896109580993652e-01 -1.693286299705505371e-01 -1.304120123386383057e-01 -1.026669219136238098e-01 -1.889339536428451538e-01 -1.570454686880111694e-01 -7.516472041606903076e-02 -4.578817784786224365e-01 -1.042843312025070190e-01
-7.379820942878723145e-02 2.615236444398760796e-03 -1.044114977121353149e-01 1.774974167346954346e-02 -3.146258890628814697e-01 -9.826871752738952637e-02 -7.119833678007125854e-02 5.151185020804405212e-02 -8.996888995170593262e-02 2.432260066270828247e-01
-1.649762392044067383e-01 1.619412451982498169e-01 -1.342548131942749023e-01 -8.782857656478881836e-02 -1.222583651542663574e-01 -1.836297065019607544e-01 3.230952024459838867e-01 -9.852047264575958252e-02 -1.507938951253890991e-01 -1.042130663990974426e-01
-1.070313453674316406e-01 -8.589974790811538696e-02 -9.079994261264801025e-02 -9.233817458152770996e-02 -3.227160274982452393e-01 -1.735853850841522217e-01 -8.640030771493911743e-02 -2.674518823623657227e-01 -1.020431965589523315e-01 5.839732289314270020e-01
-9.714001417160034180e-02 -9.384134411811828613e-02 -1.321340054273605347e-01 -7.248304784297943115e-02 5.085290074348449707e-01 -1.391193717718124390e-01 -1.040844321250915527e-01 -2.153524458408355713e-01 -9.724225848913192749e-02 -2.041969001293182373e-01
-1.669830232858657837e-01 5.620335787534713745e-02 5.468083024024963379e-01 -1.650024205446243286e-01 -1.956243515014648438e-01 -1.884171962738037109e-01 -1.369060426950454712e-01 -1.555781215429306030e-01 -1.324207931756973267e-01 -1.731687039136886597e-01
-3.623446822166442871e-02 3.448769450187683105e-02 -5.784244462847709656e-02 -5.920002236962318420e-02 -5.069024860858917236e-02 -1.432240754365921021e-02 -9.465880692005157471e-02 1.103433314710855484e-03 -7.570349425077438354e-02 6.141276564449071884e-03
-9.729220718145370483e-02 1.709223389625549316e-01 -1.188998594880104065e-01 -8.154822140932083130e-02 1.194678992033004761e-01 -1.411928981542587280e-01 -1.266039907932281494e-01 4.205284640192985535e-02 -1.725253015756607056e-01 -9.674550592899322510e-02
-1.063615977764129639e-01 -3.297051042318344116e-02 -1.600979417562484741e-01 3.979824185371398926e-01 -1.100571975111961365e-01 -1.759944707155227661e-01 -8.152332901954650879e-02 -8.865738660097122192e-02 -9.786342829465866089e-02 -1.252338886260986328e-01
6.185891032218933105e-01 -6.894677132368087769e-02 -2.201835662126541138e-01 -1.611329466104507446e-01 -1.855934709310531616e-01 -2.440752983093261719e-01 -2.408257722854614258e-01 -1.649627089500427246e-01 -8.086223155260086060e-02 -1.464378684759140015e-01
-3.975479304790496826e-02 -5.538892745971679688e-02 -9.339793771505355835e-02 -8.071935176849365234e-02 7.221996039152145386e-02 -2.605642192065715790e-02 2.462788112461566925e-02 -1.267119795083999634e-01 -1.206042021512985229e-01 4.631692171096801758e-02
-1.831284463405609131e-01 -5.725751444697380066e-02 -1.087902709841728210e-01 -4.213196784257888794e-02 -1.182247847318649292e-01 -7.675654441118240356e-02 3.488159775733947754e-01 -7.836484163999557495e-02 -5.407587438821792603e-02 -1.023320034146308899e-01
-7.862079888582229614e-02 -4.026476293802261353e-02 -1.044375598430633545e-01 1.802508346736431122e-02 -1.726103387773036957e-02 7.019222527742385864e-02 -4.735295474529266357e-02 -9.081004559993743896e-02 -7.416373491287231445e-02 2.829776890575885773e-02
-9.931099414825439453e-02 -2.879741974174976349e-02 -1.132279336452484131e-01 4.474773108959197998e-01 -1.169544011354446411e-01 -1.825580447912216187e-01 -6.712606549263000488e-02 -1.024739146232604980e-01 -1.510379314422607422e-01 -1.374955773353576660e-01
-1.156517714262008667e-01 1.975984871387481689e-01 -1.363370865583419800e-01 -1.399753987789154053e-01 -1.091780960559844971e-01 -5.578111410140991211e-01 -1.361101716756820679e-01 -5.865578725934028625e-02 6.058359146118164062e-01 -1.108608916401863098e-01
-2.056693099439144135e-02 3.757308050990104675e-02 -1.171817407011985779e-01 -9.377240389585494995e-02 -1.193056777119636536e-01 2.579574286937713623e-01 -1.007710918784141541e-01 -8.584740012884140015e-02 -8.867966383695602417e-02 -6.675822287797927856e-02
5.256198719143867493e-02 -1.108415201306343079e-01 -6.540567427873611450e-02 -7.095538079738616943e-02 6.776919122785329819e-03 -3.965432196855545044e-02 3.557861596345901489e-02 -1.281705945730209351e-01 -5.937563255429267883e-02 -5.050938948988914490e-02
-7.910760492086410522e-02 -4.153130203485488892e-02 -6.522581726312637329e-02 -7.119596004486083984e-02 -1.465497016906738281e-01 -8.039292693138122559e-02 -6.525819748640060425e-02 2.678784728050231934e-01 -8.457484841346740723e-02 -2.093660086393356323e-01
-4.192214459180831909e-02 -4.035806283354759216e-02 -4.557936266064643860e-02 -5.094895511865615845e-02 1.178538892418146133e-02 -7.354707270860671997e-02 -9.575473517179489136e-02 4.951452463865280151e-02 -4.351210221648216248e-02 2.734128944575786591e-02
-2.913345582783222198e-02 7.702847011387348175e-03 6.287658959627151489e-02 -2.670238353312015533e-02 -7.534350454807281494e-02 -5.058497935533523560e-02 -5.540180951356887817e-02 -8.890671283006668091e-02 -6.755243241786956787e-02 3.447099402546882629e-02
-8.398267626762390137e-02 -1.030517518520355225e-01 -8.575724065303802490e-02 -7.936667650938034058e-02 5.873935669660568237e-02 -6.694979220628738403e-02 2.742937393486499786e-02 -5.913986265659332275e-02 -1.080471575260162354e-01 -1.156947016716003418e-02
-1.675953716039657593e-01 2.044516801834106445e-01 -1.942314058542251587e-01 -2.650649845600128174e-01 -1.584048420190811157e-01 4.716465175151824951e-01 -9.873463958501815796e-02 -1.240395456552505493e-01 1.830786019563674927e-01 -1.517690122127532959e-01
2.124562300741672516e-02 -1.519283801317214966e-01 -1.111247837543487549e-01 4.509775340557098389e-02 -9.753538668155670166e-02 7.452180981636047363e-02 -8.356712758541107178e-02 -9.513147175312042236e-02 -1.499953027814626694e-02 -2.185258455574512482e-02
-8.123987913131713867e-02 -5.671226605772972107e-02 -9.024390578269958496e-02 -1.224626526236534119e-01 -1.404534280300140381e-01 -1.123265698552131653e-01 -5.741678923368453979e-02 4.865621626377105713e-01 -1.090216189622879028e-01 -2.554798126220703125e-01
