-1.423389315605163574e-01
-1.423384994268417358e-01
-1.410672366619110107e-01
-1.416538655757904053e-01
-1.412284523248672485e-01
-1.426675319671630859e-01
-1.420433819293975830e-01
-1.435386240482330322e-01
-1.430004686117172241e-01
-1.446799337863922119e-01
-1.436499804258346558e-01
-1.421037316322326660e-01
-1.409693658351898193e-01
-1.399012804031372070e-01
-1.412389576435089111e-01
-1.426455527544021606e-01
-1.434600949287414551e-01
-1.429780870676040649e-01
-1.416190564632415771e-01
-1.437482982873916626e-01
-1.439619511365890503e-01
-1.438734382390975952e-01
-1.440184712409973145e-01
-1.428520232439041138e-01
-1.434545069932937622e-01
-1.416222900152206421e-01
-1.431700736284255981e-01
-1.413423568010330200e-01
-1.427546590566635132e-01
-1.438567042350769043e-01
-1.429112255573272705e-01
-1.422406733036041260e-01
-1.436887532472610474e-01
-1.415459066629409790e-01
-1.420253515243530273e-01
-1.423763334751129150e-01
-1.416679620742797852e-01
-1.489718854427337646e-01
-1.466722786426544189e-01
-1.491481363773345947e-01
-1.495929360389709473e-01
-1.473514735698699951e-01
-1.488643139600753784e-01
-1.434513628482818604e-01
-1.370877474546432495e-01
-1.443062424659729004e-01
-1.444340646266937256e-01
-1.401599496603012085e-01
-1.417283862829208374e-01
-1.385992467403411865e-01
-1.398671567440032959e-01
-1.419442594051361084e-01
-1.428391188383102417e-01
-1.433629393577575684e-01
-1.437650024890899658e-01
-1.442996412515640259e-01
-1.430563628673553467e-01
-1.434207409620285034e-01
-1.414662450551986694e-01
-1.419671326875686646e-01
-1.377536356449127197e-01
-1.404701620340347290e-01
-1.409554332494735718e-01
-1.414243280887603760e-01
-1.723663061857223511e-01
-1.869972199201583862e-01
-2.070012539625167847e-01
-2.051545381546020508e-01
-2.004198879003524780e-01
-2.106239646673202515e-01
-2.184848338365554810e-01
-2.385731786489486694e-01
-2.427187114953994751e-01
-2.302284538745880127e-01
-2.403541505336761475e-01
-2.202487140893936157e-01
-1.862361133098602295e-01
-1.894672065973281860e-01
-1.874244660139083862e-01
-1.607240140438079834e-01
-1.438719928264617920e-01
-1.406307667493820190e-01
-1.433593630790710449e-01
-1.435666382312774658e-01
-1.434325128793716431e-01
-1.424819827079772949e-01
-1.388169676065444946e-01
-1.396934986114501953e-01
-1.408895999193191528e-01
-1.346342712640762329e-01
-1.490331590175628662e-01
-1.628219336271286011e-01
-2.142703086137771606e-01
-2.868237197399139404e-01
-3.290353715419769287e-01
-3.302754163742065430e-01
-3.505378663539886475e-01
-3.934391438961029053e-01
-4.039697647094726562e-01
-4.076679050922393799e-01
-4.362169802188873291e-01
-4.424594342708587646e-01
-4.489252269268035889e-01
-3.912672400474548340e-01
-3.385060131549835205e-01
-3.089753687381744385e-01
-2.687893509864807129e-01
-2.150589674711227417e-01
-1.798621863126754761e-01
-1.450733542442321777e-01
-1.405935585498809814e-01
-1.429270952939987183e-01
-1.443904936313629150e-01
-1.438409388065338135e-01
-1.401126831769943237e-01
-1.356840282678604126e-01
-1.357214301824569702e-01
-1.663783639669418335e-01
-2.085466086864471436e-01
-2.784801721572875977e-01
-3.804899752140045166e-01
-5.149583816528320312e-01
-5.199930071830749512e-01
-5.910534262657165527e-01
-7.108517289161682129e-01
-8.807640671730041504e-01
-9.882853627204895020e-01
-1.128852367401123047e+00
-1.120973587036132812e+00
-1.027987241744995117e+00
-1.120270252227783203e+00
-9.400864839553833008e-01
-7.537403702735900879e-01
-5.961976051330566406e-01
-4.483933746814727783e-01
-3.324494361877441406e-01
-2.386557310819625854e-01
-1.704056710004806519e-01
-1.381486207246780396e-01
-1.417056620121002197e-01
-1.427807509899139404e-01
-1.430768817663192749e-01
-1.370106041431427002e-01
-1.369644105434417725e-01
-1.678490638732910156e-01
-2.312360852956771851e-01
-2.888497412204742432e-01
-4.044002890586853027e-01
-5.461147427558898926e-01
-5.887051820755004883e-01
-6.318826079368591309e-01
-6.889093518257141113e-01
-7.664515972137451172e-01
-5.157724618911743164e-01
-2.749384045600891113e-01
-2.764531970024108887e-01
-4.375953078269958496e-01
-6.066762208938598633e-01
-5.576232671737670898e-01
-5.236240029335021973e-01
-6.087076663970947266e-01
-6.022744178771972656e-01
-4.901343584060668945e-01
-3.881530165672302246e-01
-2.954079508781433105e-01
-1.868101507425308228e-01
-1.443678736686706543e-01
-1.402926594018936157e-01
-1.437439173460006714e-01
-1.428234726190567017e-01
-1.349859833717346191e-01
-1.416604071855545044e-01
-2.111418098211288452e-01
-3.068547248840332031e-01
-4.244631230831146240e-01
-5.634339451789855957e-01
-5.726950764656066895e-01
-7.002106904983520508e-01
-7.253906726837158203e-01
-5.412411093711853027e-01
-3.156157732009887695e-01
-1.389565467834472656e-01
-7.780790328979492188e-02
-9.726310521364212036e-02
-2.805624604225158691e-01
-6.101204156875610352e-01
-7.227280139923095703e-01
-7.074642777442932129e-01
-7.931051254272460938e-01
-7.454688549041748047e-01
-5.986146926879882812e-01
-4.975859224796295166e-01
-3.241178989410400391e-01
-2.167884707450866699e-01
-1.497563719749450684e-01
-1.381393671035766602e-01
-1.450378149747848511e-01
-1.343228071928024292e-01
-1.418970674276351929e-01
-1.654890030622482300e-01
-2.500577569007873535e-01
-3.578096032142639160e-01
-4.598143100738525391e-01
-5.837808847427368164e-01
-7.339548468589782715e-01
-7.699705958366394043e-01
-7.549322843551635742e-01
-3.057148754596710205e-01
-8.744401484727859497e-02
3.057171590626239777e-02
8.488882333040237427e-02
5.493018403649330139e-02
-1.312679648399353027e-01
-5.141385793685913086e-01
-7.572769522666931152e-01
-7.793045043945312500e-01
-8.491237759590148926e-01
-8.141413331031799316e-01
-6.187273263931274414e-01
-5.221316814422607422e-01
-3.531725108623504639e-01
-2.326187938451766968e-01
-1.574004292488098145e-01
-1.364476382732391357e-01
-1.422938555479049683e-01
-1.388412266969680786e-01
-1.524241417646408081e-01
-1.848527044057846069e-01
-2.685388624668121338e-01
-3.808814883232116699e-01
-5.185547471046447754e-01
-7.325287461280822754e-01
-8.207207322120666504e-01
-7.262114286422729492e-01
-6.689793467521667480e-01
-1.350281387567520142e-01
2.843548543751239777e-02
1.237082630395889282e-01
1.188486889004707336e-01
5.486728623509407043e-02
-7.475677877664566040e-02
-2.399446964263916016e-01
-3.976649045944213867e-01
-5.093189477920532227e-01
-7.786545753479003906e-01
-8.010341525077819824e-01
-5.660763978958129883e-01
-4.799259901046752930e-01
-3.280894160270690918e-01
-2.053100168704986572e-01
-1.533886641263961792e-01
-1.332666426897048950e-01
-1.432770490646362305e-01
-1.367281675338745117e-01
-1.624042391777038574e-01
-1.878692507743835449e-01
-2.668394148349761963e-01
-3.528593778610229492e-01
-5.539062619209289551e-01
-7.652104496955871582e-01
-6.171699762344360352e-01
-6.362224817276000977e-01
-3.035682439804077148e-01
-5.308306962251663208e-02
8.757102489471435547e-02
8.389803022146224976e-02
6.164797581732273102e-03
-1.694975607097148895e-02
-3.812934085726737976e-02
-8.466949313879013062e-02
-1.706287115812301636e-01
-3.094185888767242432e-01
-5.567153096199035645e-01
-7.279836535453796387e-01
-5.243905782699584961e-01
-4.430879950523376465e-01
-2.990860641002655029e-01
-2.009429484605789185e-01
-1.356414556503295898e-01
-1.285042464733123779e-01
-1.395556628704071045e-01
-1.414086222648620605e-01
-1.589285582304000854e-01
-1.880140751600265503e-01
-2.626359760761260986e-01
-3.787681162357330322e-01
-5.582225322723388672e-01
-6.270254254341125488e-01
-5.957772135734558105e-01
-4.631297886371612549e-01
-1.825428307056427002e-01
5.338488146662712097e-03
8.918264508247375488e-02
-1.415391452610492706e-02
-5.937447771430015564e-02
-5.928358063101768494e-02
-4.716476425528526306e-02
-8.780636824667453766e-03
-7.432201504707336426e-02
-1.900320798158645630e-01
-3.627441227436065674e-01
-5.717121958732604980e-01
-5.224413275718688965e-01
-4.438826143741607666e-01
-3.211233913898468018e-01
-1.906450837850570679e-01
-1.273218989372253418e-01
-1.287312954664230347e-01
-1.401343494653701782e-01
-1.403081566095352173e-01
-1.480578184127807617e-01
-1.949241012334823608e-01
-2.892971634864807129e-01
-4.380621910095214844e-01
-5.937803387641906738e-01
-6.447793245315551758e-01
-6.326119303703308105e-01
-4.219685196876525879e-01
-1.434321701526641846e-01
2.106783725321292877e-02
1.940865628421306610e-02
-5.429755523800849915e-02
-8.210001140832901001e-02
-1.111853867769241333e-01
-8.232644945383071899e-02
-7.786924019455909729e-03
-2.498594298958778381e-02
-1.321474760770797729e-01
-2.832725048065185547e-01
-4.921083450317382812e-01
-5.714991092681884766e-01
-4.339576065540313721e-01
-3.234091997146606445e-01
-1.661136895418167114e-01
-1.229016855359077454e-01
-1.394328922033309937e-01
-1.401360034942626953e-01
-1.409874558448791504e-01
-1.516894549131393433e-01
-2.071881741285324097e-01
-3.330301046371459961e-01
-5.056064128875732422e-01
-5.708678364753723145e-01
-6.805262565612792969e-01
-7.220178246498107910e-01
-4.481050074100494385e-01
-1.728202551603317261e-01
-3.268371149897575378e-02
-3.981665521860122681e-02
-6.714058667421340942e-02
-1.029736399650573730e-01
-1.155883446335792542e-01
-6.605796515941619873e-02
1.521522458642721176e-02
8.264817297458648682e-03
-1.114071309566497803e-01
-3.049775660037994385e-01
-5.399710536003112793e-01
-5.554303526878356934e-01
-4.286997020244598389e-01
-3.159671425819396973e-01
-1.582259386777877808e-01
-1.225198581814765930e-01
-1.341437548398971558e-01
-1.425754576921463013e-01
-1.390350908041000366e-01
-1.480380743741989136e-01
-2.052692025899887085e-01
-3.574316203594207764e-01
-5.178212523460388184e-01
-6.257188916206359863e-01
-6.947113275527954102e-01
-7.341094613075256348e-01
-5.144963264465332031e-01
-2.492665350437164307e-01
-1.025185063481330872e-01
-8.049722760915756226e-02
-6.261681020259857178e-02
-6.727585941553115845e-02
-8.932463824748992920e-02
-4.743230715394020081e-02
3.740207478404045105e-02
-2.443213015794754028e-03
-1.481645405292510986e-01
-3.225182592868804932e-01
-5.704828500747680664e-01
-5.270838141441345215e-01
-4.376278221607208252e-01
-3.163842558860778809e-01
-1.844685822725296021e-01
-1.241571828722953796e-01
-1.331912726163864136e-01
-1.405356228351593018e-01
-1.363385319709777832e-01
-1.441280245780944824e-01
-1.934612244367599487e-01
-3.453246951103210449e-01
-5.339918732643127441e-01
-6.940065622329711914e-01
-8.042402863502502441e-01
-8.012141585350036621e-01
-5.297195315361022949e-01
-2.244757860898971558e-01
-8.514711260795593262e-02
-6.249930709600448608e-02
-4.737994447350502014e-02
-5.310201644897460938e-02
-7.529400289058685303e-02
-6.554118357598781586e-03
3.903904557228088379e-02
-3.477098420262336731e-02
-1.810261160135269165e-01
-3.361282348632812500e-01
-6.395975351333618164e-01
-5.355972647666931152e-01
-4.483038187026977539e-01
-3.354041278362274170e-01
-2.055001407861709595e-01
-1.385214626789093018e-01
-1.413340717554092407e-01
-1.428401768207550049e-01
-1.406845748424530029e-01
-1.362886428833007812e-01
-1.861271113157272339e-01
-3.600269258022308350e-01
-5.509175062179565430e-01
-7.521329522132873535e-01
-8.810473084449768066e-01
-6.949195861816406250e-01
-4.069631397724151611e-01
-1.541274338960647583e-01
-3.522016108036041260e-02
-2.956920117139816284e-02
-2.265718393027782440e-02
-2.868195995688438416e-02
-2.742493897676467896e-02
4.962654318660497665e-03
3.448291495442390442e-02
-6.467153877019882202e-02
-1.906459331512451172e-01
-4.063925445079803467e-01
-6.427019834518432617e-01
-5.837839245796203613e-01
-4.962625205516815186e-01
-3.565552830696105957e-01
-2.183748334646224976e-01
-1.452330201864242554e-01
-1.393091380596160889e-01
-1.427681446075439453e-01
-1.408228427171707153e-01
-1.365254223346710205e-01
-1.898780614137649536e-01
-3.809971809387207031e-01
-5.378886461257934570e-01
-7.315616607666015625e-01
-8.407723903656005859e-01
-5.295777916908264160e-01
-2.716468572616577148e-01
-1.079932227730751038e-01
-4.479800164699554443e-02
-4.615953192114830017e-02
-4.717248678207397461e-02
-5.300353467464447021e-02
-3.024795278906822205e-02
2.943365275859832764e-02
2.760776132345199585e-02
-8.301406353712081909e-02
-2.124207019805908203e-01
-4.707111120223999023e-01
-5.758842229843139648e-01
-5.860497355461120605e-01
-4.840317666530609131e-01
-3.455360233783721924e-01
-2.219000011682510376e-01
-1.455471962690353394e-01
-1.351085603237152100e-01
-1.436647027730941772e-01
-1.395609080791473389e-01
-1.361622512340545654e-01
-2.200947403907775879e-01
-3.999554216861724854e-01
-5.506419539451599121e-01
-6.992533206939697266e-01
-7.837888598442077637e-01
-4.021821320056915283e-01
-2.149054557085037231e-01
-1.167217046022415161e-01
-8.977091312408447266e-02
-9.497085213661193848e-02
-7.878651469945907593e-02
-6.264572590589523315e-02
-1.414569467306137085e-02
4.359275475144386292e-02
2.382709179073572159e-03
-1.048045754432678223e-01
-1.998164057731628418e-01
-3.814193308353424072e-01
-5.129584074020385742e-01
-5.745749473571777344e-01
-4.685932397842407227e-01
-3.292759954929351807e-01
-2.400393784046173096e-01
-1.416988372802734375e-01
-1.381852477788925171e-01
-1.409910023212432861e-01
-1.408997327089309692e-01
-1.482462286949157715e-01
-2.487715631723403931e-01
-4.308733642101287842e-01
-5.743818879127502441e-01
-7.325826883316040039e-01
-7.640711069107055664e-01
-3.566735386848449707e-01
-2.025641351938247681e-01
-1.205850988626480103e-01
-1.046488285064697266e-01
-1.219221651554107666e-01
-7.782837003469467163e-02
-5.855650082230567932e-02
-1.834329217672348022e-03
3.799383342266082764e-02
-3.542701527476310730e-02
-1.154814511537551880e-01
-2.225511670112609863e-01
-3.928660452365875244e-01
-5.069293975830078125e-01
-5.719251632690429688e-01
-4.820216596126556396e-01
-3.155011534690856934e-01
-2.265436947345733643e-01
-1.449917703866958618e-01
-1.417002379894256592e-01
-1.421334892511367798e-01
-1.368957906961441040e-01
-1.567482054233551025e-01
-2.804934382438659668e-01
-4.792138040065765381e-01
-6.695884466171264648e-01
-7.759325504302978516e-01
-6.480741500854492188e-01
-3.809986412525177002e-01
-2.427041530609130859e-01
-1.544816195964813232e-01
-1.121798232197761536e-01
-1.011003255844116211e-01
-6.896217912435531616e-02
-2.375816181302070618e-02
2.205128781497478485e-02
1.526174601167440414e-02
-9.204902499914169312e-02
-1.919651478528976440e-01
-3.000626266002655029e-01
-4.844331741333007812e-01
-5.460559129714965820e-01
-5.411449074745178223e-01
-4.710582494735717773e-01
-3.135040402412414551e-01
-2.125588059425354004e-01
-1.432134807109832764e-01
-1.407499015331268311e-01
-1.424952596426010132e-01
-1.372381597757339478e-01
-1.602816581726074219e-01
-2.799012660980224609e-01
-4.667041301727294922e-01
-6.271252632141113281e-01
-6.513351798057556152e-01
-6.680736541748046875e-01
-5.936009287834167480e-01
-3.786569237709045410e-01
-2.168080806732177734e-01
-1.229454502463340759e-01
-3.776412829756736755e-02
4.749964922666549683e-03
3.912153840065002441e-02
3.303446248173713684e-02
-6.089628860354423523e-02
-1.987631022930145264e-01
-2.828249633312225342e-01
-6.072381734848022461e-01
-5.817456841468811035e-01
-5.269787311553955078e-01
-4.746522307395935059e-01
-3.752091825008392334e-01
-2.848012447357177734e-01
-1.894276142120361328e-01
-1.420923769474029541e-01
-1.413270384073257446e-01
-1.429121792316436768e-01
-1.339152902364730835e-01
-1.592177301645278931e-01
-2.594574093818664551e-01
-4.164524972438812256e-01
-5.893023610115051270e-01
-6.257158517837524414e-01
-6.616439223289489746e-01
-7.597925066947937012e-01
-5.872080326080322266e-01
-2.863712310791015625e-01
-1.254285871982574463e-01
-1.168315764516592026e-02
3.930548578500747681e-02
3.303050994873046875e-02
-3.789016604423522949e-02
-1.720778197050094604e-01
-2.967464029788970947e-01
-6.366425752639770508e-01
-6.160070896148681641e-01
-5.267367959022521973e-01
-5.099980831146240234e-01
-4.274773001670837402e-01
-3.352042138576507568e-01
-2.352343350648880005e-01
-1.688922196626663208e-01
-1.364880800247192383e-01
-1.415892541408538818e-01
-1.431939303874969482e-01
-1.417357921600341797e-01
-1.520725339651107788e-01
-2.224650084972381592e-01
-3.317525088787078857e-01
-4.637886285781860352e-01
-5.624092817306518555e-01
-5.452224016189575195e-01
-6.383013725280761719e-01
-6.789963841438293457e-01
-3.424926102161407471e-01
-1.312821805477142334e-01
-2.887562289834022522e-02
8.625732734799385071e-03
-1.608369499444961548e-02
-1.102818846702575684e-01
-2.682656347751617432e-01
-4.115783274173736572e-01
-4.964128136634826660e-01
-4.900272786617279053e-01
-5.341840386390686035e-01
-4.474914371967315674e-01
-3.539431393146514893e-01
-2.902362942695617676e-01
-2.078478634357452393e-01
-1.490631848573684692e-01
-1.352471858263015747e-01
-1.422069221735000610e-01
-1.442688405513763428e-01
-1.445249766111373901e-01
-1.405037790536880493e-01
-1.731340736150741577e-01
-2.609231770038604736e-01
-3.398255109786987305e-01
-3.925744295120239258e-01
-3.938879966735839844e-01
-4.526433646678924561e-01
-5.129365921020507812e-01
-2.534246146678924561e-01
-9.137257188558578491e-02
-3.426098078489303589e-02
7.503014057874679565e-05
-5.441010743379592896e-02
-1.689616590738296509e-01
-3.151795566082000732e-01
-3.617816269397735596e-01
-4.551579654216766357e-01
-4.586564600467681885e-01
-3.701565265655517578e-01
-3.192870616912841797e-01
-2.757675945758819580e-01
-2.113809883594512939e-01
-1.679838150739669800e-01
-1.362839490175247192e-01
-1.381080597639083862e-01
-1.444477885961532593e-01
-1.422854065895080566e-01
-1.440212130546569824e-01
-1.387826055288314819e-01
-1.429180502891540527e-01
-1.878226846456527710e-01
-2.273879349231719971e-01
-2.651753127574920654e-01
-2.780378758907318115e-01
-2.868566215038299561e-01
-3.092066943645477295e-01
-1.802266240119934082e-01
-1.003631874918937683e-01
-7.374206185340881348e-02
-9.806223958730697632e-02
-1.551316082477569580e-01
-2.265212833881378174e-01
-3.384364247322082520e-01
-4.975793659687042236e-01
-3.536367714405059814e-01
-2.949976623058319092e-01
-2.762787342071533203e-01
-2.380254417657852173e-01
-2.043743431568145752e-01
-1.603755652904510498e-01
-1.463885158300399780e-01
-1.323406100273132324e-01
-1.407804936170578003e-01
-1.438847482204437256e-01
-1.427889615297317505e-01
-1.435075253248214722e-01
-1.413247883319854736e-01
-1.380706429481506348e-01
-1.559675335884094238e-01
-1.885507106781005859e-01
-2.231205999851226807e-01
-2.428775727748870850e-01
-3.097148835659027100e-01
-3.655257225036621094e-01
-3.563746511936187744e-01
-3.694435954093933105e-01
-4.071775078773498535e-01
-4.822409749031066895e-01
-4.708625972270965576e-01
-4.576696753501892090e-01
-5.138740539550781250e-01
-4.617779850959777832e-01
-3.451614081859588623e-01
-2.922802865505218506e-01
-2.427061051130294800e-01
-2.000438570976257324e-01
-1.715925335884094238e-01
-1.549271941184997559e-01
-1.442459672689437866e-01
-1.408028155565261841e-01
-1.432050913572311401e-01
-1.418340355157852173e-01
-1.438094526529312134e-01
-1.433991342782974243e-01
-1.433572471141815186e-01
-1.429753899574279785e-01
-1.416801512241363525e-01
-1.537215411663055420e-01
-1.655731946229934692e-01
-1.898642033338546753e-01
-2.175855338573455811e-01
-2.381020039319992065e-01
-2.106608599424362183e-01
-2.449417561292648315e-01
-2.617521584033966064e-01
-2.890709936618804932e-01
-2.664784789085388184e-01
-2.827252149581909180e-01
-2.941659986972808838e-01
-2.712288796901702881e-01
-2.267058342695236206e-01
-2.148915231227874756e-01
-1.894090026617050171e-01
-1.651928871870040894e-01
-1.494341045618057251e-01
-1.384523361921310425e-01
-1.430751979351043701e-01
-1.425325721502304077e-01
-1.439502686262130737e-01
-1.425668597221374512e-01
-1.449718922376632690e-01
-1.425959765911102295e-01
-1.424716860055923462e-01
-1.433286964893341064e-01
-1.418734788894653320e-01
-1.373662054538726807e-01
-1.402309685945510864e-01
-1.465223580598831177e-01
-1.485567837953567505e-01
-1.539168953895568848e-01
-1.517050862312316895e-01
-1.473834514617919922e-01
-1.586117893457412720e-01
-1.574387103319168091e-01
-1.829136908054351807e-01
-1.803345829248428345e-01
-1.738586872816085815e-01
-1.657944321632385254e-01
-1.565736234188079834e-01
-1.457900851964950562e-01
-1.444178074598312378e-01
-1.393518149852752686e-01
-1.371666789054870605e-01
-1.422344446182250977e-01
-1.435222327709197998e-01
-1.428784132003784180e-01
-1.425662636756896973e-01
-1.432818919420242310e-01
