-6.762338280677795410e-01
-1.553448140621185303e-01
-1.116026639938354492e-01
-6.497077643871307373e-02
7.640354335308074951e-02
-1.892371922731399536e-01
-3.282420570030808449e-03
-2.204407304525375366e-01
-3.237765133380889893e-01
-3.436381518840789795e-01
-2.398559451103210449e-01
-7.859107255935668945e-01
-1.330745816230773926e-01
-5.608985573053359985e-02
-1.234208717942237854e-01
-2.421305477619171143e-01
-6.141838431358337402e-01
-2.559435963630676270e-01
-3.639758229255676270e-01
2.795396838337182999e-03
-1.358626782894134521e-01
-3.076279759407043457e-01
-2.322493866086006165e-02
-1.608609706163406372e-01
-1.075252294540405273e-01
-2.754038870334625244e-01
1.709900237619876862e-02
-7.827612161636352539e-01
-1.985137164592742920e-01
-4.876747429370880127e-01
-4.176308214664459229e-01
-4.896377399563789368e-02
-2.036420851945877075e-01
-2.237160801887512207e-01
-1.383673250675201416e-01
-4.291076362133026123e-01
-3.744824826717376709e-01
8.992320857942104340e-03
-2.175092846155166626e-01
-2.294999361038208008e-01
-2.485808134078979492e-01
-8.268129825592041016e-02
-1.490175575017929077e-01
-2.990831732749938965e-01
-9.097748994827270508e-02
-5.773178301751613617e-03
-9.237463027238845825e-02
-4.015394151210784912e-01
-5.761105418205261230e-01
-1.973249763250350952e-01
-8.224295824766159058e-02
-4.112082347273826599e-02
-4.631218910217285156e-01
-2.792000770568847656e-01
3.682969510555267334e-01
-2.205030918121337891e-01
9.547797441482543945e-01
-2.675999999046325684e-01
-4.800929501652717590e-02
-4.498561099171638489e-02
-5.325627326965332031e-01
-7.758442312479019165e-02
-4.039791524410247803e-01
-2.021463364362716675e-01
-2.212372869253158569e-01
-4.196975231170654297e-01
-1.853098869323730469e-01
-3.066518306732177734e-01
-2.085900157690048218e-01
-2.519456744194030762e-01
-1.751445531845092773e-01
-3.667081594467163086e-01
-6.157232522964477539e-01
-2.563751935958862305e-01
2.092517465353012085e-01
-1.420253813266754150e-01
6.947419792413711548e-02
-1.877648085355758667e-01
3.169796705245971680e+00
-6.844233274459838867e-01
-4.213929921388626099e-02
-1.995262950658798218e-01
9.663999825716018677e-02
-2.662141025066375732e-01
-2.144657224416732788e-01
-2.819179296493530273e-01
-1.897106468677520752e-01
-3.661630153656005859e-01
-3.456060588359832764e-02
-3.630300462245941162e-01
-5.263823270797729492e-01
-4.521285891532897949e-01
-3.816590011119842529e-01
-4.115865528583526611e-01
-8.012970536947250366e-02
-1.442996859550476074e-01
-3.812159597873687744e-01
-4.115715157240629196e-03
-3.872680664062500000e-01
5.499722436070442200e-02
-1.078139916062355042e-01
-1.647543162107467651e-01
-4.002195969223976135e-02
-2.645235359668731689e-01
-8.236310631036758423e-02
-2.148158252239227295e-01
-5.762216448783874512e-01
-9.779176115989685059e-02
-2.249384373426437378e-01
-2.033589333295822144e-01
-1.309181302785873413e-01
-3.834761977195739746e-01
-2.006470859050750732e-01
-3.181487321853637695e-01
-1.794893592596054077e-01
-3.737938702106475830e-01
-3.724294528365135193e-02
-3.821651265025138855e-02
-2.333833463490009308e-02
-3.625767529010772705e-01
-2.408158034086227417e-01
-8.989771455526351929e-02
-1.906388103961944580e-01
-2.082147449254989624e-01
1.451166570186614990e-01
-3.208918571472167969e-01
-7.639785110950469971e-02
-5.039145350456237793e-01
-9.703508019447326660e-01
-3.294435441493988037e-01
-1.253010481595993042e-01
-4.389742389321327209e-02
-3.108280897140502930e-01
-2.161237746477127075e-01
-4.536795020103454590e-01
-8.955982327461242676e-02
-1.232906356453895569e-01
-2.578924596309661865e-01
-4.146822169423103333e-02
2.235196977853775024e-01
-6.427793204784393311e-02
-3.459793031215667725e-01
-3.012585937976837158e-01
1.553507328033447266e+00
-1.939469724893569946e-01
-6.287042051553726196e-02
-7.590025663375854492e-02
-1.491539627313613892e-01
7.322984933853149414e-02
9.067074209451675415e-02
-1.871149837970733643e-01
-9.996207058429718018e-02
-1.771663725376129150e-01
-5.356390494853258133e-03
-3.511176407337188721e-01
-3.669552505016326904e-01
-2.105504572391510010e-01
-1.007821932435035706e-01
-4.757171273231506348e-01
-4.860793650150299072e-01
-4.444942772388458252e-01
-8.730740845203399658e-02
1.446874260902404785e+00
-4.336414113640785217e-02
-2.421592473983764648e-01
-1.239620745182037354e-01
-1.833193302154541016e-01
-1.298123747110366821e-01
-2.988452017307281494e-01
-1.957053989171981812e-01
-1.260268837213516235e-01
-2.133658975362777710e-01
-1.296479105949401855e-01
-2.114628404378890991e-01
-3.317598402500152588e-01
-4.166399314999580383e-02
-2.661463022232055664e-01
-1.283001452684402466e-01
-2.313915267586708069e-02
-1.785941869020462036e-01
-4.558509588241577148e-02
6.661480665206909180e-02
-4.166659116744995117e-01
-1.920962333679199219e-01
-7.764936089515686035e-01
-3.918680548667907715e-01
-3.636030554771423340e-01
-3.801933228969573975e-01
-1.295029968023300171e-01
-7.703390121459960938e-01
-9.912851452827453613e-02
-2.078306823968887329e-01
-1.954129487276077271e-01
-3.195738494396209717e-01
-7.836449742317199707e-01
-3.774984553456306458e-02
-2.148040682077407837e-01
-1.818829625844955444e-01
-3.294871151447296143e-01
6.710319966077804565e-02
-2.240873724222183228e-01
-1.696985214948654175e-01
8.105579763650894165e-02
-1.290925443172454834e-01
6.261853501200675964e-03
1.605450272560119629e+00
1.885971188545227051e+00
-3.891006708145141602e-01
-1.589609533548355103e-01
-6.894417852163314819e-02
-1.282833516597747803e-01
-3.989745080471038818e-01
-1.124990209937095642e-01
-1.432941675186157227e+00
-3.555908799171447754e-01
-1.500423252582550049e-01
-3.379525840282440186e-01
-4.738787412643432617e-01
-1.040778681635856628e-01
-6.126472949981689453e-01
-9.127543121576309204e-02
-3.559121787548065186e-01
-3.165409564971923828e-01
-5.769668146967887878e-02
-2.428203374147415161e-01
-1.888272464275360107e-01
-1.525645256042480469e-01
-6.468012928962707520e-01
-5.591438338160514832e-02
-1.907805949449539185e-01
-8.538534641265869141e-01
-2.413905709981918335e-01
-2.405480295419692993e-01
-4.411936402320861816e-01
-5.159275531768798828e-01
5.706208348274230957e-01
-5.969458818435668945e-02
-1.543634086847305298e-01
-8.177111744880676270e-01
-5.426849126815795898e-01
-1.650937050580978394e-01
-8.925590664148330688e-02
-3.926577270030975342e-01
-6.005602888762950897e-03
-4.492274671792984009e-02
-2.770435214042663574e-01
-1.619505733251571655e-01
-2.924955189228057861e-01
-6.957715749740600586e-01
-5.085575208067893982e-02
-4.667970836162567139e-01
-3.242778778076171875e-02
-8.895294368267059326e-02
-5.476298555731773376e-02
4.590834677219390869e-01
-4.804596602916717529e-01
-1.970357149839401245e-01
-2.917943298816680908e-01
-2.778616845607757568e-01
-1.227571070194244385e-01
1.618367582559585571e-01
-1.049780920147895813e-01
1.297495216131210327e-01
-7.912714034318923950e-02
-4.822664558887481689e-01
-1.676685512065887451e-01
-4.180157184600830078e-01
-2.077946662902832031e-01
-4.407518208026885986e-01
-1.767928302288055420e-01
-4.998717308044433594e-01
-3.033257126808166504e-01
-7.706280797719955444e-02
-7.072002440690994263e-02
1.814181059598922729e-01
-3.135998547077178955e-02
7.243895530700683594e-02
2.214648388326168060e-02
-1.028058752417564392e-01
-5.652558207511901855e-01
-4.023704528808593750e-01
-3.023616671562194824e-01
-4.885321259498596191e-01
-8.933774381875991821e-02
-2.297568470239639282e-01
-4.915655404329299927e-02
-9.687869809567928314e-03
-8.068113029003143311e-02
-9.150465130805969238e-01
-7.603796124458312988e-01
-2.294869571924209595e-01
-3.300162255764007568e-01
-3.289528489112854004e-01
-3.370532393455505371e-01
4.072422906756401062e-02
4.139488041400909424e-01
9.871593676507472992e-03
-1.804450452327728271e-01
-3.224950432777404785e-01
-5.378102883696556091e-02
-2.976748347282409668e-01
-3.527488112449645996e-01
-3.301139771938323975e-01
-2.498310655355453491e-01
-7.775328755378723145e-01
-4.151338934898376465e-01
-5.064193159341812134e-02
-1.005227416753768921e-01
-8.287671953439712524e-02
-4.112508520483970642e-02
-1.491302996873855591e-01
-6.115943938493728638e-02
-1.042809367179870605e+00
-8.852546215057373047e-01
4.360647127032279968e-02
-2.623531222343444824e-01
-6.030080914497375488e-01
-2.638032734394073486e-01
-2.099359035491943359e-01
-3.665147423744201660e-01
-2.738881111145019531e-01
-1.325065493583679199e-01
-2.295722067356109619e-01
-3.549549281597137451e-01
-3.648829460144042969e+00
-1.063785478472709656e-01
-1.115024909377098083e-01
-5.166856646537780762e-01
-1.783255338668823242e-01
-1.086677163839340210e-01
-2.780327796936035156e-01
-2.584962546825408936e-01
-9.638237953186035156e-02
-3.216269612312316895e-01
-2.571247518062591553e-01
-1.247658133506774902e-01
-4.075411260128021240e-01
-2.340360311791300774e-03
1.760036312043666840e-02
-4.277204275131225586e-01
-2.319991886615753174e-01
-2.353988885879516602e-01
-4.890489578247070312e-01
-4.495052993297576904e-01
-2.729414701461791992e-01
-1.252242177724838257e-01
-5.211902856826782227e-01
-4.138222932815551758e-01
-1.131280511617660522e-01
-1.561781615018844604e-01
-5.625430941581726074e-01
-4.573449492454528809e-02
-7.694497704505920410e-01
2.199614793062210083e-01
6.331818550825119019e-02
-6.000470519065856934e-01
-4.287036657333374023e-01
-3.354191184043884277e-01
-1.601258292794227600e-03
-2.276029735803604126e-01
-7.604315876960754395e-02
-4.736461937427520752e-01
-3.673843443393707275e-01
-5.664237216114997864e-02
-3.891744315624237061e-01
-5.046546459197998047e-02
2.108415663242340088e-01
-1.163016080856323242e+00
-8.267647027969360352e-01
2.324586920440196991e-02
-1.570509746670722961e-02
-1.341207325458526611e-01
-4.649894237518310547e-01
-4.402653276920318604e-01
-2.146601825952529907e-01
2.064328044652938843e-01
-4.529449343681335449e-01
-1.282835602760314941e+00
-1.343720108270645142e-01
-2.336981892585754395e-01
-9.978882223367691040e-02
-1.731596142053604126e-01
-6.239481568336486816e-01
-1.321917283348739147e-03
-1.600471585988998413e-01
-5.365176796913146973e-01
6.436218973249197006e-03
-7.978986948728561401e-02
-5.976132154464721680e-01
-1.795723885297775269e-01
5.826522037386894226e-02
-7.481461018323898315e-02
-1.809179037809371948e-01
-1.928593069314956665e-01
5.599619355052709579e-03
-5.139757692813873291e-02
-6.243433952331542969e-01
-4.310320019721984863e-01
-3.609918057918548584e-01
-1.282255053520202637e-01
