-1.222580149769783020e-01
-1.239975839853286743e-01
-1.209579259157180786e-01
-1.205149218440055847e-01
-1.217153370380401611e-01
-1.245271712541580200e-01
-1.238469630479812622e-01
-1.255539506673812866e-01
-1.236189901828765869e-01
-1.265830099582672119e-01
-1.246496960520744324e-01
-1.235164627432823181e-01
-1.249312683939933777e-01
-1.267942190170288086e-01
-1.260698884725570679e-01
-1.247162595391273499e-01
-1.248000785708427429e-01
-1.230484172701835632e-01
-1.197625994682312012e-01
-1.266889125108718872e-01
-1.257591247558593750e-01
-1.248841807246208191e-01
-1.264845132827758789e-01
-1.233371198177337646e-01
-1.243719086050987244e-01
-1.211398467421531677e-01
-1.243457868695259094e-01
-1.213413029909133911e-01
-1.235765889286994934e-01
-1.266371458768844604e-01
-1.221490725874900818e-01
-1.229003742337226868e-01
-1.264391094446182251e-01
-1.222471743822097778e-01
-1.254111677408218384e-01
-1.283585131168365479e-01
-1.268006116151809692e-01
-1.296857595443725586e-01
-1.297450512647628784e-01
-1.318356394767761230e-01
-1.339629888534545898e-01
-1.331267058849334717e-01
-1.368459016084671021e-01
-1.306746751070022583e-01
-1.303085684776306152e-01
-1.344723850488662720e-01
-1.308440566062927246e-01
-1.266357004642486572e-01
-1.270216554403305054e-01
-1.227138340473175049e-01
-1.225610300898551941e-01
-1.266088932752609253e-01
-1.244268044829368591e-01
-1.248272955417633057e-01
-1.241511255502700806e-01
-1.259877085685729980e-01
-1.239024922251701355e-01
-1.257286369800567627e-01
-1.232915967702865601e-01
-1.235987767577171326e-01
-1.191350519657135010e-01
-1.240761280059814453e-01
-1.297799795866012573e-01
-1.270422786474227905e-01
-1.464508473873138428e-01
-1.438983827829360962e-01
-1.589338332414627075e-01
-1.591610312461853027e-01
-1.608061790466308594e-01
-1.619591414928436279e-01
-1.503617316484451294e-01
-1.453061401844024658e-01
-1.501819193363189697e-01
-1.531744450330734253e-01
-1.721297800540924072e-01
-1.674353480339050293e-01
-1.424837112426757812e-01
-1.428913176059722900e-01
-1.470336616039276123e-01
-1.331584006547927856e-01
-1.256667673587799072e-01
-1.226580142974853516e-01
-1.231229603290557861e-01
-1.258161216974258423e-01
-1.240691244602203369e-01
-1.229716986417770386e-01
-1.189382970333099365e-01
-1.222342476248741150e-01
-1.251299232244491577e-01
-1.247887015342712402e-01
-1.328773200511932373e-01
-1.308867037296295166e-01
-1.583133339881896973e-01
-1.924266368150711060e-01
-2.186551094055175781e-01
-2.063125520944595337e-01
-2.123035788536071777e-01
-2.263567596673965454e-01
-1.972247362136840820e-01
-1.651385128498077393e-01
-1.912206858396530151e-01
-2.009465396404266357e-01
-2.240410745143890381e-01
-2.226250469684600830e-01
-2.157575935125350952e-01
-1.964240223169326782e-01
-1.818050742149353027e-01
-1.595034599304199219e-01
-1.461350768804550171e-01
-1.281104236841201782e-01
-1.255767196416854858e-01
-1.231284737586975098e-01
-1.237990185618400574e-01
-1.268374323844909668e-01
-1.222089827060699463e-01
-1.227115169167518616e-01
-1.261986643075942993e-01
-1.415307074785232544e-01
-1.537441462278366089e-01
-1.986119300127029419e-01
-2.299750000238418579e-01
-3.000088334083557129e-01
-2.736659944057464600e-01
-2.962116301059722900e-01
-2.659412026405334473e-01
-2.830754816532135010e-01
-2.094286531209945679e-01
-2.235585749149322510e-01
-2.337370067834854126e-01
-2.356488108634948730e-01
-2.339134067296981812e-01
-2.481944710016250610e-01
-2.839720845222473145e-01
-2.689983546733856201e-01
-2.327333837747573853e-01
-2.008445262908935547e-01
-1.630640327930450439e-01
-1.378213912248611450e-01
-1.262755692005157471e-01
-1.257923990488052368e-01
-1.242503970861434937e-01
-1.249425113201141357e-01
-1.185684204101562500e-01
-1.292656213045120239e-01
-1.389178633689880371e-01
-1.774511933326721191e-01
-2.072727531194686890e-01
-2.610929608345031738e-01
-2.649773359298706055e-01
-2.777742743492126465e-01
-2.569477260112762451e-01
-1.920785307884216309e-01
-1.185406744480133057e-01
-6.439606100320816040e-02
2.082821913063526154e-02
1.120846811681985855e-02
-7.358022034168243408e-03
-8.703035116195678711e-02
-1.415310651063919067e-01
-1.984638720750808716e-01
-2.164153605699539185e-01
-2.747601270675659180e-01
-2.514121830463409424e-01
-2.137532085180282593e-01
-1.992484629154205322e-01
-1.468192338943481445e-01
-1.261773109436035156e-01
-1.218352913856506348e-01
-1.261975020170211792e-01
-1.238972917199134827e-01
-1.267285197973251343e-01
-1.301095932722091675e-01
-1.656012088060379028e-01
-2.261620908975601196e-01
-2.646557688713073730e-01
-2.730339765548706055e-01
-2.573976516723632812e-01
-2.376835197210311890e-01
-1.697054505348205566e-01
-9.938579052686691284e-02
-3.682298585772514343e-02
4.723642021417617798e-03
7.101401686668395996e-02
6.572735309600830078e-02
3.987098112702369690e-03
-3.657190874218940735e-02
-1.058356389403343201e-01
-2.114866524934768677e-01
-2.585949599742889404e-01
-3.074352443218231201e-01
-2.754674553871154785e-01
-2.589126229286193848e-01
-1.982498019933700562e-01
-1.579635143280029297e-01
-1.250280439853668213e-01
-1.255282461643218994e-01
-1.283660531044006348e-01
-1.220418363809585571e-01
-1.310622841119766235e-01
-1.400016993284225464e-01
-1.808194369077682495e-01
-2.353064268827438354e-01
-2.918881773948669434e-01
-2.922573387622833252e-01
-2.621590495109558105e-01
-2.077272385358810425e-01
-1.214815303683280945e-01
-2.623803354799747467e-02
4.601543396711349487e-02
6.138590723276138306e-02
7.133943587541580200e-02
7.335710525512695312e-02
4.315649345517158508e-02
2.879063412547111511e-02
-3.658097982406616211e-02
-1.205531433224678040e-01
-1.693089902400970459e-01
-2.634089887142181396e-01
-2.703443467617034912e-01
-2.554655671119689941e-01
-2.036150395870208740e-01
-1.685928851366043091e-01
-1.320634484291076660e-01
-1.261136233806610107e-01
-1.235589385032653809e-01
-1.287418007850646973e-01
-1.332228779792785645e-01
-1.469079256057739258e-01
-2.077096253633499146e-01
-2.694370448589324951e-01
-2.922216355800628662e-01
-2.514136135578155518e-01
-2.173574119806289673e-01
-1.354201436042785645e-01
-5.021096393465995789e-02
3.625925257802009583e-02
6.837016344070434570e-02
7.034985721111297607e-02
2.558360807597637177e-02
-4.897262435406446457e-03
4.311019554734230042e-02
2.491063624620437622e-02
1.394654531031847000e-02
-4.522215202450752258e-02
-1.123148649930953979e-01
-1.994468122720718384e-01
-2.368921190500259399e-01
-2.597246766090393066e-01
-2.076564878225326538e-01
-1.497573852539062500e-01
-1.343321949243545532e-01
-1.221185401082038879e-01
-1.319742947816848755e-01
-1.232488453388214111e-01
-1.335235983133316040e-01
-1.474138945341110229e-01
-2.083601951599121094e-01
-2.302209585905075073e-01
-2.949455082416534424e-01
-2.291171699762344360e-01
-1.942492127418518066e-01
-8.915187418460845947e-02
-3.523484803736209869e-03
4.912112280726432800e-02
6.186862662434577942e-02
-4.905574489384889603e-03
-2.512742206454277039e-02
-5.217681452631950378e-02
-1.311640627682209015e-02
5.474940687417984009e-02
4.451083019375801086e-02
4.112359136343002319e-03
-6.768120080232620239e-02
-1.800794750452041626e-01
-2.121795564889907837e-01
-2.433740645647048950e-01
-1.887423545122146606e-01
-1.466820538043975830e-01
-1.266366988420486450e-01
-1.249361857771873474e-01
-1.269751191139221191e-01
-1.312260478734970093e-01
-1.352905780076980591e-01
-1.520474404096603394e-01
-1.950790137052536011e-01
-2.547002434730529785e-01
-2.697170674800872803e-01
-2.232626676559448242e-01
-1.720166802406311035e-01
-5.235199257731437683e-02
4.786248505115509033e-02
6.417439877986907959e-02
2.144851535558700562e-02
-6.855868548154830933e-02
-7.052373141050338745e-02
-4.047621414065361023e-02
-1.011549681425094604e-02
4.768452420830726624e-02
1.460750028491020203e-02
-2.625188045203685760e-02
-9.156105667352676392e-02
-1.613495796918869019e-01
-1.931033283472061157e-01
-2.192778736352920532e-01
-2.036595344543457031e-01
-1.477453559637069702e-01
-1.226630136370658875e-01
-1.212988123297691345e-01
-1.249303594231605530e-01
-1.285551637411117554e-01
-1.259663105010986328e-01
-1.535341590642929077e-01
-1.995307207107543945e-01
-2.726438045501708984e-01
-2.689621150493621826e-01
-2.459138482809066772e-01
-1.666016578674316406e-01
-7.170551270246505737e-02
3.021834790706634521e-02
4.766074940562248230e-02
-2.604544349014759064e-02
-6.637357175350189209e-02
-5.181990936398506165e-02
-5.189311876893043518e-02
-1.319175772368907928e-02
1.933668367564678192e-02
3.613299503922462463e-02
-4.840498417615890503e-02
-1.234194189310073853e-01
-1.826957613229751587e-01
-2.151712030172348022e-01
-2.098890691995620728e-01
-2.096207588911056519e-01
-1.356886178255081177e-01
-1.196268871426582336e-01
-1.274714320898056030e-01
-1.238740235567092896e-01
-1.326995193958282471e-01
-1.313781142234802246e-01
-1.555759906768798828e-01
-2.159070968627929688e-01
-2.953648269176483154e-01
-2.762567400932312012e-01
-2.564192414283752441e-01
-1.750308871269226074e-01
-6.091461330652236938e-02
2.112801559269428253e-02
2.056283503770828247e-02
-1.538637559860944748e-02
-2.522054687142372131e-02
-4.925175383687019348e-02
-1.318223495036363602e-02
3.114870004355907440e-02
6.808102875947952271e-02
2.184073626995086670e-02
-6.053863838315010071e-02
-1.392485052347183228e-01
-2.004109025001525879e-01
-2.411619722843170166e-01
-2.479536384344100952e-01
-2.079266160726547241e-01
-1.276441365480422974e-01
-1.200217306613922119e-01
-1.210736259818077087e-01
-1.229170784354209900e-01
-1.289249807596206665e-01
-1.317377686500549316e-01
-1.580704897642135620e-01
-2.303294539451599121e-01
-2.927240431308746338e-01
-3.197263777256011963e-01
-2.635276615619659424e-01
-1.735941469669342041e-01
-6.897734850645065308e-02
3.235307056456804276e-03
2.196064963936805725e-02
2.912907861173152924e-02
5.336829461157321930e-03
3.018952440470457077e-03
1.748869311995804310e-03
1.062062848359346390e-02
4.926859959959983826e-02
1.751487515866756439e-02
-9.519050270318984985e-02
-1.645008921623229980e-01
-1.965252906084060669e-01
-2.347702383995056152e-01
-2.643432617187500000e-01
-2.022889256477355957e-01
-1.492390781641006470e-01
-1.220020353794097900e-01
-1.244687885046005249e-01
-1.221628189086914062e-01
-1.214471235871315002e-01
-1.308607906103134155e-01
-1.524277478456497192e-01
-2.088504433631896973e-01
-3.067579567432403564e-01
-3.103920221328735352e-01
-2.863185703754425049e-01
-1.804533302783966064e-01
-5.161448195576667786e-02
-1.946562086232006550e-03
1.472801528871059418e-02
2.878312580287456512e-02
1.057015452533960342e-02
-6.791302002966403961e-03
4.663133528083562851e-03
8.059582114219665527e-02
5.987132713198661804e-02
-1.193133182823657990e-02
-9.131240844726562500e-02
-1.658671051263809204e-01
-2.039191871881484985e-01
-2.263318002223968506e-01
-2.468785792589187622e-01
-2.164791226387023926e-01
-1.566264629364013672e-01
-1.271124482154846191e-01
-1.233418136835098267e-01
-1.262303292751312256e-01
-1.243684962391853333e-01
-1.230007112026214600e-01
-1.471341252326965332e-01
-2.260321527719497681e-01
-3.141058981418609619e-01
-2.922867238521575928e-01
-2.522462606430053711e-01
-1.672621816396713257e-01
-6.944043189287185669e-02
-6.973917130380868912e-03
2.668277919292449951e-02
-5.736767314374446869e-03
-3.340390976518392563e-03
4.541903361678123474e-02
5.935418605804443359e-02
7.105837762355804443e-02
6.960283964872360229e-02
-2.537725120782852173e-02
-7.299895584583282471e-02
-1.376891285181045532e-01
-1.913402527570724487e-01
-2.666023373603820801e-01
-2.767659127712249756e-01
-2.316654026508331299e-01
-1.595514416694641113e-01
-1.334998905658721924e-01
-1.277603358030319214e-01
-1.238616183400154114e-01
-1.270746886730194092e-01
-1.224064677953720093e-01
-1.473529785871505737e-01
-2.386131435632705688e-01
-2.965909838676452637e-01
-2.973874211311340332e-01
-2.251635491847991943e-01
-1.837288290262222290e-01
-1.071713790297508240e-01
-4.385960474610328674e-02
-1.107777375727891922e-02
-2.680175239220261574e-03
-1.876232028007507324e-02
2.038538455963134766e-02
4.883115366101264954e-02
3.507317602634429932e-02
2.523040398955345154e-02
-1.146461628377437592e-02
-5.772181600332260132e-02
-1.533774435520172119e-01
-2.027246654033660889e-01
-2.547110915184020996e-01
-2.882770299911499023e-01
-2.363292723894119263e-01
-1.665136963129043579e-01
-1.335201710462570190e-01
-1.259319931268692017e-01
-1.263135373592376709e-01
-1.221512332558631897e-01
-1.239649578928947449e-01
-1.645974367856979370e-01
-2.502295076847076416e-01
-3.291859030723571777e-01
-2.940469980239868164e-01
-2.059334218502044678e-01
-1.431504637002944946e-01
-9.065844863653182983e-02
-6.396880000829696655e-02
-3.846324235200881958e-02
-9.965132921934127808e-03
-2.073119580745697021e-02
8.851560764014720917e-03
-8.536956273019313812e-03
3.222097456455230713e-02
4.031691327691078186e-02
-4.735939949750900269e-02
-5.467015132308006287e-02
-1.283200085163116455e-01
-1.989526599645614624e-01
-2.635125815868377686e-01
-2.633475959300994873e-01
-2.294034808874130249e-01
-1.836034655570983887e-01
-1.316405683755874634e-01
-1.224414482712745667e-01
-1.211230307817459106e-01
-1.246981993317604065e-01
-1.318326443433761597e-01
-1.676899045705795288e-01
-2.539128363132476807e-01
-3.134178519248962402e-01
-2.723253965377807617e-01
-1.752014160156250000e-01
-1.470771580934524536e-01
-3.878564015030860901e-02
-5.771218612790107727e-02
-3.533560037612915039e-02
-1.367706339806318283e-02
1.391679607331752777e-02
-2.078173123300075531e-02
2.080890536308288574e-02
4.546617344021797180e-02
2.746020257472991943e-02
-1.857340103015303612e-03
-6.779278069734573364e-02
-1.520236432552337646e-01
-2.119152843952178955e-01
-2.635669112205505371e-01
-2.634124159812927246e-01
-2.104642093181610107e-01
-1.719169020652770996e-01
-1.310755163431167603e-01
-1.286137104034423828e-01
-1.213605925440788269e-01
-1.238011121749877930e-01
-1.301554292440414429e-01
-1.893648803234100342e-01
-2.600656449794769287e-01
-3.575285673141479492e-01
-2.741560339927673340e-01
-1.889907270669937134e-01
-1.087526008486747742e-01
-4.338887333869934082e-02
-2.385330945253372192e-02
-2.482487633824348450e-02
-1.452982146292924881e-02
-1.175420265644788742e-02
-1.761083118617534637e-02
2.334757894277572632e-02
5.993327125906944275e-02
2.459679171442985535e-02
-3.070873953402042389e-02
-1.246081143617630005e-01
-1.939656287431716919e-01
-2.257682383060455322e-01
-2.768149673938751221e-01
-2.673364579677581787e-01
-2.140089571475982666e-01
-1.626526713371276855e-01
-1.284326314926147461e-01
-1.234599649906158447e-01
-1.229252517223358154e-01
-1.223353222012519836e-01
-1.305505335330963135e-01
-1.800308823585510254e-01
-2.376302778720855713e-01
-2.926398813724517822e-01
-2.788378298282623291e-01
-1.877495348453521729e-01
-1.376123577356338501e-01
-7.025296986103057861e-02
-1.273371186107397079e-02
-4.054798278957605362e-03
3.527523949742317200e-02
1.205491367727518082e-02
4.661337658762931824e-02
2.650188282132148743e-02
4.349647462368011475e-02
-2.293507382273674011e-02
-8.085313439369201660e-02
-1.733403652906417847e-01
-2.240889817476272583e-01
-2.620475888252258301e-01
-2.690684795379638672e-01
-2.272946387529373169e-01
-2.112894207239151001e-01
-1.450279951095581055e-01
-1.273316890001296997e-01
-1.229597404599189758e-01
-1.258732378482818604e-01
-1.198650598526000977e-01
-1.284519433975219727e-01
-1.769757121801376343e-01
-2.424030303955078125e-01
-2.717308402061462402e-01
-2.905829250812530518e-01
-2.646618783473968506e-01
-1.442752629518508911e-01
-6.350319832563400269e-02
-1.797195710241794586e-02
2.550124935805797577e-02
2.762380987405776978e-02
1.490580476820468903e-02
3.834987059235572815e-02
2.915531024336814880e-02
-3.801475977525115013e-03
-5.390536785125732422e-02
-1.359616070985794067e-01
-2.137538790702819824e-01
-2.534117996692657471e-01
-2.996393442153930664e-01
-2.551445960998535156e-01
-2.146207839250564575e-01
-1.589836478233337402e-01
-1.329720914363861084e-01
-1.272541731595993042e-01
-1.211521103978157043e-01
-1.252217292785644531e-01
-1.235709637403488159e-01
-1.280287504196166992e-01
-1.582112312316894531e-01
-1.970137655735015869e-01
-2.201966196298599243e-01
-2.661392390727996826e-01
-2.470425367355346680e-01
-1.676449030637741089e-01
-6.763093918561935425e-02
-1.822849549353122711e-02
-4.234682768583297729e-03
1.352180540561676025e-02
1.280559785664081573e-02
2.251898869872093201e-02
1.423190254718065262e-02
-4.500501602888107300e-02
-1.136994510889053345e-01
-1.617761701345443726e-01
-2.370577454566955566e-01
-2.645780742168426514e-01
-2.454292029142379761e-01
-2.052663266658782959e-01
-1.932549029588699341e-01
-1.510020792484283447e-01
-1.273457407951354980e-01
-1.194021031260490417e-01
-1.231326013803482056e-01
-1.270105242729187012e-01
-1.272411495447158813e-01
-1.281715333461761475e-01
-1.345422118902206421e-01
-1.741947680711746216e-01
-2.013068795204162598e-01
-1.900006383657455444e-01
-1.696493774652481079e-01
-1.315222978591918945e-01
-4.155807569622993469e-02
-1.804510690271854401e-02
2.995189838111400604e-02
2.582439407706260681e-02
4.294217377901077271e-02
1.115534175187349319e-02
-2.952924743294715881e-02
-7.916314899921417236e-02
-1.182101666927337646e-01
-1.716081649065017700e-01
-2.547612786293029785e-01
-2.281646281480789185e-01
-2.046644687652587891e-01
-1.898198425769805908e-01
-1.569576114416122437e-01
-1.377038806676864624e-01
-1.212406530976295471e-01
-1.217974424362182617e-01
-1.289557814598083496e-01
-1.242549344897270203e-01
-1.257939785718917847e-01
-1.243607178330421448e-01
-1.269145756959915161e-01
-1.427760124206542969e-01
-1.528405249118804932e-01
-1.545858234167098999e-01
-1.274562776088714600e-01
-9.592983871698379517e-02
-7.343977689743041992e-02
-3.148343041539192200e-02
-6.286423653364181519e-03
-1.346759963780641556e-02
-1.490714028477668762e-02
-5.270271003246307373e-02
-9.284091740846633911e-02
-1.188459321856498718e-01
-1.658013761043548584e-01
-1.930914521217346191e-01
-2.017801553010940552e-01
-1.917259991168975830e-01
-1.663211137056350708e-01
-1.598857045173645020e-01
-1.335613429546356201e-01
-1.348271816968917847e-01
-1.234621703624725342e-01
-1.228126659989356995e-01
-1.252842694520950317e-01
-1.240998581051826477e-01
-1.247535422444343567e-01
-1.205252707004547119e-01
-1.264296025037765503e-01
-1.379365921020507812e-01
-1.455843597650527954e-01
-1.525336205959320068e-01
-1.454328447580337524e-01
-1.661702245473861694e-01
-1.818956434726715088e-01
-1.608356833457946777e-01
-1.607558280229568481e-01
-1.575459241867065430e-01
-1.908760517835617065e-01
-1.866134405136108398e-01
-1.777566522359848022e-01
-2.200785130262374878e-01
-2.128035575151443481e-01
-1.896893829107284546e-01
-1.902618110179901123e-01
-1.761291176080703735e-01
-1.544703096151351929e-01
-1.416040360927581787e-01
-1.336285024881362915e-01
-1.309425234794616699e-01
-1.246997043490409851e-01
-1.277682781219482422e-01
-1.220934316515922546e-01
-1.270315498113632202e-01
-1.243826225399971008e-01
-1.247242763638496399e-01
-1.225206926465034485e-01
-1.339440047740936279e-01
-1.328772157430648804e-01
-1.292582005262374878e-01
-1.339237540960311890e-01
-1.412768959999084473e-01
-1.420388519763946533e-01
-1.243823394179344177e-01
-1.451065242290496826e-01
-1.454800516366958618e-01
-1.464316248893737793e-01
-1.388677656650543213e-01
-1.643262952566146851e-01
-1.800645738840103149e-01
-1.744554340839385986e-01
-1.633790135383605957e-01
-1.652827262878417969e-01
-1.519624590873718262e-01
-1.392972171306610107e-01
-1.354433894157409668e-01
-1.226331070065498352e-01
-1.236042752861976624e-01
-1.243579089641571045e-01
-1.262811720371246338e-01
-1.234136521816253662e-01
-1.273885667324066162e-01
-1.224901974201202393e-01
-1.206394433975219727e-01
-1.235023662447929382e-01
-1.227153092622756958e-01
-1.232274621725082397e-01
-1.310574412345886230e-01
-1.320447325706481934e-01
-1.299418210983276367e-01
-1.374245733022689819e-01
-1.403825134038925171e-01
-1.318206638097763062e-01
-1.386952847242355347e-01
-1.284117847681045532e-01
-1.487583220005035400e-01
-1.492505818605422974e-01
-1.480985283851623535e-01
-1.425544917583465576e-01
-1.377207934856414795e-01
-1.330142915248870850e-01
-1.316351592540740967e-01
-1.271623224020004272e-01
-1.200063973665237427e-01
-1.234605386853218079e-01
-1.268151253461837769e-01
-1.245430931448936462e-01
-1.240179091691970825e-01
-1.246410906314849854e-01
