-1.637955307960510254e-01
-1.649956256151199341e-01
-1.610141843557357788e-01
-1.643955409526824951e-01
-1.633048504590988159e-01
-1.637411415576934814e-01
-1.632502824068069458e-01
-1.616141647100448608e-01
-1.619413793087005615e-01
-1.648318171501159668e-01
-1.622140705585479736e-01
-1.642319411039352417e-01
-1.616685539484024048e-01
-1.623230725526809692e-01
-1.625412702560424805e-01
-1.625957936048507690e-01
-1.649954169988632202e-01
-1.636320650577545166e-01
-1.618868857622146606e-01
-1.633047312498092651e-01
-1.643954962491989136e-01
-1.600325107574462891e-01
-1.621593683958053589e-01
-1.626503616571426392e-01
-1.629231125116348267e-01
-1.650500297546386719e-01
-1.618322879076004028e-01
-1.635775417089462280e-01
-1.643955856561660767e-01
-1.634683459997177124e-01
-1.647773981094360352e-01
-1.637956649065017700e-01
-1.628139913082122803e-01
-1.666861921548843384e-01
-1.602505296468734741e-01
-1.615591794252395630e-01
-1.583415567874908447e-01
-1.553422361612319946e-01
-1.484157592058181763e-01
-1.442159861326217651e-01
-1.400705426931381226e-01
-1.433435380458831787e-01
-1.424161344766616821e-01
-1.466704457998275757e-01
-1.453066170215606689e-01
-1.489065736532211304e-01
-1.525607109069824219e-01
-1.557237654924392700e-01
-1.576871871948242188e-01
-1.604686230421066284e-01
-1.618322283029556274e-01
-1.627594530582427979e-01
-1.643956303596496582e-01
-1.664135009050369263e-01
-1.630865335464477539e-01
-1.643411368131637573e-01
-1.618321985006332397e-01
-1.623777598142623901e-01
-1.649955958127975464e-01
-1.634684354066848755e-01
-1.625957489013671875e-01
-1.617776751518249512e-01
-1.562691628932952881e-01
-1.441067457199096680e-01
-1.279634088277816772e-01
-1.114367470145225525e-01
-1.074003800749778748e-01
-1.123640313744544983e-01
-1.254550069570541382e-01
-1.462347507476806641e-01
-1.674510240554809570e-01
-1.821239739656448364e-01
-1.881794929504394531e-01
-1.822332143783569336e-01
-1.776484251022338867e-01
-1.598689705133438110e-01
-1.445972770452499390e-01
-1.313992440700531006e-01
-1.386527270078659058e-01
-1.527240872383117676e-01
-1.601961255073547363e-01
-1.620503664016723633e-01
-1.649408489465713501e-01
-1.639592200517654419e-01
-1.639591753482818604e-01
-1.641774326562881470e-01
-1.624867022037506104e-01
-1.636865884065628052e-01
-1.611777991056442261e-01
-1.519609391689300537e-01
-1.402892917394638062e-01
-1.056549251079559326e-01
-8.765483647584915161e-02
-8.672755956649780273e-02
-9.998215734958648682e-02
-1.281820535659790039e-01
-1.602527201175689697e-01
-2.075424194335937500e-01
-2.470328062772750854e-01
-2.727783620357513428e-01
-2.780680358409881592e-01
-2.698315680027008057e-01
-2.374880909919738770e-01
-1.950516849756240845e-01
-1.603064537048339844e-01
-1.330899894237518311e-01
-1.246368214488029480e-01
-1.317265629768371582e-01
-1.469430923461914062e-01
-1.610142141580581665e-01
-1.615597158670425415e-01
-1.635775119066238403e-01
-1.632502824068069458e-01
-1.623775810003280640e-01
-1.658680737018585205e-01
-1.629775762557983398e-01
-1.525606960058212280e-01
-1.182549819350242615e-01
-9.261849522590637207e-02
-7.156385481357574463e-02
-5.934567749500274658e-02
-8.083668351173400879e-02
-1.224549785256385803e-01
-1.886154264211654663e-01
-2.834153175354003906e-01
-3.907040655612945557e-01
-4.660316109657287598e-01
-5.163791775703430176e-01
-5.196476578712463379e-01
-4.659228324890136719e-01
-3.724873363971710205e-01
-2.709792852401733398e-01
-1.835431754589080811e-01
-1.371264904737472534e-01
-1.119276508688926697e-01
-1.090912967920303345e-01
-1.202731654047966003e-01
-1.399625986814498901e-01
-1.598144024610519409e-01
-1.632503718137741089e-01
-1.636320948600769043e-01
-1.630321741104125977e-01
-1.624320745468139648e-01
-1.570873409509658813e-01
-1.185276955366134644e-01
-8.400027453899383545e-02
-5.132746696472167969e-02
-3.060019575059413910e-02
-4.145472124218940735e-02
-9.327314794063568115e-02
-1.807076930999755859e-01
-2.893049120903015137e-01
-4.159055352210998535e-01
-5.365603566169738770e-01
-6.178312897682189941e-01
-6.587889194488525391e-01
-6.508814096450805664e-01
-5.738702416419982910e-01
-4.628163278102874756e-01
-3.304351270198822021e-01
-2.146886289119720459e-01
-1.344531923532485962e-01
-1.023821458220481873e-01
-1.072912439703941345e-01
-1.136185750365257263e-01
-1.201095208525657654e-01
-1.474887132644653320e-01
-1.618868410587310791e-01
-1.639591455459594727e-01
-1.627593040466308594e-01
-1.609595865011215210e-01
-1.366351693868637085e-01
-8.869119733572006226e-02
-4.363653436303138733e-02
-1.390931010246276855e-02
-6.272895727306604385e-03
-4.014566168189048767e-02
-1.437817662954330444e-01
-2.803608775138854980e-01
-4.275776147842407227e-01
-5.569536089897155762e-01
-6.623376607894897461e-01
-7.197234034538269043e-01
-7.364690303802490234e-01
-7.073422670364379883e-01
-6.524150371551513672e-01
-5.382550358772277832e-01
-3.842152655124664307e-01
-2.324711382389068604e-01
-1.146546229720115662e-01
-7.603649049997329712e-02
-8.760024607181549072e-02
-1.147640272974967957e-01
-1.210913509130477905e-01
-1.301998049020767212e-01
-1.604687720537185669e-01
-1.627594381570816040e-01
-1.624321937561035156e-01
-1.485248655080795288e-01
-1.094731166958808899e-01
-5.923654139041900635e-02
-1.576369814574718475e-02
2.269086055457592010e-02
8.672695606946945190e-03
-7.210943102836608887e-02
-2.202527970075607300e-01
-4.023787379264831543e-01
-5.560292005538940430e-01
-6.355605721473693848e-01
-6.634331941604614258e-01
-6.654504537582397461e-01
-6.530694961547851562e-01
-6.541086435317993164e-01
-6.433050632476806641e-01
-5.798187255859375000e-01
-4.480899274349212646e-01
-2.686886191368103027e-01
-1.186362206935882568e-01
-4.920002073049545288e-02
-6.905470043420791626e-02
-1.110549122095108032e-01
-1.250730901956558228e-01
-1.284545511007308960e-01
-1.599234938621520996e-01
-1.641228049993515015e-01
-1.590507328510284424e-01
-1.271454691886901855e-01
-9.038211405277252197e-02
-4.047284275293350220e-02
1.619999296963214874e-02
4.860000312328338623e-02
1.532728876918554306e-02
-1.137822046875953674e-01
-3.089977204799652100e-01
-5.144153833389282227e-01
-6.113419532775878906e-01
-6.113966107368469238e-01
-5.561408400535583496e-01
-5.038893222808837891e-01
-4.980513155460357666e-01
-5.263069868087768555e-01
-5.746893286705017090e-01
-5.972693562507629395e-01
-4.975607991218566895e-01
-3.249247372150421143e-01
-1.283453255891799927e-01
-4.680006206035614014e-02
-5.776381865143775940e-02
-1.047821715474128723e-01
-1.250731647014617920e-01
-1.281273663043975830e-01
-1.605779081583023071e-01
-1.614505052566528320e-01
-1.512517333030700684e-01
-1.160186007618904114e-01
-8.629119396209716797e-02
-2.934547327458858490e-02
2.765437029302120209e-02
6.005455553531646729e-02
1.363505842164158821e-03
-1.678892374038696289e-01
-3.949048817157745361e-01
-5.572879910469055176e-01
-5.860355496406555176e-01
-5.185074806213378906e-01
-4.273624718189239502e-01
-3.515956103801727295e-01
-3.736344873905181885e-01
-4.334152042865753174e-01
-5.129408240318298340e-01
-5.654685497283935547e-01
-5.017073154449462891e-01
-3.406901359558105469e-01
-1.377818733453750610e-01
-3.665472194552421570e-02
-3.970927000045776367e-02
-8.400026708841323853e-02
-1.166185885667800903e-01
-1.290544122457504272e-01
-1.577964574098587036e-01
-1.619959026575088501e-01
-1.518517285585403442e-01
-1.154186055064201355e-01
-8.389118313789367676e-02
-2.656367793679237366e-02
3.747273609042167664e-02
5.770912021398544312e-02
-3.032759577035903931e-02
-2.295804321765899658e-01
-4.589980840682983398e-01
-5.625809431076049805e-01
-5.399929285049438477e-01
-4.294869005680084229e-01
-3.216515481472015381e-01
-2.843975722789764404e-01
-3.239949941635131836e-01
-3.818143606185913086e-01
-4.760700166225433350e-01
-5.377620458602905273e-01
-4.679996669292449951e-01
-3.105266094207763672e-01
-1.342905461788177490e-01
-3.016379475593566895e-02
-2.841837331652641296e-02
-7.178203761577606201e-02
-1.112185791134834290e-01
-1.388715207576751709e-01
-1.613960117101669312e-01
-1.635774821043014526e-01
-1.513063460588455200e-01
-1.211458966135978699e-01
-8.912757039070129395e-02
-2.863638661801815033e-02
3.370906412601470947e-02
2.138176187872886658e-02
-1.029820740222930908e-01
-3.235064446926116943e-01
-5.025233030319213867e-01
-5.481774806976318359e-01
-4.969616830348968506e-01
-3.877039849758148193e-01
-3.031060993671417236e-01
-3.019602000713348389e-01
-3.384529650211334229e-01
-3.986172378063201904e-01
-4.879585206508636475e-01
-4.960906505584716797e-01
-4.064680039882659912e-01
-2.603434920310974121e-01
-1.283998787403106689e-01
-2.541842497885227203e-02
-1.947286911308765411e-02
-5.961834639310836792e-02
-1.160731464624404907e-01
-1.467794924974441528e-01
-1.620503216981887817e-01
-1.628139615058898926e-01
-1.601962745189666748e-01
-1.343449503183364868e-01
-9.338212758302688599e-02
-3.147277235984802246e-02
1.123637426644563675e-02
-1.712743006646633148e-02
-1.724710613489151001e-01
-3.932721614837646484e-01
-5.271809101104736328e-01
-5.270733237266540527e-01
-4.501096010208129883e-01
-3.596132695674896240e-01
-3.472350537776947021e-01
-3.679614067077636719e-01
-4.154126644134521484e-01
-4.741606414318084717e-01
-5.144690275192260742e-01
-4.607995152473449707e-01
-3.560162186622619629e-01
-2.387986779212951660e-01
-1.365261524915695190e-01
-5.040020868182182312e-02
-3.196367993950843811e-02
-5.509104207158088684e-02
-1.181458905339241028e-01
-1.523969769477844238e-01
-1.625958681106567383e-01
-1.616685837507247925e-01
-1.624321639537811279e-01
-1.477066278457641602e-01
-1.001458019018173218e-01
-3.643641248345375061e-02
-8.127365261316299438e-03
-5.880025401711463928e-02
-2.213979661464691162e-01
-4.255611300468444824e-01
-5.334508419036865234e-01
-5.129438042640686035e-01
-4.454709887504577637e-01
-3.884151875972747803e-01
-4.132880568504333496e-01
-4.707256555557250977e-01
-5.249968171119689941e-01
-5.525934100151062012e-01
-5.426194071769714355e-01
-4.523985385894775391e-01
-3.570528030395507812e-01
-2.513436079025268555e-01
-1.668541729450225830e-01
-7.947291433811187744e-02
-3.987284004688262939e-02
-4.952740296721458435e-02
-1.063640043139457703e-01
-1.497247070074081421e-01
-1.615595221519470215e-01
-1.647773683071136475e-01
-1.626503765583038330e-01
-1.525060385465621948e-01
-1.105094999074935913e-01
-4.036371037364006042e-02
-2.116364613175392151e-02
-8.547297120094299316e-02
-2.386882007122039795e-01
-4.356498420238494873e-01
-5.491552352905273438e-01
-5.359600186347961426e-01
-4.741080999374389648e-01
-4.229440689086914062e-01
-4.999615550041198730e-01
-5.487242341041564941e-01
-5.982504487037658691e-01
-5.793226957321166992e-01
-5.616515874862670898e-01
-4.807070791721343994e-01
-3.853051364421844482e-01
-2.921983897686004639e-01
-1.993083804845809937e-01
-1.016184762120246887e-01
-4.096376150846481323e-02
-5.061835423111915588e-02
-9.780032932758331299e-02
-1.473250836133956909e-01
-1.639592945575714111e-01
-1.622686535120010376e-01
-1.630866229534149170e-01
-1.555057913064956665e-01
-1.093094795942306519e-01
-4.412735626101493835e-02
-3.463638573884963989e-02
-9.600023925304412842e-02
-2.480726540088653564e-01
-4.298683702945709229e-01
-5.303942561149597168e-01
-5.297953486442565918e-01
-4.705612361431121826e-01
-4.647238850593566895e-01
-5.348691940307617188e-01
-5.732690691947937012e-01
-5.823233127593994141e-01
-5.553228855133056641e-01
-5.576673746109008789e-01
-5.024710297584533691e-01
-4.257231354713439941e-01
-3.232888877391815186e-01
-2.119073271751403809e-01
-9.725480526685714722e-02
-3.752741962671279907e-02
-4.549102485179901123e-02
-9.561850130558013916e-02
-1.417072564363479614e-01
-1.595962494611740112e-01
-1.658136397600173950e-01
-1.630866080522537231e-01
-1.539785265922546387e-01
-1.020549014210700989e-01
-4.598191753029823303e-02
-4.532751441001892090e-02
-1.093093752861022949e-01
-2.422354817390441895e-01
-4.099633097648620605e-01
-4.788547158241271973e-01
-4.760695099830627441e-01
-4.358695745468139648e-01
-4.492357969284057617e-01
-4.936320185661315918e-01
-5.337247252464294434e-01
-5.243970155715942383e-01
-5.128866434097290039e-01
-5.371578931808471680e-01
-4.912872016429901123e-01
-4.395801723003387451e-01
-3.383947908878326416e-01
-2.010536491870880127e-01
-7.925476133823394775e-02
-2.427315898239612579e-02
-4.450921341776847839e-02
-9.621851891279220581e-02
-1.411621719598770142e-01
-1.622140258550643921e-01
-1.634137928485870361e-01
-1.618868410587310791e-01
-1.527788043022155762e-01
-9.834580123424530029e-02
-5.225474387407302856e-02
-5.301850661635398865e-02
-1.149275824427604675e-01
-2.501447498798370361e-01
-3.769614398479461670e-01
-4.258880019187927246e-01
-4.149782955646514893e-01
-3.806157410144805908e-01
-3.853063881397247314e-01
-4.278507828712463379e-01
-4.614524245262145996e-01
-4.799444377422332764e-01
-4.950510561466217041e-01
-5.191618800163269043e-01
-4.987065494060516357e-01
-4.423590600490570068e-01
-3.244874775409698486e-01
-1.621084064245223999e-01
-5.209113284945487976e-02
-1.969140581786632538e-02
-4.980012774467468262e-02
-1.024367138743400574e-01
-1.384897381067276001e-01
-1.631957441568374634e-01
-1.620503067970275879e-01
-1.626501828432083130e-01
-1.423615068197250366e-01
-9.441849589347839355e-02
-5.127289518713951111e-02
-5.885486304759979248e-02
-1.281275451183319092e-01
-2.607807219028472900e-01
-3.754338324069976807e-01
-4.115417897701263428e-01
-3.913622796535491943e-01
-3.638169467449188232e-01
-3.643056750297546387e-01
-4.117605686187744141e-01
-4.285593628883361816e-01
-4.589441120624542236e-01
-5.121238231658935547e-01
-5.275633335113525391e-01
-5.122855305671691895e-01
-4.239230453968048096e-01
-2.672179043292999268e-01
-1.054912135004997253e-01
-2.258200943470001221e-02
-9.163672104477882385e-03
-5.940017476677894592e-02
-1.070730909705162048e-01
-1.452525407075881958e-01
-1.604687422513961792e-01
-1.637411862611770630e-01
-1.621049344539642334e-01
-1.377797722816467285e-01
-9.190938621759414673e-02
-5.787291750311851501e-02
-6.730923801660537720e-02
-1.293274462223052979e-01
-2.591426670551300049e-01
-3.792533278465270996e-01
-4.379961192607879639e-01
-4.250701963901519775e-01
-3.951254785060882568e-01
-4.059796333312988281e-01
-4.357061088085174561e-01
-4.759612381458282471e-01
-5.067805051803588867e-01
-5.500323772430419922e-01
-5.508494973182678223e-01
-5.023068189620971680e-01
-3.743997216224670410e-01
-1.709989309310913086e-01
-2.552746608853340149e-02
1.789090596139431000e-02
-9.818209335207939148e-03
-7.047292590141296387e-02
-1.129640340805053711e-01
-1.423621624708175659e-01
-1.616686135530471802e-01
-1.623776257038116455e-01
-1.640683859586715698e-01
-1.294908225536346436e-01
-9.709123522043228149e-02
-5.743657425045967102e-02
-6.092739105224609375e-02
-1.132911890745162964e-01
-2.374359667301177979e-01
-3.799060285091400146e-01
-4.717609584331512451e-01
-5.002331137657165527e-01
-4.974522292613983154e-01
-5.044865608215332031e-01
-5.308308601379394531e-01
-5.525444746017456055e-01
-5.756151676177978516e-01
-5.893575549125671387e-01
-5.554322004318237305e-01
-4.312341213226318359e-01
-2.400533854961395264e-01
-6.452739983797073364e-02
3.725456073880195618e-02
4.287266358733177185e-02
-1.385488733649253845e-02
-7.821841537952423096e-02
-1.118731200695037842e-01
-1.462888121604919434e-01
-1.627593338489532471e-01
-1.648318469524383545e-01
-1.622140556573867798e-01
-1.375077813863754272e-01
-9.916397929191589355e-02
-6.469107419252395630e-02
-4.903641715645790100e-02
-8.907283842563629150e-02
-1.843637824058532715e-01
-3.206726312637329102e-01
-4.653791189193725586e-01
-5.620369911193847656e-01
-6.115055680274963379e-01
-6.256875991821289062e-01
-6.383419632911682129e-01
-6.362129449844360352e-01
-6.316878199577331543e-01
-5.881586670875549316e-01
-4.865958988666534424e-01
-3.049058318138122559e-01
-1.205447688698768616e-01
5.018213298171758652e-03
5.580013617873191833e-02
2.809078060090541840e-02
-3.441827371716499329e-02
-8.841846883296966553e-02
-1.239822730422019958e-01
-1.561058014631271362e-01
-1.617231816053390503e-01
-1.634138673543930054e-01
-1.654317677021026611e-01
-1.412712633609771729e-01
-1.106731146574020386e-01
-7.778204232454299927e-02
-5.334568396210670471e-02
-7.216373085975646973e-02
-1.459087282419204712e-01
-2.663446962833404541e-01
-4.061423540115356445e-01
-5.461063981056213379e-01
-6.463074088096618652e-01
-6.890178918838500977e-01
-6.960477828979492188e-01
-6.626139879226684570e-01
-6.029967069625854492e-01
-5.043793320655822754e-01
-3.526320159435272217e-01
-2.061801403760910034e-01
-6.000015512108802795e-02
2.045451290905475616e-02
2.972721494734287262e-02
-9.436472319066524506e-03
-5.863652750849723816e-02
-1.026549041271209717e-01
-1.432346254587173462e-01
-1.617232412099838257e-01
-1.655954420566558838e-01
-1.636864989995956421e-01
-1.635774374008178711e-01
-1.539785861968994141e-01
-1.267637014389038086e-01
-1.027094423770904541e-01
-7.887297123670578003e-02
-7.396384328603744507e-02
-1.217458471655845642e-01
-2.200893908739089966e-01
-3.506145179271697998e-01
-4.853968322277069092e-01
-5.956863760948181152e-01
-6.471263766288757324e-01
-6.302145123481750488e-01
-5.702676177024841309e-01
-4.875251948833465576e-01
-3.765215277671813965e-01
-2.580528259277343750e-01
-1.511995643377304077e-01
-6.752757728099822998e-02
-3.643659129738807678e-02
-3.169098123908042908e-02
-5.252740904688835144e-02
-8.541847020387649536e-02
-1.249095350503921509e-01
-1.549060046672821045e-01
-1.639048606157302856e-01
-1.651045531034469604e-01
-1.632502973079681396e-01
-1.628139466047286987e-01
-1.614504605531692505e-01
-1.509792208671569824e-01
-1.219640821218490601e-01
-1.075640022754669189e-01
-9.867305308580398560e-02
-1.192913427948951721e-01
-1.766699850559234619e-01
-2.548868358135223389e-01
-3.607599735260009766e-01
-4.406149983406066895e-01
-4.718146026134490967e-01
-4.466131329536437988e-01
-3.985601067543029785e-01
-3.300511837005615234e-01
-2.643784284591674805e-01
-2.018164098262786865e-01
-1.587807536125183105e-01
-1.144368126988410950e-01
-9.212759137153625488e-02
-7.658205926418304443e-02
-8.760028332471847534e-02
-1.168367713689804077e-01
-1.459069550037384033e-01
-1.606323421001434326e-01
-1.618322581052780151e-01
-1.637410670518875122e-01
-1.640682667493820190e-01
-1.649954766035079956e-01
-1.658681184053421021e-01
-1.597052514553070068e-01
-1.486881226301193237e-01
-1.273631155490875244e-01
-1.248549669981002808e-01
-1.352705061435699463e-01
-1.625412106513977051e-01
-2.023598402738571167e-01
-2.516691088676452637e-01
-2.789965867996215820e-01
-2.944865822792053223e-01
-2.720144689083099365e-01
-2.518324255943298340e-01
-2.265240401029586792e-01
-2.120161354541778564e-01
-1.976698637008666992e-01
-1.701800525188446045e-01
-1.360357105731964111e-01
-1.103458553552627563e-01
-1.059276536107063293e-01
-1.192913502454757690e-01
-1.472704857587814331e-01
-1.587235480546951294e-01
-1.619413942098617554e-01
-1.641774475574493408e-01
-1.624866425991058350e-01
-1.668497174978256226e-01
-1.615595370531082153e-01
-1.635230630636215210e-01
-1.668497174978256226e-01
-1.625956892967224121e-01
-1.457429826259613037e-01
-1.299813687801361084e-01
-1.343985944986343384e-01
-1.533783674240112305e-01
-1.797764748334884644e-01
-2.027958631515502930e-01
-2.248865216970443726e-01
-2.339953035116195679e-01
-2.204678505659103394e-01
-2.004512399435043335e-01
-1.814160346984863281e-01
-1.666341274976730347e-01
-1.498346030712127686e-01
-1.275272518396377563e-01
-1.134004071354866028e-01
-1.160185933113098145e-01
-1.351628005504608154e-01
-1.562148779630661011e-01
-1.627049297094345093e-01
-1.646682024002075195e-01
-1.637410819530487061e-01
-1.629230231046676636e-01
-1.641228795051574707e-01
-1.630865633487701416e-01
-1.632503420114517212e-01
-1.633593440055847168e-01
-1.636865884065628052e-01
-1.641229242086410522e-01
-1.582871973514556885e-01
-1.599233597517013550e-01
-1.502700448036193848e-01
-1.502158343791961670e-01
-1.440526694059371948e-01
-1.376711875200271606e-01
-1.355446279048919678e-01
-1.355987340211868286e-01
-1.332538723945617676e-01
-1.309089809656143188e-01
-1.255639791488647461e-01
-1.214186325669288635e-01
-1.277454942464828491e-01
-1.366896629333496094e-01
-1.494521349668502808e-01
-1.549602448940277100e-01
-1.604687720537185669e-01
-1.594870388507843018e-01
-1.632502824068069458e-01
-1.638499945402145386e-01
-1.645591259002685547e-01
-1.640683263540267944e-01
-1.620503515005111694e-01
