-2.218899689614772797e-02
-2.026855014264583588e-02
-2.200890146195888519e-02
-2.238800562918186188e-02
-2.199837006628513336e-02
-1.991971954703330994e-02
-2.025462873280048370e-02
-2.146300114691257477e-02
-2.165927737951278687e-02
-2.097690850496292114e-02
-2.134072594344615936e-02
-2.208627387881278992e-02
-2.199309505522251129e-02
-2.154434286057949066e-02
-2.087670937180519104e-02
-2.104127779603004456e-02
-2.152672037482261658e-02
-2.206472866237163544e-02
-2.077064104378223419e-02
-2.184217981994152069e-02
-2.097990736365318298e-02
-2.044908888638019562e-02
-2.047973498702049255e-02
-2.101053856313228607e-02
-2.078291215002536774e-02
-2.131290733814239502e-02
-2.040118351578712463e-02
-2.271599136292934418e-02
-2.180735953152179718e-02
-2.115817926824092865e-02
-2.049181610345840454e-02
-2.000200189650058746e-02
-2.145542763173580170e-02
-1.956791058182716370e-02
-2.185999788343906403e-02
-2.072739973664283752e-02
-2.153201773762702942e-02
-2.095856331288814545e-02
-2.096230164170265198e-02
-1.980433613061904907e-02
-1.946481689810752869e-02
-2.033449709415435791e-02
-1.985635422170162201e-02
-2.137219905853271484e-02
-2.074370905756950378e-02
-1.992674171924591064e-02
-2.120000123977661133e-02
-2.231483161449432373e-02
-1.963347196578979492e-02
-2.119076624512672424e-02
-2.112511172890663147e-02
-2.281170524656772614e-02
-2.088800072669982910e-02
-2.021954953670501709e-02
-2.222844772040843964e-02
-2.181163616478443146e-02
-2.164235897362232208e-02
-2.254126034677028656e-02
-2.181254327297210693e-02
-2.156124636530876160e-02
-2.088309451937675476e-02
-2.127988636493682861e-02
-1.985627412796020508e-02
-2.109384909272193909e-02
-1.632318086922168732e-02
-1.547966990619897842e-02
-1.467890013009309769e-02
-1.304232422262430191e-02
-1.685188896954059601e-02
-1.735340990126132965e-02
-1.942744478583335876e-02
-2.024644054472446442e-02
-2.086447365581989288e-02
-1.992121525108814240e-02
-1.917956396937370300e-02
-2.007701434195041656e-02
-1.770685613155364990e-02
-1.727997511625289917e-02
-1.844132877886295319e-02
-2.172923460602760315e-02
-2.135726995766162872e-02
-2.226729691028594971e-02
-2.153936773538589478e-02
-2.196755446493625641e-02
-2.155181393027305603e-02
-2.129936590790748596e-02
-2.168419212102890015e-02
-2.196784876286983490e-02
-1.950790360569953918e-02
-2.049019187688827515e-02
-1.919198967516422272e-02
-1.532107405364513397e-02
-1.411216799169778824e-02
-1.364052947610616684e-02
-1.324341725558042526e-02
-1.517710275948047638e-02
-1.783229969441890717e-02
-1.855485700070858002e-02
-1.977367512881755829e-02
-1.887534186244010925e-02
-1.752393133938312531e-02
-1.787878572940826416e-02
-1.728212647140026093e-02
-1.635478064417839050e-02
-1.972278021275997162e-02
-1.395676378160715103e-02
-1.626512780785560608e-02
-1.704606041312217712e-02
-1.988372951745986938e-02
-1.970609463751316071e-02
-1.960649527609348297e-02
-2.232290804386138916e-02
-2.088654600083827972e-02
-2.081883512437343597e-02
-2.165276743471622467e-02
-2.153767645359039307e-02
-2.041203528642654419e-02
-1.641662046313285828e-02
-1.405949704349040985e-02
-1.277536433190107346e-02
-1.327400747686624527e-02
-1.348892506211996078e-02
-1.288835424929857254e-02
-1.304170116782188416e-02
-1.641198992729187012e-02
-1.320052146911621094e-02
-1.274194847792387009e-02
-1.380239333957433701e-02
-1.413429249078035355e-02
-1.361095253378152847e-02
-1.270260661840438843e-02
-1.052090153098106384e-02
-1.206831727176904678e-02
-1.273974776268005371e-02
-1.635243371129035950e-02
-1.389821060001850128e-02
-1.518308930099010468e-02
-1.945165358483791351e-02
-2.015779912471771240e-02
-2.239575609564781189e-02
-2.003063634037971497e-02
-1.992653869092464447e-02
-2.119640447199344635e-02
-2.121822722256183624e-02
-1.804121024906635284e-02
-1.273643597960472107e-02
-1.236660126596689224e-02
-1.162288244813680649e-02
-9.054891765117645264e-03
-1.032017543911933899e-02
-7.922229357063770294e-03
-1.014537923038005829e-02
-9.999104775488376617e-03
-7.935499772429466248e-03
-8.215445093810558319e-03
-8.037451654672622681e-03
-9.247443638741970062e-03
-5.919587798416614532e-03
-4.134860821068286896e-03
-6.987750064581632614e-03
-8.234794251620769501e-03
-9.958966635167598724e-03
-1.387707423418760300e-02
-1.805877313017845154e-02
-1.784521155059337616e-02
-1.724229566752910614e-02
-2.075461857020854950e-02
-2.269971929490566254e-02
-1.994226686656475067e-02
-2.163817733526229858e-02
-2.144621312618255615e-02
-1.680128835141658783e-02
-1.445082854479551315e-02
-1.172316167503595352e-02
-1.145950891077518463e-02
-6.305030081421136856e-03
-6.513391621410846710e-03
-6.707091815769672394e-03
-7.445118855684995651e-03
-1.020125113427639008e-02
-1.104636583477258682e-02
-1.056131068617105484e-02
-1.006082631647586823e-02
-8.846997283399105072e-03
-6.195797584950923920e-03
-4.408282693475484848e-03
-2.403990831226110458e-03
-5.887544248253107071e-04
-5.414822138845920563e-03
-7.972217164933681488e-03
-1.337802410125732422e-02
-1.818096823990345001e-02
-1.783695258200168610e-02
-1.683484762907028198e-02
-1.737331785261631012e-02
-2.106847055256366730e-02
-2.191190049052238464e-02
-2.144185081124305725e-02
-2.127321995794773102e-02
-1.790847629308700562e-02
-1.359632890671491623e-02
-9.368441067636013031e-03
-6.010182667523622513e-03
-2.098693745210766792e-03
-3.785700537264347076e-03
-4.981693346053361893e-03
-8.982048369944095612e-03
-7.767407689243555069e-03
-1.032051071524620056e-02
-9.976988658308982849e-03
-9.509334340691566467e-03
-7.279746234416961670e-03
-3.375670639798045158e-03
-6.308458978310227394e-04
1.194768701680004597e-03
-4.050361167173832655e-04
-1.547201303765177727e-03
-7.396671571768820286e-04
-7.820205762982368469e-03
-1.428555790334939957e-02
-1.904164254665374756e-02
-1.882649771869182587e-02
-1.744252629578113556e-02
-2.176960743963718414e-02
-2.038231492042541504e-02
-1.927549578249454498e-02
-1.771035231649875641e-02
-1.391547545790672302e-02
-1.319916732609272003e-02
-8.214568719267845154e-03
-5.502121523022651672e-03
-1.242742990143597126e-03
-3.534101881086826324e-03
-6.920485757291316986e-03
-9.495997801423072815e-03
-8.660226128995418549e-03
-1.013765949755907059e-02
-7.352192420512437820e-03
-5.306237377226352692e-03
6.922677857801318169e-05
1.432717312127351761e-03
2.229241188615560532e-03
6.295889033935964108e-05
-7.613374618813395500e-04
1.732927194098010659e-04
4.226547607686370611e-04
-4.683473147451877594e-03
-1.240777038037776947e-02
-1.506042946130037308e-02
-1.831489242613315582e-02
-1.686250045895576477e-02
-2.096735872328281403e-02
-2.024003118276596069e-02
-1.827494613826274872e-02
-1.754684746265411377e-02
-1.513740513473749161e-02
-1.153299771249294281e-02
-5.093187559396028519e-03
-2.642055042088031769e-03
-2.432941226288676262e-03
-1.376485568471252918e-03
-6.962285842746496201e-03
-6.758377887308597565e-03
-5.103296600282192230e-03
-3.986388910561800003e-03
-7.982907118275761604e-05
1.151915523223578930e-03
5.029313266277313232e-03
5.149048287421464920e-03
2.581999404355883598e-03
1.297266688197851181e-03
-2.281747059896588326e-03
6.457723211497068405e-04
1.917151501402258873e-03
6.915308040333911777e-05
-7.712761405855417252e-03
-1.394388359040021896e-02
-1.617843471467494965e-02
-1.710891909897327423e-02
-2.127838321030139923e-02
-2.272882685065269470e-02
-2.179915457963943481e-02
-1.542732678353786469e-02
-1.420004945248365402e-02
-9.166218340396881104e-03
-4.719977732747793198e-03
-7.100047077983617783e-04
2.126296167261898518e-04
-4.184509627521038055e-03
-5.963654257357120514e-03
-5.270199384540319443e-03
-2.043849555775523186e-03
4.371462273411452770e-04
3.022445016540586948e-04
2.825634554028511047e-03
4.645857959985733032e-03
6.354208569973707199e-03
2.679238095879554749e-03
-1.340411370620131493e-03
-1.438041217625141144e-04
-3.609197447076439857e-03
7.273346418514847755e-04
-2.387746790191158652e-04
-5.971795879304409027e-03
-1.113628037273883820e-02
-1.604792848229408264e-02
-1.774968579411506653e-02
-1.969082467257976532e-02
-2.050041966140270233e-02
-1.955133676528930664e-02
-1.819119043648242950e-02
-1.555475965142250061e-02
-1.010244805365800858e-02
-5.304142367094755173e-03
-2.212810330092906952e-03
-2.457541879266500473e-03
-5.364660173654556274e-03
-5.932325031608343124e-03
-2.357991179451346397e-03
-2.500200644135475159e-03
-4.496653098613023758e-03
-2.056449186056852341e-03
1.089153345674276352e-03
3.082376904785633087e-03
5.132647696882486343e-03
3.530261456035077572e-04
-1.788136287359520793e-04
-1.903948141261935234e-03
-1.422933855792507529e-04
-2.006317954510450363e-03
-7.830852409824728966e-04
-1.692842692136764526e-03
-6.523776333779096603e-03
-1.537431590259075165e-02
-2.017170190811157227e-02
-2.066939510405063629e-02
-2.126726880669593811e-02
-2.063287049531936646e-02
-1.960092782974243164e-02
-1.365042477846145630e-02
-9.594102390110492706e-03
-6.694999989122152328e-03
-3.073524916544556618e-03
-2.799809211865067482e-03
-7.049636915326118469e-03
-5.595015361905097961e-03
-4.012442193925380707e-03
-4.048746079206466675e-03
-3.854881040751934052e-03
-3.133695572614669800e-03
-3.165116766467690468e-03
1.206400222145020962e-03
-1.545987674035131931e-03
-9.784701978787779808e-04
-2.403016900643706322e-03
-1.165363006293773651e-03
-3.324557095766067505e-03
-4.059968981891870499e-03
-2.452594344504177570e-04
-2.088141161948442459e-03
-8.385735563933849335e-03
-1.671909727156162262e-02
-2.074432931840419769e-02
-2.251349203288555145e-02
-2.002614550292491913e-02
-2.193784713745117188e-02
-2.104299888014793396e-02
-1.598928868770599365e-02
-9.517879225313663483e-03
-8.725479245185852051e-03
-2.527463249862194061e-03
-4.074188414961099625e-03
-7.698462810367345810e-03
-3.544690553098917007e-03
-3.474779194220900536e-03
-1.379949040710926056e-03
-4.853673279285430908e-03
-2.454396104440093040e-03
-1.322808326222002506e-03
-5.732957739382982254e-03
-5.631514824926853180e-03
-6.867261137813329697e-03
-5.064749624580144882e-03
-4.225239157676696777e-03
-3.262700047343969345e-03
-5.331804044544696808e-03
-4.148964304476976395e-03
-4.232438281178474426e-03
-9.172894060611724854e-03
-1.480401586741209030e-02
-1.960733532905578613e-02
-1.913101412355899811e-02
-2.063449844717979431e-02
-2.124232985079288483e-02
-1.899458654224872589e-02
-1.695991121232509613e-02
-8.350749500095844269e-03
-4.786673933267593384e-03
-3.854858921840786934e-03
-5.117382388561964035e-03
-1.018798258155584335e-02
-5.736293736845254898e-03
-2.677891170606017113e-03
-1.698388019576668739e-03
-1.018315786495804787e-03
-1.047886675223708153e-03
-1.342958188615739346e-03
-3.378713736310601234e-03
-3.935398999601602554e-03
-6.841648835688829422e-03
-6.386252585798501968e-03
-5.359439644962549210e-03
-5.343450233340263367e-03
-8.927599526941776276e-03
-3.966819494962692261e-03
-6.239258218556642532e-03
-8.423704653978347778e-03
-1.431049872189760208e-02
-1.997406594455242157e-02
-2.103389427065849304e-02
-2.177886664867401123e-02
-2.181954123079776764e-02
-1.991570740938186646e-02
-1.713281124830245972e-02
-6.963562220335006714e-03
-4.445867612957954407e-03
-4.275249782949686050e-03
-6.810567341744899750e-03
-1.285434234887361526e-02
-1.100097969174385071e-02
-3.842746838927268982e-03
-1.487201661802828312e-03
-1.598139933776110411e-04
9.222403168678283691e-04
-1.033957232721149921e-03
-2.079549012705683708e-03
1.129461568780243397e-03
-1.494956784881651402e-03
-3.063114127144217491e-03
-9.248309768736362457e-03
-1.030046027153730392e-02
-9.049572050571441650e-03
-3.890125313773751259e-03
-6.114148069173097610e-03
-8.295792154967784882e-03
-1.333396602421998978e-02
-1.969161257147789001e-02
-2.047696150839328766e-02
-1.993582025170326233e-02
-2.074285969138145447e-02
-2.029082737863063812e-02
-1.683736965060234070e-02
-7.138112094253301620e-03
-5.088107660412788391e-03
-5.548027809709310532e-03
-1.270653866231441498e-02
-1.556863170117139816e-02
-9.173925034701824188e-03
-7.386352866888046265e-03
-3.087084274739027023e-03
5.325484089553356171e-04
7.209579925984144211e-04
-3.150043776258826256e-03
-1.121989218518137932e-03
1.662007416598498821e-03
3.469708608463406563e-03
-3.651662729680538177e-03
-6.736006587743759155e-03
-1.152048725634813309e-02
-9.188128635287284851e-03
-5.184584297239780426e-03
-6.835112348198890686e-03
-1.009629573673009872e-02
-1.470910944044589996e-02
-1.822070032358169556e-02
-2.044750377535820007e-02
-2.149472385644912720e-02
-2.143346145749092102e-02
-2.081528678536415100e-02
-1.407780218869447708e-02
-7.363090757280588150e-03
-7.548426277935504913e-03
-6.215795408934354782e-03
-1.358861755579710007e-02
-1.430878508836030960e-02
-1.263063587248325348e-02
-6.808970589190721512e-03
-7.892956491559743881e-04
-3.822173457592725754e-04
-8.753670845180749893e-04
-6.421885918825864792e-04
-4.524085670709609985e-04
-3.983632195740938187e-04
-1.455523306503891945e-04
-3.573153633624315262e-03
-8.675897493958473206e-03
-1.288571208715438843e-02
-7.667229976505041122e-03
-4.143249709159135818e-03
-7.903962396085262299e-03
-9.001149795949459076e-03
-1.564826630055904388e-02
-1.989851891994476318e-02
-2.052257210016250610e-02
-2.077556028962135315e-02
-2.119746431708335876e-02
-2.069920487701892853e-02
-1.324452459812164307e-02
-1.006323378533124924e-02
-7.188778836280107498e-03
-8.137579075992107391e-03
-1.280031632632017136e-02
-1.545564737170934677e-02
-9.157025255262851715e-03
-4.814360756427049637e-03
2.885946887545287609e-04
3.288474690634757280e-04
4.220024682581424713e-03
-8.105348097160458565e-04
1.188512658700346947e-03
3.955008462071418762e-03
2.001589164137840271e-03
-4.998375196009874344e-03
-7.418003398925065994e-03
-1.192709617316722870e-02
-7.163063623011112213e-03
-4.445413127541542053e-03
-7.084988523274660110e-03
-1.105468720197677612e-02
-1.426333375275135040e-02
-2.144999429583549500e-02
-2.084083110094070435e-02
-2.012785337865352631e-02
-2.122190408408641815e-02
-2.078778855502605438e-02
-1.203436125069856644e-02
-8.507618680596351624e-03
-3.685193601995706558e-03
-5.031656008213758469e-03
-1.319129671901464462e-02
-1.424853131175041199e-02
-8.906356059014797211e-03
-3.218034049496054649e-03
3.663039999082684517e-03
6.986791733652353287e-03
4.905829206109046936e-03
3.006532089784741402e-03
4.790866747498512268e-03
8.536483161151409149e-03
3.724468871951103210e-03
-3.383121220394968987e-03
-8.292252197861671448e-03
-7.855121046304702759e-03
-3.320132615044713020e-03
-5.928729195147752762e-03
-6.538210902363061905e-03
-1.269405521452426910e-02
-1.459923479706048965e-02
-1.896987296640872955e-02
-2.198131941258907318e-02
-2.394509315490722656e-02
-2.260483615100383759e-02
-1.793171651661396027e-02
-1.504331361502408981e-02
-9.956823661923408508e-03
-6.299339234828948975e-03
-2.504047704860568047e-03
-4.888430703431367874e-03
-9.723546914756298065e-03
-8.069011382758617401e-03
-5.637282738462090492e-04
6.286698859184980392e-03
1.022309157997369766e-02
1.057480927556753159e-02
9.763382375240325928e-03
1.025170460343360901e-02
8.545288816094398499e-03
4.879130981862545013e-03
-4.201760515570640564e-03
-7.875180803239345551e-03
-2.103774808347225189e-03
-2.526671160012483597e-03
-4.028142895549535751e-03
-8.726317435503005981e-03
-1.382887829095125198e-02
-1.709478907287120819e-02
-1.971480250358581543e-02
-2.352136932313442230e-02
-1.953976415097713470e-02
-1.936459727585315704e-02
-1.928323879837989807e-02
-1.254666876047849655e-02
-8.774257265031337738e-03
-5.608629900962114334e-03
-1.065543852746486664e-03
-2.595737110823392868e-03
-2.865760121494531631e-03
-6.501727737486362457e-03
-8.968330803327262402e-06
6.049841176718473434e-03
9.690527804195880890e-03
7.156913634389638901e-03
8.019413799047470093e-03
9.671254083514213562e-03
9.306356310844421387e-03
-4.424183280207216740e-04
-8.074456825852394104e-03
-6.057227030396461487e-03
-3.862267825752496719e-03
-3.951061517000198364e-03
-5.517952144145965576e-03
-1.039506401866674423e-02
-1.280556805431842804e-02
-1.882112771272659302e-02
-1.926596090197563171e-02
-2.148906886577606201e-02
-2.075680159032344818e-02
-2.034113556146621704e-02
-2.096656151115894318e-02
-1.608758792281150818e-02
-1.236872933804988861e-02
-8.225198835134506226e-03
-4.422712139785289764e-03
-4.545313771814107895e-03
-5.383378360420465469e-03
-2.260938286781311035e-03
2.759441849775612354e-04
1.465617329813539982e-03
4.440818913280963898e-03
2.716217190027236938e-03
2.044135937467217445e-03
-6.210557767190039158e-04
-2.231705468147993088e-03
-7.810001727193593979e-03
-7.870481349527835846e-03
-7.927627302706241608e-03
-7.485764566808938980e-03
-8.178579621016979218e-03
-1.026964187622070312e-02
-1.172076445072889328e-02
-1.510255783796310425e-02
-2.141021005809307098e-02
-2.132119983434677124e-02
-2.213312499225139618e-02
-2.077636681497097015e-02
-2.126226387917995453e-02
-1.912132464349269867e-02
-1.638514921069145203e-02
-1.471368316560983658e-02
-1.258556544780731201e-02
-1.047474890947341919e-02
-1.073692645877599716e-02
-9.259474463760852814e-03
-1.059585995972156525e-02
-1.231392845511436462e-02
-1.282407902181148529e-02
-1.418627519160509109e-02
-1.290504261851310730e-02
-1.052385102957487106e-02
-1.013760827481746674e-02
-1.071450207382440567e-02
-1.114498730748891830e-02
-1.151122804731130600e-02
-1.294935215264558792e-02
-1.295914221554994583e-02
-1.131552178412675858e-02
-1.031463500112295151e-02
-1.422716584056615829e-02
-1.872319541871547699e-02
-2.075087092816829681e-02
-2.019683085381984711e-02
-2.071354724466800690e-02
-2.220799587666988373e-02
-2.147109806537628174e-02
-2.204293385148048401e-02
-1.825999841094017029e-02
-1.630209945142269135e-02
-1.493871025741100311e-02
-1.552586257457733154e-02
-1.925729960203170776e-02
-1.870464906096458435e-02
-2.066341228783130646e-02
-1.962250843644142151e-02
-2.488927543163299561e-02
-2.384340018033981323e-02
-2.235291339457035065e-02
-2.126204222440719604e-02
-1.928186044096946716e-02
-1.642568223178386688e-02
-1.643254235386848450e-02
-1.706392131745815277e-02
-1.979701966047286987e-02
-1.517627108842134476e-02
-1.442052703350782394e-02
-1.500295288860797882e-02
-1.910638436675071716e-02
-2.164322882890701294e-02
-1.999754831194877625e-02
-2.058014087378978729e-02
-2.079309523105621338e-02
-2.126645483076572418e-02
-2.023200131952762604e-02
-1.998132467269897461e-02
-2.328455261886119843e-02
-1.883741281926631927e-02
-1.667206920683383942e-02
-1.760038733482360840e-02
-1.809443905949592590e-02
-1.720292307436466217e-02
-2.000091969966888428e-02
-2.128962986171245575e-02
-2.033066190779209137e-02
-2.171927876770496368e-02
-2.505608089268207550e-02
-2.128637582063674927e-02
-2.025469765067100525e-02
-2.203470654785633087e-02
-2.151347883045673370e-02
-2.143985405564308167e-02
-1.972727291285991669e-02
-1.597631163895130157e-02
-1.582542806863784790e-02
-1.855713687837123871e-02
-1.891647651791572571e-02
-2.230364829301834106e-02
-2.135753445327281952e-02
-2.041291631758213043e-02
-2.172854356467723846e-02
-2.010999806225299835e-02
-2.119690738618373871e-02
-2.172782272100448608e-02
-2.052018046379089355e-02
-1.985515281558036804e-02
-2.016009576618671417e-02
-1.721200533211231232e-02
-1.797912456095218658e-02
-1.872120238840579987e-02
-1.950498856604099274e-02
-1.963315904140472412e-02
-1.970988512039184570e-02
-1.919249445199966431e-02
-2.078751102089881897e-02
-2.106199599802494049e-02
-2.214387059211730957e-02
-1.924082264304161072e-02
-2.168576419353485107e-02
-1.820358447730541229e-02
-1.640844345092773438e-02
-1.731095835566520691e-02
-1.865364052355289459e-02
-2.146838419139385223e-02
-1.912430301308631897e-02
-2.099791541695594788e-02
-2.160957828164100647e-02
-2.234845608472824097e-02
-2.062526904046535492e-02
-2.112718485295772552e-02
-2.231827750802040100e-02
-2.160036563873291016e-02
-2.164908684790134430e-02
-2.058412693440914154e-02
-2.268814668059349060e-02
-2.163593657314777374e-02
-2.091358229517936707e-02
-2.139080129563808441e-02
-2.006563544273376465e-02
-1.855355501174926758e-02
-1.923540420830249786e-02
-1.880408078432083130e-02
-1.783120073378086090e-02
-1.749145612120628357e-02
-1.867238990962505341e-02
-1.907025836408138275e-02
-1.816760376095771790e-02
-2.124987728893756866e-02
-2.069469355046749115e-02
-2.216859906911849976e-02
-1.932900398969650269e-02
-2.250127680599689484e-02
-2.037442475557327271e-02
-2.259573340415954590e-02
-2.070227824151515961e-02
-2.006045542657375336e-02
-2.187336049973964691e-02
