-7.094994187355041504e-03
-1.877292431890964508e-02
-3.057854063808917999e-02
-1.606561802327632904e-02
-2.221978269517421722e-02
-9.652596898376941681e-03
-3.202975541353225708e-02
3.855811804533004761e-02
-2.112724073231220245e-02
-2.023361064493656158e-02
-2.994267456233501434e-02
-2.202791720628738403e-02
-3.956345468759536743e-02
-2.363198064267635345e-02
-3.256655856966972351e-02
-2.781121991574764252e-02
-2.583090960979461670e-02
-2.517598122358322144e-02
-4.733588173985481262e-02
3.749441727995872498e-02
-2.136940881609916687e-02
-2.038572169840335846e-02
-2.685183472931385040e-02
-2.827560529112815857e-02
-9.223115630447864532e-03
-2.157977037131786346e-02
4.387939989101141691e-04
-3.474756330251693726e-02
2.082184702157974243e-02
-3.285532444715499878e-02
-1.871147565543651581e-02
-2.794038318097591400e-02
-1.885144412517547607e-02
-2.835839800536632538e-02
-1.877305097877979279e-02
-2.261110022664070129e-02
-3.553671762347221375e-02
-2.311945706605911255e-02
-1.865644752979278564e-02
-2.878597751259803772e-02
-2.417764253914356232e-02
-3.259415552020072937e-02
-3.250462561845779419e-02
-2.787816710770130157e-02
-2.752355113625526428e-02
-3.252280503511428833e-02
-3.193531557917594910e-02
-3.904577577486634254e-03
3.743369504809379578e-02
-4.793580621480941772e-03
-3.435450792312622070e-02
-1.458713784813880920e-02
1.572012715041637421e-02
-3.729250747710466385e-03
-1.349200867116451263e-02
2.677883021533489227e-02
-3.035110794007778168e-02
1.631949096918106079e-02
2.144242823123931885e-02
-1.612538471817970276e-02
-2.357483841478824615e-02
-1.854135282337665558e-02
3.177083283662796021e-02
-2.004999481141567230e-02
-2.605378441512584686e-02
-1.358316093683242798e-02
-2.528721280395984650e-02
2.209356427192687988e-02
-1.526097208261489868e-02
-2.299939282238483429e-02
-2.882327698171138763e-02
-2.813807688653469086e-02
-2.552620880305767059e-02
-2.232625894248485565e-02
-2.005847543478012085e-02
-3.056067787110805511e-02
-3.881170973181724548e-02
-2.677511982619762421e-02
-2.349073253571987152e-02
3.660583868622779846e-02
-3.434636071324348450e-02
-2.342809177935123444e-02
2.478181011974811554e-02
-2.320353873074054718e-02
-2.018354088068008423e-02
-2.170608378946781158e-02
-3.181590884923934937e-02
1.622397452592849731e-02
-2.770083583891391754e-02
-2.504199929535388947e-02
-2.041997201740741730e-02
-2.886458858847618103e-02
-1.920553110539913177e-02
-1.189042162150144577e-02
8.097155019640922546e-03
-1.732886210083961487e-02
-3.256690129637718201e-02
2.366948127746582031e-02
2.349466830492019653e-02
-2.549972757697105408e-02
-2.440414577722549438e-02
-1.003019884228706360e-02
-3.217656910419464111e-02
-2.142562344670295715e-02
-2.931718900799751282e-02
-1.611504331231117249e-02
-2.667471393942832947e-02
3.477501869201660156e-02
5.068098660558462143e-03
-2.230029553174972534e-02
-2.427318505942821503e-02
-2.491778135299682617e-02
-2.298046648502349854e-02
-2.329198084771633148e-02
-5.389687139540910721e-03
2.861629240214824677e-02
2.811316587030887604e-02
-3.525459021329879761e-02
3.015415370464324951e-02
-3.479464212432503700e-03
-2.035096473991870880e-02
-2.839554473757743835e-02
-2.746332250535488129e-02
-2.426044270396232605e-02
-2.197409048676490784e-02
-2.839685417711734772e-02
1.645100302994251251e-02
-2.778880111873149872e-02
-2.321477979421615601e-02
-1.107824221253395081e-02
-1.260746642947196960e-02
-1.016019470989704132e-02
-2.534531056880950928e-02
-1.790232211351394653e-02
-2.530666068196296692e-02
-2.230471558868885040e-02
-1.730791479349136353e-02
-1.881416887044906616e-02
3.784248232841491699e-02
-2.199208550155162811e-02
-2.087486721575260162e-02
2.654474601149559021e-02
-2.226441726088523865e-02
-2.568000741302967072e-02
2.651506662368774414e-02
-1.622031815350055695e-02
-2.711509168148040771e-02
-1.328719127923250198e-02
-1.545793004333972931e-02
2.998758479952812195e-02
-2.203333377838134766e-02
-1.602571830153465271e-02
-1.815949007868766785e-02
-3.472287207841873169e-02
2.138095721602439880e-02
-2.570724301040172577e-02
-1.899239607155323029e-02
-3.771243989467620850e-02
3.481241688132286072e-02
-6.427265703678131104e-03
3.261978551745414734e-02
2.759048901498317719e-02
-1.803825795650482178e-02
-1.933727040886878967e-02
-7.170052267611026764e-03
3.172219544649124146e-02
3.276338567957282066e-03
3.032314404845237732e-02
-2.359871938824653625e-02
9.631293825805187225e-03
-2.870524534955620766e-03
-2.349306270480155945e-02
-2.210413850843906403e-02
-2.017379924654960632e-02
-2.948565967381000519e-02
-1.878253743052482605e-02
-2.686539478600025177e-02
-2.048182114958763123e-02
-3.415782004594802856e-02
-1.502054277807474136e-02
-2.791533432900905609e-02
-2.389173395931720734e-02
-2.028914541006088257e-02
-1.884698681533336639e-02
-1.558004133403301239e-02
-1.872637495398521423e-02
-7.077627815306186676e-03
-2.040584385395050049e-02
-2.787160500884056091e-02
-2.409437857568264008e-02
-2.890345640480518341e-02
-1.248483825474977493e-02
-1.642464101314544678e-02
-1.490443013608455658e-02
-2.865857444703578949e-02
-1.939494535326957703e-02
3.669691830873489380e-02
-3.238215297460556030e-02
-2.397595904767513275e-02
-4.019610956311225891e-02
-2.973742783069610596e-02
6.084415363147854805e-04
-2.309796586632728577e-02
-2.094042301177978516e-02
-1.226800587028264999e-02
-2.535203285515308380e-02
-2.747544087469577789e-02
-4.141815472394227982e-03
-1.970508135855197906e-02
-2.716876193881034851e-02
-2.056911028921604156e-02
-2.093978598713874817e-02
-3.089903108775615692e-02
-3.149035945534706116e-02
-2.205979451537132263e-02
-2.419972047209739685e-02
-1.913179457187652588e-02
2.303246967494487762e-02
2.019772306084632874e-02
-3.315577656030654907e-02
-3.116435557603836060e-02
-2.803220972418785095e-02
-2.776771225035190582e-02
2.931103110313415527e-02
-7.509543094784021378e-03
