6.202323734760284424e-02 -1.534286420792341232e-02 -2.213627658784389496e-02 -7.618723809719085693e-02 4.126945510506629944e-02 -2.692862972617149353e-02 -5.846753343939781189e-02 -5.486049503087997437e-02 -1.850766316056251526e-02 -1.418037619441747665e-02
3.999239578843116760e-02 -7.020343840122222900e-02 -3.574699535965919495e-02 -4.604411125183105469e-02 -5.870233476161956787e-02 1.484449673444032669e-02 4.111375659704208374e-03 -4.702099785208702087e-02 -2.475185133516788483e-02 -3.546625375747680664e-02
-1.614223234355449677e-02 3.847424173727631569e-03 -4.983383789658546448e-02 -1.066886782646179199e-01 -3.054081089794635773e-02 -3.576070768758654594e-03 -7.474957965314388275e-04 7.104499638080596924e-02 -5.408310517668724060e-02 -3.706290200352668762e-02
-5.637969076633453369e-02 -2.711772546172142029e-02 -7.317211478948593140e-02 -2.230361104011535645e-02 -5.584644153714179993e-02 -2.699968591332435608e-02 7.773820310831069946e-02 9.183633327484130859e-02 -6.122780218720436096e-02 -5.514730140566825867e-02
-5.534225329756736755e-02 -3.536300361156463623e-02 -6.453440338373184204e-02 -7.296365499496459961e-02 -6.208611279726028442e-02 -8.749158680438995361e-02 -3.657946735620498657e-02 -2.393498830497264862e-02 -1.887286640703678131e-02 -1.906494423747062683e-02
-1.692170649766921997e-02 1.429761108011007309e-02 -4.461321234703063965e-02 -2.778265811502933502e-02 -4.503312334418296814e-02 -1.021867170929908752e-01 -3.399413824081420898e-02 -4.471387341618537903e-02 3.727768734097480774e-02 9.726575762033462524e-02
-2.066430822014808655e-02 6.358687579631805420e-02 -7.476879656314849854e-02 -8.057823032140731812e-02 -2.096150768920779228e-03 -9.347628802061080933e-03 -9.111221879720687866e-02 1.923391222953796387e-02 -4.904723539948463440e-02 -3.122517280280590057e-02
-8.137834258377552032e-03 -2.735788002610206604e-02 -3.642939776182174683e-02 -4.390701279044151306e-02 -3.755650296807289124e-02 -1.368739735335111618e-02 -1.949270442128181458e-02 3.286657854914665222e-02 -2.240391448140144348e-02 -3.069526702165603638e-02
-6.315220892429351807e-02 -3.233642131090164185e-02 1.190279144793748856e-02 1.289553940296173096e-02 1.078340262174606323e-01 -7.614909112453460693e-02 -7.780311256647109985e-02 -4.589679464697837830e-02 -5.433234199881553650e-02 -5.644531175494194031e-02
-1.497440226376056671e-02 -3.551369532942771912e-03 -8.147158473730087280e-02 -1.573704928159713745e-02 -3.487988933920860291e-02 -2.065505459904670715e-02 -1.779925450682640076e-02 2.310354448854923248e-02 -3.194674476981163025e-02 -2.377852797508239746e-02
1.335270050913095474e-02 -5.602999031543731689e-02 -1.729802228510379791e-02 -9.825090318918228149e-02 -1.323956158012151718e-02 -1.450158096849918365e-02 -9.498707950115203857e-03 3.032606095075607300e-02 -3.856394207105040550e-03 -2.723735943436622620e-02
-2.298178710043430328e-02 -1.074994448572397232e-02 -1.919542625546455383e-02 -5.279798805713653564e-02 -4.450912773609161377e-02 -2.726170932874083519e-03 -1.433910708874464035e-02 -1.565879769623279572e-02 -1.672681234776973724e-02 -1.701705530285835266e-02
2.530773170292377472e-02 -6.969673931598663330e-02 -1.198215503245592117e-02 -1.496185064315795898e-01 -1.485612150281667709e-02 -1.028452720493078232e-02 -8.038557134568691254e-03 -4.884876310825347900e-02 -2.148162573575973511e-02 -3.509696945548057556e-02
-6.401389837265014648e-02 -1.082887426018714905e-01 -2.469034306704998016e-02 1.100630778819322586e-02 -6.082827225327491760e-02 2.760463394224643707e-02 -1.371192373335361481e-02 -5.329573526978492737e-02 -2.742893807590007782e-02 -3.361552581191062927e-02
5.679862573742866516e-02 1.037334464490413666e-02 -4.157121479511260986e-02 -8.403666317462921143e-02 5.297084525227546692e-02 -7.215755432844161987e-02 -8.315239846706390381e-02 2.180077880620956421e-02 -1.250599622726440430e-01 1.786390086635947227e-03
2.107130130752921104e-03 -6.079814955592155457e-02 -5.077166715636849403e-04 -2.056675218045711517e-02 1.482852920889854431e-02 -7.445134967565536499e-02 3.217114135622978210e-02 -4.973398521542549133e-02 -1.926720887422561646e-02 -5.757785588502883911e-02
2.800649777054786682e-02 -1.942737773060798645e-02 -4.384979605674743652e-02 -1.005997061729431152e-01 9.111510589718818665e-04 5.547013506293296814e-02 -1.040450632572174072e-01 -4.172705486416816711e-02 -3.656457737088203430e-02 -2.448366209864616394e-02
-2.811620011925697327e-02 -7.127032428979873657e-02 -3.309306874871253967e-02 3.023822233080863953e-02 -2.263474464416503906e-02 -5.156334862112998962e-02 1.361710857599973679e-02 -6.513063609600067139e-02 -3.274072334170341492e-02 -4.232610017061233521e-02
-1.011250242590904236e-01 6.031454354524612427e-02 -3.118063136935234070e-02 4.102818295359611511e-02 9.001875296235084534e-03 1.136513054370880127e-02 -8.988638967275619507e-02 -4.448354244232177734e-02 -5.900911614298820496e-02 -4.437281563878059387e-02
-9.528136812150478363e-03 -6.372397299855947495e-03 -9.200517088174819946e-03 -1.444354094564914703e-02 3.741360269486904144e-03 -4.414565488696098328e-02 -2.426214888691902161e-02 -6.458409875631332397e-02 -3.886410221457481384e-02 -9.559722617268562317e-03
-3.703371807932853699e-02 -4.405286908149719238e-02 -4.451080039143562317e-02 -4.549537971615791321e-02 -6.233225762844085693e-02 -9.616771340370178223e-02 -2.249408327043056488e-02 -2.675143256783485413e-02 -1.616359129548072815e-02 -1.839760132133960724e-02
1.695287413895130157e-02 -7.785979658365249634e-02 -5.522050336003303528e-02 -2.167685655876994133e-03 -4.741496965289115906e-02 -1.992303133010864258e-02 -7.541934028267860413e-03 -4.718074202537536621e-02 -3.085311129689216614e-02 -3.379354625940322876e-02
-1.621633209288120270e-02 2.713939547538757324e-02 -2.472948655486106873e-02 -4.631550516933202744e-03 -5.539774894714355469e-02 -1.024726405739784241e-01 -4.400001838803291321e-02 -2.097603864967823029e-02 1.056092884391546249e-02 2.268278971314430237e-02
-3.829051181674003601e-02 -1.309694256633520126e-02 -1.884791441261768341e-02 6.872780621051788330e-03 6.710863113403320312e-02 -5.808274820446968079e-02 -8.599025756120681763e-02 -3.124016150832176208e-02 -4.655116423964500427e-02 -3.380347415804862976e-02
1.530668791383504868e-02 -3.729416802525520325e-02 2.070549130439758301e-02 -2.105092816054821014e-02 -3.651115298271179199e-02 -6.467461585998535156e-02 3.480728017166256905e-03 -8.238313719630241394e-03 9.886473417282104492e-03 -3.290627896785736084e-02
-4.914848878979682922e-02 -3.674996644258499146e-02 -4.247772693634033203e-02 -7.305157184600830078e-02 -5.245552584528923035e-02 -8.207018673419952393e-02 -3.015939705073833466e-02 -2.396507933735847473e-02 -1.759217493236064911e-02 -1.983503438532352448e-02
-3.717224299907684326e-02 1.694818027317523956e-02 1.427937392145395279e-02 -4.220373928546905518e-02 -5.220985785126686096e-02 -1.110648512840270996e-01 -4.899353906512260437e-02 2.723599784076213837e-02 5.130679905414581299e-02 4.377719759941101074e-02
9.509120136499404907e-03 -5.950057879090309143e-02 1.758581027388572693e-02 -1.094561740756034851e-01 2.684126049280166626e-02 1.967464014887809753e-02 -4.723575711250305176e-02 -5.569449812173843384e-02 -2.283317223191261292e-02 -4.781573265790939331e-02
-9.051070362329483032e-02 2.971816062927246094e-02 -7.391493767499923706e-03 1.070226542651653290e-02 1.231089327484369278e-02 -1.588237658143043518e-02 -5.746378097683191299e-03 -3.133617807179689407e-03 -4.140960052609443665e-02 -9.303880482912063599e-02
3.007476218044757843e-02 -6.313722580671310425e-02 -3.446174785494804382e-02 -1.233008038252592087e-02 -4.127038642764091492e-02 -4.050583764910697937e-02 2.608716674149036407e-02 7.193457800894975662e-03 -6.194611638784408569e-02 -6.323262304067611694e-02
-2.354110032320022583e-02 -2.693264931440353394e-02 6.649735849350690842e-03 -1.232860889285802841e-02 -3.420020267367362976e-02 -4.226832091808319092e-02 -2.687873505055904388e-02 -2.840282581746578217e-02 -1.533926557749509811e-02 -2.221713587641716003e-02
-5.688269063830375671e-02 -2.224968746304512024e-02 3.609734401106834412e-02 -2.628617174923419952e-02 -5.671861767768859863e-02 1.736245304346084595e-02 -3.264338150620460510e-02 -2.478090859949588776e-02 -2.911425754427909851e-02 -3.243150562047958374e-02
-6.214198470115661621e-02 -2.356185764074325562e-02 3.658478613942861557e-03 -3.686296939849853516e-02 -1.546437665820121765e-02 -5.521456524729728699e-02 2.492721378803253174e-02 -1.492499560117721558e-02 1.551907695829868317e-02 -3.626649267971515656e-03
-4.465993866324424744e-02 4.822556301951408386e-02 -1.182075813412666321e-01 -6.903275847434997559e-02 3.982872702181339264e-03 -9.875288233160972595e-03 -3.367727622389793396e-02 3.313483297824859619e-02 -3.905262798070907593e-02 -2.580877020955085754e-02
-3.870258107781410217e-02 -4.057568311691284180e-02 -6.460887379944324493e-03 -1.022556331008672714e-02 -1.042994111776351929e-01 -7.670503109693527222e-02 -3.443968016654253006e-03 -1.434950437396764755e-02 5.182006210088729858e-02 -8.895271457731723785e-03
7.623413205146789551e-02 -5.351858213543891907e-02 -3.688673302531242371e-02 -5.570913478732109070e-02 -6.892442703247070312e-03 -1.758257299661636353e-02 -2.140156924724578857e-02 -8.710085600614547729e-02 -2.456572651863098145e-02 -3.717158734798431396e-02
-2.967444062232971191e-02 -1.433457061648368835e-02 -6.529372930526733398e-02 1.682804338634014130e-02 -2.093309536576271057e-02 -1.135703292675316334e-03 -8.706482499837875366e-02 -4.894614219665527344e-02 -2.556835860013961792e-02 -2.517915517091751099e-02
-1.063305069692432880e-03 -6.154870241880416870e-02 -7.176814973354339600e-02 -1.039750967174768448e-02 -5.481333658099174500e-02 -9.907745756208896637e-03 -3.196297958493232727e-02 -3.917715698480606079e-02 -2.344450168311595917e-02 -2.734719403088092804e-02
-2.205698750913143158e-02 -4.002054780721664429e-02 -4.701256379485130310e-02 -5.360831320285797119e-02 -4.781143367290496826e-02 -4.078211635351181030e-02 -3.695704415440559387e-02 -2.841887064278125763e-02 -1.643282920122146606e-02 -1.722173951566219330e-02
-5.155045073479413986e-03 -2.436752617359161377e-02 -1.566278003156185150e-02 5.328371480572968721e-05 -5.141860246658325195e-02 1.652157306671142578e-02 -2.781895175576210022e-02 -4.043883830308914185e-02 -1.124775782227516174e-02 -3.245507180690765381e-02
-4.021558165550231934e-02 -5.623914673924446106e-02 7.577825337648391724e-03 -5.955141782760620117e-02 -6.824997812509536743e-02 1.914138905704021454e-02 2.021402819082140923e-03 -1.475978363305330276e-02 -4.071735311299562454e-03 -2.061932533979415894e-02
4.026867449283599854e-02 -7.490358501672744751e-02 -2.955375052988529205e-02 -9.235495328903198242e-02 -3.424520790576934814e-02 -1.745198271237313747e-03 -3.897169604897499084e-02 -6.020312756299972534e-02 -2.049857378005981445e-02 -2.783107943832874298e-02
-7.542086392641067505e-02 1.713385619223117828e-02 7.971607148647308350e-03 -4.688437283039093018e-02 2.314218506217002869e-02 -5.642171949148178101e-02 -7.514943927526473999e-02 2.525618299841880798e-02 -7.983719557523727417e-02 -3.270098939538002014e-03
-1.741206645965576172e-02 4.409911856055259705e-02 9.144926816225051880e-02 -6.980639696121215820e-02 -8.467707037925720215e-02 -3.107924573123455048e-02 -5.519780516624450684e-02 2.255705930292606354e-02 -5.179140716791152954e-02 -1.904847845435142517e-02
9.598981705494225025e-04 -7.432963233441114426e-03 -6.763168424367904663e-02 -6.320178508758544922e-02 -5.144472792744636536e-02 -6.005330756306648254e-02 -5.264333449304103851e-04 3.286727145314216614e-02 -4.981828108429908752e-02 1.074882503598928452e-02
2.079347614198923111e-04 -2.536330372095108032e-02 -6.315094977617263794e-02 -9.027588367462158203e-02 -1.421460043638944626e-02 2.252768352627754211e-02 -2.943085692822933197e-02 -3.235649690032005310e-02 -2.182663045823574066e-02 -2.292382903397083282e-02
-5.528538674116134644e-02 -7.959932088851928711e-03 -1.160172559320926666e-02 2.324296534061431885e-02 -2.575108967721462250e-02 -6.000000610947608948e-02 -2.663824148476123810e-02 -4.272370040416717529e-02 -3.274991363286972046e-02 -2.906055189669132233e-02
-1.930247619748115540e-02 1.295913010835647583e-02 -2.950555644929409027e-02 6.503280252218246460e-02 -7.904107868671417236e-02 -1.041900888085365295e-01 -8.145911619067192078e-03 -6.666821427643299103e-03 -9.464963339269161224e-03 2.505233511328697205e-02
-6.559412181377410889e-02 -2.671608701348304749e-02 -1.218183152377605438e-02 -3.127690404653549194e-02 -4.057184793055057526e-03 -2.645428106188774109e-02 -2.423361316323280334e-02 -1.386818382889032364e-02 2.388860285282135010e-02 6.957545410841703415e-03
-1.131158787757158279e-02 -1.218679081648588181e-02 -9.755546227097511292e-03 -4.199475795030593872e-02 -3.294898197054862976e-02 -6.485249102115631104e-02 1.372532802633941174e-03 -6.149201653897762299e-03 1.934300363063812256e-02 -2.713003382086753845e-02
-1.162167340517044067e-01 -2.818535827100276947e-02 3.796651586890220642e-02 1.695575565099716187e-02 -4.297905787825584412e-02 2.805376797914505005e-02 -1.096379291266202927e-02 -1.529599726200103760e-02 -3.769350424408912659e-02 -3.782083839178085327e-02
3.737796097993850708e-02 -6.705183535814285278e-02 -1.778192631900310516e-02 -9.978097677230834961e-02 -4.257691651582717896e-02 -6.530306488275527954e-02 -1.799132116138935089e-02 6.057268939912319183e-03 9.938899427652359009e-02 -2.103903144598007202e-02
-2.140164375305175781e-02 -1.005859598517417908e-01 4.853073135018348694e-02 2.501857839524745941e-02 3.846645355224609375e-02 1.011296287178993225e-01 -3.568802401423454285e-02 -8.997573703527450562e-02 -4.624596983194351196e-02 -6.039271131157875061e-02
-3.202252835035324097e-02 7.193746417760848999e-02 5.853794142603874207e-02 -2.595985867083072662e-02 2.144840732216835022e-02 -5.768905580043792725e-02 -8.140711486339569092e-02 -6.382618844509124756e-02 -8.164541423320770264e-02 -6.511511653661727905e-02
-3.023910708725452423e-02 -3.696172684431076050e-02 -2.633945643901824951e-02 1.012579053640365601e-01 1.189147401601076126e-02 -7.047686725854873657e-02 -2.450065501034259796e-02 -2.576052956283092499e-02 -5.894788354635238647e-02 -3.830103948712348938e-02
-3.010737337172031403e-02 -5.766137037426233292e-04 -1.051035989075899124e-02 2.168040489777922630e-03 -3.391046449542045593e-02 -4.630419239401817322e-02 -6.548563949763774872e-03 -5.296021699905395508e-02 -6.441478035412728786e-04 -9.127357974648475647e-03
-5.930808559060096741e-02 -4.119307175278663635e-02 -6.267828494310379028e-02 -2.314848126843571663e-03 -5.681980028748512268e-02 -4.387490916997194290e-03 -4.732595756649971008e-02 -3.201538696885108948e-02 -2.015533484518527985e-02 -2.321809157729148865e-02
2.033715844154357910e-01 1.622698158025741577e-01 2.499370872974395752e-01 2.724467515945434570e-01 2.502249181270599365e-01 3.733212947845458984e-01 1.109189167618751526e-01 1.135983318090438843e-01 6.832674145698547363e-02 7.554379105567932129e-02
5.629230290651321411e-02 -3.164009004831314087e-02 -4.023856297135353088e-02 -7.875747233629226685e-02 -9.430695325136184692e-03 -2.522606588900089264e-02 -6.771331280469894409e-02 1.361195649951696396e-02 -1.670574769377708435e-02 -2.093923836946487427e-02
-6.607116758823394775e-02 1.104944758117198944e-02 4.968602582812309265e-02 -3.472860902547836304e-02 -1.732392050325870514e-02 -7.735596597194671631e-02 -5.110813677310943604e-02 -1.276816707104444504e-02 2.881676517426967621e-02 -7.892958819866180420e-03
7.858710596337914467e-04 -1.101497933268547058e-02 -1.065448448061943054e-01 9.273274801671504974e-03 -7.226382847875356674e-03 -4.243516176939010620e-02 -7.984531670808792114e-02 -2.489324100315570831e-02 -2.845566906034946442e-02 -2.026627957820892334e-02
-5.591354519128799438e-02 2.150048874318599701e-02 4.673975706100463867e-02 -6.438015960156917572e-03 -5.884192511439323425e-02 -6.933223456144332886e-02 -4.041695967316627502e-02 -1.327880658209323883e-02 -3.377784416079521179e-02 -2.197862789034843445e-02
-3.598006442189216614e-02 -2.128982916474342346e-03 -4.775249585509300232e-02 1.101759169250726700e-02 -2.860068716108798981e-02 4.919816739857196808e-03 -1.206580922007560730e-02 -1.427851151674985886e-02 -5.065625160932540894e-02 -3.167945146560668945e-02
-4.784400016069412231e-02 -4.099792987108230591e-02 -4.919251799583435059e-02 -7.781136780977249146e-02 -6.110094487667083740e-02 -9.594480693340301514e-02 -2.496040798723697662e-02 -2.465095371007919312e-02 -1.673397421836853027e-02 -1.895698718726634979e-02
5.306750163435935974e-02 -4.652545973658561707e-02 -4.269873723387718201e-02 3.093259222805500031e-02 -6.830934435129165649e-02 -7.656706869602203369e-02 -2.233736030757427216e-02 -5.300338938832283020e-02 -1.447310671210289001e-02 -3.281452506780624390e-02
-2.818545792251825333e-03 -2.259395457804203033e-02 -4.170356690883636475e-02 -5.909290164709091187e-02 -8.308124542236328125e-02 -1.082460135221481323e-01 1.123553141951560974e-02 -3.935090731829404831e-03 1.171567589044570923e-01 -1.613664254546165466e-02
-7.029695808887481689e-02 4.275427386164665222e-02 -8.954123407602310181e-02 -1.116362065076828003e-01 -1.938221976161003113e-02 -7.381690293550491333e-02 -2.812196686863899231e-02 -1.143893413245677948e-02 8.754602819681167603e-02 6.026666238903999329e-02
1.273771226406097412e-01 -8.173036575317382812e-02 1.789010614156723022e-01 1.087928339838981628e-01 -3.102607093751430511e-02 1.305132824927568436e-02 9.142507612705230713e-02 5.367192625999450684e-02 6.369160860776901245e-02 6.995367258787155151e-02
-7.404781877994537354e-02 -2.305660210549831390e-02 7.036900147795677185e-03 -1.730752922594547272e-02 -2.868337184190750122e-02 -5.235382914543151855e-02 2.222067490220069885e-02 -1.193082891404628754e-02 5.203075706958770752e-03 -1.757543161511421204e-02
-1.610747538506984711e-02 5.394168943166732788e-02 -4.449260979890823364e-02 7.194088306277990341e-03 -7.381509523838758469e-03 -1.128217503428459167e-01 -4.247320443391799927e-02 -4.446663893759250641e-03 -9.129212796688079834e-02 -3.988512977957725525e-02
-1.598978042602539062e-02 2.686711773276329041e-02 -8.542651683092117310e-02 -1.145292147994041443e-01 -2.009727619588375092e-02 -5.256756395101547241e-02 -1.909381151199340820e-02 2.431540377438068390e-02 6.517122499644756317e-03 2.392935194075107574e-02
-2.131361886858940125e-02 1.917750947177410126e-02 -1.056135073304176331e-01 1.955573074519634247e-02 -2.088275179266929626e-02 3.087905701249837875e-03 -1.690443418920040131e-02 1.706505892798304558e-03 -5.397778749465942383e-02 -3.998203948140144348e-02
-3.278031479567289352e-03 1.044039055705070496e-02 -3.654668852686882019e-02 2.207393944263458252e-02 -4.016955196857452393e-02 -3.368864580988883972e-02 -4.193680733442306519e-02 -5.786636471748352051e-02 -1.833805814385414124e-02 -2.351234294474124908e-02
-5.593104660511016846e-02 -3.366530314087867737e-02 1.736597716808319092e-02 -1.857792399823665619e-02 -3.532271459698677063e-02 -5.010200291872024536e-02 5.807132110930979252e-04 -2.095523290336132050e-02 -3.516533179208636284e-03 -1.773035153746604919e-02
-4.863286018371582031e-02 -3.953026607632637024e-02 -5.748717486858367920e-02 -7.635061442852020264e-02 -5.986349284648895264e-02 -9.993574768304824829e-02 -3.444327041506767273e-02 -2.495057694613933563e-02 -1.734385639429092407e-02 -1.950055174529552460e-02
6.038145348429679871e-02 -6.527952104806900024e-02 -3.234613686800003052e-02 -5.237581580877304077e-02 1.138621941208839417e-02 -6.849375367164611816e-02 -4.436919838190078735e-02 -6.819832604378461838e-03 -3.544743731617927551e-02 -8.655691519379615784e-03
8.245656266808509827e-03 6.591323297470808029e-03 -2.669716998934745789e-02 -1.055200025439262390e-01 5.490053445100784302e-02 -3.375233337283134460e-02 -8.624863624572753906e-02 -4.647347144782543182e-03 -6.844919174909591675e-02 -3.511402755975723267e-02
-6.417022645473480225e-02 -1.188670750707387924e-02 -4.158193990588188171e-02 -9.845228632912039757e-04 -4.001343995332717896e-02 -4.151606932282447815e-02 -2.843465469777584076e-02 -3.032126836478710175e-02 -2.158777788281440735e-02 -2.078031376004219055e-02
3.189816372469067574e-03 9.027384221553802490e-03 -3.787840902805328369e-02 -5.772448610514402390e-03 1.027267612516880035e-02 -1.938344538211822510e-02 -3.624739125370979309e-02 -5.763105675578117371e-02 -3.009593859314918518e-02 -2.933230064809322357e-02
-5.297997966408729553e-02 -5.120016634464263916e-03 -6.221716105937957764e-02 -3.413504362106323242e-02 -3.228312730789184570e-02 -2.948329597711563110e-02 5.310686305165290833e-02 -7.576904445886611938e-02 5.692104622721672058e-02 1.543023437261581421e-02
-1.534263230860233307e-02 1.378857810050249100e-02 -1.523776352405548096e-02 1.993089541792869568e-02 -1.302639767527580261e-02 -3.278729692101478577e-02 -8.633188903331756592e-02 -5.877821892499923706e-02 -3.294193372130393982e-02 -2.819733880460262299e-02
-4.886372014880180359e-02 3.249430283904075623e-02 -4.069259762763977051e-02 -7.917793840169906616e-02 -1.085670664906501770e-02 -8.418397046625614166e-03 -7.161189615726470947e-02 8.671779185533523560e-03 -3.019802086055278778e-02 -8.388365618884563446e-03
-4.239897057414054871e-02 -1.152363140136003494e-02 -7.271328475326299667e-03 6.195340771228075027e-03 -8.721129968762397766e-03 -2.783748880028724670e-02 -2.788002975285053253e-02 -2.138446457684040070e-02 -4.031389579176902771e-02 -3.249616548418998718e-02
-5.342292040586471558e-02 -2.004938945174217224e-02 -2.648599818348884583e-02 2.871054597198963165e-02 -1.079840958118438721e-02 3.402410307899117470e-03 -2.638780139386653900e-02 -5.514594539999961853e-02 -3.437598049640655518e-02 -2.816923707723617554e-02
-5.481328815221786499e-02 -1.395246293395757675e-02 4.923149570822715759e-02 -1.029084548354148865e-01 -7.951457053422927856e-03 -1.575396209955215454e-02 -3.475155308842658997e-02 9.726319462060928345e-03 2.875686623156070709e-02 5.625748075544834137e-03
-2.842606976628303528e-02 2.619278803467750549e-02 -7.065848330967128277e-04 -1.586225628852844238e-02 2.904451452195644379e-03 -6.138951703906059265e-02 -4.308368638157844543e-02 -5.096231028437614441e-02 -2.747217938303947449e-02 -1.681770198047161102e-02
9.761011227965354919e-03 -1.122337393462657928e-02 -8.473771065473556519e-02 4.368815105408430099e-03 -3.148451447486877441e-03 -3.511932911351323128e-03 -6.010832637548446655e-02 -3.509873524308204651e-02 -3.273604065179824829e-02 -2.863796427845954895e-02
-1.064437553286552429e-01 -3.762697428464889526e-02 -7.828040048480033875e-03 -4.025737941265106201e-02 -2.939376048743724823e-02 2.715130336582660675e-02 2.106759883463382721e-02 -2.612918056547641754e-02 6.073018908500671387e-02 3.336640819907188416e-02
-2.518841810524463654e-02 -9.261582978069782257e-03 -9.566662460565567017e-02 -3.128767386078834534e-02 -8.462246507406234741e-03 -1.069847401231527328e-02 -3.672086820006370544e-02 -1.444664318114519119e-03 -2.414383552968502045e-02 -2.255522646009922028e-02
5.285358056426048279e-02 -1.162837371230125427e-01 -3.246563673019409180e-02 -7.932653278112411499e-02 -4.030184354633092880e-03 -2.261719852685928345e-02 1.064122747629880905e-02 -4.121157899498939514e-02 -2.552162110805511475e-02 -4.234920442104339600e-02
-3.310277312994003296e-02 4.836781695485115051e-02 1.217537559568881989e-02 -1.712042139843106270e-03 -4.492656514048576355e-02 -3.460789844393730164e-02 -3.425766527652740479e-02 2.458368893712759018e-03 -7.639417797327041626e-02 -5.701937898993492126e-02
3.678100556135177612e-02 -3.128040954470634460e-02 -2.032966539263725281e-02 -6.732877343893051147e-02 -2.917858213186264038e-02 -4.721614532172679901e-03 -1.703270338475704193e-02 -7.185618579387664795e-02 -3.412851318717002869e-02 -4.161795973777770996e-02
-4.661461710929870605e-02 -3.198963031172752380e-02 -5.764456838369369507e-02 -7.976938039064407349e-02 -5.437714979052543640e-02 -9.147347509860992432e-02 -3.195510059595108032e-02 -1.936704479157924652e-02 -1.651587896049022675e-02 -1.764153875410556793e-02
3.223038837313652039e-02 -3.344354405999183655e-02 -4.926171153783798218e-02 -4.922432452440261841e-02 -2.893218211829662323e-02 -2.349819801747798920e-02 3.189031779766082764e-02 -1.891723275184631348e-02 -2.081865444779396057e-02 -2.608844451606273651e-02
-5.680260434746742249e-02 -4.609835147857666016e-02 2.321473695337772369e-02 6.545493379235267639e-03 -7.345409691333770752e-02 1.712867245078086853e-02 -3.832513466477394104e-02 3.661021823063492775e-03 -1.511283777654170990e-02 7.266757544130086899e-03
-7.081896066665649414e-02 -4.035579785704612732e-02 2.283838018774986267e-02 -4.739094898104667664e-02 1.043785735964775085e-02 -2.438346296548843384e-02 -2.716615423560142517e-02 -9.322538040578365326e-03 -1.052594278007745743e-02 -1.442937273532152176e-02
4.986119642853736877e-02 -3.371724486351013184e-02 -8.848085254430770874e-02 -1.173171959817409515e-02 3.270744113251566887e-03 -1.476125419139862061e-02 -2.719631418585777283e-02 -1.887534372508525848e-02 -4.822308570146560669e-02 -4.179824888706207275e-02
-1.993192546069622040e-02 4.132498800754547119e-02 -5.183038301765918732e-03 -5.841331556439399719e-03 -2.421404980123043060e-02 -3.454401344060897827e-02 -4.433182254433631897e-02 -7.212289422750473022e-02 -3.613560460507869720e-03 -6.170861888676881790e-03
-1.534421294927597046e-01 5.016428418457508087e-03 -3.343039378523826599e-02 -2.360406797379255295e-03 -2.503807283937931061e-02 1.655992865562438965e-02 2.426212839782238007e-02 1.925520040094852448e-02 5.646380595862865448e-03 -6.023920723237097263e-04
-4.789798334240913391e-02 -3.867014497518539429e-02 -3.472103923559188843e-02 2.013602666556835175e-02 -7.527454942464828491e-02 7.008387474343180656e-04 -1.811261102557182312e-02 -3.657132759690284729e-02 -2.167878299951553345e-02 -2.841909416019916534e-02
3.584158420562744141e-02 -5.035219341516494751e-02 -2.255643904209136963e-02 -8.854319155216217041e-02 1.826578937470912933e-02 -2.786242403090000153e-02 -2.963211014866828918e-02 -5.045570805668830872e-02 -3.101785108447074890e-02 -4.095617309212684631e-02
-7.578867673873901367e-02 -6.238384917378425598e-02 -1.056772284209728241e-02 -1.827454194426536560e-02 7.989095151424407959e-02 -4.768162965774536133e-02 2.672947011888027191e-02 -6.400815211236476898e-03 -3.176867589354515076e-02 -2.286252565681934357e-02
-3.229415416717529297e-02 3.605205100029706955e-03 -4.561380017548799515e-03 -8.086171001195907593e-03 1.181504875421524048e-02 1.101677492260932922e-02 -1.125440299510955811e-01 -5.380243435502052307e-02 -3.449977189302444458e-02 -3.251237049698829651e-02
-6.228098645806312561e-02 -2.483236603438854218e-02 8.593486621975898743e-03 -4.214357957243919373e-02 -4.221667349338531494e-02 -1.201555016450583935e-03 -1.183194946497678757e-02 9.281239472329616547e-03 -1.809201762080192566e-02 -1.249841786921024323e-02
2.928203158080577850e-02 1.441584317944943905e-03 -5.483616888523101807e-02 -5.698538199067115784e-02 -3.274398623034358025e-03 -9.870004840195178986e-03 9.772495104698464274e-06 -4.304996132850646973e-02 -5.052061378955841064e-02 -4.997930675745010376e-02
-3.306239470839500427e-02 -4.863276332616806030e-02 -3.598996251821517944e-02 -7.319501787424087524e-02 -2.863178215920925140e-02 -2.898959815502166748e-02 5.173573270440101624e-02 -2.217342518270015717e-02 5.009544547647237778e-03 -6.086509674787521362e-03
-2.210541255772113800e-02 -1.759782060980796814e-02 -6.796148419380187988e-02 -6.999421864748001099e-03 -2.649465575814247131e-02 -1.648938469588756561e-02 -5.025020614266395569e-02 -2.945106104016304016e-02 -1.923473738133907318e-02 -1.799584738910198212e-02
-3.945500031113624573e-02 -1.476804073899984360e-02 1.721653342247009277e-02 -6.774721550755202770e-04 -2.504757232964038849e-02 -2.007554098963737488e-02 -4.323864728212356567e-02 -4.485011158976703882e-04 -2.926258742809295654e-02 4.899060819298028946e-03
7.577037904411554337e-03 -8.078491687774658203e-02 -5.857779830694198608e-02 4.383063688874244690e-02 -6.992500275373458862e-02 6.201836280524730682e-03 -3.138177841901779175e-02 1.222562044858932495e-02 1.389600918628275394e-03 -1.666264724917709827e-03
1.741027086973190308e-02 -2.086107805371284485e-02 -5.209720879793167114e-02 -2.336819097399711609e-02 -1.902040909044444561e-03 -2.952775172889232635e-02 -6.671118736267089844e-02 -2.168272994458675385e-02 -2.954407222568988800e-02 -1.768746040761470795e-02
-1.531167048960924149e-02 -3.393600881099700928e-02 -6.462106853723526001e-02 1.955650188028812408e-02 -6.198875233530998230e-02 -3.113194555044174194e-02 -2.552155777812004089e-02 -4.454072192311286926e-02 -2.228019014000892639e-02 -2.513774484395980835e-02
-2.693890035152435303e-02 -4.134224145673215389e-04 2.824611961841583252e-02 -2.893287688493728638e-02 -8.434440195560455322e-02 -2.491332963109016418e-02 -1.789633557200431824e-02 -1.231351867318153381e-02 -1.110096275806427002e-02 -2.965064905583858490e-02
-4.218421503901481628e-02 3.840406890958547592e-03 -4.265496507287025452e-03 -2.580417133867740631e-02 -3.229701146483421326e-02 2.671847119927406311e-02 -1.959716901183128357e-02 -1.226834766566753387e-02 -2.112767659127712250e-02 -1.809739880263805389e-02
-2.123337611556053162e-02 -4.497949779033660889e-02 -2.187668532133102417e-02 -8.175260573625564575e-02 -4.492457583546638489e-02 -4.443372040987014771e-02 -1.657132804393768311e-02 -2.622022293508052826e-02 -1.240570098161697388e-02 -1.790058612823486328e-02
-7.307914644479751587e-02 2.995329909026622772e-02 5.520260427147150040e-03 -4.752524569630622864e-02 -6.511208415031433105e-02 -3.424876555800437927e-02 6.639547646045684814e-02 7.912581786513328552e-03 -3.893587738275527954e-02 -5.242552980780601501e-02
-1.246863044798374176e-02 -1.361329760402441025e-02 -2.081141807138919830e-02 -2.058938331902027130e-02 -2.291743643581867218e-02 -1.786928251385688782e-02 -1.352459564805030823e-02 -2.407043427228927612e-02 -5.162100493907928467e-02 -1.987760327756404877e-02
1.525142043828964233e-02 -1.019350290298461914e-01 -5.256838351488113403e-02 -1.429116073995828629e-02 2.501882053911685944e-02 -5.228564143180847168e-02 -9.918407537043094635e-03 -1.719111576676368713e-02 1.449640747159719467e-02 3.727134317159652710e-03
-5.252946913242340088e-02 6.617428269237279892e-03 -5.562255531549453735e-02 1.822697184979915619e-02 -1.304543111473321915e-03 -1.212962809950113297e-02 -5.856452137231826782e-02 -4.271293804049491882e-02 -3.270142152905464172e-02 -3.039438463747501373e-02
2.613643929362297058e-02 -6.798809766769409180e-02 5.866027250885963440e-02 -8.575863204896450043e-03 -5.117110162973403931e-02 -5.964144319295883179e-02 6.016648188233375549e-02 1.721150241792201996e-02 5.437492579221725464e-02 5.686699971556663513e-02
8.813099004328250885e-03 -1.913009397685527802e-02 -1.283504348248243332e-02 -9.036973118782043457e-03 -5.306461453437805176e-02 -5.053367465734481812e-02 -1.593376696109771729e-02 -3.053576312959194183e-02 4.669846221804618835e-02 -8.692407980561256409e-03
-4.923600330948829651e-02 -3.687194362282752991e-02 -4.980872571468353271e-02 -7.587617635726928711e-02 -5.769567564129829407e-02 -9.128125011920928955e-02 -3.159141913056373596e-02 -2.331816218793392181e-02 -1.747277192771434784e-02 -1.831980235874652863e-02
-4.459209740161895752e-02 -4.761359468102455139e-02 -1.193807646632194519e-02 -6.916524469852447510e-02 -5.106700211763381958e-02 2.510356530547142029e-02 -1.776747964322566986e-02 -2.079601027071475983e-02 -1.574618369340896606e-02 -2.089894562959671021e-02
4.457132145762443542e-02 -1.039579957723617554e-01 -2.626779302954673767e-02 -1.895205862820148468e-02 1.026853639632463455e-02 -6.059435755014419556e-02 -7.696096785366535187e-03 -6.114991381764411926e-02 -3.007186762988567352e-02 -4.533839970827102661e-02
-4.517653957009315491e-02 -3.778661787509918213e-02 -5.107836797833442688e-02 -8.339033275842666626e-02 -6.141843646764755249e-02 -8.316770941019058228e-02 -2.924599684774875641e-02 -2.461943402886390686e-02 -1.640788465738296509e-02 -1.707500964403152466e-02
-4.913889244198799133e-02 -3.080175071954727173e-02 -5.905143544077873230e-02 -4.463276267051696777e-02 -5.169718712568283081e-02 -7.789271324872970581e-02 -4.152171313762664795e-02 -2.561571449041366577e-02 -1.856188103556632996e-02 -1.995370537042617798e-02
-5.728631839156150818e-02 3.757251892238855362e-03 3.620126517489552498e-03 7.592549081891775131e-04 1.575562730431556702e-02 -3.924096003174781799e-02 -1.807417534291744232e-02 -4.291427135467529297e-02 -3.788219019770622253e-02 -3.199027106165885925e-02
2.030843049287796021e-01 1.466489434242248535e-01 2.465294301509857178e-01 2.566652894020080566e-01 2.417264431715011597e-01 3.469048142433166504e-01 1.100744307041168213e-01 1.113908290863037109e-01 6.592988967895507812e-02 7.333540916442871094e-02
-2.285995148122310638e-02 9.102695621550083160e-04 -3.655293956398963928e-02 -5.108480155467987061e-02 -3.428012877702713013e-02 -1.164323650300502777e-02 -9.375028894282877445e-04 9.931908920407295227e-03 -1.608126051723957062e-02 -1.696339459158480167e-03
6.747582554817199707e-02 -3.892686218023300171e-02 -7.840614020824432373e-02 3.704835847020149231e-02 -1.960336603224277496e-02 -7.924664765596389771e-02 -3.864370286464691162e-02 1.384594663977622986e-02 -1.067589670419692993e-01 -4.052200913429260254e-02
-5.039918422698974609e-02 -3.001899644732475281e-02 3.318589925765991211e-02 -3.285219147801399231e-02 -7.259034365415573120e-02 -3.325749188661575317e-02 1.841119676828384399e-02 -1.845679618418216705e-02 -5.624991841614246368e-03 -2.476008050143718719e-02
3.868913277983665466e-02 -3.211709484457969666e-02 -1.376583334058523178e-02 -2.557969093322753906e-02 -6.195659190416336060e-02 -4.048310220241546631e-02 -1.377977197989821434e-03 -4.170660302042961121e-02 -2.056185912806540728e-04 -2.943823114037513733e-02
-6.744412332773208618e-02 1.128818169236183167e-01 -4.187373071908950806e-02 -4.835862666368484497e-02 6.895168125629425049e-02 -7.171387970447540283e-02 -1.036441251635551453e-01 4.208781197667121887e-02 -1.323295384645462036e-01 5.175257846713066101e-02
-5.513815209269523621e-02 -3.820006921887397766e-02 3.763628192245960236e-04 -7.299525290727615356e-02 -5.901064723730087280e-02 2.358018420636653900e-03 1.122679212130606174e-03 -1.714690029621124268e-02 -1.264323573559522629e-02 -2.158548310399055481e-02
-1.102095842361450195e-02 -9.328237920999526978e-02 -3.278771787881851196e-02 -4.178620409220457077e-03 4.836652800440788269e-02 1.594066806137561798e-02 -3.741068392992019653e-02 -3.057516552507877350e-02 -2.669685892760753632e-02 -4.802338406443595886e-02
-2.074450068175792694e-02 -1.048121601343154907e-02 -2.305808477103710175e-02 -5.518466606736183167e-02 -1.774398609995841980e-02 -1.155433524399995804e-02 -9.788188152015209198e-03 -3.344275429844856262e-02 -1.539116539061069489e-02 -2.027664333581924438e-02
-2.633820101618766785e-02 -4.851090535521507263e-02 -1.324111782014369965e-02 -1.810377277433872223e-02 -5.837163701653480530e-02 1.207917369902133942e-02 6.883502006530761719e-03 -3.679613769054412842e-02 -7.734731771051883698e-03 -2.585209533572196960e-02
-2.236171066761016846e-02 -7.468830794095993042e-02 -4.601461812853813171e-02 -2.760441042482852936e-02 -4.057532921433448792e-02 4.609764367341995239e-02 -4.453315213322639465e-02 -3.762948513031005859e-02 -1.794815994799137115e-02 -2.715883217751979828e-02
-4.741492122411727905e-02 -4.145507887005805969e-02 -6.039950624108314514e-02 -8.043036609888076782e-02 -6.234934553503990173e-02 -9.692672640085220337e-02 -3.534269332885742188e-02 -2.716798149049282074e-02 -1.843487657606601715e-02 -2.008094266057014465e-02
2.184564247727394104e-02 -1.052349992096424103e-02 -4.504182934761047363e-02 3.007908351719379425e-02 -5.160665512084960938e-02 -4.822118952870368958e-02 -4.288648813962936401e-02 -5.231015384197235107e-02 -1.694130524992942810e-02 -1.441366411745548248e-02
-1.365066785365343094e-02 -4.796503484249114990e-02 -4.073372483253479004e-02 -2.975589223206043243e-02 -6.422504782676696777e-02 -3.314958512783050537e-02 -1.595080643892288208e-02 -3.863092884421348572e-02 -1.887315697968006134e-02 -2.429951354861259460e-02
-1.725238002836704254e-02 -4.148429259657859802e-02 1.885049417614936829e-02 -1.989580877125263214e-02 -6.518500298261642456e-02 -1.743007823824882507e-02 -1.049520069500431418e-04 -1.631087623536586761e-02 -1.584678655490279198e-03 -2.628568001091480255e-02
-3.597933053970336914e-02 5.549298133701086044e-03 -2.788548357784748077e-02 -5.600300431251525879e-02 1.815453544259071350e-02 -2.417744370177388191e-03 8.779464289546012878e-03 -2.603688463568687439e-02 -3.254453465342521667e-02 -1.728240400552749634e-02
3.624196350574493408e-02 -8.675110340118408203e-02 -3.950485959649085999e-02 -1.566303148865699768e-02 -8.884851634502410889e-02 -7.397922128438949585e-02 -9.426202159374952316e-04 -3.646143898367881775e-02 1.953990384936332703e-02 -1.329507492482662201e-02
-5.407265573740005493e-02 -3.532648831605911255e-02 4.207534715533256531e-02 -8.641181141138076782e-02 -5.607645958662033081e-02 5.549165606498718262e-02 2.379137463867664337e-02 -1.211663428694009781e-02 -3.298624232411384583e-02 -5.030409246683120728e-02
4.215118288993835449e-02 -2.309010131284594536e-03 -8.876892179250717163e-02 -2.578826434910297394e-02 -4.943371936678886414e-02 -1.355886645615100861e-02 -4.452308639883995056e-03 -2.180621493607759476e-03 -1.621274091303348541e-02 -2.068769000470638275e-02
-5.121255666017532349e-02 -1.369732804596424103e-02 6.406638771295547485e-02 -7.964962720870971680e-02 -5.262266099452972412e-02 1.701076515018939972e-02 -3.251228854060173035e-02 -2.769100293517112732e-02 -2.033501863479614258e-02 -2.477086707949638367e-02
-8.596830815076828003e-02 -1.054722741246223450e-01 1.710506738163530827e-03 -2.748949918895959854e-03 -1.987609546631574631e-03 -3.916442766785621643e-02 4.765693470835685730e-02 -4.045184701681137085e-02 -2.486329711973667145e-02 -4.121639207005500793e-02
-6.408863514661788940e-02 -1.563822850584983826e-02 3.998831287026405334e-02 -5.228084698319435120e-02 -3.348894417285919189e-02 -2.588206529617309570e-02 1.690217480063438416e-02 7.574995514005422592e-03 -1.245526876300573349e-02 -1.425053924322128296e-02
-1.210524141788482666e-01 -7.326086610555648804e-02 3.961994126439094543e-02 -1.967269927263259888e-02 -5.681737326085567474e-03 -4.908793047070503235e-02 7.214845716953277588e-02 -2.089563384652137756e-02 -2.994321286678314209e-02 -3.786243125796318054e-02
-8.738241158425807953e-03 6.370571907609701157e-03 -2.474005892872810364e-02 -4.563394933938980103e-02 -1.249902322888374329e-02 -2.046115323901176453e-02 -2.077637426555156708e-02 -1.404117606580257416e-02 -4.089148715138435364e-02 -2.299224957823753357e-02
-4.796447977423667908e-02 -3.827439993619918823e-02 -3.675665706396102905e-02 -7.194596529006958008e-02 -5.394982919096946716e-02 -7.230969518423080444e-02 -2.141589112579822540e-02 -2.450183592736721039e-02 -1.552389096468687057e-02 -1.969856955111026764e-02
-7.944969832897186279e-02 -1.673510298132896423e-02 -1.943738665431737900e-03 -2.481697127223014832e-02 -1.444187387824058533e-02 -2.024202048778533936e-02 2.095695212483406067e-02 1.750906743109226227e-02 -1.439953502267599106e-02 -1.987546868622303009e-02
-5.022606626152992249e-02 -3.728733584284782410e-02 -6.816408783197402954e-02 -9.045255184173583984e-02 -6.663490831851959229e-02 -1.139112412929534912e-01 -3.916572779417037964e-02 -2.415212616324424744e-02 -1.867278106510639191e-02 -1.956346817314624786e-02
-6.579169631004333496e-02 -6.289718300104141235e-02 -3.251589089632034302e-02 -1.912043988704681396e-02 1.617602631449699402e-02 2.064873836934566498e-02 -6.818711012601852417e-02 -4.094707965850830078e-02 -2.305413782596588135e-02 -2.931998483836650848e-02
-3.094585798680782318e-02 3.605135902762413025e-02 -3.950369730591773987e-02 3.465910255908966064e-02 1.830682530999183655e-02 -8.786983788013458252e-03 -3.997340798377990723e-02 -2.755698561668395996e-02 -2.919275686144828796e-02 -7.210758328437805176e-02
3.437471017241477966e-02 -1.143286526203155518e-01 -3.564300760626792908e-02 -5.869267135858535767e-02 -2.609817124903202057e-02 4.232330247759819031e-03 -3.330112621188163757e-02 -7.860888540744781494e-02 -2.170331031084060669e-02 -3.782748058438301086e-02
-4.766060784459114075e-02 -3.582683205604553223e-02 -6.126099452376365662e-02 -8.884225040674209595e-02 -6.263191252946853638e-02 -1.023947522044181824e-01 -3.495897725224494934e-02 -2.378737553954124451e-02 -1.682648062705993652e-02 -1.770420558750629425e-02
-4.309110343456268311e-02 5.130060017108917236e-02 -6.386747211217880249e-02 -4.927232861518859863e-02 -1.800474897027015686e-02 -8.020355016924440861e-05 -2.880602376535534859e-03 -4.376037977635860443e-03 -4.831212386488914490e-02 -3.410144895315170288e-02
-4.614036530256271362e-02 6.496325600892305374e-03 -1.501833274960517883e-02 -3.074527159333229065e-02 -4.248483106493949890e-03 -8.762878365814685822e-03 -1.317656226456165314e-02 -1.151929050683975220e-02 -3.047442995011806488e-02 -1.539136562496423721e-02
-2.322173491120338440e-02 -6.339330226182937622e-02 -5.834864079952239990e-02 -1.093644499778747559e-01 9.081143885850906372e-02 5.510189384222030640e-02 -3.844663128256797791e-02 -1.031285990029573441e-02 2.472604997456073761e-02 1.283370237797498703e-02
-1.902046985924243927e-02 -8.978693746030330658e-03 -5.643791705369949341e-02 1.954258233308792114e-02 -4.014410078525543213e-02 -3.159071877598762512e-02 -1.069019176065921783e-02 -3.711447492241859436e-02 -3.994351625442504883e-02 -3.053607605397701263e-02
-2.822084352374076843e-02 -2.788531593978404999e-03 -3.671905025839805603e-02 -2.945009805262088776e-02 -4.420032724738121033e-02 4.678153432905673981e-03 -1.324965711683034897e-02 9.416907094419002533e-03 -4.109602794051170349e-02 -2.642298862338066101e-02
-7.122280448675155640e-02 6.435176730155944824e-02 -7.272534817457199097e-02 -1.051982864737510681e-01 -6.554620712995529175e-02 -8.806824684143066406e-02 -2.023731358349323273e-02 -2.337373793125152588e-03 1.122220531105995178e-01 4.876280203461647034e-02
-4.319896548986434937e-02 -3.983941301703453064e-02 -4.163511842489242554e-02 -6.551055610179901123e-02 -6.030329316854476929e-02 -8.655901998281478882e-02 -2.699689008295536041e-02 -2.496211230754852295e-02 -1.526122260838747025e-02 -1.820126362144947052e-02
6.978243589401245117e-02 -5.017528682947158813e-02 -1.974787935614585876e-02 -4.376135021448135376e-02 -8.413822203874588013e-02 -1.050710976123809814e-01 -2.977823838591575623e-02 1.983110792934894562e-02 7.104839384555816650e-02 -3.298880904912948608e-02
4.378332756459712982e-03 -7.652375381439924240e-03 -3.202604502439498901e-02 -1.565270312130451202e-02 -1.416870765388011932e-02 -3.175792470574378967e-02 6.467570201493799686e-04 -1.229866873472929001e-02 -5.379595980048179626e-02 -2.552684769034385681e-02
-8.736146986484527588e-02 -5.968335270881652832e-02 5.117679014801979065e-02 -5.341221392154693604e-02 7.095969468355178833e-02 -6.152960285544395447e-02 1.433835271745920181e-02 -4.599950334522873163e-04 2.154269255697727203e-02 1.575077138841152191e-02
2.981336973607540131e-02 -1.026435010135173798e-02 -3.051082976162433624e-02 -2.896591275930404663e-02 -6.444605439901351929e-02 -4.674187302589416504e-02 -3.825166448950767517e-02 1.522675738669931889e-03 3.214363008737564087e-02 1.843731850385665894e-02
1.636469177901744843e-02 -8.452816866338253021e-03 -2.690010517835617065e-02 -2.552001178264617920e-02 -2.327971905469894409e-02 -2.110810764133930206e-02 -3.398972749710083008e-02 -1.672461070120334625e-02 -2.944369986653327942e-02 -1.547220814973115921e-02
-5.971571896225214005e-03 -7.990924268960952759e-02 -4.664252698421478271e-02 -4.300217702984809875e-02 8.172878064215183258e-03 -2.757941838353872299e-04 5.073041189461946487e-03 2.953869104385375977e-02 -1.830008230172097683e-03 2.183473110198974609e-02
1.624408364295959473e-02 -3.860072046518325806e-02 -4.502329975366592407e-02 -1.112495269626379013e-02 -7.992475479841232300e-02 -7.397003471851348877e-02 5.207804217934608459e-02 -2.848186157643795013e-02 6.586787104606628418e-02 -3.414177894592285156e-02
-7.338099181652069092e-02 -3.537356108427047729e-02 -7.941557094454765320e-03 -4.952916502952575684e-02 -1.676854304969310760e-02 -3.429391607642173767e-02 -3.645930066704750061e-02 -2.537531964480876923e-02 -1.718815788626670837e-02 -2.059896849095821381e-02
-4.728296399116516113e-02 -2.752550691366195679e-02 -4.564324766397476196e-02 -6.742019951343536377e-02 -4.613795876502990723e-02 -7.375016808509826660e-02 -3.741819038987159729e-02 -1.986686140298843384e-02 -1.728388294577598572e-02 -1.696651056408882141e-02
-4.910356551408767700e-02 -3.774928301572799683e-02 -5.862740799784660339e-02 -8.055750280618667603e-02 -5.717749893665313721e-02 -8.705905824899673462e-02 -3.306334838271141052e-02 -2.367986924946308136e-02 -1.687833666801452637e-02 -1.731988601386547089e-02
-2.270619198679924011e-02 5.890474095940589905e-02 -6.595478206872940063e-02 2.850716933608055115e-03 1.611398765817284584e-03 -5.041673034429550171e-02 -3.638619929552078247e-02 -3.615139052271842957e-02 -5.663439258933067322e-02 -3.530369326472282410e-02
-5.932876840233802795e-03 -7.717309892177581787e-02 -2.027528826147317886e-03 -3.392287343740463257e-02 3.170100972056388855e-02 -4.175203666090965271e-02 -1.067840121686458588e-02 -1.899185404181480408e-02 4.802789073437452316e-03 -2.829089015722274780e-02
3.059972636401653290e-02 -7.139619439840316772e-02 -5.696893483400344849e-02 1.591290719807147980e-02 -4.664733260869979858e-02 -2.003688924014568329e-02 -2.968715690076351166e-02 -4.301165789365768433e-02 -2.002643793821334839e-02 -4.097152873873710632e-02
-1.352847460657358170e-02 1.746897934935986996e-03 -4.040862247347831726e-02 -9.212564909830689430e-04 -1.255148090422153473e-02 -1.676026545464992523e-02 -1.853196509182453156e-02 -2.211398631334304810e-02 -3.294154256582260132e-02 -2.242393232882022858e-02
-9.600489400327205658e-03 -2.260511927306652069e-02 7.608529645949602127e-03 -1.031903624534606934e-01 -1.851943507790565491e-02 1.532317488454282284e-03 -3.775028884410858154e-02 -4.492787644267082214e-02 -1.272861473262310028e-02 -2.106178179383277893e-02
-4.163040593266487122e-02 2.835926227271556854e-02 -2.245532907545566559e-02 -5.020024999976158142e-02 -1.049966365098953247e-01 -8.102317899465560913e-02 -2.696580067276954651e-02 2.086439915001392365e-02 6.165629997849464417e-02 2.966606803238391876e-02
-1.882857084274291992e-02 3.358175605535507202e-02 -3.698408231139183044e-02 -7.415469735860824585e-02 -2.865068800747394562e-02 -4.291338380426168442e-03 -3.903404250741004944e-02 -9.169938042759895325e-03 -2.014770545065402985e-02 -1.473924960009753704e-03
-2.969050966203212738e-02 -2.392475493252277374e-02 -2.697436884045600891e-02 -2.503346838057041168e-02 -4.594094678759574890e-02 1.623341254889965057e-02 -6.101372651755809784e-03 4.529119655489921570e-02 -3.058524616062641144e-02 -2.698578126728534698e-02
4.880923032760620117e-02 -9.610595554113388062e-02 -8.469353616237640381e-02 -1.277882885187864304e-02 -2.159958891570568085e-02 -1.690881513059139252e-02 -2.462789043784141541e-02 -6.690072268247604370e-02 -4.795420542359352112e-02 -4.626283049583435059e-02
-2.018064074218273163e-02 5.387027561664581299e-02 -7.750657200813293457e-02 -6.128524988889694214e-02 1.718295179307460785e-02 -7.494972646236419678e-02 -4.937825351953506470e-02 4.573092982172966003e-02 -6.091845035552978516e-02 2.654975838959217072e-02
3.050391748547554016e-02 5.533451214432716370e-02 -7.947527617216110229e-02 -2.280005719512701035e-03 3.151929122395813465e-04 -1.132933869957923889e-01 -5.848485976457595825e-02 1.336731668561697006e-02 -8.977074176073074341e-02 -4.879049956798553467e-02
-4.880666360259056091e-02 -3.943256661295890808e-02 -5.195187777280807495e-02 -5.584650486707687378e-02 -5.528400093317031860e-02 -8.911821246147155762e-02 -3.331881761550903320e-02 -2.497996017336845398e-02 -1.754188910126686096e-02 -1.981980539858341217e-02
1.938576437532901764e-02 -3.048011660575866699e-02 -4.380753636360168457e-02 -3.119466267526149750e-02 -2.115257456898689270e-02 -1.991572789847850800e-02 -1.962389796972274780e-02 -1.472818665206432343e-02 -2.425319980829954147e-04 -5.742465145885944366e-03
-1.609539054334163666e-02 -2.348470687866210938e-02 -1.661149901337921619e-03 -1.446625799871981144e-03 -6.159787625074386597e-02 -6.207574531435966492e-02 -8.090839721262454987e-03 -3.658321499824523926e-02 -3.057372989133000374e-03 -2.489809878170490265e-02
-3.675911575555801392e-02 -3.279605135321617126e-02 7.829600572586059570e-02 -2.103891782462596893e-02 -5.101301148533821106e-02 -3.656165301799774170e-02 -4.754252359271049500e-02 2.394093014299869537e-02 -2.713323570787906647e-02 -4.118409380316734314e-02
3.700906038284301758e-02 -7.490835338830947876e-02 -5.992499366402626038e-02 6.298003718256950378e-03 -4.329048469662666321e-02 -2.305610105395317078e-03 -1.002564933151006699e-02 -5.492059886455535889e-02 -4.990647733211517334e-02 -5.067158862948417664e-02
-6.356246303766965866e-03 5.487415567040443420e-02 -2.041414007544517517e-02 1.398462988436222076e-02 -4.042479023337364197e-02 -4.923558235168457031e-02 -4.484018683433532715e-02 -4.657571762800216675e-02 -4.724236205220222473e-02 -3.398955985903739929e-02
-6.400036811828613281e-02 -6.962958723306655884e-02 -2.455071732401847839e-02 -4.617480561137199402e-02 4.660900216549634933e-03 -7.450374960899353027e-02 6.747781485319137573e-02 -3.948478400707244873e-02 -1.427203416824340820e-02 -2.153987437486648560e-02
-2.765627577900886536e-02 1.021190546452999115e-02 -1.114760637283325195e-01 -7.011880725622177124e-02 -2.693214453756809235e-02 -8.093214780092239380e-02 -7.660663686692714691e-03 1.112166047096252441e-01 -5.414660274982452393e-02 -3.961766511201858521e-02
5.165462568402290344e-02 -7.284301333129405975e-03 -3.263252601027488708e-02 -6.289251148700714111e-02 -9.417938441038131714e-02 -5.080946162343025208e-02 9.414582513272762299e-03 2.836898900568485260e-02 -6.034978665411472321e-03 -1.290584914386272430e-02
4.761389642953872681e-02 -7.678255438804626465e-02 -5.633826926350593567e-02 -7.843992859125137329e-02 -5.076592415571212769e-02 3.186538582667708397e-03 2.875213744118809700e-03 -4.307355359196662903e-02 -2.812964282929897308e-02 -3.335490450263023376e-02
-5.117767304182052612e-02 -4.125665873289108276e-02 -6.502041220664978027e-02 -8.687259256839752197e-02 -6.553550809621810913e-02 -1.203600242733955383e-01 -3.632007911801338196e-02 -2.508529461920261383e-02 -1.754731498658657074e-02 -1.899434253573417664e-02
-2.353137917816638947e-02 -2.574310265481472015e-02 -4.387430474162101746e-02 -4.665680974721908569e-02 -9.495384059846401215e-03 -2.813649177551269531e-02 2.887945622205734253e-03 -1.401815842837095261e-02 -1.332970801740884781e-02 -1.920922473073005676e-02
-4.904873669147491455e-02 -6.298003345727920532e-02 -2.713463455438613892e-02 -1.841125823557376862e-02 -4.488867893815040588e-02 1.137529313564300537e-02 -6.022210791707038879e-02 -3.779618814587593079e-02 -1.766176335513591766e-02 -2.310371212661266327e-02
-5.485755950212478638e-02 -7.360762357711791992e-02 -1.156518235802650452e-02 -1.433894317597150803e-02 -5.646196659654378891e-03 -2.655898779630661011e-02 -5.058197770267724991e-03 -4.271247237920761108e-02 -2.184463478624820709e-02 -2.868311852216720581e-02
-5.453131347894668579e-02 1.624689553864300251e-03 -5.652396939694881439e-03 -3.311470523476600647e-02 -8.634104393422603607e-03 4.985967278480529785e-02 -9.460540860891342163e-02 -2.539060078561306000e-02 -3.798850998282432556e-02 -2.239487506449222565e-02
-3.803140297532081604e-02 1.006568968296051025e-02 2.252594940364360809e-02 -8.253185451030731201e-02 -6.552847474813461304e-02 -1.361115369945764542e-03 -3.442872688174247742e-02 2.851155400276184082e-02 -3.917207568883895874e-02 -8.825025521218776703e-03
-9.879346936941146851e-03 5.438467115163803101e-02 -1.414928957819938660e-02 -6.197066605091094971e-02 -4.226391017436981201e-02 -2.115678071277216077e-04 -6.297470629215240479e-02 -1.407679170370101929e-02 1.765923947095870972e-02 2.303217537701129913e-03
-4.976875334978103638e-02 -4.887146875262260437e-02 -1.071254536509513855e-02 -6.492219865322113037e-02 -6.470970809459686279e-02 -4.101030901074409485e-02 -3.173363220412284136e-04 -2.429874800145626068e-02 -1.571925729513168335e-02 -1.966867968440055847e-02
-3.054224513471126556e-02 1.609642244875431061e-02 -9.844838082790374756e-02 -6.195802614092826843e-02 -1.686377450823783875e-02 -9.637056291103363037e-02 -1.321378629654645920e-02 4.712283983826637268e-02 -3.457501530647277832e-02 -2.499572746455669403e-02
-6.725035607814788818e-02 4.717227444052696228e-02 -7.329124957323074341e-02 -4.241328313946723938e-02 -3.056936152279376984e-02 -4.627295583486557007e-02 6.302602589130401611e-02 6.041438877582550049e-02 -8.592630177736282349e-02 -7.543439418077468872e-02
-5.943089723587036133e-02 -3.706951066851615906e-02 3.726825490593910217e-02 -7.425148040056228638e-02 -5.096580088138580322e-02 -1.149509800598025322e-03 -5.717511288821697235e-03 -1.257910393178462982e-02 -1.114276237785816193e-02 -2.388092875480651855e-02
7.773783057928085327e-02 -3.425764665007591248e-02 -7.007516175508499146e-02 2.676211297512054443e-03 -8.565547876060009003e-03 -7.882265746593475342e-02 -4.465984553098678589e-02 -3.477573767304420471e-02 -6.496064364910125732e-02 -2.460070513188838959e-02
-5.458019301295280457e-02 4.501391574740409851e-02 4.062797874212265015e-02 6.687296181917190552e-02 -6.414364278316497803e-02 -4.616942629218101501e-02 -6.360969692468643188e-02 -4.343033581972122192e-02 -2.501831762492656708e-02 -6.396330893039703369e-02
-4.878896102309226990e-02 -4.085782170295715332e-02 -6.470537185668945312e-02 -7.812429964542388916e-02 -6.035790964961051941e-02 -9.865885972976684570e-02 -4.096383601427078247e-02 -2.630743198096752167e-02 -1.838741265237331390e-02 -1.860012672841548920e-02
-7.585308630950748920e-04 3.423557849600911140e-03 -7.160342484712600708e-02 -3.136839717626571655e-02 -1.289883628487586975e-02 -5.866095796227455139e-02 -2.573139779269695282e-02 2.353348396718502045e-02 -4.384426027536392212e-02 -2.420602366328239441e-02
-8.047782629728317261e-02 -2.325569465756416321e-02 -8.969133719801902771e-03 8.542308583855628967e-03 1.478133071213960648e-02 -6.849259883165359497e-02 2.097604423761367798e-02 -4.384788498282432556e-02 -3.078645840287208557e-02 -3.187202289700508118e-02
2.236069878563284874e-03 -5.719511583447456360e-02 -4.742348939180374146e-02 -1.165696606040000916e-02 -3.497201576828956604e-02 -3.962058946490287781e-02 -1.791121065616607666e-02 -4.088842123746871948e-02 -1.862036064267158508e-02 -2.291289344429969788e-02
-5.096023902297019958e-02 -3.383284434676170349e-02 -3.418438881635665894e-02 3.029581345617771149e-02 3.027461702004075050e-03 -3.789428621530532837e-02 -2.399104088544845581e-02 -6.151511520147323608e-02 -3.989998623728752136e-02 -4.007111117243766785e-02
-4.742844402790069580e-02 -9.549371898174285889e-02 -6.286124885082244873e-02 -1.354725286364555359e-02 3.141399100422859192e-02 -8.385431021451950073e-03 3.105726279318332672e-02 -5.700771883130073547e-02 -3.362084552645683289e-02 -3.995493426918983459e-02
5.172115191817283630e-02 -4.816895350813865662e-02 -1.099506616592407227e-01 -3.274320065975189209e-02 -1.515019964426755905e-02 -3.344698250293731689e-02 2.581972256302833557e-02 2.845070883631706238e-02 -6.731437146663665771e-02 -5.227888748049736023e-02
-5.226743966341018677e-02 -4.635656625032424927e-02 -3.695929422974586487e-02 -4.693005979061126709e-02 -7.199966907501220703e-02 -3.031110856682062149e-03 -2.671436592936515808e-02 -2.987542748451232910e-02 -1.774105615913867950e-02 -2.010514959692955017e-02
-5.532055720686912537e-02 -4.217522218823432922e-02 -7.062302529811859131e-02 -9.308012574911117554e-02 -6.940329819917678833e-02 -1.175114884972572327e-01 -3.817804157733917236e-02 -2.751028351485729218e-02 -1.805906742811203003e-02 -1.904251612722873688e-02
-6.153704598546028137e-02 -6.869618594646453857e-02 6.657861638814210892e-03 -4.461775720119476318e-02 -2.143989503383636475e-02 -5.471050739288330078e-02 1.557562965899705887e-02 3.858479904010891914e-03 7.796292006969451904e-02 4.319039732217788696e-02
6.759679410606622696e-03 -5.977175384759902954e-02 -2.301042899489402771e-02 -1.979260332882404327e-02 -3.321497887372970581e-02 2.152348123490810394e-02 -1.315647643059492111e-02 -2.913987264037132263e-02 -5.124385468661785126e-03 9.138678200542926788e-03
-2.947339229285717010e-02 -4.995298013091087341e-02 -3.247636184096336365e-02 4.854447208344936371e-03 6.132886186242103577e-02 -6.661089509725570679e-02 -9.164125658571720123e-03 -1.065921038389205933e-02 -6.863263994455337524e-02 -5.192787200212478638e-02
-1.315893046557903290e-02 -2.504482120275497437e-02 -3.635731339454650879e-02 -1.962374895811080933e-02 -3.146349638700485229e-02 -1.191146019846200943e-02 8.279616595245897770e-04 4.057926684617996216e-02 -6.153783202171325684e-02 -6.167416274547576904e-02
-4.767384380102157593e-02 -5.264552682638168335e-02 -5.411488562822341919e-02 2.866765856742858887e-02 -3.384844213724136353e-02 2.599052153527736664e-02 -3.237205743789672852e-02 -3.029819764196872711e-02 -2.497348748147487640e-02 -2.802348136901855469e-02
-2.606695145368576050e-02 -1.721144653856754303e-02 -7.206461578607559204e-02 -4.699999839067459106e-02 -2.809932082891464233e-02 -3.049530088901519775e-02 4.711894784122705460e-03 1.110129505395889282e-01 -6.940019130706787109e-02 -5.116064473986625671e-02
-6.442055106163024902e-02 -6.377218663692474365e-02 -3.957954421639442444e-02 -2.220737747848033905e-02 -1.020896807312965393e-02 -1.258453447371721268e-02 2.430150052532553673e-03 9.932817891240119934e-03 2.469318173825740814e-02 5.577023606747388840e-03
-4.798015579581260681e-02 6.098010018467903137e-02 8.880535140633583069e-03 -1.817915029823780060e-02 3.205168992280960083e-02 -4.749340191483497620e-02 -2.248362451791763306e-02 -7.031941413879394531e-02 -6.025874987244606018e-02 -5.107582733035087585e-02
