-2.515834271907806396e-01
-2.509469985961914062e-01
-2.480379641056060791e-01
-2.480383366346359253e-01
-2.515832781791687012e-01
-2.521288692951202393e-01
-2.501741945743560791e-01
-2.493112236261367798e-01
-2.489923685789108276e-01
-2.513104379177093506e-01
-2.516285479068756104e-01
-2.491746544837951660e-01
-2.374928295612335205e-01
-2.302197664976119995e-01
-2.364019155502319336e-01
-2.500385940074920654e-01
-2.516740262508392334e-01
-2.482651621103286743e-01
-2.479020506143569946e-01
-2.508561313152313232e-01
-2.496745586395263672e-01
-2.489019930362701416e-01
-2.504471540451049805e-01
-2.518106102943420410e-01
-2.483560889959335327e-01
-2.498564124107360840e-01
-2.501291036605834961e-01
-2.497653961181640625e-01
-2.495834827423095703e-01
-2.501746714115142822e-01
-2.518103122711181641e-01
-2.508106529712677002e-01
-2.493565231561660767e-01
-2.510376572608947754e-01
-2.106279283761978149e-01
-1.984480917453765869e-01
-1.860843300819396973e-01
-1.927696168422698975e-01
-2.089512944221496582e-01
-2.234068810939788818e-01
-2.209022343158721924e-01
-2.218624949455261230e-01
-2.231338918209075928e-01
-2.332703769207000732e-01
-2.426797747611999512e-01
-2.315873652696609497e-01
-2.208633720874786377e-01
-2.137213498353958130e-01
-2.062211036682128906e-01
-2.001282423734664917e-01
-2.169930487871170044e-01
-2.399016916751861572e-01
-2.511288821697235107e-01
-2.524013817310333252e-01
-2.496745735406875610e-01
-2.499469965696334839e-01
-2.500379681587219238e-01
-2.489925324916839600e-01
-2.498562932014465332e-01
-2.492200732231140137e-01
-2.293561249971389771e-01
-2.512197494506835938e-01
-1.799012869596481323e-01
-1.670435369014739990e-01
-1.648607850074768066e-01
-1.781394332647323608e-01
-2.172323316335678101e-01
-2.414572089910507202e-01
-2.771701514720916748e-01
-3.073059320449829102e-01
-3.198438584804534912e-01
-3.611872792243957520e-01
-3.484058082103729248e-01
-2.984085083007812500e-01
-3.030408024787902832e-01
-2.875261008739471436e-01
-2.430356591939926147e-01
-2.154883295297622681e-01
-1.956295967102050781e-01
-1.924968957901000977e-01
-1.885395795106887817e-01
-2.161289751529693604e-01
-2.489925026893615723e-01
-2.498104572296142578e-01
-2.492655515670776367e-01
-2.495836913585662842e-01
-2.382654696702957153e-01
-2.366744726896286011e-01
-2.296289354562759399e-01
-1.575873047113418579e-01
-1.471858620643615723e-01
-1.275565624237060547e-01
-1.365053653717041016e-01
-1.856001913547515869e-01
-2.423247843980789185e-01
-2.940852940082550049e-01
-3.217178285121917725e-01
-3.966151773929595947e-01
-3.932121694087982178e-01
-4.688918590545654297e-01
-4.934010803699493408e-01
-4.518069624900817871e-01
-4.038051366806030273e-01
-3.411936163902282715e-01
-2.668543159961700439e-01
-2.167313992977142334e-01
-1.788198500871658325e-01
-1.754540503025054932e-01
-1.812223196029663086e-01
-1.904014796018600464e-01
-2.379015982151031494e-01
-2.488110512495040894e-01
-2.504922747611999512e-01
-2.492199838161468506e-01
-2.395380735397338867e-01
-2.207659333944320679e-01
-1.609964668750762939e-01
-1.180512756109237671e-01
-1.005070284008979797e-01
-4.223323985934257507e-02
-6.718949228525161743e-02
-1.734187901020050049e-01
-3.010014593601226807e-01
-3.538535535335540771e-01
-4.951312243938446045e-01
-5.228045582771301270e-01
-5.873673558235168457e-01
-6.477767229080200195e-01
-6.155561804771423340e-01
-6.490943431854248047e-01
-5.875799655914306641e-01
-5.456730127334594727e-01
-3.942691385746002197e-01
-2.075061649084091187e-01
-1.499680578708648682e-01
-1.202373877167701721e-01
-1.712313741445541382e-01
-1.867257654666900635e-01
-2.020850926637649536e-01
-2.520376741886138916e-01
-2.529920637607574463e-01
-2.520832419395446777e-01
-2.225838452577590942e-01
-1.776760369539260864e-01
-1.278230696916580200e-01
-8.242148905992507935e-02
-2.636271156370639801e-02
-1.354555599391460419e-02
-2.213587798178195953e-02
-2.152280807495117188e-01
-3.752647042274475098e-01
-4.011834561824798584e-01
-5.506739020347595215e-01
-6.249955296516418457e-01
-7.525045275688171387e-01
-6.711788177490234375e-01
-7.281351089477539062e-01
-7.935041785240173340e-01
-6.527343988418579102e-01
-4.969097673892974854e-01
-3.105910420417785645e-01
-1.234094873070716858e-01
-5.668307468295097351e-02
-6.586738675832748413e-02
-1.370012760162353516e-01
-1.809567064046859741e-01
-2.039069384336471558e-01
-2.294017672538757324e-01
-2.514012157917022705e-01
-2.513107359409332275e-01
-2.003565281629562378e-01
-1.379976868629455566e-01
-8.141478151082992554e-02
-1.273170229978859425e-03
-1.372730452567338943e-02
-5.008857324719429016e-02
-1.299586445093154907e-01
-2.915900051593780518e-01
-2.284574508666992188e-01
-3.271782398223876953e-01
-3.248137533664703369e-01
-3.252699375152587891e-01
-3.979072570800781250e-01
-4.959631562232971191e-01
-5.400924086570739746e-01
-6.866825819015502930e-01
-5.114919543266296387e-01
-4.070524871349334717e-01
-2.857716083526611328e-01
-9.500040113925933838e-02
-2.168171294033527374e-02
5.460554966703057289e-04
-1.310579329729080200e-01
-1.801905184984207153e-01
-1.969920545816421509e-01
-2.073574364185333252e-01
-2.526737749576568604e-01
-2.089475989341735840e-01
-1.849530488252639771e-01
-1.229113414883613586e-01
-2.836453169584274292e-02
6.772879045456647873e-03
2.290929667651653290e-02
-3.118170611560344696e-02
-1.752281337976455688e-01
-1.848643273115158081e-01
-1.553613394498825073e-01
-7.758259773254394531e-02
1.169497705996036530e-02
1.916117151267826557e-03
-1.246726959943771362e-01
-1.987273246049880981e-01
-3.241843581199645996e-01
-4.230388998985290527e-01
-3.754645586013793945e-01
-2.686776518821716309e-01
-2.035454958677291870e-01
-1.009552627801895142e-01
9.909735992550849915e-03
-1.381784118711948395e-02
-1.472364068031311035e-01
-1.859570592641830444e-01
-1.922350227832794189e-01
-1.989482492208480835e-01
-2.507198452949523926e-01
-1.921772062778472900e-01
-1.672247648239135742e-01
-7.645602524280548096e-02
1.936354115605354309e-02
7.931824773550033569e-02
1.094087585806846619e-01
6.954996380954980850e-03
-6.290920823812484741e-02
-1.063656508922576904e-01
-4.308789968490600586e-02
-4.622897505760192871e-02
1.623641513288021088e-02
5.182498320937156677e-02
-4.677039384841918945e-02
-1.676776707172393799e-01
-2.740527093410491943e-01
-2.463655173778533936e-01
-3.283662199974060059e-01
-2.610428333282470703e-01
-9.231709688901901245e-02
-8.453287184238433838e-03
9.637073613703250885e-03
-9.863743185997009277e-02
-2.320044636726379395e-01
-2.565892934799194336e-01
-2.059518247842788696e-01
-2.025395631790161133e-01
-2.297199666500091553e-01
-1.959510892629623413e-01
-1.641355901956558228e-01
-9.405461698770523071e-02
3.622763231396675110e-02
1.290457397699356079e-01
1.436790823936462402e-01
5.031907558441162109e-02
8.658733963966369629e-02
6.577167659997940063e-02
3.845907002687454224e-02
-9.885616600513458252e-02
-1.079969480633735657e-01
2.286233007907867432e-02
1.941026933491230011e-02
-1.464547067880630493e-01
-2.869527935981750488e-01
-1.885858178138732910e-01
-2.088147401809692383e-01
-1.547695845365524292e-01
-1.264041960239410400e-01
-3.891051933169364929e-02
2.809139899909496307e-02
-5.763608589768409729e-02
-2.368282228708267212e-01
-2.474118322134017944e-01
-2.093243747949600220e-01
-2.030853927135467529e-01
-2.291290313005447388e-01
-1.981329172849655151e-01
-1.678636074066162109e-01
-1.021382659673690796e-01
3.436362743377685547e-02
1.342283189296722412e-01
2.190423756837844849e-01
1.207736358046531677e-01
1.263631582260131836e-01
1.820002198219299316e-01
1.718093454837799072e-02
-9.268571436405181885e-02
-3.017757460474967957e-02
7.454364001750946045e-02
3.863508999347686768e-02
-1.939105838537216187e-01
-4.822765663266181946e-02
-1.957816332578659058e-01
-1.611882597208023071e-01
-9.936261922121047974e-02
-1.305048465728759766e-01
-3.504523634910583496e-02
1.340977288782596588e-02
-3.636309504508972168e-02
-2.150025218725204468e-01
-2.086012810468673706e-01
-2.066344767808914185e-01
-2.032657563686370850e-01
-2.273107469081878662e-01
-1.986788511276245117e-01
-1.878627985715866089e-01
-1.146434098482131958e-01
-2.213656902313232422e-02
1.300907135009765625e-01
8.118198812007904053e-02
1.154082119464874268e-01
9.713497757911682129e-02
9.309739619493484497e-02
-5.636509880423545837e-02
-2.209132462739944458e-01
-1.959104537963867188e-01
1.572465151548385620e-02
-1.662741601467132568e-01
-1.432194858789443970e-01
-1.522682756185531616e-01
-3.525387346744537354e-01
-1.589124202728271484e-01
-8.845219016075134277e-02
1.973025314509868622e-02
-3.168385475873947144e-02
6.281838566064834595e-02
1.863634795881807804e-03
-1.534118205308914185e-01
-1.939642280340194702e-01
-1.855434179306030273e-01
-2.158114314079284668e-01
-2.395836263895034790e-01
-2.027680575847625732e-01
-1.998193264007568359e-01
-1.467340290546417236e-01
-6.945484131574630737e-02
-4.227284807711839676e-03
-9.681746363639831543e-03
-1.477235089987516403e-02
-8.953427895903587341e-03
-6.720827426761388779e-03
-1.109569370746612549e-01
-2.257260084152221680e-01
-1.077299192547798157e-01
-2.369100451469421387e-01
-3.814510703086853027e-01
-2.325032204389572144e-01
-2.962708175182342529e-01
-2.905910015106201172e-01
-1.452216506004333496e-01
-6.770514417439699173e-03
1.102285981178283691e-01
5.722740292549133301e-02
6.131802499294281006e-02
3.318860661238431931e-03
-1.315035223960876465e-01
-1.546429246664047241e-01
-1.821337193250656128e-01
-2.252655774354934692e-01
-2.493564337491989136e-01
-2.183564901351928711e-01
-1.925920248031616211e-01
-1.411403715610504150e-01
-9.327287971973419189e-02
-3.122514300048351288e-02
-3.677409514784812927e-02
-8.481502532958984375e-02
-8.177069574594497681e-02
-1.527741253376007080e-01
-2.908228337764739990e-01
-2.386816591024398804e-01
-2.248623222112655640e-01
-1.730472743511199951e-01
-2.944188714027404785e-01
-1.662691831588745117e-01
-1.639061123132705688e-01
-1.095898076891899109e-01
9.031467139720916748e-02
1.851823031902313232e-01
1.492272764444351196e-01
1.668406464159488678e-02
2.063613198697566986e-02
-4.088365822099149227e-04
-1.090920791029930115e-01
-1.607320457696914673e-01
-1.981326490640640259e-01
-2.282200008630752563e-01
-2.419016659259796143e-01
-2.269017398357391357e-01
-1.860887557268142700e-01
-1.351409405469894409e-01
-8.331753313541412354e-02
-2.818202599883079529e-02
-2.531875297427177429e-02
-3.404551744461059570e-02
-1.667744666337966919e-01
-2.801799178123474121e-01
-2.538160085678100586e-01
-3.247278332710266113e-01
-2.858137488365173340e-01
-2.154058218002319336e-01
-3.564984202384948730e-01
-1.576365977525711060e-01
-3.054961748421192169e-02
2.727915346622467041e-02
6.636252254247665405e-02
1.359554380178451538e-01
-2.609650418162345886e-02
-7.472877949476242065e-02
-1.627267897129058838e-02
-1.886315084993839264e-02
-1.421361565589904785e-01
-1.505505144596099854e-01
-1.954489499330520630e-01
-2.481288909912109375e-01
-2.511742413043975830e-01
-2.399470359086990356e-01
-1.858140826225280762e-01
-1.455509960651397705e-01
-7.272951304912567139e-02
-2.831809967756271362e-02
4.922677204012870789e-02
-5.890760198235511780e-02
-1.802712827920913696e-01
-2.563653886318206787e-01
-2.642750442028045654e-01
-2.247291207313537598e-01
-3.655503690242767334e-01
-3.012213110923767090e-01
-3.662626445293426514e-01
-1.305002272129058838e-01
-3.199732303619384766e-02
4.456294234842061996e-03
5.495461449027061462e-02
-4.322846606373786926e-02
-6.899875402450561523e-02
5.017629591748118401e-04
-2.536492608487606049e-02
-2.727353945374488831e-02
-1.250982284545898438e-01
-1.857391297817230225e-01
-1.871796995401382446e-01
-2.141746729612350464e-01
-2.516742348670959473e-01
-2.318106293678283691e-01
-1.937701702117919922e-01
-1.546509265899658203e-01
-1.218231692910194397e-01
-5.595617741346359253e-02
-8.845485746860504150e-02
-5.449939891695976257e-02
-1.723718941211700439e-01
-2.342361062765121460e-01
-2.883148789405822754e-01
-3.276768922805786133e-01
-3.103624284267425537e-01
-4.125475287437438965e-01
-4.860866963863372803e-01
-3.018704950809478760e-01
-1.038683876395225525e-01
-8.636159449815750122e-02
-3.327426314353942871e-02
-6.395418941974639893e-02
-1.576852202415466309e-01
-6.991193443536758423e-02
-6.545826792716979980e-03
1.386360451579093933e-02
-1.077778264880180359e-01
-2.014587521553039551e-01
-2.082281857728958130e-01
-2.138565033674240112e-01
-2.497657090425491333e-01
-2.284472882747650146e-01
-1.927230209112167358e-01
-1.671547293663024902e-01
-1.789226531982421875e-01
-1.384593397378921509e-01
-1.366814523935317993e-01
-6.813310831785202026e-02
-4.527380689978599548e-02
-1.481829881668090820e-01
-2.473173141479492188e-01
-3.165486454963684082e-01
-3.874999582767486572e-01
-3.754577636718750000e-01
-5.461436510086059570e-01
-2.457370609045028687e-01
-3.913757205009460449e-02
-7.477815449237823486e-02
8.054223656654357910e-02
-1.413085311651229858e-02
-9.245457500219345093e-02
-7.909125834703445435e-02
-3.945444896817207336e-02
-2.922570519149303436e-02
-1.332293599843978882e-01
-2.232747226953506470e-01
-2.101371586322784424e-01
-2.298108041286468506e-01
-2.515374124050140381e-01
-2.371748536825180054e-01
-2.033115625381469727e-01
-1.805696338415145874e-01
-1.254616677761077881e-01
-2.142761200666427612e-01
-2.484095692634582520e-01
-1.792701333761215210e-01
-1.273637264966964722e-01
-1.349522769451141357e-01
-2.539056241512298584e-01
-3.041825592517852783e-01
-4.152264893054962158e-01
-4.659068286418914795e-01
-5.381816029548645020e-01
-1.320516318082809448e-01
3.450124338269233704e-02
1.361805647611618042e-01
1.153619140386581421e-01
7.410124409943819046e-03
-6.768007576465606689e-02
-9.741006046533584595e-02
-8.695529401302337646e-02
-8.318360894918441772e-02
-2.198665440082550049e-01
-2.397263497114181519e-01
-2.149081826210021973e-01
-2.229017615318298340e-01
-2.521287500858306885e-01
-2.165387123823165894e-01
-2.101770788431167603e-01
-1.961123049259185791e-01
-1.416000872850418091e-01
-2.130949348211288452e-01
-2.539088726043701172e-01
-1.703124195337295532e-01
-1.375502496957778931e-01
-2.415440827608108521e-01
-1.954516321420669556e-01
-2.038680762052536011e-01
-3.495880365371704102e-01
-4.119538366794586182e-01
-4.632286727428436279e-01
-2.743095755577087402e-01
6.036306917667388916e-02
2.413160949945449829e-01
1.745933443307876587e-01
-3.068101592361927032e-02
-1.731777377426624298e-02
5.863683298230171204e-02
2.318882383406162262e-03
-7.640876621007919312e-02
-2.017761766910552979e-01
-2.274570316076278687e-01
-1.993168592453002930e-01
-2.274473607540130615e-01
-2.502651214599609375e-01
-2.108564972877502441e-01
-2.036763727664947510e-01
-1.699705570936203003e-01
-5.772507935762405396e-02
-1.470477879047393799e-01
-2.280945628881454468e-01
-1.700938194990158081e-01
-1.500487923622131348e-01
-2.682695388793945312e-01
-1.190448254346847534e-01
-1.015896350145339966e-01
-2.353227287530899048e-01
-3.663601875305175781e-01
-3.261778950691223145e-01
-1.308623105287551880e-01
7.240561395883560181e-02
1.661769598722457886e-01
1.530437618494033813e-01
3.000031225383281708e-02
3.136385604739189148e-02
1.093618273735046387e-01
7.645437121391296387e-02
-4.118109494447708130e-02
-1.521446406841278076e-01
-1.654586941003799438e-01
-1.914972066879272461e-01
-2.504473626613616943e-01
-2.503108978271484375e-01
-2.144023329019546509e-01
-1.708167195320129395e-01
-1.356048882007598877e-01
-4.228070843964815140e-03
4.672798514366149902e-02
-3.595427051186561584e-02
-1.007267087697982788e-01
-1.950865983963012695e-01
-1.657267659902572632e-01
-6.618116050958633423e-02
-1.710531562566757202e-01
-3.569538891315460205e-01
-3.440988063812255859e-01
-2.046343386173248291e-01
-1.736759841442108154e-01
2.593809505924582481e-03
6.145913526415824890e-02
2.786343358457088470e-02
-5.672782287001609802e-02
1.018650606274604797e-01
2.299566268920898438e-01
1.274078935384750366e-01
2.750096097588539124e-02
-1.045538708567619324e-01
-1.603692173957824707e-01
-1.868132054805755615e-01
-2.503107488155364990e-01
-2.493563592433929443e-01
-2.489468306303024292e-01
-1.693619489669799805e-01
-1.053689271211624146e-01
8.404888212680816650e-03
5.382028967142105103e-02
1.004500407725572586e-02
-1.044090017676353455e-01
-3.126805722713470459e-01
-4.256747961044311523e-01
-5.363148450851440430e-01
-7.481423616409301758e-01
-7.740077376365661621e-01
-6.146919131278991699e-01
-3.612726628780364990e-01
-3.291414380073547363e-01
-1.774067282676696777e-01
-6.295428425073623657e-02
-1.101844683289527893e-01
3.681709757074713707e-03
1.409070342779159546e-01
1.613155007362365723e-01
1.071798354387283325e-01
-2.240980602800846100e-02
-9.123347699642181396e-02
-1.558161675930023193e-01
-2.073568999767303467e-01
-2.473109662532806396e-01
-2.510379850864410400e-01
-2.492652684450149536e-01
-1.899953633546829224e-01
-1.320439130067825317e-01
-8.850786834955215454e-02
-3.677315264940261841e-02
-7.895438373088836670e-02
-1.619555205106735229e-01
-2.943677008152008057e-01
-5.316374301910400391e-01
-7.470483183860778809e-01
-8.803594112396240234e-01
-9.201879501342773438e-01
-6.938489079475402832e-01
-4.651761353015899658e-01
-3.432813286781311035e-01
-2.823593914508819580e-01
-2.689085006713867188e-01
-2.806345820426940918e-01
-1.088650226593017578e-01
-5.213569477200508118e-02
-4.763546213507652283e-02
-3.904544934630393982e-02
-8.695866912603378296e-02
-1.102740541100502014e-01
-1.710413098335266113e-01
-2.308562695980072021e-01
-2.499018013477325439e-01
-2.478562593460083008e-01
-2.506290674209594727e-01
-2.198109477758407593e-01
-1.825875341892242432e-01
-1.577262431383132935e-01
-1.501055508852005005e-01
-1.215110942721366882e-01
-1.566390097141265869e-01
-2.619482576847076416e-01
-4.160886704921722412e-01
-5.815171599388122559e-01
-6.573708653450012207e-01
-6.980454921722412109e-01
-5.973596572875976562e-01
-4.314056634902954102e-01
-4.188565313816070557e-01
-3.638969063758850098e-01
-3.125402629375457764e-01
-2.310026288032531738e-01
-1.402340531349182129e-01
-1.333219110965728760e-01
-1.240522786974906921e-01
-1.204536110162734985e-01
-1.279070079326629639e-01
-1.517246812582015991e-01
-2.038570195436477661e-01
-2.409018278121948242e-01
-2.478563338518142700e-01
-2.502192258834838867e-01
-2.492654621601104736e-01
-2.519013285636901855e-01
-2.046294361352920532e-01
-1.802295595407485962e-01
-1.560004502534866333e-01
-1.769581884145736694e-01
-2.130056023597717285e-01
-2.652683258056640625e-01
-3.466689586639404297e-01
-4.313482642173767090e-01
-4.364005625247955322e-01
-4.867661297321319580e-01
-3.989560306072235107e-01
-3.241780996322631836e-01
-2.640312612056732178e-01
-2.497191429138183594e-01
-2.430887669324874878e-01
-2.195509076118469238e-01
-1.961379796266555786e-01
-1.773193180561065674e-01
-1.720041930675506592e-01
-1.391819268465042114e-01
-1.587259322404861450e-01
-1.807668656110763550e-01
-2.277656346559524536e-01
-2.382200360298156738e-01
-2.499471902847290039e-01
-2.493563741445541382e-01
-2.492202371358871460e-01
-2.471744269132614136e-01
-2.516284883022308350e-01
-2.087651193141937256e-01
-2.145887166261672974e-01
-2.404937744140625000e-01
-2.743864953517913818e-01
-3.407393097877502441e-01
-3.958326578140258789e-01
-4.329703450202941895e-01
-4.621827304363250732e-01
-5.010311007499694824e-01
-4.469272196292877197e-01
-4.108595252037048340e-01
-3.685893118381500244e-01
-3.306294083595275879e-01
-2.981328666210174561e-01
-2.920818626880645752e-01
-2.425452023744583130e-01
-2.007706910371780396e-01
-1.912308633327484131e-01
-1.810865998268127441e-01
-2.166295796632766724e-01
-2.484020441770553589e-01
-2.504474818706512451e-01
-2.479019016027450562e-01
-2.487652897834777832e-01
-2.482656389474868774e-01
-2.502651810646057129e-01
-2.484017610549926758e-01
-2.493563741445541382e-01
-2.364016920328140259e-01
-2.180843055248260498e-01
-2.062642127275466919e-01
-2.185403704643249512e-01
-2.206782400608062744e-01
-2.292233854532241821e-01
-2.579912841320037842e-01
-2.724912762641906738e-01
-2.823414802551269531e-01
-2.787977159023284912e-01
-2.823058366775512695e-01
-2.620391249656677246e-01
-2.314524799585342407e-01
-2.158195227384567261e-01
-1.954080760478973389e-01
-1.826786547899246216e-01
-1.834030598402023315e-01
-2.072656601667404175e-01
-2.145842015743255615e-01
-2.495835125446319580e-01
-2.502651512622833252e-01
-2.486746013164520264e-01
-2.502197325229644775e-01
-2.493110001087188721e-01
