-2.548102736473083496e-01
-2.546737790107727051e-01
-2.520828843116760254e-01
-2.524014115333557129e-01
-2.552646100521087646e-01
-2.552193701267242432e-01
-2.539918720722198486e-01
-2.530380189418792725e-01
-2.534463405609130859e-01
-2.557189464569091797e-01
-2.553553283214569092e-01
-2.533104717731475830e-01
-2.395380139350891113e-01
-2.294471412897109985e-01
-2.384925484657287598e-01
-2.535381317138671875e-01
-2.553553581237792969e-01
-2.524464428424835205e-01
-2.520378828048706055e-01
-2.544465661048889160e-01
-2.532195448875427246e-01
-2.527196705341339111e-01
-2.544466257095336914e-01
-2.554919421672821045e-01
-2.526282668113708496e-01
-2.532196044921875000e-01
-2.530378103256225586e-01
-2.541284561157226562e-01
-2.534011602401733398e-01
-2.534015178680419922e-01
-2.555370926856994629e-01
-2.543101906776428223e-01
-2.533105611801147461e-01
-2.545371949672698975e-01
-2.101719677448272705e-01
-1.988542377948760986e-01
-1.883100569248199463e-01
-1.979967653751373291e-01
-2.167206853628158569e-01
-2.309938073158264160e-01
-2.318068742752075195e-01
-2.313608825206756592e-01
-2.304479628801345825e-01
-2.436779588460922241e-01
-2.569017112255096436e-01
-2.413101196289062500e-01
-2.297708988189697266e-01
-2.211729139089584351e-01
-2.137191146612167358e-01
-1.993542164564132690e-01
-2.164022177457809448e-01
-2.416741847991943359e-01
-2.546284198760986328e-01
-2.562645077705383301e-01
-2.534468173980712891e-01
-2.546282112598419189e-01
-2.536284029483795166e-01
-2.529465556144714355e-01
-2.537194192409515381e-01
-2.534013390541076660e-01
-2.302651107311248779e-01
-2.548556327819824219e-01
-1.804896891117095947e-01
-1.701749861240386963e-01
-1.691735833883285522e-01
-1.860413104295730591e-01
-2.286802977323532104e-01
-2.506369054317474365e-01
-2.906168997287750244e-01
-3.166671097278594971e-01
-3.305665850639343262e-01
-3.784156739711761475e-01
-3.651348650455474854e-01
-3.080006837844848633e-01
-3.086774349212646484e-01
-2.959316968917846680e-01
-2.528046965599060059e-01
-2.234367728233337402e-01
-2.037611305713653564e-01
-1.959940344095230103e-01
-1.879034489393234253e-01
-2.150382250547409058e-01
-2.535373568534851074e-01
-2.537644803524017334e-01
-2.535377144813537598e-01
-2.533559203147888184e-01
-2.392199039459228516e-01
-2.382197231054306030e-01
-2.296743839979171753e-01
-1.581786870956420898e-01
-1.478223353624343872e-01
-1.317340880632400513e-01
-1.416859477758407593e-01
-1.952830255031585693e-01
-2.515035271644592285e-01
-3.071280121803283691e-01
-3.303988575935363770e-01
-4.112417399883270264e-01
-4.090253114700317383e-01
-4.940694570541381836e-01
-5.135833621025085449e-01
-4.601673781871795654e-01
-4.086182117462158203e-01
-3.495476841926574707e-01
-2.756677567958831787e-01
-2.265471965074539185e-01
-1.858170032501220703e-01
-1.819948852062225342e-01
-1.834022998809814453e-01
-1.899457573890686035e-01
-2.396286427974700928e-01
-2.524015009403228760e-01
-2.550371289253234863e-01
-2.525831758975982666e-01
-2.414014637470245361e-01
-2.205387204885482788e-01
-1.629058271646499634e-01
-1.176427975296974182e-01
-9.964459389448165894e-02
-3.537073358893394470e-02
-6.901013851165771484e-02
-1.868254989385604858e-01
-3.199078142642974854e-01
-3.548938333988189697e-01
-4.912199974060058594e-01
-5.108491182327270508e-01
-5.701853632926940918e-01
-6.349549889564514160e-01
-6.118760704994201660e-01
-6.540064811706542969e-01
-5.993583202362060547e-01
-5.702273249626159668e-01
-4.175000190734863281e-01
-2.139112353324890137e-01
-1.575505435466766357e-01
-1.196942478418350220e-01
-1.715458631515502930e-01
-1.899068653583526611e-01
-2.041759192943572998e-01
-2.559462487697601318e-01
-2.566733956336975098e-01
-2.555827796459197998e-01
-2.225384116172790527e-01
-1.768116205930709839e-01
-1.281833797693252563e-01
-8.897034078836441040e-02
-3.131680935621261597e-02
-1.849996298551559448e-02
-2.472664415836334229e-02
-2.395000904798507690e-01
-3.942147195339202881e-01
-3.778631091117858887e-01
-5.294993519783020020e-01
-6.129956841468811035e-01
-7.555040717124938965e-01
-6.571751236915588379e-01
-7.256816625595092773e-01
-8.077718615531921387e-01
-6.765126585960388184e-01
-5.155466794967651367e-01
-3.247279226779937744e-01
-1.371789723634719849e-01
-6.509178131818771362e-02
-7.054916024208068848e-02
-1.415924578905105591e-01
-1.849572956562042236e-01
-2.120874822139739990e-01
-2.303107380867004395e-01
-2.546735107898712158e-01
-2.550829648971557617e-01
-2.007656097412109375e-01
-1.383584588766098022e-01
-8.914294093847274780e-02
-4.500451032072305679e-03
-1.959095522761344910e-02
-4.827082529664039612e-02
-1.342762410640716553e-01
-3.007694780826568604e-01
-1.900488734245300293e-01
-2.730883359909057617e-01
-2.503580451011657715e-01
-2.706327736377716064e-01
-3.472255766391754150e-01
-4.484187960624694824e-01
-5.038173198699951172e-01
-6.831265091896057129e-01
-4.986765086650848389e-01
-4.053721427917480469e-01
-2.958163917064666748e-01
-1.132736057043075562e-01
-3.799999877810478210e-02
-7.044879719614982605e-03
-1.368716806173324585e-01
-1.877800375223159790e-01
-2.053968608379364014e-01
-2.074483931064605713e-01
-2.562642097473144531e-01
-2.110837399959564209e-01
-1.882713735103607178e-01
-1.245934814214706421e-01
-3.136466816067695618e-02
4.454665351659059525e-03
2.604577131569385529e-02
-1.199976634234189987e-02
-1.572746336460113525e-01
-1.523634940385818481e-01
-8.586168289184570312e-02
1.946284808218479156e-02
1.226496472954750061e-01
1.075521260499954224e-01
-5.189936608076095581e-02
-1.163189709186553955e-01
-2.537311315536499023e-01
-3.761762082576751709e-01
-3.200556039810180664e-01
-2.356795668601989746e-01
-1.814993321895599365e-01
-9.736465662717819214e-02
-1.499419682659208775e-03
-2.313587069511413574e-02
-1.561428755521774292e-01
-1.916823834180831909e-01
-2.000532895326614380e-01
-2.018571794033050537e-01
-2.540830373764038086e-01
-1.967224180698394775e-01
-1.712702512741088867e-01
-7.427374273538589478e-02
2.322699688374996185e-02
9.295450150966644287e-02
1.341814100742340088e-01
3.572799265384674072e-02
-1.277256943285465240e-02
-2.954779565334320068e-02
6.145769357681274414e-02
6.054374575614929199e-02
1.405539512634277344e-01
1.433703154325485229e-01
3.895706683397293091e-02
-9.531329572200775146e-02
-2.043708562850952148e-01
-1.595918089151382446e-01
-2.736839354038238525e-01
-1.929522007703781128e-01
-1.668115518987178802e-02
3.472867235541343689e-02
2.463697269558906555e-02
-1.117295920848846436e-01
-2.502739131450653076e-01
-2.691759765148162842e-01
-2.148143202066421509e-01
-2.059937715530395508e-01
-2.318560630083084106e-01
-2.004503011703491211e-01
-1.672723740339279175e-01
-9.973752498626708984e-02
3.677297383546829224e-02
1.498195677995681763e-01
1.691810339689254761e-01
1.011371314525604248e-01
1.743589192628860474e-01
1.812269538640975952e-01
1.649136692285537720e-01
9.007512591779232025e-03
-3.908741101622581482e-02
9.204471111297607422e-02
9.877432882785797119e-02
-8.790916204452514648e-02
-2.593160569667816162e-01
-1.231332793831825256e-01
-1.147238537669181824e-01
-5.417776852846145630e-02
-3.740472719073295593e-02
3.180341329425573349e-03
5.509126558899879456e-02
-5.581833794713020325e-02
-2.564144432544708252e-01
-2.589052021503448486e-01
-2.165023237466812134e-01
-2.064032703638076782e-01
-2.304016351699829102e-01
-2.028136998414993286e-01
-1.719082146883010864e-01
-1.102287247776985168e-01
4.077252745628356934e-02
1.462280154228210449e-01
2.569984495639801025e-01
1.720039248466491699e-01
2.232729345560073853e-01
3.092275559902191162e-01
1.112716421484947205e-01
-3.350374102592468262e-02
1.532233972102403641e-02
1.254534125328063965e-01
9.668029844760894775e-02
-1.948173493146896362e-01
-2.977314405143260956e-02
-1.652829498052597046e-01
-9.237062186002731323e-02
5.909571424126625061e-03
-4.545957222580909729e-02
7.454652804881334305e-03
3.213705494999885559e-02
-3.159034252166748047e-02
-2.283183932304382324e-01
-2.130987644195556641e-01
-2.135878503322601318e-01
-2.030839920043945312e-01
-2.274016588926315308e-01
-2.044504731893539429e-01
-1.992719471454620361e-01
-1.248256936669349670e-01
-2.172761410474777222e-02
1.481346637010574341e-01
1.153616160154342651e-01
1.777715086936950684e-01
2.097270190715789795e-01
2.113713920116424561e-01
1.336237788200378418e-02
-2.226413190364837646e-01
-1.971361786127090454e-01
5.931564420461654663e-02
-1.435025334358215332e-01
-1.553548276424407959e-01
-1.604946553707122803e-01
-3.419472575187683105e-01
-8.836735785007476807e-02
-4.860820714384317398e-03
1.060945615172386169e-01
7.770706899464130402e-03
8.449955284595489502e-02
1.713630370795726776e-02
-1.663679927587509155e-01
-2.033243179321289062e-01
-1.904051601886749268e-01
-2.159023582935333252e-01
-2.421741932630538940e-01
-2.097673863172531128e-01
-2.096825987100601196e-01
-1.591392755508422852e-01
-7.531892508268356323e-02
3.000001655891537666e-03
1.813648827373981476e-02
4.481845349073410034e-02
8.950137346982955933e-02
8.955229818820953369e-02
-4.836630448698997498e-02
-2.076341956853866577e-01
-8.382093161344528198e-02
-2.371367514133453369e-01
-3.810890614986419678e-01
-2.340943813323974609e-01
-2.852723598480224609e-01
-2.441369444131851196e-01
-7.944761216640472412e-02
8.118381351232528687e-02
1.937752515077590942e-01
1.019996181130409241e-01
8.154422789812088013e-02
1.786431111395359039e-02
-1.433202624320983887e-01
-1.606837958097457886e-01
-1.860405057668685913e-01
-2.249020040035247803e-01
-2.532195746898651123e-01
-2.192200273275375366e-01
-2.014546841382980347e-01
-1.519559323787689209e-01
-9.722781926393508911e-02
-1.913398504257202148e-02
-1.095585618168115616e-02
-4.236109927296638489e-02
-9.980896720662713051e-04
-8.722948282957077026e-02
-2.635525465011596680e-01
-2.015011012554168701e-01
-2.088162451982498169e-01
-1.545928269624710083e-01
-2.736931145191192627e-01
-1.153601706027984619e-01
-9.217870235443115234e-02
-1.118150074034929276e-02
2.089965343475341797e-01
2.954551577568054199e-01
2.299994677305221558e-01
5.800190940499305725e-02
4.440888762474060059e-02
1.281837373971939087e-02
-1.155471727252006531e-01
-1.696872711181640625e-01
-2.051765769720077515e-01
-2.280836552381515503e-01
-2.434014678001403809e-01
-2.279925048351287842e-01
-1.925415694713592529e-01
-1.443653255701065063e-01
-8.617997169494628906e-02
-1.495503727346658707e-02
-4.550295707304030657e-04
2.359080128371715546e-02
-1.115932166576385498e-01
-2.403155118227005005e-01
-2.267699539661407471e-01
-3.183203637599945068e-01
-2.763556241989135742e-01
-1.714515537023544312e-01
-3.147231638431549072e-01
-9.359186887741088867e-02
5.926847085356712341e-02
1.498241275548934937e-01
2.126812487840652466e-01
2.645440101623535156e-01
4.340334609150886536e-02
-3.331951424479484558e-02
7.818231359124183655e-03
-8.181191980838775635e-03
-1.556821763515472412e-01
-1.600922346115112305e-01
-2.023999094963073730e-01
-2.520829141139984131e-01
-2.547646760940551758e-01
-2.416286319494247437e-01
-1.889957934617996216e-01
-1.530026346445083618e-01
-6.922931969165802002e-02
-1.872725225985050201e-02
8.977206796407699585e-02
-2.771051833406090736e-03
-1.164540946483612061e-01
-2.180489748716354370e-01
-2.462761700153350830e-01
-1.965001970529556274e-01
-3.617356717586517334e-01
-2.429960370063781738e-01
-3.019438683986663818e-01
-5.404613912105560303e-02
3.836610540747642517e-02
1.290926635265350342e-01
1.963632106781005859e-01
7.268040627241134644e-02
2.172835171222686768e-02
7.204680144786834717e-02
-6.728412583470344543e-03
-2.045555040240287781e-02
-1.328681856393814087e-01
-1.979652196168899536e-01
-1.928142458200454712e-01
-2.143564969301223755e-01
-2.554919123649597168e-01
-2.319924235343933105e-01
-2.019037455320358276e-01
-1.642322689294815063e-01
-1.231431737542152405e-01
-4.536553844809532166e-02
-6.681927293539047241e-02
-2.272236859425902367e-03
-1.138720959424972534e-01
-1.937358081340789795e-01
-2.659940421581268311e-01
-3.037694096565246582e-01
-2.668163180351257324e-01
-3.779555261135101318e-01
-4.453136026859283447e-01
-2.373250573873519897e-01
-2.355047315359115601e-02
1.159283425658941269e-02
7.681667059659957886e-02
4.936396703124046326e-02
-7.645733654499053955e-02
-3.866725135594606400e-03
1.259054895490407944e-02
2.604585140943527222e-02
-1.112788915634155273e-01
-2.105029821395874023e-01
-2.157292813062667847e-01
-2.128112465143203735e-01
-2.537651956081390381e-01
-2.299925535917282104e-01
-2.025842070579528809e-01
-1.740543693304061890e-01
-1.845973581075668335e-01
-1.327783614397048950e-01
-1.108182594180107117e-01
-8.724099956452846527e-03
2.668077126145362854e-02
-1.069572418928146362e-01
-2.254085689783096313e-01
-2.956399619579315186e-01
-3.835476338863372803e-01
-3.555488288402557373e-01
-5.234569907188415527e-01
-1.715998649597167969e-01
5.222608149051666260e-02
7.631183601915836334e-03
1.944056749343872070e-01
8.918797224760055542e-02
-1.450074836611747742e-02
-2.813637629151344299e-02
-3.418132290244102478e-02
-2.558909542858600616e-02
-1.343646496534347534e-01
-2.348635792732238770e-01
-2.176387161016464233e-01
-2.304016500711441040e-01
-2.552641928195953369e-01
-2.392655014991760254e-01
-2.134402990341186523e-01
-1.944669485092163086e-01
-1.308201402425765991e-01
-2.222299426794052124e-01
-2.318631559610366821e-01
-1.289069652557373047e-01
-7.640913128852844238e-02
-9.781622886657714844e-02
-2.379531115293502808e-01
-2.851785719394683838e-01
-4.231789410114288330e-01
-4.640901684761047363e-01
-5.328069925308227539e-01
-4.682516306638717651e-02
1.360011994838714600e-01
2.440446466207504272e-01
2.163625657558441162e-01
1.066826879978179932e-01
1.031975354999303818e-02
-6.745630502700805664e-02
-8.509254455566406250e-02
-8.904857188463211060e-02
-2.364127635955810547e-01
-2.601394653320312500e-01
-2.229532003402709961e-01
-2.214474380016326904e-01
-2.564463615417480469e-01
-2.177658677101135254e-01
-2.212596684694290161e-01
-2.117433249950408936e-01
-1.605487167835235596e-01
-2.258210182189941406e-01
-2.364542484283447266e-01
-1.153582632541656494e-01
-9.868792444467544556e-02
-2.321348786354064941e-01
-1.625437289476394653e-01
-1.579132229089736938e-01
-3.280409574508666992e-01
-3.972690403461456299e-01
-4.555918276309967041e-01
-2.192657738924026489e-01
1.539536416530609131e-01
3.668602108955383301e-01
2.995023429393768311e-01
5.613709613680839539e-02
5.709145218133926392e-02
8.236347138881683350e-02
-7.090214639902114868e-03
-9.395444393157958984e-02
-2.236854583024978638e-01
-2.440008074045181274e-01
-2.065436989068984985e-01
-2.276746183633804321e-01
-2.544918358325958252e-01
-2.093112915754318237e-01
-2.128081023693084717e-01
-1.871454566717147827e-01
-7.322765141725540161e-02
-1.649533361196517944e-01
-2.221406400203704834e-01
-1.220475658774375916e-01
-1.067295819520950317e-01
-2.623139321804046631e-01
-7.627225667238235474e-02
-3.872663527727127075e-02
-1.994589418172836304e-01
-3.597261607646942139e-01
-3.149059116840362549e-01
-5.054362863302230835e-02
1.846328973770141602e-01
2.864071428775787354e-01
2.669978737831115723e-01
1.099090054631233215e-01
5.859158188104629517e-02
1.112705916166305542e-01
6.240921095013618469e-02
-5.309101566672325134e-02
-1.614160239696502686e-01
-1.727341562509536743e-01
-1.969957202672958374e-01
-2.542650401592254639e-01
-2.542194724082946777e-01
-2.142205685377120972e-01
-1.757672280073165894e-01
-1.467811763286590576e-01
-1.172786206007003784e-02
4.468218609690666199e-02
-2.613605931401252747e-02
-8.004510402679443359e-02
-1.627672165632247925e-01
-1.386795192956924438e-01
-1.709014363586902618e-02
-1.181445345282554626e-01
-3.461833894252777100e-01
-3.209579586982727051e-01
-1.620892137289047241e-01
-1.014039292931556702e-01
1.037750840187072754e-01
1.687776744365692139e-01
9.804531186819076538e-02
-4.381920397281646729e-02
1.085920408368110657e-01
2.372275143861770630e-01
1.255905330181121826e-01
3.163793683052062988e-02
-1.058284044265747070e-01
-1.653669029474258423e-01
-1.912663877010345459e-01
-2.540375292301177979e-01
-2.539012134075164795e-01
-2.537189424037933350e-01
-1.704973131418228149e-01
-1.070046126842498779e-01
8.996114134788513184e-03
5.204665288329124451e-02
1.360125461360439658e-04
-1.177271604537963867e-01
-3.344506919384002686e-01
-4.369003474712371826e-01
-5.404521822929382324e-01
-7.719566226005554199e-01
-7.826910614967346191e-01
-5.856912136077880859e-01
-2.992730736732482910e-01
-2.737770676612854004e-01
-9.213323891162872314e-02
8.641330059617757797e-04
-8.418563753366470337e-02
2.636241260915994644e-03
1.475888341665267944e-01
1.722254753112792969e-01
1.225431635975837708e-01
-2.290987968444824219e-02
-9.132452309131622314e-02
-1.564515829086303711e-01
-2.050844728946685791e-01
-2.514922320842742920e-01
-2.546284198760986328e-01
-2.528557181358337402e-01
-1.947212368249893188e-01
-1.330890506505966187e-01
-8.455289900302886963e-02
-3.981876000761985779e-02
-9.550145268440246582e-02
-1.895003616809844971e-01
-3.200035989284515381e-01
-5.616813898086547852e-01
-7.814549207687377930e-01
-9.006823897361755371e-01
-9.412819147109985352e-01
-6.839432120323181152e-01
-4.186737239360809326e-01
-2.895571887493133545e-01
-2.349470704793930054e-01
-2.509033679962158203e-01
-3.064499199390411377e-01
-1.254568248987197876e-01
-4.799977317452430725e-02
-4.336262121796607971e-02
-3.586403653025627136e-02
-9.191439300775527954e-02
-1.107288971543312073e-01
-1.735868304967880249e-01
-2.315380126237869263e-01
-2.531286478042602539e-01
-2.519920766353607178e-01
-2.544921934604644775e-01
-2.185383886098861694e-01
-1.866769045591354370e-01
-1.640857756137847900e-01
-1.592365056276321411e-01
-1.285110712051391602e-01
-1.696373969316482544e-01
-2.793527245521545410e-01
-4.334071278572082520e-01
-6.020176410675048828e-01
-6.645123362541198730e-01
-7.127729058265686035e-01
-5.972232222557067871e-01
-4.037688672542572021e-01
-4.045332372188568115e-01
-3.402052521705627441e-01
-3.096744120121002197e-01
-2.378664761781692505e-01
-1.378223299980163574e-01
-1.348189711570739746e-01
-1.261868774890899658e-01
-1.231802403926849365e-01
-1.312748193740844727e-01
-1.542694419622421265e-01
-2.029481232166290283e-01
-2.421289384365081787e-01
-2.518558204174041748e-01
-2.544004917144775391e-01
-2.531740367412567139e-01
-2.554008662700653076e-01
-2.035841643810272217e-01
-1.841351985931396484e-01
-1.631349772214889526e-01
-1.797693669795989990e-01
-2.207254320383071899e-01
-2.801278531551361084e-01
-3.578961789608001709e-01
-4.493437707424163818e-01
-4.538989663124084473e-01
-5.195847153663635254e-01
-4.158669412136077881e-01
-3.263099491596221924e-01
-2.467084825038909912e-01
-2.357176095247268677e-01
-2.382684499025344849e-01
-2.181370556354522705e-01
-1.924093365669250488e-01
-1.777267009019851685e-01
-1.748681664466857910e-01
-1.416837275028228760e-01
-1.651799678802490234e-01
-1.789944916963577271e-01
-2.287200540304183960e-01
-2.409924119710922241e-01
-2.536739706993103027e-01
-2.532195150852203369e-01
-2.529470324516296387e-01
-2.512193620204925537e-01
-2.549916803836822510e-01
-2.100816965103149414e-01
-2.229955345392227173e-01
-2.517182528972625732e-01
-2.875637412071228027e-01
-3.612792789936065674e-01
-4.140081107616424561e-01
-4.485087096691131592e-01
-4.811386764049530029e-01
-5.232189893722534180e-01
-4.586002230644226074e-01
-4.247213006019592285e-01
-3.747738301753997803e-01
-3.348542749881744385e-01
-3.077644407749176025e-01
-3.073942363262176514e-01
-2.524056136608123779e-01
-2.079972177743911743e-01
-2.017764896154403687e-01
-1.867680549621582031e-01
-2.176749259233474731e-01
-2.516743540763854980e-01
-2.540833652019500732e-01
-2.517650425434112549e-01
-2.527193129062652588e-01
-2.524014711380004883e-01
-2.543101012706756592e-01
-2.529920637607574463e-01
-2.534922063350677490e-01
-2.400375902652740479e-01
-2.184024453163146973e-01
-2.095337957143783569e-01
-2.248083651065826416e-01
-2.264499664306640625e-01
-2.390384823083877563e-01
-2.688509225845336914e-01
-2.834855914115905762e-01
-2.900203466415405273e-01
-2.834327816963195801e-01
-2.882090508937835693e-01
-2.710368931293487549e-01
-2.361761033535003662e-01
-2.258171290159225464e-01
-2.015877217054367065e-01
-1.869052797555923462e-01
-1.885831654071807861e-01
-2.054477483034133911e-01
-2.144478708505630493e-01
-2.535375356674194336e-01
-2.539010345935821533e-01
-2.528104186058044434e-01
-2.539919614791870117e-01
-2.535831630229949951e-01
