1.293658316135406494e-01 -2.002225220203399658e-01 -1.604364998638629913e-02 -2.190418839454650879e-01 -2.706612944602966309e-01 -2.736759483814239502e-01 -7.609206438064575195e-02 7.055322080850601196e-02 -1.976740360260009766e-01 1.159908715635538101e-02
1.681102067232131958e-01 -3.914518356323242188e-01 -1.743419170379638672e-01 -3.932152986526489258e-01 -1.554368622601032257e-02 3.098082169890403748e-02 6.805528420954942703e-03 1.230911687016487122e-01 2.000584006309509277e-01 -6.189386546611785889e-02
-3.061082959175109863e-02 -2.630395293235778809e-01 1.397418379783630371e-01 -2.860201299190521240e-01 6.780159473419189453e-02 -2.881459593772888184e-01 1.143852397799491882e-01 -5.305903553962707520e-01 1.399250477552413940e-01 1.904388964176177979e-01
-3.123012483119964600e-01 -2.820057235658168793e-02 -3.288615345954895020e-01 -2.552744746208190918e-01 3.558287918567657471e-01 -4.191944897174835205e-01 3.781671822071075439e-01 1.026546657085418701e-01 -2.902614176273345947e-01 -5.770828574895858765e-02
-1.175039485096931458e-01 1.839058101177215576e-01 4.385611042380332947e-02 -3.716150298714637756e-02 -1.208282727748155594e-02 1.682935506105422974e-01 -6.066841306164860725e-04 -4.108110815286636353e-02 7.706265151500701904e-02 -2.091124802827835083e-01
-2.168634831905364990e-01 2.869941294193267822e-01 5.969008058309555054e-02 7.833600044250488281e-02 -1.867900639772415161e-01 -1.788432151079177856e-01 -1.245012804865837097e-01 -1.409465223550796509e-01 -2.991438470780849457e-02 -1.605487018823623657e-01
-3.001185953617095947e-01 1.054943799972534180e-01 -1.008828263729810715e-02 -2.435016930103302002e-01 4.460233449935913086e-02 -4.424908384680747986e-02 -5.047535523772239685e-02 2.466689236462116241e-02 2.722284197807312012e-01 -1.454797834157943726e-01
7.045028358697891235e-02 -7.060647755861282349e-02 8.528692275285720825e-02 -1.527172178030014038e-01 -2.774883806705474854e-01 -1.238049194216728210e-01 1.095718443393707275e-01 -2.674202322959899902e-01 3.587758541107177734e-02 -3.707453608512878418e-01
-3.025206550955772400e-02 7.101274281740188599e-02 -3.005742430686950684e-01 -9.267899394035339355e-02 1.371336877346038818e-01 1.842305660247802734e-01 -1.778888106346130371e-01 2.184667736291885376e-01 8.112443983554840088e-02 -5.584133788943290710e-02
-1.311106681823730469e-01 1.071525514125823975e-01 1.089207455515861511e-01 -2.785659022629261017e-02 1.712996065616607666e-01 1.218705475330352783e-01 -1.573411375284194946e-01 -9.517866186797618866e-03 -1.777872592210769653e-01 -6.485100090503692627e-02
-1.492908447980880737e-01 2.608466744422912598e-01 -2.974472641944885254e-01 -1.869785785675048828e-01 9.967000037431716919e-02 1.583413332700729370e-01 -1.564382165670394897e-01 1.733417958021163940e-01 -1.744126826524734497e-01 7.102501392364501953e-02
-1.754248291254043579e-01 1.302776336669921875e-01 7.910371571779251099e-02 1.173056215047836304e-01 1.302226632833480835e-01 -8.753603696823120117e-02 -3.168813511729240417e-02 -2.874961495399475098e-02 -4.728226736187934875e-02 -9.524498134851455688e-02
-9.957925975322723389e-02 -1.037957053631544113e-02 -2.555086314678192139e-01 1.350353937596082687e-02 7.899459451436996460e-02 1.868884712457656860e-01 -8.674721419811248779e-02 2.008738741278648376e-02 1.486139148473739624e-01 4.929762706160545349e-02
-3.267476707696914673e-02 1.193781420588493347e-01 -8.461821824312210083e-02 -1.386332362890243530e-01 1.765030473470687866e-01 1.231758892536163330e-01 -1.110439822077751160e-01 -3.061474263668060303e-01 -1.732786446809768677e-01 -1.616968810558319092e-01
-2.737111449241638184e-01 1.147255450487136841e-01 -1.445911824703216553e-01 -5.523579195141792297e-02 -1.390868276357650757e-01 -3.258450627326965332e-01 -2.859140634536743164e-01 2.377632707357406616e-01 -2.051139175891876221e-01 2.905778586864471436e-01
-9.107622504234313965e-02 -2.882701344788074493e-03 3.680172264575958252e-01 3.450206220149993896e-01 -2.357970774173736572e-01 -1.515860557556152344e-01 -2.114340215921401978e-01 1.504921615123748779e-01 -3.619876503944396973e-01 -3.941726982593536377e-01
-8.294381201267242432e-02 -9.665520489215850830e-02 -3.177704513072967529e-01 -1.004252769052982330e-02 -1.363704502582550049e-01 1.395433098077774048e-01 1.041038110852241516e-01 -9.804489463567733765e-02 1.190720275044441223e-01 -5.593200027942657471e-02
-1.461096256971359253e-01 3.312384784221649170e-01 -6.058523431420326233e-02 1.171320900321006775e-01 -2.681817859411239624e-02 -1.062908396124839783e-01 -1.217950507998466492e-01 -1.953647285699844360e-02 -2.134939655661582947e-02 -1.429101452231407166e-02
-3.555978238582611084e-01 1.855809241533279419e-02 -3.703138828277587891e-01 1.596632748842239380e-01 1.103186830878257751e-01 2.983793020248413086e-01 -1.215836033225059509e-01 -1.079047918319702148e-01 -4.924065992236137390e-02 -5.332086607813835144e-02
-1.226076036691665649e-01 4.251618981361389160e-01 -1.580323278903961182e-01 -1.361372917890548706e-01 -1.021864414215087891e-01 1.372219473123550415e-01 -7.235261052846908569e-02 -9.071491658687591553e-03 -1.261546760797500610e-01 -7.327812165021896362e-02
-8.932135254144668579e-02 -2.665956318378448486e-01 -1.685561686754226685e-01 3.003676831722259521e-01 -3.452747687697410583e-02 -1.690736263990402222e-01 -2.604638338088989258e-01 -1.641412526369094849e-01 -3.707763254642486572e-01 -1.776068955659866333e-01
-4.315474629402160645e-01 5.318602547049522400e-02 2.166160494089126587e-01 2.556376755237579346e-01 -3.607705831527709961e-01 -1.488505005836486816e-01 1.081665009260177612e-01 3.430750966072082520e-02 -2.058665305376052856e-01 -4.893296360969543457e-01
-6.204893812537193298e-02 1.773900240659713745e-01 3.631018847227096558e-02 -1.130034253001213074e-01 -8.642382174730300903e-02 -1.384016871452331543e-01 -7.315309345722198486e-02 2.279671281576156616e-01 -2.616949081420898438e-01 -1.757598519325256348e-01
-1.171496734023094177e-01 -5.064865574240684509e-02 3.107330501079559326e-01 -1.018850728869438171e-01 -1.419339030981063843e-01 -2.544496953487396240e-01 -1.123833134770393372e-01 8.022400736808776855e-02 3.285895884037017822e-01 -2.332887649536132812e-01
8.422417566180229187e-03 -9.015586227178573608e-02 6.276433914899826050e-02 -1.369119733572006226e-01 -9.854734875261783600e-03 -4.563549160957336426e-01 -6.067299097776412964e-02 -1.057528257369995117e-01 -1.309308558702468872e-01 -8.723858743906021118e-02
2.887221425771713257e-02 -1.883934289216995239e-01 -1.767183989286422729e-01 -5.723585933446884155e-02 -1.353663355112075806e-01 -8.015672862529754639e-02 3.711778298020362854e-02 -4.693948104977607727e-02 -9.074856340885162354e-02 -1.085244715213775635e-01
9.627656638622283936e-02 1.288752853870391846e-01 -2.411210834980010986e-01 -1.690246015787124634e-01 4.549082741141319275e-02 1.622475869953632355e-02 2.429756224155426025e-01 -2.128097712993621826e-01 1.317786276340484619e-01 2.216358035802841187e-01
-1.364729255437850952e-01 -1.983032524585723877e-01 1.623836755752563477e-01 -3.088037371635437012e-01 4.635748565196990967e-01 -1.698816120624542236e-01 2.551974654197692871e-01 -3.003353178501129150e-01 -4.717354476451873779e-01 -5.425592660903930664e-01
-1.340500116348266602e-01 3.651600480079650879e-01 -6.084722653031349182e-02 -6.754954159259796143e-02 -7.565775513648986816e-02 -9.263487160205841064e-02 -4.133301973342895508e-02 -1.131444796919822693e-01 -1.057193279266357422e-01 -1.026779487729072571e-01
4.003650695085525513e-02 -1.662944853305816650e-01 -1.516191102564334869e-02 -5.932182446122169495e-02 -1.427579969167709351e-01 1.823867857456207275e-01 -3.439120948314666748e-01 -1.142471805214881897e-01 1.966833695769309998e-02 -4.450860917568206787e-01
-1.309746205806732178e-01 -1.192124783992767334e-01 2.774258516728878021e-02 1.266986280679702759e-01 -2.257184237241744995e-01 -2.176139652729034424e-01 1.764189749956130981e-01 -3.503295034170150757e-02 -2.016705721616744995e-01 2.565452754497528076e-01
-3.145703971385955811e-01 9.974806755781173706e-02 1.501816362142562866e-01 1.425243467092514038e-01 -1.712336987257003784e-01 -9.205149114131927490e-02 -2.197824120521545410e-01 1.848151087760925293e-01 1.601777076721191406e-01 -3.593606352806091309e-01
-7.944537699222564697e-02 9.968252480030059814e-02 2.527572447434067726e-03 1.526247709989547729e-01 2.112194150686264038e-02 -1.905431151390075684e-01 -7.968973368406295776e-02 6.617450714111328125e-02 -1.424633804708719254e-02 2.296839356422424316e-01
-2.843718528747558594e-01 5.702355131506919861e-02 3.449945524334907532e-02 9.791333228349685669e-02 -3.664487302303314209e-01 -1.093816086649894714e-01 -2.228650152683258057e-01 2.019675970077514648e-01 -1.659038290381431580e-02 3.884398639202117920e-01
-1.325168609619140625e-01 3.827364742755889893e-01 -4.789394512772560120e-02 2.338502183556556702e-02 -5.096587911248207092e-02 -1.478369683027267456e-01 -1.024362742900848389e-01 -6.762736290693283081e-02 -5.735247582197189331e-02 -7.976210862398147583e-02
-2.063055783510208130e-01 9.608428925275802612e-02 -1.020185872912406921e-01 -1.256780773401260376e-01 1.635711491107940674e-01 -2.003843635320663452e-01 -2.281750589609146118e-01 1.246720477938652039e-01 -2.138229459524154663e-01 9.303809702396392822e-02
-1.756126135587692261e-01 1.385516673326492310e-01 -2.277528643608093262e-01 -2.488376013934612274e-02 -1.662490330636501312e-02 1.442355960607528687e-01 -7.463817298412322998e-02 1.221278980374336243e-01 5.634670704603195190e-02 1.113298460841178894e-01
-6.927887350320816040e-02 2.293947897851467133e-02 -3.734181523323059082e-01 1.854358911514282227e-01 -2.501911018043756485e-03 4.387252032756805420e-02 1.823568791151046753e-01 -1.005708053708076477e-01 7.619784027338027954e-02 -5.459923669695854187e-02
-1.125278323888778687e-01 -1.594010144472122192e-01 -5.038927122950553894e-02 1.137800794094800949e-02 2.072857171297073364e-01 1.874628663063049316e-02 1.703248471021652222e-01 -8.593109250068664551e-02 -1.236119270324707031e-01 5.146147310733795166e-02
-1.729335784912109375e-01 1.404887139797210693e-01 -1.532452255487442017e-01 -4.817834869027137756e-02 -1.538261473178863525e-01 3.437593579292297363e-02 -5.420757457613945007e-03 -1.109607592225074768e-01 -7.964525371789932251e-02 -2.055974453687667847e-01
-1.695693731307983398e-01 1.238498464226722717e-01 -1.031915619969367981e-01 -7.767748087644577026e-02 5.431446433067321777e-02 -1.749851554632186890e-01 -1.549218893051147461e-01 1.996906101703643799e-01 -2.186355590820312500e-01 3.161355480551719666e-02
-1.117315143346786499e-01 1.348491311073303223e-01 -5.853558331727981567e-02 -7.602354884147644043e-02 -6.445542722940444946e-02 -3.465383946895599365e-01 -1.383161842823028564e-01 1.971541792154312134e-01 -5.096548423171043396e-02 1.454611867666244507e-01
6.444510072469711304e-02 1.464874390512704849e-02 -2.680036127567291260e-01 -3.170427978038787842e-01 2.014560550451278687e-01 1.492159515619277954e-01 1.002594307065010071e-01 7.861371152102947235e-03 1.511967480182647705e-01 -1.012838482856750488e-01
-2.139348685741424561e-01 -1.284867674112319946e-01 7.665447145700454712e-02 -7.053442299365997314e-02 3.473250865936279297e-01 -9.682743810117244720e-03 -1.068018674850463867e-01 -1.743125170469284058e-01 -1.551525294780731201e-01 -4.001155495643615723e-01
-1.688521206378936768e-01 -2.439650744199752808e-01 2.436447441577911377e-01 -2.481964789330959320e-02 2.574026584625244141e-01 -2.306215465068817139e-01 -3.953995406627655029e-01 -3.000755906105041504e-01 -3.940550610423088074e-03 1.710653901100158691e-01
-1.778556704521179199e-01 2.130742073059082031e-01 1.437325496226549149e-02 -1.671534478664398193e-01 1.234963834285736084e-01 -2.600088482722640038e-03 -1.257832795381546021e-01 1.547971814870834351e-01 -7.396356761455535889e-02 -5.703251063823699951e-02
3.265642747282981873e-02 -1.008619964122772217e-01 2.249144166707992554e-01 1.270054131746292114e-01 -9.095501154661178589e-02 -2.991193532943725586e-02 -1.171089485287666321e-01 4.218427836894989014e-02 -2.312010377645492554e-01 -1.161907240748405457e-01
-6.024818420410156250e-01 -9.172788821160793304e-03 -2.839018106460571289e-01 2.449097484350204468e-01 2.849501371383666992e-02 3.594496846199035645e-01 -3.913439214229583740e-01 5.628940463066101074e-02 -1.562834829092025757e-01 -9.528630971908569336e-02
-1.404041647911071777e-01 4.058793485164642334e-01 -9.855123609304428101e-02 -1.000605970621109009e-01 -1.494738925248384476e-02 -1.601223647594451904e-02 -1.044106483459472656e-01 9.582952409982681274e-02 -1.286201030015945435e-01 -2.011626400053501129e-02
-1.067596115171909332e-02 -2.323745638132095337e-01 -2.144257165491580963e-02 -4.380781576037406921e-02 -1.721276491880416870e-01 -1.514264345169067383e-01 -1.772978007793426514e-01 -4.069957435131072998e-01 2.355870157480239868e-01 -7.135310769081115723e-02
-2.343329936265945435e-01 2.021266380324959755e-03 -1.392501592636108398e-01 -2.300580739974975586e-01 6.470996141433715820e-02 -1.626511514186859131e-01 -2.493409514427185059e-01 2.016618102788925171e-01 -3.479061126708984375e-01 -1.009679492563009262e-02
1.723628491163253784e-01 -1.644034236669540405e-01 2.737456187605857849e-02 -3.827141821384429932e-01 -1.186929177492856979e-02 -4.326480329036712646e-01 2.195405960083007812e-01 -1.757297813892364502e-01 -1.681911051273345947e-01 -3.512521088123321533e-01
6.471601873636245728e-02 -3.243547677993774414e-01 -1.707971096038818359e-01 -2.146278694272041321e-02 2.912642657756805420e-01 -2.399130612611770630e-01 -5.346540808677673340e-01 1.096047461032867432e-01 2.691732943058013916e-01 -2.854952961206436157e-02
-1.013897210359573364e-01 -2.804880440235137939e-01 -3.354407250881195068e-01 -1.280785501003265381e-01 1.252510100603103638e-01 9.769613295793533325e-02 -2.641977667808532715e-01 1.274936497211456299e-01 1.635406315326690674e-01 9.387205936945974827e-04
6.869756430387496948e-02 -2.071351557970046997e-01 -1.064794659614562988e-01 -1.040096133947372437e-01 -4.137541949748992920e-01 -1.142699867486953735e-01 1.746147125959396362e-01 -1.896196007728576660e-01 -1.688910722732543945e-01 -1.711982637643814087e-01
2.357334494590759277e-01 -2.365885972976684570e-01 1.356194466352462769e-01 -1.406426280736923218e-01 -5.271365046501159668e-01 -3.826057314872741699e-01 1.494466662406921387e-01 8.793255686759948730e-02 -5.270687490701675415e-02 -4.253593459725379944e-02
-2.257402688264846802e-01 2.414726885035634041e-03 5.124215036630630493e-02 1.691099405288696289e-01 -6.632622331380844116e-02 -1.895630061626434326e-01 -1.493317484855651855e-01 1.024651229381561279e-01 -1.556672751903533936e-01 5.334321781992912292e-02
-2.721015214920043945e-01 1.074039638042449951e-01 -7.986813038587570190e-02 -1.432442069053649902e-01 2.715311385691165924e-02 -2.984878718852996826e-01 -2.200874872505664825e-02 1.465331912040710449e-01 1.597881913185119629e-01 -6.575286388397216797e-02
-2.097382396459579468e-01 -2.306795213371515274e-03 -2.574427425861358643e-01 -7.522979378700256348e-02 9.643997997045516968e-02 4.596750438213348389e-02 4.496953263878822327e-02 -2.434995323419570923e-01 -1.317174732685089111e-01 5.556118488311767578e-02
-1.334825903177261353e-02 -2.131306678056716919e-01 -4.744715690612792969e-01 1.716120983473956585e-03 -1.389510333538055420e-01 -2.610493004322052002e-01 -2.189530804753303528e-02 -3.583006933331489563e-02 -1.611119210720062256e-01 -2.178291045129299164e-02
-2.244512587785720825e-01 9.137384593486785889e-02 -3.519644737243652344e-01 1.751269213855266571e-02 2.214436791837215424e-02 4.183019399642944336e-01 2.885165996849536896e-02 -1.513632088899612427e-01 3.286676481366157532e-02 -4.000569880008697510e-02
-2.333211004734039307e-01 -8.953073062002658844e-03 -8.977127820253372192e-02 -2.044598907232284546e-01 9.685856848955154419e-02 -3.121819794178009033e-01 -2.287990748882293701e-01 3.017031252384185791e-01 -3.413985371589660645e-01 7.653712481260299683e-02
2.266511619091033936e-01 -2.027696967124938965e-01 2.352242171764373779e-01 -2.726524174213409424e-01 -2.948692440986633301e-01 -3.019693791866302490e-01 1.911119557917118073e-02 -2.276231199502944946e-01 -3.995524942874908447e-01 -3.803822025656700134e-02
-1.576960384845733643e-01 1.092910021543502808e-01 1.890383213758468628e-01 1.519313901662826538e-01 1.282434016466140747e-01 -1.842300593852996826e-01 -8.858317136764526367e-02 -4.885300993919372559e-02 -1.292661279439926147e-01 -1.926669478416442871e-01
-2.261409312486648560e-01 -5.377044901251792908e-02 -3.095099888741970062e-02 -2.660506367683410645e-01 -1.298452168703079224e-01 2.504947781562805176e-01 2.048554271459579468e-01 -1.332025416195392609e-02 9.273957461118698120e-02 -1.475587338209152222e-01
-2.788905799388885498e-01 -1.586901992559432983e-01 -2.145622521638870239e-01 -1.912561058998107910e-01 3.432720899581909180e-01 -2.919910550117492676e-01 -1.086528226733207703e-01 3.143966495990753174e-01 -3.542050719261169434e-01 -1.476771384477615356e-01
-1.274062544107437134e-01 -9.310783445835113525e-02 -1.820653863251209259e-02 3.428527414798736572e-01 -7.193990051746368408e-02 -2.720309197902679443e-01 -1.322508603334426880e-01 -1.669465750455856323e-01 1.509956456720829010e-02 5.878389254212379456e-02
1.574964821338653564e-02 -6.748728454113006592e-02 -4.037958085536956787e-01 1.875966489315032959e-01 -3.359425365924835205e-01 5.559389293193817139e-02 -1.448164880275726318e-01 1.238062009215354919e-01 -1.017991080880165100e-01 -1.346204876899719238e-01
-1.495280861854553223e-01 5.553774163126945496e-02 2.663406543433666229e-02 -6.418838351964950562e-02 -1.080071702599525452e-01 -2.329869121313095093e-01 -1.134749427437782288e-01 6.499163061380386353e-02 -9.215986728668212891e-02 2.879187762737274170e-01
-3.687073290348052979e-01 -5.547866225242614746e-02 -4.647415503859519958e-02 -4.091957211494445801e-01 -4.597673192620277405e-02 2.436929643154144287e-01 1.965861618518829346e-01 -4.262768030166625977e-01 2.505873143672943115e-01 7.725461572408676147e-02
1.342359483242034912e-01 -2.614171504974365234e-01 -1.252927929162979126e-01 -1.916134916245937347e-02 9.508448839187622070e-02 -1.776634156703948975e-02 -1.299168765544891357e-01 4.042385891079902649e-02 1.235863566398620605e-02 -1.813033819198608398e-01
-1.957889879122376442e-03 3.824730962514877319e-02 -1.385656446218490601e-01 -3.050093725323677063e-02 5.611892789602279663e-02 1.998387724161148071e-01 8.492153137922286987e-02 2.931302227079868317e-02 -2.007523737847805023e-02 2.664036862552165985e-02
-2.596973180770874023e-01 -2.437730133533477783e-02 1.192095503211021423e-01 1.853857487440109253e-01 -2.839263901114463806e-02 -7.918398827314376831e-02 -3.486250638961791992e-01 -3.037409484386444092e-02 -8.264583349227905273e-02 4.496775195002555847e-02
-1.289163827896118164e-01 2.175651788711547852e-01 -1.063864491879940033e-02 1.213708519935607910e-01 -7.032782305032014847e-03 -1.758659929037094116e-01 -9.286330640316009521e-02 1.204096451401710510e-01 -2.529414556920528412e-02 4.599808529019355774e-02
1.163181010633707047e-02 -9.895670413970947266e-02 -4.836944863200187683e-02 -1.199461966753005981e-01 -1.169817894697189331e-01 -1.670421510934829712e-01 4.609134420752525330e-02 2.146363444626331329e-02 -2.005602568387985229e-01 -1.661325693130493164e-01
-4.320367425680160522e-02 -3.009307086467742920e-01 -1.192616000771522522e-01 1.352341473102569580e-01 -2.214398980140686035e-01 -1.429631095379590988e-02 -3.081664443016052246e-01 9.920003265142440796e-02 -2.318166345357894897e-01 -3.724991977214813232e-01
-1.551695764064788818e-01 3.050828278064727783e-01 -2.546121366322040558e-02 1.128560900688171387e-01 -8.040215820074081421e-02 8.038381114602088928e-03 -1.320303082466125488e-01 -9.347915649414062500e-02 -4.806917626410722733e-03 -8.052492886781692505e-02
3.565232083201408386e-02 -1.667934358119964600e-01 -1.270948052406311035e-01 2.459485679864883423e-01 -2.745312750339508057e-01 -3.207270205020904541e-01 -3.135623037815093994e-01 1.861629039049148560e-01 -3.182305768132209778e-02 2.864828407764434814e-01
-1.220604255795478821e-01 -3.258552029728889465e-02 -4.218443855643272400e-02 3.178405016660690308e-02 -3.461895287036895752e-01 5.733484029769897461e-02 2.299049198627471924e-01 1.590866744518280029e-01 -2.120151817798614502e-01 -6.981877982616424561e-02
-1.398791819810867310e-01 3.341496288776397705e-01 3.201850876212120056e-02 -4.227248579263687134e-02 -1.225444674491882324e-01 -1.588914543390274048e-01 -1.308540254831314087e-01 -6.511656194925308228e-02 -2.266302108764648438e-01 -1.290793567895889282e-01
7.570745795965194702e-02 -1.612880676984786987e-01 7.675266824662685394e-03 -4.638542234897613525e-01 -3.720813989639282227e-01 3.342559188604354858e-02 -1.769298017024993896e-01 7.028122246265411377e-02 1.684504896402359009e-01 -3.702013194561004639e-02
-2.241618782281875610e-01 8.369815349578857422e-02 -1.425503492355346680e-01 -9.525780379772186279e-02 -4.731740057468414307e-02 7.500004023313522339e-02 -1.879834234714508057e-01 1.299578994512557983e-01 -3.064744174480438232e-01 1.868695169687271118e-01
3.492570519447326660e-01 -2.309639006853103638e-01 -2.408221922814846039e-02 -3.229943215847015381e-01 -3.134287893772125244e-01 -3.248139098286628723e-02 -9.890455752611160278e-02 7.758214324712753296e-02 -1.042839214205741882e-01 -9.222421050071716309e-02
-1.286297738552093506e-01 3.787297904491424561e-01 -7.642327994108200073e-02 -1.071683838963508606e-01 -9.070679545402526855e-02 -1.103181988000869751e-01 -1.132519990205764771e-01 7.224308792501688004e-03 -1.861247569322586060e-01 -1.048748269677162170e-01
-2.739796936511993408e-01 1.195155978202819824e-01 -2.729776501655578613e-01 9.571681916713714600e-02 9.703168272972106934e-02 2.618537843227386475e-01 4.367598518729209900e-02 -9.371008723974227905e-02 -8.202406018972396851e-02 -3.262336552143096924e-02
-3.034782111644744873e-01 -8.323567360639572144e-02 -1.575358957052230835e-01 -1.290311515331268311e-01 4.170129001140594482e-01 -2.257582098245620728e-01 -1.436413526535034180e-01 1.628086566925048828e-01 -2.682017982006072998e-01 3.551052883267402649e-02
-2.304021567106246948e-01 1.355440020561218262e-01 -3.018455207347869873e-01 -8.359501510858535767e-02 -1.526589319109916687e-02 -2.914919257164001465e-01 3.595304787158966064e-01 1.375381797552108765e-01 -2.247434258460998535e-01 9.268286079168319702e-02
1.066921353340148926e-01 -3.446499258279800415e-02 -1.609155833721160889e-01 1.094276010990142822e-01 -4.057634770870208740e-01 1.494718492031097412e-01 -3.009239137172698975e-01 -1.590165197849273682e-01 3.211236745119094849e-02 -2.991177141666412354e-01
-1.918808817863464355e-01 -2.471951991319656372e-01 2.461765259504318237e-01 -9.396776556968688965e-02 -8.584657311439514160e-02 -1.261765658855438232e-01 1.159467268735170364e-02 -4.298363327980041504e-01 -1.519926488399505615e-01 -1.439524143934249878e-01
-3.173918724060058594e-01 -1.726713031530380249e-01 1.219941228628158569e-01 1.085110902786254883e-01 -1.925858855247497559e-02 9.793020784854888916e-02 -3.054179847240447998e-01 -1.689586937427520752e-01 -1.163723990321159363e-01 7.695089280605316162e-02
-1.509214490652084351e-01 8.294250071048736572e-02 -2.061853650957345963e-03 -8.830858767032623291e-02 -2.420449554920196533e-01 -7.313591986894607544e-02 3.093789219856262207e-01 -2.278858795762062073e-02 -4.983372986316680908e-02 4.109298606636002660e-05
6.774454116821289062e-01 -2.017902284860610962e-01 -2.009652704000473022e-01 -3.730594515800476074e-01 -1.186701431870460510e-01 -4.861393570899963379e-01 -2.468250393867492676e-01 3.156750500202178955e-01 -4.478848576545715332e-01 -2.287213653326034546e-01
-1.456819623708724976e-01 -1.070750430226325989e-01 -1.445136126130819321e-02 2.392945140600204468e-01 -2.648552954196929932e-01 -2.140081226825714111e-01 -5.693750828504562378e-02 1.751641929149627686e-01 -5.988448858261108398e-02 -2.872363626956939697e-01
-1.050456762313842773e-01 -4.692408069968223572e-02 -1.502275317907333374e-01 4.539439827203750610e-02 7.610306143760681152e-02 5.317629501223564148e-02 8.083868771791458130e-02 -2.604039907455444336e-01 -2.376061081886291504e-01 3.181620538234710693e-01
-1.512026190757751465e-01 6.810937821865081787e-02 4.232731834053993225e-02 6.507082283496856689e-02 -1.471896618604660034e-01 -4.051419496536254883e-01 -1.972260475158691406e-01 3.243572413921356201e-01 -2.107178121805191040e-01 1.696525961160659790e-01
7.841520011425018311e-03 -2.442744672298431396e-01 -3.459304273128509521e-01 9.650108218193054199e-02 2.013133764266967773e-01 -2.756693959236145020e-01 -7.150878757238388062e-02 1.563520357012748718e-02 1.173044927418231964e-02 -6.600905954837799072e-02
-2.086666226387023926e-01 -1.507834345102310181e-01 6.427121907472610474e-02 -2.212820947170257568e-01 6.662702560424804688e-02 -2.471025288105010986e-01 2.135005407035350800e-02 2.203096076846122742e-02 -5.316156744956970215e-01 1.741882264614105225e-01
-1.445134282112121582e-01 5.210737511515617371e-02 -1.224495172500610352e-01 -1.539241820573806763e-01 1.595229655504226685e-01 -1.529561132192611694e-01 -1.556112170219421387e-01 1.736558526754379272e-01 -2.790310084819793701e-01 1.561510711908340454e-01
-1.415910273790359497e-01 -9.754300862550735474e-02 -4.175717011094093323e-02 3.048649989068508148e-02 -6.293103098869323730e-02 1.107916906476020813e-01 -8.780109882354736328e-02 -1.227559801191091537e-02 -3.559327721595764160e-01 5.849798023700714111e-02
1.660188585519790649e-01 -1.683775037527084351e-01 -1.014579087495803833e-01 2.803271114826202393e-01 -6.547676771879196167e-02 -4.379681497812271118e-02 -3.127050697803497314e-01 -2.497642673552036285e-02 -4.030767381191253662e-01 -2.460516095161437988e-01
8.152227848768234253e-02 -3.470520675182342529e-01 1.134095415472984314e-01 -6.257102638483047485e-02 -4.686353802680969238e-01 -4.422281309962272644e-02 -6.868729740381240845e-02 -1.023020073771476746e-01 9.086991101503372192e-02 1.040790751576423645e-01
3.305216133594512939e-01 -2.243385016918182373e-01 -9.808383882045745850e-02 1.859890073537826538e-01 -5.436937212944030762e-01 -1.635898202657699585e-01 -4.667905271053314209e-01 1.712839901447296143e-01 -3.582602366805076599e-02 3.579401597380638123e-02
7.252833247184753418e-02 -1.143177747726440430e-01 -3.140786886215209961e-01 -2.183108925819396973e-01 -8.205927908420562744e-02 2.516380250453948975e-01 -1.511600315570831299e-01 -2.341958135366439819e-01 1.918102353811264038e-01 -5.202182382345199585e-02
-4.134817421436309814e-01 -5.685434490442276001e-02 6.474523246288299561e-02 -1.673649847507476807e-01 3.526184558868408203e-01 -1.622167527675628662e-01 3.524646162986755371e-01 -5.278332233428955078e-01 -1.759082376956939697e-01 4.060910344123840332e-01
-1.512208580970764160e-01 -3.846487402915954590e-02 -1.725057661533355713e-01 2.768990769982337952e-02 6.529522687196731567e-02 2.227086946368217468e-02 -2.836841531097888947e-02 6.483535747975111008e-03 6.010020151734352112e-02 -1.488642245531082153e-01
-8.888754993677139282e-02 3.893641289323568344e-03 5.254695191979408264e-02 -7.457727193832397461e-02 -2.475125193595886230e-01 -2.097565084695816040e-01 -3.218118846416473389e-02 2.393938153982162476e-01 -1.986531764268875122e-01 2.676634192466735840e-01
-1.367341130971908569e-01 -9.644818305969238281e-02 1.287865489721298218e-01 -4.688784182071685791e-01 -3.672794103622436523e-01 2.589893043041229248e-01 -1.083596423268318176e-01 9.688724763691425323e-03 -7.764774560928344727e-02 -1.093687564134597778e-01
-3.308708837721496820e-04 1.342242490500211716e-02 -2.159462273120880127e-01 1.060356106609106064e-02 -3.580269515514373779e-01 1.733693331480026245e-01 9.575197845697402954e-02 -3.181617259979248047e-01 -1.162742823362350464e-01 -3.815331161022186279e-01
1.108539476990699768e-01 -2.827992737293243408e-01 -8.186994120478630066e-03 -4.191665351390838623e-02 -4.927235841751098633e-01 -1.205803528428077698e-01 -2.534296214580535889e-01 -5.169869214296340942e-02 1.642578840255737305e-01 -5.153884738683700562e-02
-1.164599210023880005e-01 2.458652704954147339e-01 5.761122331023216248e-02 -3.258064389228820801e-01 -8.723679929971694946e-02 -5.476762074977159500e-03 8.867220580577850342e-02 -1.392062306404113770e-01 1.019415110349655151e-01 -8.047949522733688354e-03
-1.589032858610153198e-01 2.145275622606277466e-01 -4.607652127742767334e-02 -1.987975090742111206e-02 1.821252256631851196e-01 7.072570919990539551e-02 -5.207373574376106262e-02 4.735766723752021790e-02 -7.197616249322891235e-02 -2.901801280677318573e-02
-1.615716516971588135e-01 1.527632772922515869e-01 -5.311248824000358582e-02 -1.762203574180603027e-01 -2.566037327051162720e-02 -6.541665643453598022e-02 -1.632423326373100281e-02 2.252401709556579590e-01 -1.540644913911819458e-01 1.475710608065128326e-02
-1.655104309320449829e-01 5.577898025512695312e-02 1.823793649673461914e-01 5.468535050749778748e-02 5.692465603351593018e-02 -7.125858217477798462e-02 -1.269565057009458542e-02 5.154588446021080017e-02 -1.477137804031372070e-01 -5.589714050292968750e-01
-2.042846530675888062e-01 1.848531961441040039e-01 1.630693301558494568e-02 1.879446357488632202e-01 6.677506864070892334e-02 -1.382477581501007080e-01 -5.600363016128540039e-02 -7.979452610015869141e-02 -7.622449100017547607e-02 -8.888908475637435913e-02
-1.890197992324829102e-01 -3.173195570707321167e-02 -3.248492479324340820e-01 5.582851544022560120e-02 2.375865355134010315e-02 1.381285786628723145e-01 2.805831283330917358e-02 -5.081675946712493896e-02 2.716799452900886536e-02 -5.773916095495223999e-02
-1.332881152629852295e-01 2.411009371280670166e-01 6.785790622234344482e-02 2.920021489262580872e-02 -7.069534808397293091e-02 -1.834934949874877930e-01 -1.648092418909072876e-01 -5.859331414103507996e-02 -1.569102406501770020e-01 -1.234227120876312256e-01
-1.606228202581405640e-01 -4.290152341127395630e-02 9.537762403488159180e-02 -1.230706647038459778e-01 -1.968873888254165649e-01 -2.872984483838081360e-02 -9.439776092767715454e-02 1.784512549638748169e-01 4.592350125312805176e-02 -1.531251668930053711e-01
-1.289165578782558441e-02 -6.117085739970207214e-02 6.139806658029556274e-02 -1.416240036487579346e-01 -9.091078490018844604e-02 -1.302697807550430298e-01 -4.117040336132049561e-02 -8.975614607334136963e-02 -4.664065781980752945e-03 -2.602835595607757568e-01
-3.445696784183382988e-03 -9.112871438264846802e-02 -2.715332508087158203e-01 -4.609737396240234375e-01 -6.392687559127807617e-02 7.405479997396469116e-02 2.189983129501342773e-01 -1.238498613238334656e-01 2.673940658569335938e-01 1.626264601945877075e-01
-1.388358026742935181e-01 2.921434044837951660e-01 4.640370979905128479e-02 -1.253173798322677612e-01 -8.892704546451568604e-02 -1.168823391199111938e-01 -8.996552973985671997e-02 -7.455681264400482178e-02 -1.719907522201538086e-01 -1.192412599921226501e-01
-2.073608487844467163e-01 7.848580181598663330e-02 -3.604362010955810547e-01 -1.588964276015758514e-02 5.417064577341079712e-02 2.337761223316192627e-01 -1.999271959066390991e-01 6.190624088048934937e-02 -4.552280530333518982e-03 -6.481254845857620239e-02
5.396932247094810009e-04 -1.714395242743194103e-03 1.224830821156501770e-01 2.002190984785556793e-02 -2.242841720581054688e-01 1.414777189493179321e-01 1.257416307926177979e-01 -3.027777969837188721e-01 -2.214880436658859253e-01 -4.392704069614410400e-01
-5.304797366261482239e-02 9.042397141456604004e-02 -1.746177822351455688e-01 -7.649505510926246643e-03 -8.430567383766174316e-02 1.302771717309951782e-01 -6.319561600685119629e-02 1.188326478004455566e-01 -7.031844556331634521e-02 1.674288511276245117e-01
2.782139778137207031e-01 -3.103620372712612152e-02 -3.321131467819213867e-01 -1.629628241062164307e-01 -2.474728077650070190e-01 6.809735894203186035e-01 -3.454098105430603027e-01 -1.026182342320680618e-02 -4.681188166141510010e-01 -9.105727821588516235e-02
-2.456852346658706665e-01 -8.232891559600830078e-02 1.336930096149444580e-01 4.370165057480335236e-03 -8.144851028919219971e-02 -1.061906889081001282e-01 -4.021870791912078857e-01 1.126839220523834229e-02 -6.930809468030929565e-02 1.620664000511169434e-01
-4.218634590506553650e-02 -3.400102257728576660e-01 -1.450198441743850708e-01 -5.188784748315811157e-02 9.752566367387771606e-02 -1.568790674209594727e-01 4.144458100199699402e-02 -8.826988749206066132e-03 2.329395618289709091e-03 -7.234621047973632812e-02
-3.629199042916297913e-02 1.467604190111160278e-01 -1.941209137439727783e-01 -1.529082208871841431e-01 9.364993870258331299e-02 1.981702744960784912e-01 -1.289436817169189453e-01 1.985378116369247437e-01 -1.334782391786575317e-01 -7.072606123983860016e-03
1.600013673305511475e-01 -6.692771613597869873e-02 -1.975865811109542847e-01 -1.394704682752490044e-03 -7.233708351850509644e-02 9.633526951074600220e-02 1.289145052433013916e-01 1.112611368298530579e-01 -1.813869029283523560e-01 7.783129066228866577e-02
-3.482208028435707092e-02 -4.939769953489303589e-02 6.915109697729349136e-03 -1.002069488167762756e-01 -1.560001354664564133e-02 -3.191577643156051636e-02 1.255079545080661774e-02 1.513415277004241943e-01 -1.079559996724128723e-01 -1.346278488636016846e-01
-1.551743745803833008e-01 3.562468662858009338e-02 -1.183435767889022827e-01 -2.381436973810195923e-01 1.890034377574920654e-01 2.924600839614868164e-01 2.625013515353202820e-02 -2.145803123712539673e-01 2.554098069667816162e-01 -9.407202899456024170e-02
1.099471524357795715e-01 -1.337974611669778824e-02 6.646426767110824585e-02 6.124939396977424622e-02 -6.412693858146667480e-01 -3.245634436607360840e-01 2.021918296813964844e-01 -3.561936020851135254e-01 1.283745467662811279e-01 -4.416958391666412354e-01
1.390339285135269165e-01 -3.344579339027404785e-01 1.769072562456130981e-01 -2.570057809352874756e-01 3.958901390433311462e-02 -4.848896563053131104e-01 1.272993236780166626e-01 -3.034999668598175049e-01 3.588956296443939209e-01 4.049802944064140320e-02
1.021569967269897461e-01 -3.362498581409454346e-01 4.731635376811027527e-02 -2.639921307563781738e-01 3.944549337029457092e-02 -2.655894458293914795e-01 4.247444868087768555e-02 9.356869012117385864e-02 -4.540407061576843262e-01 1.083183754235506058e-02
-1.881001144647598267e-01 3.148162364959716797e-01 -2.525646984577178955e-01 -8.216129243373870850e-02 5.395366623997688293e-02 2.862431704998016357e-01 -6.805818527936935425e-02 -1.369279921054840088e-01 2.777428599074482918e-03 1.131532341241836548e-01
-1.254701316356658936e-01 4.108380675315856934e-01 -9.649986773729324341e-02 -1.105122640728950500e-01 -8.014970272779464722e-02 -2.621448040008544922e-02 -5.102032423019409180e-02 -6.924123317003250122e-02 -1.601557433605194092e-01 -7.503273338079452515e-02
-1.293595582246780396e-01 2.906086146831512451e-01 -4.828583821654319763e-02 2.089356631040573120e-02 -4.528006538748741150e-02 -3.559825941920280457e-02 3.272532299160957336e-02 -7.315704971551895142e-02 9.832612425088882446e-02 -6.596883386373519897e-02
-3.904300630092620850e-01 -2.855807915329933167e-02 -1.917905360460281372e-02 -8.449692279100418091e-02 3.227940499782562256e-01 -4.035519063472747803e-02 -3.375436663627624512e-01 -4.081327915191650391e-01 1.565623730421066284e-01 2.834851145744323730e-01
-1.554698497056961060e-01 2.404310703277587891e-01 -2.483658939599990845e-01 -1.511541306972503662e-01 2.387447096407413483e-02 3.775085881352424622e-02 -1.397194862365722656e-01 1.712972968816757202e-01 -2.018843740224838257e-01 9.944334626197814941e-02
2.883224003016948700e-02 -2.767479717731475830e-01 3.393826186656951904e-01 -4.301560223102569580e-01 -2.825617492198944092e-01 8.608096092939376831e-02 -2.112965434789657593e-01 -9.718908369541168213e-02 -1.428043097257614136e-01 -1.182233095169067383e-01
-2.703675925731658936e-01 -1.497208625078201294e-01 1.423115134239196777e-01 1.421706080436706543e-01 1.054366677999496460e-01 -1.055035814642906189e-01 9.689936041831970215e-02 -2.140939831733703613e-01 -2.494859136641025543e-02 -1.078735664486885071e-01
-1.061256527900695801e-01 -2.340677380561828613e-01 -8.898331969976425171e-02 -8.860129117965698242e-02 -4.070336744189262390e-02 -2.992422580718994141e-01 2.834084071218967438e-02 -4.232212086208164692e-04 1.684236824512481689e-01 -2.437314251437783241e-03
4.958321899175643921e-02 -6.419332325458526611e-02 -2.674695551395416260e-01 -2.221118062734603882e-01 3.558046882972121239e-04 -1.232627108693122864e-01 4.617562890052795410e-01 4.355914890766143799e-02 1.584276556968688965e-01 -5.537823890335857868e-04
-1.376412212848663330e-01 -7.718116044998168945e-02 -2.310276031494140625e-01 7.560492306947708130e-02 2.917787730693817139e-01 9.848994016647338867e-02 1.809610724449157715e-01 -3.475296497344970703e-01 -1.737936399877071381e-02 2.156130373477935791e-01
-2.904421687126159668e-01 -2.841095998883247375e-02 -2.109902799129486084e-01 2.368940860033035278e-01 -1.299224346876144409e-01 -1.816630214452743530e-01 -3.214893043041229248e-01 1.026615500450134277e-01 -3.825720548629760742e-01 2.802920341491699219e-01
-2.103784866631031036e-02 -2.485446864739060402e-03 -7.561537437140941620e-03 1.667238473892211914e-01 -2.202668786048889160e-01 8.746163547039031982e-02 9.506911039352416992e-02 -3.019911944866180420e-01 -1.826045066118240356e-01 -3.309461772441864014e-01
-6.621455401182174683e-02 -1.722761839628219604e-01 2.210543006658554077e-01 3.210132420063018799e-01 -1.039079353213310242e-01 -7.474133372306823730e-02 -3.504286408424377441e-01 2.408455461263656616e-01 -1.801558285951614380e-01 -2.743054628372192383e-01
-1.356305927038192749e-01 2.383781969547271729e-01 -2.961401641368865967e-01 -1.621121913194656372e-01 6.449033319950103760e-02 1.825821399688720703e-01 -1.764780431985855103e-01 2.490842640399932861e-01 -2.166986018419265747e-01 3.216018900275230408e-02
-5.705587565898895264e-02 2.604435756802558899e-02 -1.538454741239547729e-01 -2.013888657093048096e-01 6.576780974864959717e-02 5.878914147615432739e-02 1.465590000152587891e-01 1.578569971024990082e-02 -2.802714146673679352e-02 -4.675967991352081299e-02
1.525257229804992676e-01 -7.134886085987091064e-02 2.132575809955596924e-01 -5.932345613837242126e-02 -4.555476605892181396e-01 -8.532022684812545776e-02 -9.437931329011917114e-02 -2.111154943704605103e-01 -4.700309410691261292e-02 -3.513906002044677734e-01
2.284019589424133301e-01 -9.803427010774612427e-02 -3.528090119361877441e-01 2.096467167139053345e-01 -2.112344503402709961e-01 2.749682366847991943e-01 -3.255577087402343750e-01 7.818067073822021484e-02 -6.039401292800903320e-01 -3.517892360687255859e-01
-1.422536093741655350e-02 -3.725039586424827576e-02 2.080350816249847412e-01 -8.662061393260955811e-02 7.076269481331110001e-03 -1.595032364130020142e-01 -5.913142859935760498e-02 9.743295609951019287e-02 -6.177385151386260986e-02 -1.265570372343063354e-01
1.270306557416915894e-01 -6.674034055322408676e-03 -4.233666956424713135e-01 1.122496202588081360e-01 -2.050981521606445312e-01 1.666858419775962830e-02 1.486682593822479248e-01 -2.709628343582153320e-01 -9.693410992622375488e-02 3.224592506885528564e-01
-1.218572407960891724e-01 -5.069210194051265717e-03 -2.445596083998680115e-02 2.399730533361434937e-01 -2.678817808628082275e-01 -2.216462939977645874e-01 -1.908101588487625122e-01 1.570817232131958008e-01 1.675049811601638794e-01 -1.351812332868576050e-01
-3.699724972248077393e-01 -1.200629845261573792e-01 2.271936684846878052e-01 -1.092847157269716263e-02 -1.364125963300466537e-02 2.619467489421367645e-02 -5.151743292808532715e-01 -1.515554934740066528e-01 1.993739157915115356e-01 9.283225983381271362e-02
3.284869492053985596e-01 -2.771000862121582031e-01 -1.170185506343841553e-01 -3.669206500053405762e-01 -5.321940183639526367e-01 6.316981464624404907e-02 -3.437925279140472412e-01 6.831921637058258057e-02 -2.573170363903045654e-01 1.178295686841011047e-01
-1.823143064975738525e-01 2.363985776901245117e-01 4.163694009184837341e-02 -9.439366310834884644e-02 -4.678320139646530151e-02 -8.716964721679687500e-02 1.542644649744033813e-01 -7.642660290002822876e-02 -1.160151287913322449e-01 -1.944569498300552368e-01
-3.468209505081176758e-01 9.099411778151988983e-03 1.699018180370330811e-01 -4.259442687034606934e-01 1.913110376335680485e-03 9.378115832805633545e-02 1.175372451543807983e-01 -2.597379386425018311e-01 2.984077334403991699e-01 9.053498506546020508e-02
-2.806792855262756348e-01 1.403936278074979782e-02 -6.653627008199691772e-02 1.568175256252288818e-01 -1.341400947421789169e-02 2.661302126944065094e-02 9.605029225349426270e-02 -2.312701046466827393e-01 -1.834610551595687866e-01 -5.225186347961425781e-01
-2.259472608566284180e-01 -4.254706948995590210e-02 -1.463873982429504395e-01 -1.321240961551666260e-01 3.281932771205902100e-01 3.715468347072601318e-01 -9.970811009407043457e-02 3.024925012141466141e-03 -8.922772109508514404e-02 -1.927416026592254639e-01
2.623937726020812988e-01 -3.772981464862823486e-01 -1.414585262537002563e-01 -3.930273652076721191e-01 -1.528208851814270020e-01 6.059378385543823242e-02 -2.422345615923404694e-02 1.410727053880691528e-01 -4.432809650897979736e-01 -1.246921159327030182e-02
-6.640184670686721802e-02 -7.795239239931106567e-02 -1.582866162061691284e-01 -1.986597180366516113e-01 -1.640641838312149048e-01 3.011305630207061768e-02 -1.388472616672515869e-01 -3.036668002605438232e-01 6.076366081833839417e-02 5.440605431795120239e-02
2.576588988304138184e-01 -2.856330573558807373e-01 -1.696053147315979004e-01 -3.422003090381622314e-01 -9.972131997346878052e-02 -3.418807089328765869e-01 -6.197683513164520264e-02 1.261487305164337158e-01 -4.084546864032745361e-01 -3.024938404560089111e-01
-1.570175141096115112e-01 3.040367662906646729e-01 -3.596874326467514038e-02 3.281231038272380829e-04 -1.963467150926589966e-01 2.228211425244808197e-02 2.692154157557524741e-05 -1.582355350255966187e-01 1.097804009914398193e-01 -1.591698676347732544e-01
-1.283597499132156372e-01 3.793597519397735596e-01 -3.336984664201736450e-02 -1.105167567729949951e-01 -9.740822762250900269e-02 -9.935941547155380249e-02 -6.364612281322479248e-02 -1.127472892403602600e-01 -1.589282304048538208e-01 -1.125718057155609131e-01
7.534334808588027954e-02 1.363451778888702393e-01 -3.331252038478851318e-01 -2.188843339681625366e-01 2.349895890802145004e-03 1.889965385198593140e-01 1.059469953179359436e-01 -4.243282228708267212e-02 -3.093844093382358551e-02 1.024697646498680115e-01
-1.318221837282180786e-01 4.205981492996215820e-01 -4.085077904164791107e-03 -1.653294414281845093e-01 -1.378293037414550781e-01 -4.378000274300575256e-02 -8.614464849233627319e-02 -8.526513725519180298e-02 -1.930073797702789307e-01 -1.206822320818901062e-01
-8.128464221954345703e-02 -4.660509154200553894e-02 1.838026493787765503e-01 -5.372992902994155884e-02 -4.668956100940704346e-01 -2.661437392234802246e-01 -1.902553290128707886e-01 1.279319524765014648e-01 1.617112755775451660e-01 2.075443863868713379e-01
-1.429809331893920898e-01 2.729088366031646729e-01 4.977781325578689575e-02 -6.030613929033279419e-02 -1.043357998132705688e-01 -1.696618795394897461e-01 -1.342516243457794189e-01 -1.124649196863174438e-01 -2.262652963399887085e-01 -1.287926286458969116e-01
-1.514731943607330322e-01 6.037146970629692078e-02 7.074815034866333008e-02 2.610355317592620850e-01 -1.776873320341110229e-01 -2.347051650285720825e-01 -2.254386395215988159e-01 2.246511727571487427e-01 -1.507383733987808228e-01 9.405561536550521851e-02
-1.703227013349533081e-01 -2.527274489402770996e-01 4.752525687217712402e-02 -5.854815989732742310e-02 4.331564903259277344e-02 1.264224052429199219e-01 -1.393113285303115845e-01 -1.954531669616699219e-01 -3.649621307849884033e-01 -4.406429827213287354e-02
-9.614378213882446289e-02 -1.178246214985847473e-01 2.568211257457733154e-01 -2.597409486770629883e-01 9.178302437067031860e-02 -1.900058239698410034e-01 1.240093782544136047e-01 -3.586950302124023438e-01 4.070606231689453125e-01 1.179183423519134521e-01
-1.248391270637512207e-01 -2.702302299439907074e-02 1.733511835336685181e-01 3.788708746433258057e-01 -7.361423969268798828e-02 -1.417942345142364502e-01 -1.603501290082931519e-01 -2.964230179786682129e-01 -1.698690205812454224e-01 -1.602254956960678101e-01
2.755529433488845825e-02 -1.325636059045791626e-01 -1.703512519598007202e-01 -4.109347760677337646e-01 -1.693667657673358917e-02 -9.305235743522644043e-02 1.656376719474792480e-01 -3.155353367328643799e-01 -1.228246316313743591e-01 1.125358566641807556e-01
-6.994982063770294189e-02 -3.158956468105316162e-01 2.324439585208892822e-01 -2.732947170734405518e-01 2.627442479133605957e-01 -2.908990383148193359e-01 5.453561991453170776e-02 8.011113852262496948e-02 -3.730860948562622070e-01 -4.164963494986295700e-03
1.361072659492492676e-01 -3.164646625518798828e-01 -3.357836008071899414e-01 4.350841511040925980e-03 1.023552641272544861e-01 -1.564140319824218750e-01 -4.169084727764129639e-01 -7.372529804706573486e-02 1.620763689279556274e-01 2.582777291536331177e-02
-2.614365816116333008e-01 -8.157647401094436646e-02 -2.159875445067882538e-02 -1.663474887609481812e-01 2.492878139019012451e-01 -2.780328094959259033e-01 1.384075134992599487e-01 -2.051586806774139404e-01 -3.230767250061035156e-01 5.757524371147155762e-01
-2.236316800117492676e-01 3.445313125848770142e-02 -9.877930581569671631e-02 -7.114717364311218262e-02 -3.200456500053405762e-01 -3.385848999023437500e-01 -2.116548717021942139e-01 2.290428429841995239e-01 -2.124313563108444214e-01 3.733898401260375977e-01
-1.991111934185028076e-01 1.237169280648231506e-01 -7.032007724046707153e-02 -4.558347538113594055e-02 3.592412546277046204e-02 -1.408081203699111938e-01 1.089003682136535645e-01 1.028838753700256348e-01 -1.093856394290924072e-01 -1.443744301795959473e-01
-1.034770458936691284e-01 -4.859818518161773682e-02 -1.519385874271392822e-01 -6.059770286083221436e-02 3.061432540416717529e-01 1.591378748416900635e-01 -2.081915885210037231e-01 1.588448584079742432e-01 -1.348459720611572266e-01 1.348095387220382690e-02
-9.706225991249084473e-02 -2.388979196548461914e-01 -2.518495619297027588e-01 9.808721393346786499e-02 -2.743097767233848572e-02 -8.666118234395980835e-02 9.726864844560623169e-02 -2.896438539028167725e-01 1.227045133709907532e-01 -1.713285297155380249e-01
-1.600578725337982178e-01 1.884025931358337402e-01 -7.508577406406402588e-02 -1.535506248474121094e-01 -5.416963249444961548e-02 -1.830035448074340820e-01 -1.098052263259887695e-01 1.617006361484527588e-01 -2.227457463741302490e-01 5.982231721282005310e-02
-2.021894305944442749e-01 1.578301638364791870e-01 1.283007562160491943e-01 2.135390490293502808e-01 8.296338841319084167e-03 -1.970726549625396729e-01 -2.174920588731765747e-01 -4.184620827436447144e-02 -9.403420984745025635e-02 -1.542426645755767822e-01
1.789555512368679047e-02 -1.151328757405281067e-01 -8.129724115133285522e-02 -2.339594960212707520e-01 4.038690403103828430e-02 2.591475546360015869e-01 2.540759183466434479e-02 -1.715401411056518555e-01 1.289380192756652832e-01 -3.632845580577850342e-01
-2.993821799755096436e-01 1.663110107183456421e-01 3.252336382865905762e-01 -1.630908995866775513e-01 -2.182448357343673706e-01 1.756302267313003540e-02 -3.157804608345031738e-01 -3.820648789405822754e-02 -1.533050984144210815e-01 5.508179217576980591e-02
1.492326259613037109e-01 -1.042576506733894348e-01 -3.986357748508453369e-01 -1.209645643830299377e-01 -9.566665440797805786e-02 9.607537835836410522e-02 4.981518164277076721e-02 -2.883081138134002686e-01 -1.803880333900451660e-01 7.373268157243728638e-02
-1.283445805311203003e-01 4.010082781314849854e-01 -7.778774201869964600e-02 -1.046443507075309753e-01 -7.954170554876327515e-02 -6.143627315759658813e-02 -3.169610723853111267e-02 -9.323886781930923462e-02 -1.932363361120223999e-01 -9.338326752185821533e-02
-2.029560506343841553e-01 -1.917655318975448608e-01 -1.002449020743370056e-01 -2.487850338220596313e-01 2.670810520648956299e-01 7.364129275083541870e-02 -3.024384975433349609e-01 2.169038504362106323e-01 -3.860150277614593506e-01 -1.201991289854049683e-01
-7.780501991510391235e-02 9.670983254909515381e-02 -8.578221499919891357e-02 4.904522374272346497e-02 7.449856400489807129e-02 3.570471331477165222e-02 1.162133738398551941e-01 -1.242195889353752136e-01 -6.269505620002746582e-02 -2.542167007923126221e-01
7.525331526994705200e-02 -1.052496954798698425e-01 -4.062835276126861572e-01 1.851273775100708008e-01 -1.966020613908767700e-01 8.362494409084320068e-03 1.427282392978668213e-01 -3.191080177202820778e-03 -2.777728810906410217e-02 2.490923041477799416e-03
6.881756335496902466e-02 -1.610303968191146851e-01 1.646037772297859192e-02 3.463831264525651932e-03 -9.513231925666332245e-03 -3.694126009941101074e-02 1.730078309774398804e-01 -3.239524960517883301e-01 -2.267341166734695435e-01 -2.252599298954010010e-01
-2.477960102260112762e-02 -1.435588598251342773e-01 5.293412506580352783e-02 -2.322069406509399414e-01 1.677943021059036255e-01 -2.021361589431762695e-01 1.366116404533386230e-01 -5.028848648071289062e-01 1.734792590141296387e-01 1.680755019187927246e-01
6.358558684587478638e-02 -6.793704628944396973e-02 -2.919352054595947266e-01 -2.279423177242279053e-01 -3.077279031276702881e-01 8.144087158143520355e-03 -2.561895363032817841e-02 -1.749403178691864014e-01 1.525134295225143433e-01 3.189491033554077148e-01
-2.368242740631103516e-01 -5.459770560264587402e-02 8.072122931480407715e-02 -2.310007363557815552e-01 2.754998505115509033e-01 3.367854654788970947e-02 -8.296968787908554077e-02 -2.507733404636383057e-01 -1.848766654729843140e-01 -3.448146283626556396e-01
9.308528900146484375e-02 -1.669505238533020020e-01 -1.831064969301223755e-01 -1.979497028514742851e-03 8.439643681049346924e-02 -1.562441289424896240e-01 -2.445506006479263306e-01 -3.588356077671051025e-01 -9.840094484388828278e-03 -5.116388574242591858e-02
-1.797437369823455811e-01 -8.670289814472198486e-02 -3.277564644813537598e-01 -1.651619821786880493e-01 -4.826536774635314941e-02 -2.714915275573730469e-01 3.666684031486511230e-01 7.660833001136779785e-02 -3.154522478580474854e-01 6.098424084484577179e-03
-6.310092210769653320e-01 1.036494374275207520e-01 -4.175607487559318542e-02 1.567617356777191162e-01 -8.115398138761520386e-02 1.639059633016586304e-01 -3.283476829528808594e-01 6.826353818178176880e-02 1.244612112641334534e-01 -1.427847892045974731e-01
-4.893837869167327881e-01 9.142693132162094116e-03 -1.466131061315536499e-01 -5.448120459914207458e-02 -2.492685429751873016e-02 5.276946425437927246e-01 1.451188176870346069e-01 -9.831941127777099609e-02 -2.595447599887847900e-01 -1.067817062139511108e-01
-3.437415361404418945e-01 -7.657827809453010559e-03 2.877424098551273346e-02 -6.485444307327270508e-02 -2.210837900638580322e-01 9.590064734220504761e-02 1.747070401906967163e-01 2.554450556635856628e-02 -2.309135347604751587e-01 3.277709009125828743e-03
4.619987308979034424e-02 -2.381018549203872681e-01 3.587603569030761719e-01 -3.636592626571655273e-01 -2.636526823043823242e-01 -4.514369070529937744e-01 -1.881805360317230225e-01 2.074882686138153076e-01 -5.579866170883178711e-01 -1.237526163458824158e-01
-1.293190568685531616e-01 2.286696434020996094e-01 5.888600274920463562e-02 -2.074488997459411621e-02 1.039027869701385498e-01 -2.386098951101303101e-01 -1.711549907922744751e-01 1.763924807310104370e-01 5.837680399417877197e-02 -7.973171025514602661e-02
-3.735153004527091980e-02 -7.246695458889007568e-02 -3.127005100250244141e-01 -8.894855529069900513e-02 -1.103149354457855225e-01 4.136970043182373047e-01 1.386651098728179932e-01 -3.300227224826812744e-01 -2.170456647872924805e-01 -7.747326046228408813e-02
-9.762446582317352295e-02 -6.951259821653366089e-02 1.129628643393516541e-01 1.439088732004165649e-01 1.020026057958602905e-01 -3.404412791132926941e-02 -1.913146078586578369e-01 -2.615003287792205811e-01 -2.421614378690719604e-01 3.170781210064888000e-02
-8.847610652446746826e-02 -1.774932891130447388e-01 -1.219753473997116089e-01 1.411613374948501587e-01 -5.502476822584867477e-03 -1.250738278031349182e-02 -2.347248420119285583e-02 -6.412286893464624882e-04 -1.593466699123382568e-01 -1.059696543961763382e-02
8.608821034431457520e-02 -2.527266144752502441e-01 -3.634109199047088623e-01 -4.008126854896545410e-01 1.709506213665008545e-01 3.497361540794372559e-01 3.119360506534576416e-01 -5.426182970404624939e-02 -3.666330277919769287e-01 -1.434514671564102173e-01
-1.380542069673538208e-01 2.738941609859466553e-01 7.633602619171142578e-02 4.223501682281494141e-02 3.632548265159130096e-03 -2.483590096235275269e-01 -1.590027362108230591e-01 2.009381651878356934e-01 -4.276027902960777283e-02 -5.769490450620651245e-02
-1.068710722029209137e-02 -3.318567201495170593e-02 7.586915791034698486e-02 -1.798384785652160645e-01 -1.162760984152555466e-02 1.662651598453521729e-01 2.922121584415435791e-01 -4.181519523262977600e-02 -1.237230189144611359e-02 3.379324823617935181e-02
-1.572241634130477905e-01 -2.992575764656066895e-01 -2.010918967425823212e-02 -1.991621032357215881e-02 -1.941274851560592651e-01 9.152447804808616638e-03 -3.634996712207794189e-01 -1.296621263027191162e-01 -3.966957703232765198e-02 -3.161765336990356445e-01
-2.154862135648727417e-01 1.650509834289550781e-01 6.164278090000152588e-02 -1.149149015545845032e-01 -2.325723767280578613e-01 -9.778540581464767456e-02 1.931989490985870361e-01 -1.861032545566558838e-01 -1.523544639348983765e-01 -2.508132457733154297e-01
-2.583257108926773071e-02 -9.559184312820434570e-03 -2.757855318486690521e-02 -2.553752362728118896e-01 3.753459453582763672e-01 -8.693374693393707275e-02 2.405340969562530518e-02 -2.229377627372741699e-01 7.618659641593694687e-03 -6.306030750274658203e-01
-4.683212935924530029e-02 -1.111859455704689026e-01 -4.799476265907287598e-01 3.917543590068817139e-01 3.412733227014541626e-02 1.053089499473571777e-01 -5.905480310320854187e-02 -4.438256621360778809e-01 3.602807819843292236e-01 4.613304976373910904e-03
-7.079330086708068848e-02 3.011050820350646973e-01 -2.034528851509094238e-01 -1.060177683830261230e-01 -8.198688179254531860e-02 1.212420538067817688e-01 2.137120664119720459e-01 2.793696150183677673e-02 8.126378804445266724e-02 -2.561296103522181511e-03
3.326183259487152100e-01 -1.698200553655624390e-01 3.493660986423492432e-01 1.269752085208892822e-01 -5.540858507156372070e-01 -1.254927515983581543e-01 -5.321322083473205566e-01 -1.395034343004226685e-01 -1.201396137475967407e-01 -5.200837850570678711e-01
5.020144954323768616e-02 -2.652355432510375977e-01 -2.747202515602111816e-01 -7.343089580535888672e-02 1.030805259943008423e-01 2.407810837030410767e-02 2.070537507534027100e-01 7.260161638259887695e-02 -4.004610478878021240e-01 -2.054210519418120384e-03
8.449120074510574341e-02 -4.851236194372177124e-02 -1.352035347372293472e-02 1.258790213614702225e-02 1.317163705825805664e-01 2.409649454057216644e-02 8.074918389320373535e-02 -1.480596065521240234e-01 -2.263353019952774048e-01 -5.384373664855957031e-02
-1.322406977415084839e-01 2.750334739685058594e-01 6.502021104097366333e-03 2.208541147410869598e-02 -2.423978643491864204e-03 -1.803672313690185547e-01 -6.974267959594726562e-02 1.083543747663497925e-01 1.092808414250612259e-02 -6.138261407613754272e-02
4.506653845310211182e-01 -1.777496188879013062e-01 -3.635524213314056396e-01 2.024040557444095612e-02 -2.977764904499053955e-01 -1.368360128253698349e-02 -2.321581542491912842e-01 3.766398727893829346e-01 -4.894912540912628174e-01 -4.184099733829498291e-01
1.208951249718666077e-01 -2.185859680175781250e-01 1.431313622742891312e-02 6.041296571493148804e-02 -1.481097489595413208e-01 -1.941533386707305908e-02 -2.310246676206588745e-01 -2.390490621328353882e-01 1.150275394320487976e-01 -3.359655439853668213e-01
-1.207790747284889221e-01 8.673559129238128662e-02 -2.335779517889022827e-01 9.004145860671997070e-02 -1.297101825475692749e-01 9.283465147018432617e-02 -4.106993973255157471e-02 9.731364250183105469e-02 -9.958928078413009644e-02 1.245631575584411621e-01
-6.774482131004333496e-02 9.869240969419479370e-02 1.881323158740997314e-01 -4.640686139464378357e-02 -8.837243914604187012e-02 5.233595892786979675e-02 -2.191422134637832642e-01 7.432055473327636719e-02 -1.208355501294136047e-01 3.342597559094429016e-02
-3.401823043823242188e-01 -1.648515015840530396e-01 -8.684095740318298340e-02 -2.598823048174381256e-02 2.609473168849945068e-01 4.748467728495597839e-02 -4.684169292449951172e-01 1.229499503970146179e-01 5.846914369612932205e-03 7.487528771162033081e-02
2.879687547683715820e-01 -1.976813375949859619e-01 -2.001357525587081909e-01 -2.126367241144180298e-01 5.400849133729934692e-02 2.278543263673782349e-01 2.603471577167510986e-01 -2.357103526592254639e-01 -5.665982142090797424e-02 -9.642650932073593140e-02
-7.473011314868927002e-02 2.269723638892173767e-02 2.502098679542541504e-03 -4.048367738723754883e-01 -2.719335854053497314e-01 2.985052391886711121e-02 1.692730635404586792e-01 -2.571278624236583710e-02 1.829147934913635254e-01 -1.095189228653907776e-01
3.430662453174591064e-01 -2.718687951564788818e-01 -3.923870325088500977e-01 1.618394553661346436e-01 -3.615330457687377930e-01 4.350646957755088806e-02 -5.053095817565917969e-01 4.639500752091407776e-02 6.890427321195602417e-02 6.402644515037536621e-02
-2.631270699203014374e-02 -1.125976741313934326e-01 -1.756124757230281830e-02 5.158576741814613342e-02 -9.574417769908905029e-02 -1.028204932808876038e-01 -1.656036376953125000e-01 -1.658084094524383545e-01 -2.464881092309951782e-01 -2.282846719026565552e-01
-2.212324887514114380e-01 1.639348268508911133e-02 -9.777534753084182739e-02 -2.231074571609497070e-01 3.448656797409057617e-01 -1.879573464393615723e-01 -2.093276232481002808e-01 1.776927709579467773e-01 3.825908899307250977e-02 -1.498278230428695679e-01
