7.940381765365600586e-01
7.281164526939392090e-01
5.043891072273254395e-01
6.203366518020629883e-01
7.814197540283203125e-01
8.192365765571594238e-01
3.489011228084564209e-01
2.110690921545028687e-01
5.310687422752380371e-01
7.478212714195251465e-01
6.639044880867004395e-01
8.567366003990173340e-01
4.746927022933959961e-01
4.078884124755859375e-01
7.603726983070373535e-01
6.353764533996582031e-01
4.179125726222991943e-01
8.126817345619201660e-01
5.174383521080017090e-01
6.608833074569702148e-01
4.550186693668365479e-01
6.417590975761413574e-01
6.885397434234619141e-01
4.843851625919342041e-01
3.901042938232421875e-01
3.573112189769744873e-01
5.236176252365112305e-01
6.805034875869750977e-01
7.983453869819641113e-01
1.214300468564033508e-01
8.584882616996765137e-01
7.605679035186767578e-01
7.152481079101562500e-01
7.589129805564880371e-01
6.796270608901977539e-01
7.009583115577697754e-01
5.734931230545043945e-01
3.811476230621337891e-01
6.620538830757141113e-01
4.690241515636444092e-01
7.392973899841308594e-01
5.557299256324768066e-01
6.996209621429443359e-01
3.426713645458221436e-01
2.338369935750961304e-01
7.490566968917846680e-01
4.961088895797729492e-01
3.828695416450500488e-01
7.423697710037231445e-01
3.485377132892608643e-01
5.811457037925720215e-01
7.075705528259277344e-01
3.298849165439605713e-01
6.789079308509826660e-01
4.051631391048431396e-01
5.001214742660522461e-01
7.709099650382995605e-01
5.101661682128906250e-01
2.052790820598602295e-01
5.451541543006896973e-01
6.452277302742004395e-01
7.454497218132019043e-01
5.219362974166870117e-01
7.698222994804382324e-01
7.118307352066040039e-01
8.323093056678771973e-01
4.523778855800628662e-01
2.515124082565307617e-01
8.979401588439941406e-01
7.749459147453308105e-01
4.557485282421112061e-01
6.483177542686462402e-01
6.655722856521606445e-01
7.027922272682189941e-01
5.308609008789062500e-01
5.920347571372985840e-01
7.976770997047424316e-01
5.985715985298156738e-01
6.711042523384094238e-01
7.375051975250244141e-01
4.519189298152923584e-01
6.732741594314575195e-01
3.731302320957183838e-01
7.225862145423889160e-01
7.140883803367614746e-01
9.077648520469665527e-01
8.871185779571533203e-01
5.686710476875305176e-01
5.494386553764343262e-01
6.183434724807739258e-01
8.072544336318969727e-01
5.425867438316345215e-01
6.026100516319274902e-01
4.102479219436645508e-01
5.689294338226318359e-01
2.486625164747238159e-01
2.903663814067840576e-01
6.724506616592407227e-01
3.168368041515350342e-01
3.871430456638336182e-01
2.935778498649597168e-01
1.146070733666419983e-01
3.061812222003936768e-01
3.758321702480316162e-01
7.847822308540344238e-01
7.773455977439880371e-01
1.212528273463249207e-01
1.980837136507034302e-01
2.165270745754241943e-01
6.922622919082641602e-01
7.158055901527404785e-01
7.694138884544372559e-01
6.173292398452758789e-01
8.747780323028564453e-01
7.667019367218017578e-01
6.695439815521240234e-01
8.833717703819274902e-01
3.850816190242767334e-01
4.312528967857360840e-01
6.245747208595275879e-01
4.484288990497589111e-01
3.774842023849487305e-01
5.964415073394775391e-01
6.995839476585388184e-01
4.288313388824462891e-01
6.288541555404663086e-01
8.150656223297119141e-01
8.122981786727905273e-01
3.239184916019439697e-01
5.663079619407653809e-01
2.508800625801086426e-01
3.142110705375671387e-01
4.444656670093536377e-01
6.092474460601806641e-01
7.622979283332824707e-01
6.681287884712219238e-01
4.530117809772491455e-01
6.626600623130798340e-01
4.871951937675476074e-01
5.900408029556274414e-01
3.737366795539855957e-01
4.034096896648406982e-01
3.854874074459075928e-01
8.202098011970520020e-01
3.948046863079071045e-01
3.538725078105926514e-01
6.113305687904357910e-01
7.717776298522949219e-01
2.513766884803771973e-01
6.320563554763793945e-01
6.547061204910278320e-01
2.939196228981018066e-01
7.981463074684143066e-01
4.209775924682617188e-01
3.708245456218719482e-01
7.711132168769836426e-01
5.597172975540161133e-01
8.069746494293212891e-01
7.844170928001403809e-01
3.540400564670562744e-01
6.830540299415588379e-01
6.176940798759460449e-01
7.710466980934143066e-01
7.651312351226806641e-01
6.442307829856872559e-01
6.800775527954101562e-01
7.840819954872131348e-01
8.268399238586425781e-01
7.672060728073120117e-01
5.989600419998168945e-01
4.689911901950836182e-01
5.169667005538940430e-01
3.799083828926086426e-01
6.656137704849243164e-01
3.201484084129333496e-01
6.480842828750610352e-01
7.165169715881347656e-01
8.053660392761230469e-01
6.505463719367980957e-01
2.196781784296035767e-01
7.453854680061340332e-01
7.812405228614807129e-01
5.967086553573608398e-01
7.447685003280639648e-01
3.730765581130981445e-01
6.150100231170654297e-01
8.009920120239257812e-01
5.807329416275024414e-01
3.666233122348785400e-01
7.789827585220336914e-01
3.889352381229400635e-01
4.031632542610168457e-01
7.575799822807312012e-01
1.188840717077255249e-01
6.718714833259582520e-01
5.728378891944885254e-01
8.464574217796325684e-01
8.272116184234619141e-01
4.236556291580200195e-01
7.093072533607482910e-01
3.874797224998474121e-01
4.804381728172302246e-01
4.408783316612243652e-01
3.777961134910583496e-01
7.534142732620239258e-01
5.938448905944824219e-01
6.261311769485473633e-01
7.986394166946411133e-01
3.035827279090881348e-01
2.567523717880249023e-01
6.489043831825256348e-01
2.109202593564987183e-01
3.605069220066070557e-01
4.833748638629913330e-01
6.959006190299987793e-01
-2.121140481904149055e-03
1.734958738088607788e-01
6.036091446876525879e-01
5.045863986015319824e-01
8.373479843139648438e-01
5.308576822280883789e-01
7.949582934379577637e-01
2.404822111129760742e-01
2.576689124107360840e-01
6.347038745880126953e-01
