-1.573414504528045654e-01
-1.569596230983734131e-01
-1.576868593692779541e-01
-1.566506028175354004e-01
-1.569777876138687134e-01
-1.569959819316864014e-01
-1.574142724275588989e-01
-1.573050469160079956e-01
-1.577048301696777344e-01
-1.574322283267974854e-01
-1.566323935985565186e-01
-1.550869941711425781e-01
-1.560870260000228882e-01
-1.573232263326644897e-01
-1.561414897441864014e-01
-1.578504145145416260e-01
-1.566323041915893555e-01
-1.563232541084289551e-01
-1.564505696296691895e-01
-1.564322710037231445e-01
-1.573596447706222534e-01
-1.563414931297302246e-01
-1.559415608644485474e-01
-1.578505486249923706e-01
-1.577413231134414673e-01
-1.571049541234970093e-01
-1.576867699623107910e-01
-1.569778770208358765e-01
-1.581050455570220947e-01
-1.574505865573883057e-01
-1.575778722763061523e-01
-1.568140089511871338e-01
-1.571959108114242554e-01
-1.580323427915573120e-01
-1.549415737390518188e-01
-1.539050787687301636e-01
-1.523966640233993530e-01
-1.481605768203735352e-01
-1.425244808197021484e-01
-1.393793821334838867e-01
-1.368166059255599976e-01
-1.392528414726257324e-01
-1.382168233394622803e-01
-1.425978839397430420e-01
-1.423614323139190674e-01
-1.452336013317108154e-01
-1.475426405668258667e-01
-1.507059186697006226e-01
-1.512876451015472412e-01
-1.544326990842819214e-01
-1.561051756143569946e-01
-1.573778092861175537e-01
-1.568688005208969116e-01
-1.584319919347763062e-01
-1.580139249563217163e-01
-1.571414023637771606e-01
-1.569414287805557251e-01
-1.569776982069015503e-01
-1.567777097225189209e-01
-1.549053788185119629e-01
-1.574323922395706177e-01
-1.574503779411315918e-01
-1.530147790908813477e-01
-1.394156366586685181e-01
-1.266719847917556763e-01
-1.087452471256256104e-01
-1.019639149308204651e-01
-1.056183204054832458e-01
-1.174730509519577026e-01
-1.374909281730651855e-01
-1.579456478357315063e-01
-1.741455048322677612e-01
-1.799632459878921509e-01
-1.747450381517410278e-01
-1.688538640737533569e-01
-1.541459113359451294e-01
-1.363091617822647095e-01
-1.288181543350219727e-01
-1.340175122022628784e-01
-1.478697210550308228e-01
-1.519421339035034180e-01
-1.556507349014282227e-01
-1.574140787124633789e-01
-1.573050320148468018e-01
-1.568867117166519165e-01
-1.569413393735885620e-01
-1.575050204992294312e-01
-1.575958877801895142e-01
-1.554324924945831299e-01
-1.472151130437850952e-01
-1.343986690044403076e-01
-1.053821071982383728e-01
-8.578207343816757202e-02
-8.190914988517761230e-02
-9.447317570447921753e-02
-1.167999953031539917e-01
-1.503999978303909302e-01
-1.973456591367721558e-01
-2.366908937692642212e-01
-2.609629929065704346e-01
-2.657813727855682373e-01
-2.495450228452682495e-01
-2.207091897726058960e-01
-1.843816339969635010e-01
-1.496366113424301147e-01
-1.283457875251770020e-01
-1.178731247782707214e-01
-1.279997676610946655e-01
-1.399438679218292236e-01
-1.533418595790863037e-01
-1.566142886877059937e-01
-1.562869399785995483e-01
-1.576321721076965332e-01
-1.572322994470596313e-01
-1.579412370920181274e-01
-1.558869630098342896e-01
-1.488333493471145630e-01
-1.159819811582565308e-01
-8.961842954158782959e-02
-6.934534013271331787e-02
-6.285472214221954346e-02
-8.487296849489212036e-02
-1.327095031738281250e-01
-2.037996500730514526e-01
-2.980183064937591553e-01
-4.028720557689666748e-01
-4.837636649608612061e-01
-5.341460704803466797e-01
-5.219261050224304199e-01
-4.567281901836395264e-01
-3.695456087589263916e-01
-2.721090614795684814e-01
-1.863821446895599365e-01
-1.372544467449188232e-01
-1.134912967681884766e-01
-1.086547374725341797e-01
-1.162365376949310303e-01
-1.373261064291000366e-01
-1.546328514814376831e-01
-1.575776487588882446e-01
-1.573777496814727783e-01
-1.581231653690338135e-01
-1.564140468835830688e-01
-1.516332179307937622e-01
-1.193820387125015259e-01
-8.172757178544998169e-02
-5.212752893567085266e-02
-3.652733191847801208e-02
-4.694551602005958557e-02
-1.006726250052452087e-01
-1.930178701877593994e-01
-3.023815751075744629e-01
-4.267448782920837402e-01
-5.471997857093811035e-01
-6.327093839645385742e-01
-6.660355925559997559e-01
-6.487294435501098633e-01
-5.703983306884765625e-01
-4.568173289299011230e-01
-3.251459300518035889e-01
-2.108176946640014648e-01
-1.366363763809204102e-01
-1.049818918108940125e-01
-1.070730164647102356e-01
-1.093457043170928955e-01
-1.172548756003379822e-01
-1.436708122491836548e-01
-1.553961485624313354e-01
-1.577413380146026611e-01
-1.575957536697387695e-01
-1.536327600479125977e-01
-1.354715526103973389e-01
-8.687260001897811890e-02
-4.432749748229980469e-02
-1.854547858238220215e-02
-1.660000346601009369e-02
-5.196364223957061768e-02
-1.500726342201232910e-01
-2.875453531742095947e-01
-4.355080425739288330e-01
-5.680352449417114258e-01
-6.615819334983825684e-01
-7.121632695198059082e-01
-7.305086851119995117e-01
-7.052706480026245117e-01
-6.496534347534179688e-01
-5.385262370109558105e-01
-3.868537247180938721e-01
-2.312368452548980713e-01
-1.144182458519935608e-01
-7.825426757335662842e-02
-8.923645317554473877e-02
-1.128728687763214111e-01
-1.133638992905616760e-01
-1.270364969968795776e-01
-1.546508818864822388e-01
-1.571778655052185059e-01
-1.555779278278350830e-01
-1.431799232959747314e-01
-1.084185242652893066e-01
-5.874548479914665222e-02
-1.890915259718894958e-02
1.418184023350477219e-02
6.072719115763902664e-03
-8.132747560739517212e-02
-2.306000441312789917e-01
-4.213634133338928223e-01
-5.763996243476867676e-01
-6.465256810188293457e-01
-6.601790785789489746e-01
-6.483805179595947266e-01
-6.445449590682983398e-01
-6.502364277839660645e-01
-6.465818285942077637e-01
-5.793805122375488281e-01
-4.505993723869323730e-01
-2.736721038818359375e-01
-1.182364597916603088e-01
-5.309073626995086670e-02
-7.287269085645675659e-02
-1.071276143193244934e-01
-1.138002872467041016e-01
-1.225094646215438843e-01
-1.544328629970550537e-01
-1.571049690246582031e-01
-1.521783918142318726e-01
-1.239823326468467712e-01
-8.678200095891952515e-02
-4.041828587651252747e-02
9.709053672850131989e-03
4.319997504353523254e-02
9.272709488868713379e-03
-1.218002364039421082e-01
-3.341813981533050537e-01
-5.512000918388366699e-01
-6.455268859863281250e-01
-6.186351180076599121e-01
-5.374898314476013184e-01
-4.794168770313262939e-01
-4.763991236686706543e-01
-5.128722190856933594e-01
-5.654359459877014160e-01
-5.870895385742187500e-01
-4.924728572368621826e-01
-3.201455175876617432e-01
-1.325271278619766235e-01
-5.367247760295867920e-02
-5.876376107335090637e-02
-9.870925545692443848e-02
-1.159093007445335388e-01
-1.241639927029609680e-01
-1.535238325595855713e-01
-1.569233685731887817e-01
-1.466700732707977295e-01
-1.111093983054161072e-01
-8.512749522924423218e-02
-2.989100106060504913e-02
2.609092555940151215e-02
5.554546415805816650e-02
-1.158187631517648697e-02
-1.891815364360809326e-01
-4.459439814090728760e-01
-6.060528755187988281e-01
-6.198906898498535156e-01
-5.215817689895629883e-01
-4.033455848693847656e-01
-3.238544464111328125e-01
-3.356904089450836182e-01
-3.971811532974243164e-01
-4.854910671710968018e-01
-5.474178791046142578e-01
-4.894908070564270020e-01
-3.397633433341979980e-01
-1.485451757907867432e-01
-4.818206652998924255e-02
-4.501836001873016357e-02
-7.594577223062515259e-02
-1.084002852439880371e-01
-1.281815022230148315e-01
-1.551235765218734741e-01
-1.544508486986160278e-01
-1.461611539125442505e-01
-1.113820672035217285e-01
-8.267298340797424316e-02
-2.741815522313117981e-02
3.069086559116840363e-02
4.787260666489601135e-02
-5.678183585405349731e-02
-2.710911035537719727e-01
-5.127083063125610352e-01
-6.090514659881591797e-01
-5.628529191017150879e-01
-4.204919338226318359e-01
-2.936547696590423584e-01
-2.473456412553787231e-01
-2.852174639701843262e-01
-3.479279577732086182e-01
-4.541455507278442383e-01
-5.177087187767028809e-01
-4.690900444984436035e-01
-3.260181248188018799e-01
-1.519270092248916626e-01
-5.121839419007301331e-02
-3.892736136913299561e-02
-6.780022382736206055e-02
-1.062004864215850830e-01
-1.369078755378723145e-01
-1.544326096773147583e-01
-1.552870273590087891e-01
-1.472882181406021118e-01
-1.178730726242065430e-01
-8.670922368764877319e-02
-3.098180517554283142e-02
2.574545331299304962e-02
9.400003589689731598e-03
-1.264543533325195312e-01
-3.595808148384094238e-01
-5.480178594589233398e-01
-5.807999372482299805e-01
-4.902357757091522217e-01
-3.606178164482116699e-01
-2.763454616069793701e-01
-2.783455550670623779e-01
-3.174000084400177002e-01
-3.888362646102905273e-01
-4.785277247428894043e-01
-4.990717470645904541e-01
-4.325815439224243164e-01
-2.955090701580047607e-01
-1.586915105581283569e-01
-5.569095537066459656e-02
-3.247274458408355713e-02
-5.970906838774681091e-02
-1.130365505814552307e-01
-1.442701518535614014e-01
-1.566142588853836060e-01
-1.565234065055847168e-01
-1.518147140741348267e-01
-1.312175840139389038e-01
-9.209091216325759888e-02
-3.661834448575973511e-02
2.800031565129756927e-03
-3.754545375704765320e-02
-1.971451640129089355e-01
-4.204914867877960205e-01
-5.492717027664184570e-01
-5.249803066253662109e-01
-4.325458407402038574e-01
-3.337273299694061279e-01
-3.211450874805450439e-01
-3.641808331012725830e-01
-4.103451669216156006e-01
-4.737805724143981934e-01
-5.166724920272827148e-01
-4.786539971828460693e-01
-3.886730372905731201e-01
-2.745999693870544434e-01
-1.716002523899078369e-01
-7.818198204040527344e-02
-4.376371949911117554e-02
-5.634563788771629333e-02
-1.164726912975311279e-01
-1.476880609989166260e-01
-1.570504456758499146e-01
-1.581411063671112061e-01
-1.559597700834274292e-01
-1.415798068046569824e-01
-1.004183292388916016e-01
-3.985464200377464294e-02
-2.020002529025077820e-02
-7.636360824108123779e-02
-2.427089512348175049e-01
-4.455097615718841553e-01
-5.371255278587341309e-01
-4.908552169799804688e-01
-4.034538269042968750e-01
-3.553628921508789062e-01
-3.960726559162139893e-01
-4.660364687442779541e-01
-5.219277739524841309e-01
-5.466541051864624023e-01
-5.449072718620300293e-01
-4.758911728858947754e-01
-3.826724290847778320e-01
-2.804540991783142090e-01
-1.953447908163070679e-01
-1.050002872943878174e-01
-5.150909349322319031e-02
-5.167277902364730835e-02
-1.070001274347305298e-01
-1.462338715791702271e-01
-1.553416550159454346e-01
-1.573233008384704590e-01
-1.565596312284469604e-01
-1.491789370775222778e-01
-1.108366027474403381e-01
-4.338189214468002319e-02
-3.549081087112426758e-02
-1.021817326545715332e-01
-2.601820230484008789e-01
-4.523447453975677490e-01
-5.328903198242187500e-01
-4.897636473178863525e-01
-4.258537888526916504e-01
-4.001449644565582275e-01
-4.900552034378051758e-01
-5.535264611244201660e-01
-5.906540751457214355e-01
-5.760731697082519531e-01
-5.623996853828430176e-01
-4.933269917964935303e-01
-3.970719575881958008e-01
-3.135638833045959473e-01
-2.205090373754501343e-01
-1.214911341667175293e-01
-5.094544962048530579e-02
-5.132733285427093506e-02
-9.240024536848068237e-02
-1.438886970281600952e-01
-1.574140787124633789e-01
-1.567958295345306396e-01
-1.556869149208068848e-01
-1.492696553468704224e-01
-1.089818552136421204e-01
-4.627284035086631775e-02
-4.572721570730209351e-02
-1.127454712986946106e-01
-2.701997756958007812e-01
-4.403085410594940186e-01
-5.225448608398437500e-01
-4.963089227676391602e-01
-4.489981830120086670e-01
-4.611088931560516357e-01
-5.351269245147705078e-01
-5.806172490119934082e-01
-5.753636956214904785e-01
-5.597435832023620605e-01
-5.613627433776855469e-01
-5.078368782997131348e-01
-4.262355864048004150e-01
-3.361999094486236572e-01
-2.259089052677154541e-01
-1.155095025897026062e-01
-5.225458368659019470e-02
-4.952724277973175049e-02
-8.956378698348999023e-02
-1.397436857223510742e-01
-1.554690003395080566e-01
-1.590140461921691895e-01
-1.568689048290252686e-01
-1.498875021934509277e-01
-1.001454219222068787e-01
-4.789094999432563782e-02
-5.330913513898849487e-02
-1.231275647878646851e-01
-2.663452327251434326e-01
-4.239816665649414062e-01
-4.872902929782867432e-01
-4.727813005447387695e-01
-4.432547688484191895e-01
-4.567270874977111816e-01
-5.030357241630554199e-01
-5.194543600082397461e-01
-5.091825127601623535e-01
-5.156178474426269531e-01
-5.448356270790100098e-01
-5.042722821235656738e-01
-4.519813060760498047e-01
-3.553634583950042725e-01
-2.161639779806137085e-01
-9.092734754085540771e-02
-3.749090433120727539e-02
-4.416390880942344666e-02
-8.967284113168716431e-02
-1.378897577524185181e-01
-1.545780748128890991e-01
-1.561777442693710327e-01
-1.555597931146621704e-01
-1.466522514820098877e-01
-9.249106049537658691e-02
-4.736373201012611389e-02
-5.625458806753158569e-02
-1.238185018301010132e-01
-2.741997838020324707e-01
-4.060178101062774658e-01
-4.571457505226135254e-01
-4.413269162178039551e-01
-4.100718498229980469e-01
-4.109442830085754395e-01
-4.297448992729187012e-01
-4.316341876983642578e-01
-4.445630013942718506e-01
-4.821624159812927246e-01
-5.294188857078552246e-01
-5.242722630500793457e-01
-4.665997326374053955e-01
-3.406364619731903076e-01
-1.718361228704452515e-01
-5.980001389980316162e-02
-2.587270922958850861e-02
-4.750924184918403625e-02
-9.616392850875854492e-02
-1.348171979188919067e-01
-1.569959372282028198e-01
-1.586140543222427368e-01
-1.564142107963562012e-01
-1.385801434516906738e-01
-8.445499092340469360e-02
-4.725461080670356750e-02
-6.229128316044807434e-02
-1.340003907680511475e-01
-2.786539196968078613e-01
-4.077455103397369385e-01
-4.439816176891326904e-01
-4.200909137725830078e-01
-3.838905990123748779e-01
-3.672552704811096191e-01
-3.826730549335479736e-01
-3.929089009761810303e-01
-4.265457987785339355e-01
-4.960540831089019775e-01
-5.397447943687438965e-01
-5.448912382125854492e-01
-4.535451531410217285e-01
-2.862543463706970215e-01
-1.171275153756141663e-01
-2.734543755650520325e-02
-1.138179190456867218e-02
-5.374554172158241272e-02
-1.010366231203079224e-01
-1.411979943513870239e-01
-1.559052020311355591e-01
-1.574324220418930054e-01
-1.553416103124618530e-01
-1.329440921545028687e-01
-8.290900290012359619e-02
-4.810919985175132751e-02
-6.001839414238929749e-02
-1.270910054445266724e-01
-2.639816701412200928e-01
-3.994727432727813721e-01
-4.544721245765686035e-01
-4.330176711082458496e-01
-3.878904581069946289e-01
-3.905824422836303711e-01
-4.063444137573242188e-01
-4.435279369354248047e-01
-4.836185276508331299e-01
-5.393998622894287109e-01
-5.733085274696350098e-01
-5.452003479003906250e-01
-3.988178372383117676e-01
-1.965993940830230713e-01
-4.358186945319175720e-02
1.345454715192317963e-02
-9.418168105185031891e-03
-6.860003620386123657e-02
-1.057638823986053467e-01
-1.387259364128112793e-01
-1.564140468835830688e-01
-1.575230807065963745e-01
-1.558507978916168213e-01
-1.267632395029067993e-01
-8.458215743303298950e-02
-4.761816188693046570e-02
-5.594551190733909607e-02
-1.096000745892524719e-01
-2.343820333480834961e-01
-3.878181278705596924e-01
-4.820544719696044922e-01
-4.989995062351226807e-01
-4.865446090698242188e-01
-4.889822006225585938e-01
-5.225636959075927734e-01
-5.375633835792541504e-01
-5.550724267959594727e-01
-5.902745127677917480e-01
-5.894368886947631836e-01
-4.741640388965606689e-01
-2.765450477600097656e-01
-9.078234434127807617e-02
2.103632688522338867e-02
3.578178957104682922e-02
-1.343639940023422241e-02
-7.498199492692947388e-02
-1.078548803925514221e-01
-1.443797349929809570e-01
-1.569051146507263184e-01
-1.586138308048248291e-01
-1.549416184425354004e-01
-1.313447654247283936e-01
-8.990906178951263428e-02
-5.445475503802299500e-02
-4.307279363274574280e-02
-8.449078351259231567e-02
-1.797445267438888550e-01
-3.294366598129272461e-01
-4.763803184032440186e-01
-5.744189023971557617e-01
-6.216716766357421875e-01
-6.356552243232727051e-01
-6.426175236701965332e-01
-6.352187395095825195e-01
-6.249284148216247559e-01
-5.999994874000549316e-01
-5.155450105667114258e-01
-3.432544767856597900e-01
-1.535273790359497070e-01
-1.918180659413337708e-02
4.290913790464401245e-02
2.285456471145153046e-02
-3.614554926753044128e-02
-8.496375381946563721e-02
-1.201816648244857788e-01
-1.492153257131576538e-01
-1.571050286293029785e-01
-1.575958579778671265e-01
-1.591230779886245728e-01
-1.366531997919082642e-01
-1.011638119816780090e-01
-7.056348770856857300e-02
-4.987278208136558533e-02
-6.387288868427276611e-02
-1.452545225620269775e-01
-2.742909789085388184e-01
-4.235081672668457031e-01
-5.624546408653259277e-01
-6.539637446403503418e-01
-6.890739798545837402e-01
-6.918184757232666016e-01
-6.550915241241455078e-01
-5.968007445335388184e-01
-5.119087696075439453e-01
-3.817268908023834229e-01
-2.307090312242507935e-01
-7.847277820110321045e-02
4.163623787462711334e-03
1.861820556223392487e-02
-1.467278320342302322e-02
-5.765474587678909302e-02
-9.638182818889617920e-02
-1.387619227170944214e-01
-1.541964411735534668e-01
-1.583048999309539795e-01
-1.570868939161300659e-01
-1.568868905305862427e-01
-1.477971673011779785e-01
-1.230365931987762451e-01
-9.520030021667480469e-02
-7.587305456399917603e-02
-7.029093801975250244e-02
-1.154726892709732056e-01
-2.200907617807388306e-01
-3.551642298698425293e-01
-4.880171418190002441e-01
-5.947437286376953125e-01
-6.395093798637390137e-01
-6.278895139694213867e-01
-5.748550295829772949e-01
-4.862547516822814941e-01
-3.826356828212738037e-01
-2.674724459648132324e-01
-1.637818068265914917e-01
-7.920050621032714844e-02
-4.052725434303283691e-02
-3.436357527971267700e-02
-5.018189549446105957e-02
-8.565472066402435303e-02
-1.245274245738983154e-01
-1.504696607589721680e-01
-1.566869765520095825e-01
-1.567957997322082520e-01
-1.551414430141448975e-01
-1.554324775934219360e-01
-1.555961966514587402e-01
-1.455795913934707642e-01
-1.191276237368583679e-01
-1.015092283487319946e-01
-8.969141542911529541e-02
-1.033820956945419312e-01
-1.552734971046447754e-01
-2.311090379953384399e-01
-3.234192728996276855e-01
-4.011271595954895020e-01
-4.347462654113769531e-01
-4.100371003150939941e-01
-3.724911808967590332e-01
-3.094178140163421631e-01
-2.519636750221252441e-01
-1.967271864414215088e-01
-1.572363227605819702e-01
-1.144551336765289307e-01
-9.021834284067153931e-02
-7.561816275119781494e-02
-8.798188716173171997e-02
-1.159818097949028015e-01
-1.428525298833847046e-01
-1.542692333459854126e-01
-1.553961187601089478e-01
-1.567962467670440674e-01
-1.573413908481597900e-01
-1.572141498327255249e-01
-1.588866561651229858e-01
-1.555596441030502319e-01
-1.423248946666717529e-01
-1.226544305682182312e-01
-1.157641112804412842e-01
-1.252551823854446411e-01
-1.511999666690826416e-01
-1.941995024681091309e-01
-2.418723553419113159e-01
-2.710907161235809326e-01
-2.862904965877532959e-01
-2.700909972190856934e-01
-2.485809028148651123e-01
-2.242180258035659790e-01
-2.126541286706924438e-01
-1.956544220447540283e-01
-1.662907898426055908e-01
-1.344546675682067871e-01
-1.071093529462814331e-01
-1.049275249242782593e-01
-1.186544150114059448e-01
-1.403436511754989624e-01
-1.531057208776473999e-01
-1.559415757656097412e-01
-1.569595485925674438e-01
-1.561051160097122192e-01
-1.557959169149398804e-01
-1.575049459934234619e-01
-1.575777232646942139e-01
-1.569959968328475952e-01
-1.561233848333358765e-01
-1.422161608934402466e-01
-1.237088441848754883e-01
-1.268183588981628418e-01
-1.453270018100738525e-01
-1.693813204765319824e-01
-1.962904930114746094e-01
-2.184358090162277222e-01
-2.265266627073287964e-01
-2.151634395122528076e-01
-1.935639828443527222e-01
-1.720549762248992920e-01
-1.590178310871124268e-01
-1.408543586730957031e-01
-1.238367408514022827e-01
-1.112729385495185852e-01
-1.143457368016242981e-01
-1.323446035385131836e-01
-1.506512463092803955e-01
-1.551234573125839233e-01
-1.563231498003005981e-01
-1.582867056131362915e-01
-1.564323306083679199e-01
-1.577412039041519165e-01
-1.561050713062286377e-01
-1.565777808427810669e-01
-1.564324200153350830e-01
-1.575048118829727173e-01
-1.555780023336410522e-01
-1.540689319372177124e-01
-1.530328989028930664e-01
-1.467973291873931885e-01
-1.445432752370834351e-01
-1.395980864763259888e-01
-1.314357370138168335e-01
-1.318720877170562744e-01
-1.285998672246932983e-01
-1.251457333564758301e-01
-1.212184950709342957e-01
-1.198000758886337280e-01
-1.183091253042221069e-01
-1.241635754704475403e-01
-1.335261613130569458e-01
-1.461972147226333618e-01
-1.514694392681121826e-01
-1.540871560573577881e-01
-1.570504754781723022e-01
-1.573410779237747192e-01
-1.583775132894515991e-01
-1.572685986757278442e-01
-1.585775613784790039e-01
-1.561595946550369263e-01
