1.605521887540817261e-02 -3.143341094255447388e-02 -1.884325742721557617e-01 -1.883719861507415771e-01 -1.275802254676818848e-01 -1.391047984361648560e-01 1.246682852506637573e-01 -1.823209375143051147e-01 -1.708217561244964600e-01 7.010012120008468628e-02
2.575675956904888153e-02 -1.612882465124130249e-01 -2.475487589836120605e-01 -2.857259511947631836e-01 -1.262731850147247314e-02 -1.358816921710968018e-01 1.897660791873931885e-01 3.683528676629066467e-02 2.871358953416347504e-02 1.832140237092971802e-02
6.424717605113983154e-02 -2.738828361034393311e-01 -7.303015887737274170e-02 -1.444556713104248047e-01 8.896103501319885254e-02 -1.388301849365234375e-01 1.772625297307968140e-01 -2.029106020927429199e-01 5.889554694294929504e-02 1.302147060632705688e-01
-5.571251362562179565e-02 -2.770391404628753662e-01 6.017923727631568909e-02 -2.130698710680007935e-01 9.539859741926193237e-02 -1.725838631391525269e-01 1.070815548300743103e-01 1.573000252246856689e-01 -3.894463479518890381e-01 1.179992407560348511e-01
-1.260198354721069336e-01 2.785312235355377197e-01 -5.531451478600502014e-02 -1.137170419096946716e-01 -8.341391384601593018e-02 3.065784461796283722e-02 5.335883051156997681e-02 -8.076827228069305420e-02 -1.779070124030113220e-02 -9.260641038417816162e-02
-1.527048349380493164e-01 1.515247523784637451e-01 6.051500886678695679e-02 7.458794116973876953e-02 -3.312397748231887817e-02 -1.171213537454605103e-01 -7.994012534618377686e-02 2.808518894016742706e-02 -3.946932405233383179e-02 -7.173551619052886963e-02
-2.154769301414489746e-01 -1.458447985351085663e-02 1.637325137853622437e-01 4.725670814514160156e-02 -1.104814484715461731e-01 -1.520534455776214600e-01 -2.833442091941833496e-01 2.861293405294418335e-02 6.526207923889160156e-02 7.731199264526367188e-02
4.442813619971275330e-02 -9.663420915603637695e-02 3.633520007133483887e-02 -1.665945798158645630e-01 -1.631387323141098022e-01 -1.737160980701446533e-01 -2.189154624938964844e-01 -4.890152066946029663e-02 -3.219750151038169861e-02 -2.336425036191940308e-01
-1.238717883825302124e-01 6.141451746225357056e-02 -1.971093863248825073e-01 -6.013942882418632507e-02 1.172300279140472412e-01 8.452162146568298340e-02 -1.843464821577072144e-01 1.644712090492248535e-01 9.822228550910949707e-02 2.712530549615621567e-03
-1.952275782823562622e-01 7.052969932556152344e-02 6.071605533361434937e-02 -5.208578333258628845e-02 -1.236188039183616638e-02 2.000675052404403687e-01 -4.062534868717193604e-02 -4.449516534805297852e-02 -5.380240455269813538e-02 -6.739373505115509033e-02
-1.449424177408218384e-01 1.556614190340042114e-01 -1.825672537088394165e-01 -1.493225991725921631e-01 8.709470182657241821e-02 6.352316588163375854e-02 -1.086945012211799622e-01 9.358566254377365112e-02 -7.415458559989929199e-02 6.990313529968261719e-02
-1.686762273311614990e-01 4.708683118224143982e-02 2.686533331871032715e-02 9.217811375856399536e-02 -1.141528878360986710e-02 -1.045209914445877075e-02 6.946135312318801880e-02 -2.702215500175952911e-02 -8.878805488348007202e-02 -1.723588556051254272e-01
-7.193111628293991089e-02 -5.831310991197824478e-04 -2.294889241456985474e-01 6.082387641072273254e-02 -1.410581544041633606e-02 8.928546309471130371e-02 -1.257052123546600342e-01 1.125907003879547119e-01 5.180086567997932434e-02 -7.609347999095916748e-02
-5.499543994665145874e-02 -1.494308095425367355e-02 -1.210708916187286377e-01 3.057825751602649689e-02 1.632087677717208862e-01 2.086866088211536407e-02 -3.706833720207214355e-02 -3.369019329547882080e-01 -1.275689750909805298e-01 -6.812417507171630859e-02
-2.322134226560592651e-01 -5.303945019841194153e-02 -1.438376605510711670e-01 -1.653632670640945435e-01 8.120527118444442749e-02 -2.340790182352066040e-01 -2.342912703752517700e-01 1.971020400524139404e-01 -2.770452201366424561e-01 1.016565710306167603e-01
-8.290036022663116455e-02 1.130565330386161804e-01 -1.472490839660167694e-03 2.656133174896240234e-01 -1.091259568929672241e-01 -6.116218119859695435e-02 -6.465049833059310913e-02 -1.196749657392501831e-01 -4.560847952961921692e-02 -1.086737364530563354e-01
-6.856516748666763306e-02 -1.627970635890960693e-01 -3.055440783500671387e-01 -1.892844773828983307e-02 5.520935356616973877e-02 2.974434569478034973e-02 4.609657078981399536e-02 -1.055838018655776978e-01 1.453626304864883423e-01 -8.841175585985183716e-02
-1.441708803176879883e-01 2.239113450050354004e-01 -8.287119120359420776e-02 -6.613492220640182495e-02 -3.929336741566658020e-02 5.723379924893379211e-02 1.050504073500633240e-01 -8.015395700931549072e-02 -3.282407298684120178e-02 -9.920733422040939331e-02
-1.389711350202560425e-01 -9.187554568052291870e-02 -3.186382949352264404e-01 1.048706099390983582e-01 8.036910742521286011e-02 8.600442856550216675e-02 -9.050316363573074341e-02 -1.018399447202682495e-01 3.081364184617996216e-02 -4.665438085794448853e-02
-1.695072650909423828e-01 1.719512194395065308e-01 -2.103536203503608704e-02 -1.011640802025794983e-01 -3.430127725005149841e-02 -5.427027121186256409e-02 -1.360918283462524414e-01 9.217163920402526855e-02 1.856311261653900146e-01 -4.325287789106369019e-02
-8.955886960029602051e-02 -2.212779223918914795e-01 5.847288668155670166e-02 1.351806521415710449e-01 -1.731159240007400513e-01 -1.109417900443077087e-01 -3.531771302223205566e-01 7.683911174535751343e-02 -2.517183423042297363e-01 -3.247606456279754639e-01
-2.644632756710052490e-01 5.211657378822565079e-03 1.441710442304611206e-01 2.213036119937896729e-01 -1.685826331377029419e-01 -5.507653951644897461e-02 2.368020080029964447e-02 -1.298695355653762817e-01 -1.939736455678939819e-01 -2.853776812553405762e-01
-3.266772031784057617e-01 3.804808109998703003e-02 1.922897547483444214e-01 3.075409121811389923e-02 -2.890850007534027100e-01 -1.786447018384933472e-01 -2.863827906548976898e-02 1.671753078699111938e-01 -4.870209842920303345e-02 -2.787735462188720703e-01
-1.061758995056152344e-01 -1.381938625127077103e-02 2.587393224239349365e-01 1.660774201154708862e-01 -2.325232774019241333e-01 -1.614653021097183228e-01 -2.461226433515548706e-01 2.099647223949432373e-01 -6.817004177719354630e-04 -2.421357035636901855e-01
-2.323773317039012909e-02 -1.821270883083343506e-01 1.262060999870300293e-01 -7.378743030130863190e-03 -5.787628889083862305e-02 -3.212873339653015137e-01 -2.865729629993438721e-01 -6.121833994984626770e-02 -2.041595578193664551e-01 -8.650772273540496826e-02
6.821274757385253906e-02 -2.074805796146392822e-01 -8.567499369382858276e-02 -8.324400335550308228e-02 -6.426952779293060303e-02 -4.022288136184215546e-03 5.061642080545425415e-02 -6.239306926727294922e-02 -1.564014106988906860e-01 -3.879588842391967773e-02
-2.994921505451202393e-01 -7.734479755163192749e-02 1.642301678657531738e-01 -2.367761582136154175e-01 4.957881942391395569e-02 -4.420423065312206745e-04 8.745884895324707031e-02 -1.659667789936065674e-01 2.131006419658660889e-01 8.477328717708587646e-02
8.131240308284759521e-02 -1.112255677580833435e-01 -2.744318358600139618e-02 -2.604436874389648438e-01 6.141376867890357971e-02 -2.892118692398071289e-01 1.957758069038391113e-01 -2.783581614494323730e-01 -4.056729972362518311e-01 4.864435642957687378e-02
-1.280395388603210449e-01 2.390414029359817505e-01 -5.454104393720626831e-02 -9.362183511257171631e-02 -1.113448813557624817e-01 1.360273547470569611e-02 1.503727585077285767e-01 -1.235738396644592285e-01 -8.267221599817276001e-02 -1.476705670356750488e-01
9.803807735443115234e-02 -1.803387254476547241e-01 -1.553283911198377609e-02 -2.978281676769256592e-02 -1.774488836526870728e-01 6.245330348610877991e-02 -3.053020238876342773e-01 -3.471456095576286316e-02 -5.798561125993728638e-02 -3.195683062076568604e-01
-1.553811430931091309e-01 -1.806953735649585724e-02 -2.521279640495777130e-02 9.992036223411560059e-02 -2.022330760955810547e-01 -7.932562381029129028e-02 1.993955224752426147e-01 -1.035844208672642708e-03 -9.747366607189178467e-02 1.032467931509017944e-01
-1.194287687540054321e-01 3.292606472969055176e-01 -1.379784047603607178e-01 -9.399902075529098511e-02 -5.489518120884895325e-02 1.029824092984199524e-01 -1.418392453342676163e-02 -2.591326460242271423e-02 1.151679754257202148e-01 -3.786204382777214050e-02
-2.726190388202667236e-01 2.462796401232481003e-03 -3.647254779934883118e-02 1.773997545242309570e-01 -1.465663611888885498e-01 4.088494926691055298e-02 -2.362816631793975830e-01 1.246834546327590942e-01 -1.195460408926010132e-01 4.306744784116744995e-02
-1.151226386427879333e-01 6.143976002931594849e-02 3.524129465222358704e-02 1.088659930974245071e-02 -1.045399084687232971e-01 -2.116376161575317383e-01 -1.615186035633087158e-01 1.969909965991973877e-01 -6.377498805522918701e-02 1.568912267684936523e-01
-1.340636759996414185e-01 2.630380690097808838e-01 -7.335595041513442993e-02 -7.658179849386215210e-02 -2.856314182281494141e-02 -7.217217981815338135e-02 -7.033362984657287598e-02 1.963786967098712921e-02 -1.078909114003181458e-01 -3.561747074127197266e-02
-1.729752719402313232e-01 1.064500063657760620e-01 -1.121183633804321289e-01 -1.088419407606124878e-01 1.589330472052097321e-02 -1.570508033037185669e-01 -1.669072359800338745e-01 1.065987795591354370e-01 -2.190968692302703857e-01 2.534450590610504150e-02
-1.517261117696762085e-01 5.511137470602989197e-02 -9.942398220300674438e-02 -7.429375499486923218e-02 -5.582151003181934357e-03 -7.052060961723327637e-02 -1.129068210721015930e-01 1.479668617248535156e-01 -1.036941632628440857e-01 1.301353275775909424e-01
-1.435647159814834595e-01 -3.068852983415126801e-02 -3.106072843074798584e-01 2.149835377931594849e-01 -5.179787799715995789e-02 1.329801380634307861e-01 -1.453563570976257324e-01 2.883446030318737030e-02 1.309038847684860229e-01 -1.326411068439483643e-01
-1.396762728691101074e-01 -1.061808168888092041e-01 -2.485873177647590637e-02 1.718291267752647400e-02 6.366293132305145264e-02 -3.313191980123519897e-02 9.487996250391006470e-02 -1.095644384622573853e-01 -9.417477995157241821e-02 5.649976804852485657e-02
4.704710841178894043e-02 4.976577591150999069e-03 -1.113294139504432678e-01 -1.495695859193801880e-01 -6.075039505958557129e-02 5.590781196951866150e-02 1.211815923452377319e-01 -2.630382478237152100e-01 -2.801884897053241730e-02 -9.713766723871231079e-02
-1.034343019127845764e-01 5.628106370568275452e-02 -1.399750113487243652e-01 -1.049038320779800415e-01 1.626513898372650146e-01 1.104616522789001465e-01 5.326909199357032776e-02 -9.393613785505294800e-02 2.888373471796512604e-02 4.205011762678623199e-03
-4.370225593447685242e-02 -6.848308723419904709e-03 5.907386913895606995e-02 -1.199107840657234192e-01 -1.785278469324111938e-01 -1.636779159307479858e-01 -1.087496578693389893e-01 1.583130508661270142e-01 4.285366833209991455e-02 8.135356940329074860e-03
-1.889998167753219604e-01 -2.794260944938287139e-05 -1.810759752988815308e-01 -1.414296478033065796e-01 2.366103678941726685e-01 2.114367187023162842e-01 -2.715555131435394287e-01 7.312924414873123169e-02 -6.310097128152847290e-02 -1.039016172289848328e-01
-4.324159771203994751e-02 -1.659027785062789917e-01 1.371624171733856201e-01 -9.787085652351379395e-02 -5.752541497349739075e-02 -6.714048329740762711e-03 -1.549476832151412964e-01 -1.678037941455841064e-01 -1.382979154586791992e-01 -6.987705081701278687e-02
-1.065474897623062134e-01 -1.987136751413345337e-01 2.160869538784027100e-01 9.358684718608856201e-02 1.583870872855186462e-02 -1.775496453046798706e-01 -2.367203980684280396e-01 -1.511124819517135620e-01 -1.136155053973197937e-01 1.311145424842834473e-01
-1.347355693578720093e-01 1.310160905122756958e-01 1.275798585265874863e-02 -2.547930926084518433e-02 9.131693840026855469e-02 3.510431200265884399e-02 -7.516177743673324585e-02 3.021594882011413574e-02 8.037121966481208801e-03 -1.812988892197608948e-02
3.461338207125663757e-02 -2.413364313542842865e-02 1.139962300658226013e-02 8.370643854141235352e-02 -2.637621574103832245e-02 -6.829669326543807983e-02 -2.391333505511283875e-02 -8.056928217411041260e-02 -7.332821190357208252e-02 -3.332772478461265564e-02
-3.212061822414398193e-01 -8.626958727836608887e-02 -1.871040314435958862e-01 1.378792673349380493e-01 -1.912633627653121948e-01 6.017490103840827942e-02 -3.385614752769470215e-01 1.199702620506286621e-01 7.193301618099212646e-02 -2.439761906862258911e-02
-1.318400055170059204e-01 3.315881192684173584e-01 -4.296132922172546387e-02 -7.648128271102905273e-02 -4.822498932480812073e-02 -5.371570959687232971e-02 -6.743615865707397461e-02 -2.602795884013175964e-02 -2.842250652611255646e-02 -5.961969867348670959e-02
-6.301075965166091919e-02 -1.986205726861953735e-01 9.396487474441528320e-02 1.129898615181446075e-02 -2.436864078044891357e-01 -1.114039495587348938e-01 -2.153058648109436035e-01 -1.120567545294761658e-01 2.974095754325389862e-02 -3.152150288224220276e-02
-1.795943379402160645e-01 -3.655673190951347351e-02 -1.287035048007965088e-01 -1.359989196062088013e-01 5.426193401217460632e-02 -8.219318091869354248e-02 -1.961083710193634033e-01 1.473417878150939941e-01 -2.491639256477355957e-01 6.042791157960891724e-02
-1.014434322714805603e-01 -1.161237582564353943e-01 1.684560924768447876e-01 -2.738316655158996582e-01 2.918580770492553711e-01 -1.133154705166816711e-01 2.401068359613418579e-01 -3.282865285873413086e-01 -1.333904862403869629e-01 -3.268542885780334473e-01
8.085583150386810303e-02 -2.200470864772796631e-01 -1.850299090147018433e-01 1.045765914022922516e-02 1.068165674805641174e-01 -1.741303205490112305e-01 -4.186582565307617188e-01 7.938089966773986816e-02 9.698944538831710815e-02 -5.277812480926513672e-02
-1.388203054666519165e-01 -1.497250050306320190e-01 -1.292961239814758301e-01 -1.153001859784126282e-01 1.935436278581619263e-01 -1.243910118937492371e-01 -1.325651258230209351e-01 1.670129448175430298e-01 -1.922217756509780884e-01 -1.499368902295827866e-02
1.198087409138679504e-01 -1.581670790910720825e-01 1.636552959680557251e-01 -1.024887785315513611e-01 -3.554451167583465576e-01 -1.138774752616882324e-01 1.814358681440353394e-02 -1.319987140595912933e-02 -1.232165992259979248e-01 -2.424886971712112427e-01
1.240932717919349670e-01 -2.039018124341964722e-01 -6.434401124715805054e-02 -2.001547068357467651e-01 -3.697790205478668213e-01 -1.753728091716766357e-01 1.809186935424804688e-01 -3.042003605514764786e-03 9.640185534954071045e-02 2.182304412126541138e-01
-1.867640167474746704e-01 6.910477578639984131e-02 -8.021465688943862915e-02 -6.764068733900785446e-03 -2.133420705795288086e-01 -2.324988096952438354e-01 -2.015407085418701172e-01 2.098395079374313354e-01 -2.006077021360397339e-01 1.688226908445358276e-01
-1.748831123113632202e-01 8.788108825683593750e-02 -4.110170993953943253e-03 -9.935607016086578369e-02 2.655459754168987274e-02 -9.348651766777038574e-02 -1.247933283448219299e-01 9.680425375699996948e-02 1.617158353328704834e-01 -6.325902882963418961e-03
9.794256836175918579e-02 -1.454274356365203857e-01 -1.372981071472167969e-01 -1.238445192575454712e-01 -2.947272956371307373e-01 -8.577936142683029175e-02 -1.760540604591369629e-01 7.663070410490036011e-02 3.331942856311798096e-02 -6.711689382791519165e-02
3.602558970451354980e-01 -1.775755584239959717e-01 -7.951971143484115601e-02 -2.192181944847106934e-01 -1.573007702827453613e-01 -3.211000561714172363e-01 -9.751676768064498901e-02 2.599803507328033447e-01 -2.881734371185302734e-01 -2.694689631462097168e-01
-9.872271865606307983e-02 -2.749722823500633240e-02 -1.394294798374176025e-01 -6.736165285110473633e-02 1.360835283994674683e-01 1.590215414762496948e-01 2.921696007251739502e-02 -6.564167141914367676e-02 2.367571368813514709e-02 -3.796292236074805260e-03
-1.865993589162826538e-01 -7.898409664630889893e-02 -1.348718404769897461e-01 -1.677521765232086182e-01 3.150535821914672852e-01 -1.074914708733558655e-01 -1.738610714673995972e-01 1.708327978849411011e-01 -3.080151081085205078e-01 -6.630028039216995239e-02
9.540014714002609253e-02 -2.081256210803985596e-01 2.108594477176666260e-01 -1.579789966344833374e-01 -1.060503050684928894e-01 -2.628063559532165527e-01 -1.039495170116424561e-01 -6.653626263141632080e-02 -3.433129191398620605e-01 -1.212791800498962402e-01
-1.536019295454025269e-01 2.490661293268203735e-01 -1.029088045470416546e-03 3.058822359889745712e-03 -9.465594589710235596e-02 -1.028697192668914795e-01 -3.104823641479015350e-02 -9.236136078834533691e-02 -8.151919394731521606e-02 -1.206357926130294800e-01
-1.366941332817077637e-01 2.927242778241634369e-02 -4.298135638236999512e-02 -5.469783768057823181e-02 1.103217750787734985e-01 -1.316894590854644775e-01 -1.021953225135803223e-01 9.842540323734283447e-02 -1.308098435401916504e-01 9.599994122982025146e-02
-2.470683455467224121e-01 -1.043453589081764221e-01 -1.430379748344421387e-01 -1.627293527126312256e-01 2.637207806110382080e-01 -2.518182694911956787e-01 -4.279672354459762573e-02 2.711532711982727051e-01 -2.544568479061126709e-01 1.825120300054550171e-03
-1.321643292903900146e-01 -1.551791429519653320e-01 1.478256881237030029e-01 1.433364301919937134e-01 3.361752629280090332e-02 -1.479360908269882202e-01 -1.446838676929473877e-01 -1.016393750905990601e-01 -7.649897038936614990e-02 -7.268949598073959351e-02
2.365088835358619690e-02 -7.375353574752807617e-02 -3.614197075366973877e-01 1.918578147888183594e-01 -2.542114853858947754e-01 -6.655147671699523926e-02 -3.001024387776851654e-02 9.226011484861373901e-02 1.863731071352958679e-02 -1.091134399175643921e-01
-1.588415503501892090e-01 8.155766874551773071e-02 3.543566167354583740e-02 4.843685403466224670e-02 -6.576421111822128296e-02 -6.864288449287414551e-02 -1.354222148656845093e-01 1.074026059359312057e-02 -2.619167976081371307e-02 1.720352023839950562e-01
-2.261710613965988159e-01 -1.444143941625952721e-03 -1.525065004825592041e-01 -1.825357228517532349e-01 2.217176854610443115e-01 -1.965504884719848633e-01 4.775190725922584534e-02 1.052125841379165649e-01 -1.385224461555480957e-01 2.603699266910552979e-02
-1.381711363792419434e-01 -1.286395043134689331e-01 -5.508426204323768616e-02 3.352981060743331909e-02 2.196402102708816528e-01 -7.301469147205352783e-02 -9.767588973045349121e-02 -2.395617216825485229e-01 -1.391131132841110229e-01 -5.334589630365371704e-03
-9.772869944572448730e-02 9.339685738086700439e-02 -1.883269250392913818e-01 -1.134079843759536743e-01 7.912693172693252563e-02 1.278912425041198730e-01 -1.082938835024833679e-01 8.488324284553527832e-02 -3.914900869131088257e-02 7.045860588550567627e-02
-1.363542973995208740e-01 9.176074713468551636e-02 -1.994694769382476807e-02 -1.481190025806427002e-01 4.588282480835914612e-02 -3.873701393604278564e-02 -5.437035858631134033e-02 1.295378059148788452e-02 1.930531263351440430e-01 -4.200345370918512344e-03
-1.441812962293624878e-01 1.100308224558830261e-01 6.605421751737594604e-02 5.101094022393226624e-02 -1.120318993926048279e-01 -1.186215579509735107e-01 -1.058524623513221741e-01 2.183754295110702515e-01 -2.478841692209243774e-02 -5.914975702762603760e-02
-4.794801771640777588e-02 -7.368931919336318970e-02 -2.488932199776172638e-02 -1.616890281438827515e-01 -5.789247900247573853e-02 -8.962994068861007690e-02 7.230376452207565308e-02 -3.072258085012435913e-02 -2.398867607116699219e-01 -1.996300816535949707e-01
-1.118512228131294250e-01 -1.613147109746932983e-01 8.465175330638885498e-02 -1.657976955175399780e-01 2.874523214995861053e-02 2.009448036551475525e-02 -2.151178866624832153e-01 -1.599912643432617188e-01 -5.669479072093963623e-02 -1.285650581121444702e-01
-1.489465832710266113e-01 1.653548479080200195e-01 -1.114020682871341705e-02 9.275656193494796753e-02 -1.050884649157524109e-02 -7.316652685403823853e-02 -1.035035327076911926e-01 3.780104219913482666e-02 2.310547418892383575e-02 -2.158064767718315125e-02
-1.315398067235946655e-01 -1.399154812097549438e-01 -1.257840394973754883e-01 9.503843635320663452e-02 -3.066221624612808228e-02 -5.627854913473129272e-02 -2.683353126049041748e-01 1.206567585468292236e-01 -8.219927549362182617e-02 1.177186965942382812e-01
-7.036216557025909424e-02 -9.703091531991958618e-02 6.540259346365928650e-03 1.435709297657012939e-01 -1.648188978433609009e-01 -5.670941248536109924e-02 -1.299239229410886765e-03 1.888068169355392456e-01 -1.546563655138015747e-01 -1.237484067678451538e-01
-1.441073566675186157e-01 2.477903217077255249e-01 3.504309430718421936e-02 3.938795253634452820e-02 -5.549470707774162292e-02 -1.368286758661270142e-01 -9.423181414604187012e-02 -1.876069977879524231e-02 -8.052714169025421143e-02 -8.531461656093597412e-02
1.523192226886749268e-01 -2.560413777828216553e-01 -2.693035900592803955e-01 -2.082352638244628906e-01 -2.912456095218658447e-01 1.023303568363189697e-01 -3.373677134513854980e-01 4.091239068657159805e-03 -2.750729024410247803e-01 2.630180716514587402e-01
-1.399757713079452515e-01 1.240199506282806396e-01 -7.517924159765243530e-02 -1.694165170192718506e-02 -1.355298012495040894e-01 -1.345614790916442871e-01 -1.421234905719757080e-01 1.777748018503189087e-01 -1.765813827514648438e-01 1.298001706600189209e-01
2.482307851314544678e-01 -2.423122972249984741e-01 -3.609968349337577820e-02 -2.491555362939834595e-01 -1.862552762031555176e-01 4.599677398800849915e-02 -2.859462499618530273e-01 4.236449301242828369e-02 -9.758325666189193726e-02 -9.387631714344024658e-02
-1.339982300996780396e-01 2.853058874607086182e-01 -4.831523448228836060e-02 -7.963997125625610352e-02 -4.959050193428993225e-02 -8.758687973022460938e-02 -9.154509007930755615e-02 8.659210056066513062e-02 -9.917233139276504517e-02 -5.485168844461441040e-02
-3.732883930206298828e-01 5.661084875464439392e-02 -2.537252306938171387e-01 2.216162532567977905e-01 5.039565637707710266e-02 2.745657563209533691e-01 -2.402430772781372070e-01 -8.715548366308212280e-02 -9.658789634704589844e-02 4.611663147807121277e-02
-2.514162957668304443e-01 -2.115095406770706177e-02 -2.139833420515060425e-01 -1.240566372871398926e-01 2.612398564815521240e-01 -1.936361491680145264e-01 9.646752476692199707e-02 8.129949867725372314e-02 -1.518199890851974487e-01 -9.527911990880966187e-02
-1.632733047008514404e-01 -4.924283549189567566e-02 -1.824128627777099609e-01 -6.958838552236557007e-02 2.590441703796386719e-01 -9.602881968021392822e-03 -3.703746572136878967e-02 8.795191347599029541e-02 -1.968629807233810425e-01 1.645127194933593273e-03
1.062466949224472046e-01 -2.295731566846370697e-02 -1.749913990497589111e-01 1.074147373437881470e-01 -2.141774743795394897e-01 1.334345936775207520e-01 -2.248481661081314087e-01 -1.079633831977844238e-01 -2.483963519334793091e-01 -1.958863288164138794e-01
-9.680357575416564941e-02 -2.379625290632247925e-01 6.924642622470855713e-02 -7.842417806386947632e-02 -1.521498262882232666e-01 -1.116933748126029968e-01 -6.386214494705200195e-02 -2.442313581705093384e-01 -2.615289986133575439e-01 -8.103836327791213989e-02
-9.818305820226669312e-02 4.898671805858612061e-02 2.194930985569953918e-02 5.983399599790573120e-02 9.832023829221725464e-02 6.841924786567687988e-02 -1.958329603075981140e-02 -1.885439157485961914e-01 3.316377848386764526e-02 6.106945499777793884e-02
-2.283149510622024536e-01 5.205741897225379944e-02 7.892791926860809326e-02 -1.903865039348602295e-01 -1.411574929952621460e-01 -2.074497193098068237e-01 3.079803884029388428e-01 1.433417852967977524e-02 -1.063087955117225647e-01 -9.759158827364444733e-03
2.875264286994934082e-01 -2.168855071067810059e-01 -2.685847282409667969e-01 -3.177363574504852295e-01 -1.357864588499069214e-02 -1.350078135728836060e-01 -8.747858554124832153e-02 6.024720892310142517e-02 -3.388759493827819824e-01 -1.486157029867172241e-01
-1.274478137493133545e-01 3.313188208267092705e-03 -3.021498909220099449e-03 -8.859737962484359741e-02 -1.468644142150878906e-01 6.707304716110229492e-02 2.188348397612571716e-02 9.996704757213592529e-03 3.318487480282783508e-02 -5.152653157711029053e-02
-6.243643537163734436e-02 -1.626473516225814819e-01 8.339854329824447632e-02 1.365685760974884033e-01 -1.204241886734962463e-01 -8.553561568260192871e-02 -6.286504119634628296e-02 -1.479254197329282761e-02 -1.111208796501159668e-01 4.400359839200973511e-02
-8.602998405694961548e-02 -1.510846894234418869e-02 2.382526546716690063e-02 1.015640050172805786e-01 -2.940157949924468994e-01 -2.723414599895477295e-01 -1.893268227577209473e-01 2.689542174339294434e-01 -1.689939349889755249e-01 2.581185400485992432e-01
1.088011562824249268e-01 -1.715563535690307617e-01 -3.038445860147476196e-02 1.089865528047084808e-02 -2.183225452899932861e-01 -1.518339663743972778e-01 -3.943608403205871582e-01 -1.833441085182130337e-03 1.094147376716136932e-02 -8.085169643163681030e-02
-1.131541728973388672e-01 -2.500811219215393066e-01 9.339689463376998901e-02 -1.995614916086196899e-01 3.220922499895095825e-02 -3.795683383941650391e-01 1.026592403650283813e-01 -1.729342713952064514e-02 1.671685129404067993e-01 2.838375419378280640e-02
-1.233736351132392883e-01 6.726829707622528076e-02 -1.070518866181373596e-01 -9.991800040006637573e-02 1.131244674324989319e-01 3.883297741413116455e-02 -3.846798837184906006e-02 6.672662496566772461e-02 -6.769721955060958862e-02 8.489019423723220825e-02
-2.646265029907226562e-01 -1.364165991544723511e-01 9.522252529859542847e-02 -1.073127612471580505e-02 1.567588150501251221e-01 -8.036302030086517334e-02 -1.957102566957473755e-01 -1.704947948455810547e-01 6.486999988555908203e-02 1.830053329467773438e-01
-8.030745387077331543e-02 -2.481537461280822754e-01 -9.392790496349334717e-02 -1.305410116910934448e-01 -1.689210832118988037e-01 -1.095553785562515259e-01 -1.578857898712158203e-01 7.803843170404434204e-02 -3.280124068260192871e-02 -2.339639067649841309e-01
-2.064908854663372040e-02 -1.953274458646774292e-01 -1.602326184511184692e-01 -8.804040960967540741e-03 -3.638621568679809570e-01 1.343081984668970108e-02 -6.065606698393821716e-02 -1.517237573862075806e-01 1.255971789360046387e-01 -6.574152410030364990e-02
1.691634058952331543e-01 -1.490725874900817871e-01 -3.777037858963012695e-01 9.308367222547531128e-02 -9.052121639251708984e-02 5.217161029577255249e-02 -1.679974645376205444e-01 -1.822857111692428589e-01 1.553444862365722656e-01 -5.878091976046562195e-02
-1.362231969833374023e-01 -1.772363670170307159e-02 -1.566338986158370972e-01 -1.222590580582618713e-01 8.004568517208099365e-02 1.396411806344985962e-01 -2.385595887899398804e-01 -3.912357687950134277e-01 1.205242872238159180e-01 -1.365537196397781372e-01
3.845123201608657837e-02 -1.600727438926696777e-01 7.154697924852371216e-02 -3.353196382522583008e-01 1.251373738050460815e-01 -1.736200898885726929e-01 1.406121850013732910e-01 -4.556241929531097412e-01 1.552874892950057983e-01 9.999561309814453125e-02
-1.260329335927963257e-01 -4.153360053896903992e-02 -1.487805843353271484e-01 1.620830222964286804e-02 6.134415790438652039e-02 1.143090948462486267e-01 7.494792225770652294e-04 -8.673667162656784058e-02 5.307099223136901855e-02 5.394804477691650391e-02
-8.256676048040390015e-02 8.051370829343795776e-02 1.200595200061798096e-01 -2.541805617511272430e-02 -9.134326130151748657e-02 -1.572503894567489624e-01 -2.546889893710613251e-02 1.748995631933212280e-01 -3.375559300184249878e-02 -4.577919840812683105e-02
2.608197927474975586e-01 -1.979096233844757080e-01 -2.036739513278007507e-02 8.062434941530227661e-02 -3.399558663368225098e-01 9.326287358999252319e-02 -2.818377614021301270e-01 5.310089886188507080e-02 -8.651322126388549805e-02 -3.850628733634948730e-01
7.997771352529525757e-02 -8.415684849023818970e-02 2.190442755818367004e-03 6.689835805445909500e-03 -2.954017817974090576e-01 2.502311766147613525e-02 -1.431526392698287964e-01 -3.233658522367477417e-02 -1.470050513744354248e-01 -1.775435656309127808e-01
-1.549996435642242432e-02 -2.025218605995178223e-01 9.240603446960449219e-02 9.759509004652500153e-03 -2.371229976415634155e-01 -1.924691945314407349e-01 -1.719508469104766846e-01 -5.389362201094627380e-02 -2.401847764849662781e-02 -1.605816334486007690e-01
-3.106883354485034943e-02 9.491676837205886841e-02 -1.819065064191818237e-01 -1.563182771205902100e-01 -3.039681352674961090e-03 8.597901463508605957e-02 1.070460751652717590e-01 -1.066677365452051163e-02 1.300738658756017685e-02 6.151868030428886414e-02
-1.370060443878173828e-01 1.688500642776489258e-01 -6.798898428678512573e-02 -2.202871441841125488e-02 -2.592362929135560989e-03 -4.413255676627159119e-02 -8.587503433227539062e-02 3.913139924407005310e-02 -1.024188548326492310e-01 1.193205490708351135e-01
-1.348172426223754883e-01 2.301846593618392944e-01 -1.330093294382095337e-01 -9.746026992797851562e-02 7.278325036168098450e-03 -1.307193096727132797e-02 -4.209126159548759460e-02 3.186070919036865234e-02 1.034446805715560913e-02 6.799288094043731689e-02
-1.345766037702560425e-01 3.233885169029235840e-01 -3.163450583815574646e-02 -1.129301637411117554e-01 -9.306091815233230591e-02 -7.368433475494384766e-02 -6.641093641519546509e-02 -6.957114487886428833e-02 -1.464921683073043823e-01 -1.039426848292350769e-01
-1.951603889465332031e-01 1.954092234373092651e-01 -3.884458914399147034e-02 -9.470085613429546356e-03 -7.852731645107269287e-02 -3.933314234018325806e-02 1.151568368077278137e-01 -7.767333090305328369e-02 -8.379235118627548218e-02 -1.337814927101135254e-01
-1.034360006451606750e-01 -8.349228650331497192e-02 -3.285833299160003662e-01 1.478405576199293137e-02 1.012347340583801270e-01 8.812826126813888550e-02 6.251668930053710938e-02 -7.052680850028991699e-02 3.430618345737457275e-02 -1.735005378723144531e-01
-1.439959853887557983e-01 2.658356428146362305e-01 -3.754152730107307434e-02 -7.579592615365982056e-02 -6.841656565666198730e-02 -7.380700111389160156e-02 -4.462480545043945312e-02 -6.330862641334533691e-02 -1.150211468338966370e-01 -9.482754021883010864e-02
-1.448880881071090698e-01 9.830296784639358521e-02 -4.313645511865615845e-02 9.306363761425018311e-02 -3.744094073772430420e-02 -1.588472425937652588e-01 -1.285359114408493042e-01 1.452787220478057861e-01 -1.031631082296371460e-01 1.469847261905670166e-01
4.721910227090120316e-03 -6.495898962020874023e-02 -1.205290108919143677e-02 -1.021115705370903015e-01 -1.764539480209350586e-01 -8.979187346994876862e-03 1.633436977863311768e-01 -1.534107476472854614e-01 -1.298670172691345215e-01 -3.377031981945037842e-01
3.318669646978378296e-02 -1.239523738622665405e-01 -3.174400329589843750e-01 -2.877382040023803711e-01 1.381389200687408447e-01 1.624156534671783447e-01 1.975210309028625488e-01 -3.705973327159881592e-01 1.181852072477340698e-01 1.179605424404144287e-01
-1.340965926647186279e-01 3.317542374134063721e-01 -8.877529203891754150e-02 -7.456484436988830566e-02 -8.855836838483810425e-02 -5.786660313606262207e-02 -6.595569103956222534e-02 -6.118058040738105774e-02 -1.277841627597808838e-01 -9.012681990861892700e-02
-1.943125575780868530e-01 -3.407981991767883301e-02 -2.152456939220428467e-01 4.526289179921150208e-02 -5.444494076073169708e-03 1.655259169638156891e-02 -2.088980674743652344e-01 1.342546641826629639e-01 5.771912261843681335e-02 -3.277911990880966187e-02
5.392891913652420044e-02 -2.076928131282329559e-02 8.521368354558944702e-02 1.815708354115486145e-02 -3.137556314468383789e-01 2.771748416125774384e-02 7.869265973567962646e-02 -2.384638488292694092e-01 -1.834414750337600708e-01 -2.813647985458374023e-01
-1.297426521778106689e-01 6.259267777204513550e-02 -7.853034883737564087e-02 -3.459362685680389404e-02 -7.314343750476837158e-02 -9.058029204607009888e-02 -1.058219298720359802e-01 1.793316304683685303e-01 -1.362438201904296875e-01 1.300738006830215454e-01
1.001404225826263428e-01 1.729435846209526062e-02 -2.613293826580047607e-01 -9.695167839527130127e-02 -2.565689086914062500e-01 3.919392228126525879e-01 -2.018498182296752930e-01 9.795133955776691437e-03 -3.076242804527282715e-01 -2.015805244445800781e-01
-2.519277334213256836e-01 -2.422418072819709778e-02 -1.220726966857910156e-01 -1.029392238706350327e-02 -5.109405145049095154e-02 1.113615036010742188e-01 -1.963250935077667236e-01 -3.366306796669960022e-02 1.240127086639404297e-01 1.508143097162246704e-01
-3.897535614669322968e-03 -2.153557837009429932e-01 -5.174208804965019226e-02 -1.484604477882385254e-01 2.611482143402099609e-02 -9.441151469945907593e-02 1.244069412350654602e-01 -9.358462691307067871e-02 5.687998235225677490e-02 7.219555974006652832e-02
-1.388141214847564697e-01 2.266475558280944824e-01 -7.854592055082321167e-02 -1.313324719667434692e-01 8.160317665897309780e-04 5.275160819292068481e-02 -6.150159612298011780e-02 6.941618025302886963e-02 -3.347470238804817200e-02 -2.376108057796955109e-02
-1.224213093519210815e-01 -9.219276905059814453e-02 -1.877114027738571167e-01 1.234821081161499023e-01 6.123923510313034058e-02 1.745549589395523071e-02 -4.589723539538681507e-04 -1.467065606266260147e-02 -1.491110622882843018e-01 -6.655772216618061066e-03
-1.113863810896873474e-01 -4.601683840155601501e-02 2.391199022531509399e-02 -5.615609511733055115e-02 1.591276079416275024e-01 -7.234384119510650635e-02 -3.703900054097175598e-02 -1.925615072250366211e-01 -9.627769887447357178e-02 4.610136523842811584e-02
-2.000576108694076538e-01 5.487153306603431702e-02 -5.602990835905075073e-02 -1.670622527599334717e-01 5.149700120091438293e-02 6.587001681327819824e-02 2.920863404870033264e-02 -1.624777168035507202e-01 1.674171239137649536e-01 9.166053682565689087e-02
1.784784942865371704e-01 -8.068856596946716309e-02 1.414993256330490112e-01 3.829549252986907959e-02 -3.382800817489624023e-01 -1.354603916406631470e-01 -9.461596608161926270e-02 -2.407905608415603638e-01 -1.130175292491912842e-01 -2.737010121345520020e-01
5.211205035448074341e-02 -1.588224321603775024e-01 1.773409843444824219e-01 -3.866769373416900635e-01 9.903516620397567749e-02 -2.767697870731353760e-01 1.511305570602416992e-01 -2.892678678035736084e-01 3.443462252616882324e-01 -1.874374598264694214e-01
1.592032015323638916e-01 -2.023777365684509277e-01 -1.816349476575851440e-01 -2.463810890913009644e-01 2.828817628324031830e-02 1.009085774421691895e-01 1.684239953756332397e-01 -2.470241859555244446e-02 -3.008045256137847900e-01 -2.319899573922157288e-02
-2.269787937402725220e-01 7.111793011426925659e-02 9.569580852985382080e-02 -1.327983140945434570e-01 -4.068444669246673584e-02 2.118382044136524200e-02 -1.509621590375900269e-01 1.735968515276908875e-02 2.251538783311843872e-01 -8.231796324253082275e-02
-1.318694800138473511e-01 2.211800962686538696e-01 -1.254400163888931274e-01 -1.271866410970687866e-01 8.633109740912914276e-03 4.184879362583160400e-02 -6.979614496231079102e-02 1.026629731059074402e-01 -8.749060332775115967e-02 1.083308272063732147e-02
-1.228597536683082581e-01 3.356258571147918701e-01 -6.417561322450637817e-02 -7.936522364616394043e-02 -6.125088408589363098e-02 -6.131349131464958191e-02 -5.466990917921066284e-02 -1.189539395272731781e-02 -8.370605111122131348e-02 -5.268471688032150269e-02
-2.120722532272338867e-01 4.599865153431892395e-02 -9.934193640947341919e-02 -1.712934672832489014e-01 -5.479830875992774963e-02 1.073661074042320251e-01 -3.391702100634574890e-02 -2.412449866533279419e-01 1.082216352224349976e-01 1.971621364355087280e-01
-1.276243180036544800e-01 3.292772769927978516e-01 -1.013645157217979431e-01 -6.666546314954757690e-02 -5.482265725731849670e-02 -5.468465387821197510e-02 -8.046023547649383545e-02 -1.581204473040997982e-03 -9.288886189460754395e-02 -5.242038145661354065e-02
-8.280370384454727173e-02 -2.676036059856414795e-01 6.705255061388015747e-02 -1.929082274436950684e-01 -2.528454065322875977e-01 -2.258605137467384338e-02 -1.397089064121246338e-01 9.687543660402297974e-02 -7.845524698495864868e-02 -1.814568936824798584e-01
-1.298362910747528076e-01 -1.254406571388244629e-01 7.057245820760726929e-02 7.153247296810150146e-02 3.219277784228324890e-02 -3.681992366909980774e-02 1.755012273788452148e-01 -1.848828643560409546e-01 -1.983943954110145569e-02 -9.938506782054901123e-02
-3.709583356976509094e-02 -2.515377402305603027e-01 -3.148439154028892517e-02 -1.449583023786544800e-01 3.209058195352554321e-02 -2.676069438457489014e-01 4.079387709498405457e-02 9.420637786388397217e-02 -5.055974796414375305e-02 1.935993507504463196e-02
-4.244413599371910095e-02 -2.157512754201889038e-01 3.577799361664801836e-06 -2.844934761524200439e-01 -4.834659770131111145e-02 1.063645929098129272e-01 1.103263497352600098e-01 5.837830528616905212e-02 1.526137590408325195e-01 1.473178155720233917e-02
-2.403260618448257446e-01 -4.471673071384429932e-02 4.847609251737594604e-02 -1.551310867071151733e-01 1.065975874662399292e-01 -3.285785391926765442e-02 8.867110311985015869e-02 -3.555657267570495605e-01 1.671877056360244751e-01 2.707526981830596924e-01
-1.999168246984481812e-01 9.167976677417755127e-03 -1.305138021707534790e-01 -1.064908877015113831e-02 1.038215458393096924e-01 -1.803960502147674561e-01 -2.336478978395462036e-01 1.231072396039962769e-01 -2.082274705171585083e-01 1.227710470557212830e-01
3.038993477821350098e-02 2.889456041157245636e-02 5.969245359301567078e-02 1.867124997079372406e-02 -2.400790005922317505e-01 -4.825686663389205933e-02 3.465009853243827820e-02 -2.187884747982025146e-01 -1.568053066730499268e-01 -2.852952480316162109e-01
-3.801607340574264526e-02 -1.371757499873638153e-02 -1.908372491598129272e-01 1.240673884749412537e-01 4.209623858332633972e-02 -3.856246545910835266e-02 -7.524791359901428223e-02 3.420387953519821167e-02 -8.303886651992797852e-02 -1.348799765110015869e-01
-1.443629115819931030e-01 1.380318850278854370e-01 -1.384328454732894897e-01 -9.142982959747314453e-02 -9.722555056214332581e-03 -1.551150251179933548e-02 -1.314744949340820312e-01 2.077559381723403931e-01 -1.593918204307556152e-01 4.664751142263412476e-02
-1.419087797403335571e-01 9.959887713193893433e-02 -6.533599644899368286e-02 -9.873257577419281006e-02 7.959527522325515747e-02 -2.719000913202762604e-02 -4.854795709252357483e-02 5.216302350163459778e-02 -9.774303436279296875e-02 4.571782797574996948e-02
1.342889815568923950e-01 -1.034084632992744446e-01 1.054005250334739685e-01 -5.832584574818611145e-02 -3.826740980148315430e-01 -9.188110381364822388e-02 6.720805168151855469e-02 -6.325365602970123291e-02 -1.419075429439544678e-01 -2.581974864006042480e-01
1.725289225578308105e-01 -5.063470453023910522e-02 -3.913910388946533203e-01 -1.801262944936752319e-01 -1.948254853487014771e-01 3.806899487972259521e-01 1.822064071893692017e-01 -6.047474592924118042e-02 -3.181070089340209961e-01 -2.721416354179382324e-01
-1.589446365833282471e-01 -5.784747749567031860e-02 4.967507719993591309e-02 -1.223704889416694641e-01 -2.017753757536411285e-02 2.581441998481750488e-01 -1.117418427020311356e-02 -6.505002826452255249e-02 -4.293916746973991394e-02 -4.918069019913673401e-02
5.480431765317916870e-02 -5.024698376655578613e-02 -3.802158236503601074e-01 1.792460978031158447e-01 -5.914113298058509827e-02 -1.021180488169193268e-02 5.519390106201171875e-02 -1.055737733840942383e-01 2.794974856078624725e-02 1.487715542316436768e-02
-1.204506754875183105e-01 2.966670393943786621e-01 -7.706309109926223755e-02 -2.953737229108810425e-02 -2.754310704767704010e-02 3.651089966297149658e-03 2.074796473607420921e-03 -3.632700815796852112e-02 1.554142776876688004e-02 -4.191845282912254333e-02
-2.315615117549896240e-01 -4.619476571679115295e-02 -3.027709126472473145e-01 1.011015176773071289e-01 -1.470264978706836700e-02 2.605102062225341797e-01 3.168350085616111755e-02 -1.790818870067596436e-01 1.532389074563980103e-01 5.935905501246452332e-03
2.538794577121734619e-01 -1.914003938436508179e-01 -1.716696768999099731e-01 -3.513242900371551514e-01 -1.859266310930252075e-01 -1.696829311549663544e-02 -8.574035018682479858e-02 -1.377312280237674713e-02 -1.588873565196990967e-01 1.035529747605323792e-01
-1.227656602859497070e-01 1.031494438648223877e-01 5.976791679859161377e-02 -6.150700524449348450e-02 -1.406114101409912109e-01 -5.562652833759784698e-03 5.456262826919555664e-02 -8.104865252971649170e-02 7.479745429009199142e-03 -1.217195093631744385e-01
-6.593681126832962036e-02 4.450884088873863220e-02 1.192333996295928955e-01 -2.510491311550140381e-01 -1.270853132009506226e-01 -5.742545798420906067e-02 7.161255180835723877e-02 3.754244744777679443e-02 1.139170080423355103e-01 5.223801732063293457e-02
-1.813607066869735718e-01 1.565902829170227051e-01 2.583400905132293701e-02 1.550164371728897095e-01 -1.032358333468437195e-01 -8.093713968992233276e-02 -2.653127769008278847e-03 -1.636392325162887573e-01 -1.397643536329269409e-01 -2.056405991315841675e-01
-1.575120389461517334e-01 1.590256392955780029e-02 -1.088851392269134521e-01 -1.270685046911239624e-01 2.694799005985260010e-01 3.679151833057403564e-02 -9.972287714481353760e-02 6.908799707889556885e-02 -1.874668896198272705e-01 1.475079823285341263e-02
2.000216841697692871e-01 -2.960431873798370361e-01 -1.376638263463973999e-01 -2.906717360019683838e-01 -1.270492374897003174e-01 1.045515537261962891e-01 -2.406648844480514526e-01 1.185197532176971436e-01 -2.640484571456909180e-01 5.835019424557685852e-02
6.064254790544509888e-02 -1.432976126670837402e-01 9.181354194879531860e-03 -1.342035681009292603e-01 -2.967901229858398438e-01 -1.427021324634552002e-01 -9.120171889662742615e-03 -1.001586392521858215e-01 -1.087031140923500061e-01 1.323975324630737305e-01
1.699899733066558838e-01 -1.790424287319183350e-01 -1.461144834756851196e-01 -2.846885919570922852e-01 -6.358572095632553101e-02 -2.447551339864730835e-01 -1.533710118383169174e-02 -2.940748445689678192e-02 -2.593129277229309082e-01 -2.045751661062240601e-01
-1.081981509923934937e-01 2.005689144134521484e-01 -8.686521090567111969e-03 1.502172052860260010e-01 -1.540783643722534180e-01 4.189480096101760864e-02 -4.792468098457902670e-05 -1.675785779953002930e-01 -1.033109351992607117e-01 -1.795856803655624390e-01
-1.476747989654541016e-01 2.786859869956970215e-01 4.357625171542167664e-02 5.164825916290283203e-02 -6.813308596611022949e-02 -1.531985253095626831e-01 -7.463971525430679321e-02 -9.070716798305511475e-02 -5.167127400636672974e-02 -1.200922057032585144e-01
-2.491572685539722443e-02 1.011253520846366882e-01 -2.168128043413162231e-01 -1.291084140539169312e-01 6.232356280088424683e-02 1.511840820312500000e-01 5.433270242065191269e-03 4.292887076735496521e-02 -1.936405524611473083e-02 3.780721873044967651e-02
-1.462127268314361572e-01 2.622770667076110840e-01 6.809892505407333374e-02 -5.817599967122077942e-02 -1.215782240033149719e-01 -1.030760407447814941e-01 -1.081976443529129028e-01 -4.059484228491783142e-02 -9.739239513874053955e-02 -1.175107955932617188e-01
-2.338247001171112061e-01 9.247083216905593872e-02 9.052213281393051147e-02 -1.947431564331054688e-01 -5.285714566707611084e-02 -9.040527045726776123e-02 -1.372351646423339844e-01 1.364337801933288574e-01 -7.841452956199645996e-02 -8.459027856588363647e-03
-1.939049512147903442e-01 1.343766599893569946e-01 9.436298161745071411e-02 2.064293026924133301e-01 1.616966724395751953e-02 -1.981850564479827881e-01 -1.232555434107780457e-01 -5.680309236049652100e-02 -1.194831132888793945e-01 -1.067008227109909058e-01
-1.976534575223922729e-01 4.164606705307960510e-02 -3.309212997555732727e-02 2.118621617555618286e-01 -5.059304833412170410e-02 4.236962273716926575e-02 -1.096384152770042419e-01 9.035333245992660522e-02 -1.120484247803688049e-01 -7.232251763343811035e-02
-7.107993960380554199e-02 -6.247056275606155396e-02 -4.151425659656524658e-01 -1.003458350896835327e-01 1.226344108581542969e-01 3.258520737290382385e-04 -9.187347441911697388e-02 -2.117780297994613647e-01 -1.101748794317245483e-01 -1.523096710443496704e-01
-3.889187574386596680e-01 -7.307705283164978027e-02 2.331305891275405884e-01 -3.146436214447021484e-01 1.284053921699523926e-01 -3.613812327384948730e-01 1.648130118846893311e-01 -2.343002706766128540e-01 3.392709791660308838e-01 1.555836945772171021e-01
-1.386984437704086304e-01 1.948768086731433868e-02 -1.775004714727401733e-02 1.575616747140884399e-01 -1.045042872428894043e-01 5.585611239075660706e-02 5.246479436755180359e-02 -2.711577415466308594e-01 1.031111832708120346e-02 -1.843501478433609009e-01
-5.192726477980613708e-02 -7.217113673686981201e-02 -1.191829964518547058e-01 -2.528198361396789551e-01 4.327413812279701233e-02 7.372085005044937134e-02 6.477364897727966309e-02 -3.311419785022735596e-01 -7.512921839952468872e-02 9.064394235610961914e-02
-1.565829515457153320e-01 -1.853630989789962769e-01 8.097163587808609009e-02 -2.153975814580917358e-01 1.948851197957992554e-01 -1.047251522541046143e-01 -1.254741195589303970e-02 1.024157926440238953e-01 -4.048217236995697021e-01 -8.735454827547073364e-02
1.812655329704284668e-01 -2.500401735305786133e-01 -2.699480056762695312e-01 -1.008448675274848938e-01 7.089222967624664307e-02 -8.658367395401000977e-02 -3.923864364624023438e-01 1.224104966968297958e-02 8.423346281051635742e-02 5.199401080608367920e-02
-1.491577327251434326e-01 -1.097293496131896973e-01 1.026499457657337189e-02 -1.644265204668045044e-01 2.283261120319366455e-01 -9.424509853124618530e-02 7.490637898445129395e-02 -1.544278264045715332e-01 -3.451062142848968506e-01 1.481871306896209717e-01
-1.650779247283935547e-01 1.186515986919403076e-01 -9.414631128311157227e-02 -4.281928017735481262e-02 -1.656940728425979614e-01 -1.757823228836059570e-01 -1.616303473711013794e-01 1.846392750740051270e-01 -1.963299512863159180e-01 9.057641774415969849e-02
-1.495096832513809204e-01 2.138914167881011963e-01 7.688026875257492065e-03 3.872400848194956779e-03 -3.404091298580169678e-02 -7.952076941728591919e-02 -5.841408669948577881e-02 1.141509623266756535e-03 -3.613132983446121216e-02 -4.481918737292289734e-02
-1.732104271650314331e-01 3.235443029552698135e-03 -1.267758607864379883e-01 1.126912757754325867e-01 -6.405715644359588623e-02 1.150963380932807922e-01 -1.395402848720550537e-01 1.031685620546340942e-01 -1.413751691579818726e-01 1.007582470774650574e-01
-1.118849124759435654e-02 -1.787952631711959839e-01 -2.831869125366210938e-01 5.363196134567260742e-02 8.018270879983901978e-02 -6.777881830930709839e-02 7.280614692717790604e-03 -3.123815357685089111e-01 1.556883007287979126e-01 -5.955517292022705078e-02
-1.510701924562454224e-01 1.997478157281875610e-01 -3.300460427999496460e-02 -9.121645987033843994e-02 -7.194485515356063843e-02 -1.048235893249511719e-01 -1.082783043384552002e-01 1.941002160310745239e-01 -1.526740640401840210e-01 -8.706341683864593506e-02
-1.645875871181488037e-01 1.300820112228393555e-01 1.906954795122146606e-01 1.761965602636337280e-01 -3.209327906370162964e-02 -1.700546145439147949e-01 -1.316338777542114258e-01 1.915092207491397858e-02 -1.583684682846069336e-01 -2.208140194416046143e-01
3.302450478076934814e-02 -4.539607465267181396e-02 -3.102844394743442535e-02 -2.715739011764526367e-01 -3.683179989457130432e-02 7.759258896112442017e-02 1.620586812496185303e-01 -2.427334338426589966e-01 -9.531242400407791138e-02 -2.397517710924148560e-01
-1.789480149745941162e-01 1.084834858775138855e-01 2.174120843410491943e-01 -1.171072423458099365e-01 -1.317042708396911621e-01 -6.395120173692703247e-02 -3.927466273307800293e-02 -5.490141361951828003e-02 5.050868727266788483e-03 -1.183628216385841370e-01
1.821623295545578003e-01 -1.859103888273239136e-01 -1.188359037041664124e-01 -2.035157680511474609e-01 -2.612707316875457764e-01 1.809161454439163208e-01 -2.830588817596435547e-01 -2.446997351944446564e-02 -1.033806428313255310e-01 -1.174559816718101501e-02
-1.256093531847000122e-01 3.348336815834045410e-01 -7.512161135673522949e-02 -8.629322797060012817e-02 -7.971368730068206787e-02 -7.863977923989295959e-03 -4.875819385051727295e-02 -4.159305244684219360e-02 -1.378071308135986328e-01 -8.173666149377822876e-02
-1.501952558755874634e-01 9.312531910836696625e-03 -9.353755414485931396e-02 1.056460589170455933e-01 -7.144101709127426147e-02 -8.240409195423126221e-02 -1.712203025817871094e-01 1.626977473497390747e-01 -2.617321908473968506e-01 2.474616765975952148e-01
-2.044698446989059448e-01 9.777720086276531219e-03 2.189526408910751343e-01 4.076782763004302979e-01 -7.935711741447448730e-02 -2.316715419292449951e-01 -3.060218095779418945e-01 -7.318801246583461761e-03 -1.763247251510620117e-01 -3.203109502792358398e-01
8.270131051540374756e-02 -9.335252642631530762e-02 -2.495063990354537964e-01 1.582685112953186035e-01 -6.658817082643508911e-02 9.717613458633422852e-03 8.363892138004302979e-02 2.423381520202383399e-04 -6.657648086547851562e-02 3.044517710804939270e-02
-4.144841060042381287e-02 -6.362687051296234131e-02 -4.040791839361190796e-02 -7.142205536365509033e-02 -2.067699134349822998e-01 -9.951071441173553467e-02 2.696526646614074707e-01 -1.730462014675140381e-01 -1.752674132585525513e-01 -2.255804464221000671e-02
-1.055794069543480873e-03 -6.388875842094421387e-02 3.932615742087364197e-02 -5.258856713771820068e-02 1.433945596218109131e-01 -7.892525941133499146e-02 -3.825445845723152161e-02 -1.801730692386627197e-01 -1.799580454826354980e-01 -1.607535630464553833e-01
8.599226130172610283e-04 -3.902603313326835632e-02 -6.694991141557693481e-02 -5.514191091060638428e-02 -2.696599811315536499e-02 -5.640710517764091492e-02 6.206576712429523468e-03 -1.284367144107818604e-01 -1.027097627520561218e-01 -5.392503924667835236e-03
-2.805192470550537109e-01 -9.094716608524322510e-02 1.389266401529312134e-01 -1.098427101969718933e-01 2.688529789447784424e-01 -1.487775985151529312e-02 -9.520987048745155334e-03 -2.273893058300018311e-01 -8.090901374816894531e-02 -2.199511975049972534e-01
7.448812574148178101e-02 -7.360181212425231934e-02 -1.862678490579128265e-02 2.703908085823059082e-02 -2.318334281444549561e-01 -6.125997379422187805e-02 -1.985809504985809326e-01 -2.217306941747665405e-01 8.355773240327835083e-02 -1.302117016166448593e-03
4.721141979098320007e-02 -2.164817899465560913e-01 -3.215412795543670654e-01 -2.286806702613830566e-01 1.207234412431716919e-01 -1.619368642568588257e-01 3.196421265602111816e-01 4.586264118552207947e-02 -2.923633754253387451e-01 4.059058427810668945e-02
-3.033043444156646729e-01 1.238177809864282608e-02 -8.040869981050491333e-02 1.464109122753143311e-01 9.035215526819229126e-02 1.574186533689498901e-01 -1.171372681856155396e-01 -1.065685302019119263e-01 -8.948556333780288696e-02 -2.188149653375148773e-02
-2.124657928943634033e-01 2.303224056959152222e-02 -2.338491380214691162e-02 8.870171755552291870e-02 -1.361408382654190063e-01 -1.062921211123466492e-01 1.784208416938781738e-01 -2.236292138695716858e-02 -1.204824298620223999e-01 -1.243257224559783936e-01
-1.388044357299804688e-01 2.161895334720611572e-01 -8.285751193761825562e-02 -1.271013170480728149e-01 -3.307455405592918396e-02 3.968442976474761963e-02 -6.840990483760833740e-02 6.273598223924636841e-02 -1.309626549482345581e-01 -7.560747116804122925e-02
-1.174903586506843567e-01 -2.091083079576492310e-01 -1.705906689167022705e-01 -5.271666869521141052e-02 -1.316458880901336670e-01 -6.518850475549697876e-02 -1.559132337570190430e-01 -1.128891669213771820e-02 -1.415734887123107910e-01 -1.780149638652801514e-01
-1.290823221206665039e-01 1.948418468236923218e-01 8.572700619697570801e-02 3.920894116163253784e-02 -1.255043596029281616e-02 -1.687027215957641602e-01 -1.164717078208923340e-01 8.281336724758148193e-02 1.035825535655021667e-01 -7.747068256139755249e-02
6.039912998676300049e-02 -1.658414155244827271e-01 -1.959905922412872314e-01 1.427593827247619629e-01 -1.723816692829132080e-01 -1.202945262193679810e-01 -2.486156821250915527e-01 2.519045211374759674e-02 -2.469781190156936646e-01 -2.203127443790435791e-01
-4.150658100843429565e-02 -1.205228343605995178e-01 1.410389598459005356e-02 1.369171142578125000e-01 2.158237546682357788e-01 5.262007936835289001e-03 -5.747959762811660767e-02 -3.127321600914001465e-01 -2.515638172626495361e-01 -3.938215598464012146e-02
-1.070476099848747253e-01 -8.441895991563796997e-02 -1.081868112087249756e-01 1.326236575841903687e-01 1.094935536384582520e-01 -1.000774353742599487e-01 -1.892944574356079102e-01 -2.393309921026229858e-01 -1.014740467071533203e-01 1.369866579771041870e-01
9.164195507764816284e-02 -1.421887874603271484e-01 -3.428760766983032227e-01 9.502590447664260864e-02 -7.314820587635040283e-02 3.907581418752670288e-02 5.697686970233917236e-02 2.434676513075828552e-02 -3.092373013496398926e-01 -2.325429394841194153e-02
-1.383802741765975952e-01 1.959185451269149780e-01 -1.970842294394969940e-02 -2.052707411348819733e-02 -2.919256873428821564e-02 -1.057490557432174683e-01 -9.340021014213562012e-02 1.071536168456077576e-01 -9.548003226518630981e-02 4.122966527938842773e-02
-1.779486984014511108e-01 5.612400546669960022e-02 -5.592265725135803223e-02 -3.619078397750854492e-01 2.134234458208084106e-02 1.825379133224487305e-01 1.197104752063751221e-01 -1.768182665109634399e-01 2.133361250162124634e-01 2.392395585775375366e-02
-8.046934008598327637e-02 -1.822307854890823364e-01 -1.638016700744628906e-01 -8.646563440561294556e-02 -1.768990308046340942e-01 9.299498051404953003e-02 -9.685422480106353760e-02 -1.390111446380615234e-01 2.735019475221633911e-02 -1.516310870647430420e-01
-1.608144342899322510e-01 2.141843587160110474e-01 3.186693787574768066e-02 -2.417882345616817474e-02 -1.170690581202507019e-01 -1.144642457365989685e-01 7.094907015562057495e-02 -1.220581308007240295e-01 -1.085467636585235596e-01 -1.532535403966903687e-01
4.477318748831748962e-02 -1.305194050073623657e-01 -4.110902547836303711e-03 -2.034156322479248047e-01 1.110658701509237289e-02 -1.933798491954803467e-01 -4.382679611444473267e-02 -1.611069738864898682e-01 -5.304767936468124390e-02 -2.461603432893753052e-01
1.161603350192308426e-02 -1.234518885612487793e-01 -3.032686412334442139e-01 2.142159789800643921e-01 4.490344226360321045e-02 9.851442277431488037e-02 4.996795579791069031e-02 -3.898651599884033203e-01 1.046586334705352783e-01 3.837072476744651794e-02
-1.256328374147415161e-01 1.047355011105537415e-01 1.078470200300216675e-01 -4.102198779582977295e-02 -1.058721244335174561e-01 5.884446576237678528e-02 -1.156133785843849182e-01 8.917194604873657227e-02 -2.591240219771862030e-02 -3.997849673032760620e-02
1.925369203090667725e-01 -1.595874875783920288e-02 1.190183088183403015e-01 8.839105814695358276e-02 -3.419591486454010010e-01 -1.120285615324974060e-01 -3.697073757648468018e-01 -2.104995250701904297e-01 4.347307141870260239e-03 -3.451130986213684082e-01
7.367771863937377930e-02 -1.272427886724472046e-01 -2.798036336898803711e-01 -1.898709535598754883e-01 -1.002767607569694519e-01 -3.271498950198292732e-03 1.834174841642379761e-01 8.906977623701095581e-02 -1.275482121855020523e-03 -1.110001802444458008e-01
3.562824055552482605e-02 -5.152781680226325989e-02 4.852019995450973511e-02 1.647769659757614136e-02 1.023482531309127808e-01 -1.028209924697875977e-02 4.801095649600028992e-02 -9.553894400596618652e-02 -1.878398805856704712e-01 -6.583107262849807739e-02
-5.379950255155563354e-02 4.122299328446388245e-02 -8.692947775125503540e-02 -1.085281595587730408e-01 -4.186049476265907288e-02 -3.584501566365361214e-03 7.253614813089370728e-02 1.048690229654312134e-01 3.709270805120468140e-02 1.248758658766746521e-02
2.121375948190689087e-01 -2.181027084589004517e-01 -1.086701154708862305e-01 2.619227208197116852e-02 -2.958483695983886719e-01 2.592990733683109283e-02 -3.823231756687164307e-01 3.286934457719326019e-03 1.093547195196151733e-01 -2.228266000747680664e-01
1.169338077306747437e-02 -9.867740422487258911e-02 2.654362656176090240e-02 4.021939262747764587e-02 -3.826065361499786377e-02 -7.905341684818267822e-02 -1.191251426935195923e-01 -2.111012190580368042e-01 -6.685633212327957153e-02 -1.325546652078628540e-01
-1.433445960283279419e-01 -3.154028207063674927e-02 -1.814420819282531738e-01 1.121024936437606812e-01 1.837782561779022217e-02 1.778746992349624634e-01 -1.681856065988540649e-02 -3.107948228716850281e-02 5.736339837312698364e-02 -2.747044898569583893e-02
-2.339716702699661255e-01 -5.531531572341918945e-02 3.294028937816619873e-01 5.329560860991477966e-02 -3.662665607407689095e-03 -2.767888605594635010e-01 -2.610065042972564697e-01 -6.004913593642413616e-04 8.347054570913314819e-02 -1.253095865249633789e-01
-6.595718115568161011e-02 -3.172240033745765686e-02 -1.194152534008026123e-01 -1.250459253787994385e-01 8.811447024345397949e-02 1.356414258480072021e-01 1.786113083362579346e-01 -7.363167405128479004e-02 1.069141924381256104e-01 1.302913413383066654e-03
6.860749423503875732e-02 -6.249201297760009766e-02 -5.704493448138237000e-02 -8.037568628787994385e-02 7.066922727972269058e-03 1.645573228597640991e-01 2.302497178316116333e-01 -1.895466595888137817e-01 -2.362943738698959351e-01 -2.877636849880218506e-01
-1.846455335617065430e-01 2.043185010552406311e-02 -6.240490451455116272e-02 -1.266730427742004395e-01 -6.170619279146194458e-02 3.162198662757873535e-01 2.037528604269027710e-01 -1.274146586656570435e-01 1.669511571526527405e-02 -1.103913132101297379e-02
1.822578310966491699e-01 -2.155057340860366821e-01 -2.538576722145080566e-01 -8.802968263626098633e-02 -3.508628010749816895e-01 8.255739510059356689e-02 -1.148375868797302246e-01 -1.224602945148944855e-02 7.859376072883605957e-02 9.024642407894134521e-02
-4.835477448068559170e-04 -1.922431439161300659e-01 1.289443969726562500e-01 -6.481166929006576538e-02 -2.500922679901123047e-01 -1.861364245414733887e-01 7.235424965620040894e-02 -1.685926467180252075e-01 1.209651958197355270e-02 -1.326728463172912598e-01
-1.487047523260116577e-01 5.668982118368148804e-02 -8.029861748218536377e-02 -1.006449833512306213e-01 1.244541704654693604e-01 -2.347890883684158325e-01 -1.634071022272109985e-01 1.378890573978424072e-01 -8.249614387750625610e-02 7.849314808845520020e-02
