9.889743328094482422e-01
6.657657623291015625e-01
5.659307166934013367e-02
1.347022056579589844e+00
1.448145866394042969e+00
1.062774300575256348e+00
7.037654519081115723e-01
2.183200120925903320e-01
8.371121287345886230e-01
1.299594998359680176e+00
1.008350014686584473e+00
1.424243211746215820e+00
7.515642046928405762e-01
6.644074916839599609e-01
1.262423396110534668e+00
7.385462522506713867e-01
7.550350427627563477e-01
1.124684572219848633e+00
1.119597792625427246e+00
1.080737233161926270e+00
3.933009803295135498e-01
9.463757872581481934e-01
1.292080760002136230e+00
5.105322599411010742e-01
6.569600701332092285e-01
1.211296245455741882e-01
7.581589221954345703e-01
1.032613515853881836e+00
9.235326647758483887e-01
-2.328180521726608276e-01
1.190401077270507812e+00
8.982967138290405273e-01
1.354911327362060547e+00
9.317414760589599609e-01
9.752159714698791504e-01
1.020260095596313477e+00
9.003706574440002441e-01
6.037206053733825684e-01
1.233884215354919434e+00
3.831820487976074219e-01
9.796437025070190430e-01
9.225988388061523438e-01
7.292252779006958008e-01
3.037180304527282715e-01
-1.204138174653053284e-01
1.125796198844909668e+00
7.866638898849487305e-01
6.545423865318298340e-01
1.220731973648071289e+00
-9.014377370476722717e-03
8.576058745384216309e-01
4.021318554878234863e-01
1.772194728255271912e-02
7.390327453613281250e-01
-1.484201252460479736e-01
6.770251989364624023e-01
5.953068733215332031e-01
6.399031281471252441e-01
3.615609109401702881e-01
4.492061138153076172e-01
1.032013893127441406e+00
1.032439231872558594e+00
6.184338331222534180e-01
1.350848436355590820e+00
7.187100648880004883e-01
1.173546671867370605e+00
4.924704134464263916e-01
1.534108668565750122e-01
1.408021569252014160e+00
5.252155661582946777e-01
6.752004027366638184e-01
9.251059293746948242e-01
7.251320481300354004e-01
1.190287828445434570e+00
6.140753626823425293e-01
5.097740292549133301e-01
1.250669002532958984e+00
1.804818958044052124e-01
1.380110025405883789e+00
1.072228670120239258e+00
3.017047047615051270e-01
8.759896159172058105e-01
3.334265947341918945e-01
8.332784175872802734e-01
1.319513916969299316e+00
1.272776603698730469e+00
1.390011548995971680e+00
7.661312818527221680e-01
7.973094582557678223e-01
2.334819883108139038e-01
1.302715897560119629e+00
7.352458238601684570e-01
3.952431976795196533e-01
6.256453394889831543e-01
1.093567609786987305e+00
2.389101088047027588e-01
1.004045486450195312e+00
8.796868920326232910e-01
5.385757684707641602e-01
5.080623030662536621e-01
2.393073141574859619e-01
-2.698093652725219727e-01
1.872531920671463013e-01
1.129902124404907227e+00
8.891375064849853516e-01
5.124093890190124512e-01
6.266528964042663574e-01
5.467568635940551758e-01
-3.882145285606384277e-01
1.166244268417358398e+00
1.213659405708312988e+00
1.340572834014892578e+00
1.151819348335266113e+00
1.439126968383789062e+00
1.335901141166687012e+00
1.208691716194152832e+00
7.612843513488769531e-01
1.143258884549140930e-01
7.617956995964050293e-01
9.585767984390258789e-01
8.877339363098144531e-01
5.245106816291809082e-01
9.736852645874023438e-01
8.833701014518737793e-01
1.793783009052276611e-01
8.543160557746887207e-01
1.068624615669250488e+00
1.292601466178894043e+00
4.788822233676910400e-01
9.636198878288269043e-01
9.847196936607360840e-02
-1.471280306577682495e-01
3.680608868598937988e-01
1.218503952026367188e+00
9.427690505981445312e-01
1.226438641548156738e+00
3.629825711250305176e-01
1.046579360961914062e+00
8.484754562377929688e-01
6.730444431304931641e-01
-8.576064556837081909e-02
1.110402345657348633e+00
5.953360795974731445e-01
1.261174559593200684e+00
5.921503305435180664e-01
3.418886959552764893e-01
9.624763727188110352e-01
9.920091629028320312e-01
-4.088197275996208191e-02
8.070496320724487305e-01
1.023815512657165527e+00
5.075826048851013184e-01
3.948961496353149414e-01
1.698056757450103760e-01
4.248470664024353027e-01
1.377223372459411621e+00
6.561554670333862305e-01
1.395512580871582031e+00
1.382782220840454102e+00
3.901005685329437256e-01
8.716330528259277344e-01
6.435228586196899414e-01
1.104906678199768066e+00
8.952757120132446289e-01
9.382788538932800293e-01
9.940018653869628906e-01
3.680130839347839355e-01
9.881439805030822754e-01
1.213253855705261230e+00
8.123490810394287109e-01
1.367442756891250610e-01
7.330981492996215820e-01
6.313123703002929688e-01
5.554727911949157715e-01
2.767655253410339355e-01
9.622767567634582520e-01
1.120418190956115723e+00
1.365377426147460938e+00
8.072702884674072266e-01
-9.967859834432601929e-03
9.496749639511108398e-01
1.166040539741516113e+00
6.574743390083312988e-01
1.290108442306518555e+00
3.673453032970428467e-01
9.346368908882141113e-01
9.402618408203125000e-01
1.437371134757995605e+00
2.759130895137786865e-01
1.000995278358459473e+00
1.687401533126831055e-01
2.426467835903167725e-02
1.052576899528503418e+00
-2.401318103075027466e-01
1.299468398094177246e+00
5.952980518341064453e-01
1.315807104110717773e+00
1.242090940475463867e+00
8.915652036666870117e-01
1.088839650154113770e+00
7.677106261253356934e-01
4.208752512931823730e-01
3.563341796398162842e-01
5.467812418937683105e-01
1.186997532844543457e+00
1.248015403747558594e+00
4.984521865844726562e-01
1.311314344406127930e+00
6.450104713439941406e-01
-2.081850729882717133e-02
1.184047818183898926e+00
-1.285942792892456055e-01
2.067021727561950684e-01
7.137520313262939453e-01
1.188287854194641113e+00
7.337611913681030273e-01
-2.220833748579025269e-01
9.926992058753967285e-01
1.056262016296386719e+00
8.302114009857177734e-01
7.164834141731262207e-01
5.924736261367797852e-01
1.145027764141559601e-02
7.253958582878112793e-01
1.000307202339172363e+00
