-1.815860122442245483e-01
-1.809952110052108765e-01
-1.815859228372573853e-01
-1.810407489538192749e-01
-1.814042627811431885e-01
-1.823589056730270386e-01
-1.822221130132675171e-01
-1.790863573551177979e-01
-1.803132742643356323e-01
-1.807225346565246582e-01
-1.807224005460739136e-01
-1.809951514005661011e-01
-1.802227646112442017e-01
-1.796772032976150513e-01
-1.787226498126983643e-01
-1.789501607418060303e-01
-1.817223429679870605e-01
-1.821768283843994141e-01
-1.795409619808197021e-01
-1.809496730566024780e-01
-1.806771159172058105e-01
-1.798590272665023804e-01
-1.813132911920547485e-01
-1.814951449632644653e-01
-1.801316589117050171e-01
-1.803589165210723877e-01
-1.816315054893493652e-01
-1.812678128480911255e-01
-1.807679831981658936e-01
-1.811317056417465210e-01
-1.831313073635101318e-01
-1.820859014987945557e-01
-1.801771819591522217e-01
-1.814040094614028931e-01
-1.778587251901626587e-01
-1.765858978033065796e-01
-1.694055199623107910e-01
-1.636339873075485229e-01
-1.569972485303878784e-01
-1.492701917886734009e-01
-1.488605737686157227e-01
-1.504077315330505371e-01
-1.485438644886016846e-01
-1.563163548707962036e-01
-1.548153012990951538e-01
-1.589058786630630493e-01
-1.632249802350997925e-01
-1.663599908351898193e-01
-1.725867837667465210e-01
-1.746317595243453979e-01
-1.774048209190368652e-01
-1.807224154472351074e-01
-1.809952110052108765e-01
-1.807225793600082397e-01
-1.805860996246337891e-01
-1.811768710613250732e-01
-1.807678639888763428e-01
-1.812679171562194824e-01
-1.825405806303024292e-01
-1.811316460371017456e-01
-1.808133870363235474e-01
-1.812223494052886963e-01
-1.726774722337722778e-01
-1.469064950942993164e-01
-1.294988691806793213e-01
-1.136841252446174622e-01
-1.190941482782363892e-01
-1.343199461698532104e-01
-1.503188163042068481e-01
-1.735889464616775513e-01
-1.870432496070861816e-01
-2.060895413160324097e-01
-2.109536528587341309e-01
-2.062710821628570557e-01
-2.015890479087829590e-01
-1.839505136013031006e-01
-1.644046306610107422e-01
-1.487234979867935181e-01
-1.457695662975311279e-01
-1.604060381650924683e-01
-1.726327389478683472e-01
-1.783590614795684814e-01
-1.804951429367065430e-01
-1.817221492528915405e-01
-1.809952259063720703e-01
-1.830860376358032227e-01
-1.799498796463012695e-01
-1.815406084060668945e-01
-1.792682409286499023e-01
-1.612707376480102539e-01
-1.386822313070297241e-01
-1.053658872842788696e-01
-9.063824266195297241e-02
-9.763825684785842896e-02
-1.274551451206207275e-01
-1.599547713994979858e-01
-2.019541561603546143e-01
-2.572705745697021484e-01
-2.895891070365905762e-01
-3.149991035461425781e-01
-3.189079463481903076e-01
-2.925007045269012451e-01
-2.529087960720062256e-01
-2.086798548698425293e-01
-1.725436300039291382e-01
-1.522265374660491943e-01
-1.360461264848709106e-01
-1.370902508497238159e-01
-1.527252644300460815e-01
-1.731777489185333252e-01
-1.799043267965316772e-01
-1.811317354440689087e-01
-1.813587844371795654e-01
-1.803589463233947754e-01
-1.795862913131713867e-01
-1.778140068054199219e-01
-1.652249097824096680e-01
-1.184110939502716064e-01
-9.409307688474655151e-02
-7.482021301984786987e-02
-7.672748714685440063e-02
-1.139090731739997864e-01
-1.794549077749252319e-01
-2.699073553085327148e-01
-3.777717947959899902e-01
-4.907285273075103760e-01
-5.648625493049621582e-01
-6.061345338821411133e-01
-5.824556946754455566e-01
-5.089526176452636719e-01
-4.123168289661407471e-01
-3.026817739009857178e-01
-2.032724469900131226e-01
-1.454085409641265869e-01
-1.210470944643020630e-01
-1.196387261152267456e-01
-1.298646032810211182e-01
-1.474536210298538208e-01
-1.762232631444931030e-01
-1.803587824106216431e-01
-1.814042031764984131e-01
-1.813131868839263916e-01
-1.776775866746902466e-01
-1.690873503684997559e-01
-1.227746605873107910e-01
-8.518469333648681641e-02
-5.281836912035942078e-02
-3.709095343947410583e-02
-5.363610386848449707e-02
-1.255000680685043335e-01
-2.453182935714721680e-01
-3.735015690326690674e-01
-5.036367177963256836e-01
-6.272699236869812012e-01
-7.003186345100402832e-01
-7.134572863578796387e-01
-6.924974322319030762e-01
-6.098630428314208984e-01
-4.803632795810699463e-01
-3.398634195327758789e-01
-2.076368629932403564e-01
-1.200905069708824158e-01
-9.340947121381759644e-02
-1.076366081833839417e-01
-1.198646649718284607e-01
-1.292286217212677002e-01
-1.566800624132156372e-01
-1.783136874437332153e-01
-1.814041733741760254e-01
-1.814496368169784546e-01
-1.776321232318878174e-01
-1.401354968547821045e-01
-8.977407962083816528e-02
-3.963689878582954407e-02
-1.299995090812444687e-02
-1.481804810464382172e-02
-7.540915906429290771e-02
-2.088629901409149170e-01
-3.748639822006225586e-01
-5.247275829315185547e-01
-6.423177123069763184e-01
-7.133606672286987305e-01
-7.601822614669799805e-01
-7.752275466918945312e-01
-7.509989142417907715e-01
-7.050908207893371582e-01
-5.928199291229248047e-01
-4.031821787357330322e-01
-2.259095907211303711e-01
-8.722686767578125000e-02
-5.595462024211883545e-02
-8.159088343381881714e-02
-1.194102466106414795e-01
-1.288196295499801636e-01
-1.395434737205505371e-01
-1.745416522026062012e-01
-1.811768710613250732e-01
-1.765866875648498535e-01
-1.564076989889144897e-01
-1.126380339264869690e-01
-5.918224155902862549e-02
-1.727260649204254150e-02
2.286371029913425446e-02
-8.545393124222755432e-03
-1.316818743944168091e-01
-3.129082322120666504e-01
-5.081350207328796387e-01
-6.255909204483032227e-01
-6.586311459541320801e-01
-6.708644032478332520e-01
-6.903158426284790039e-01
-6.963655948638916016e-01
-7.150013446807861328e-01
-7.108136415481567383e-01
-6.475919485092163086e-01
-4.908635616302490234e-01
-2.782735228538513184e-01
-1.004546210169792175e-01
-2.718130499124526978e-02
-6.122742593288421631e-02
-1.162723824381828308e-01
-1.306821703910827637e-01
-1.340920627117156982e-01
-1.751778870820999146e-01
-1.812678426504135132e-01
-1.702239811420440674e-01
-1.334090828895568848e-01
-9.218286722898483276e-02
-3.713656216859817505e-02
1.595446653664112091e-02
4.709091782569885254e-02
-1.250004488974809647e-02
-1.801358908414840698e-01
-4.043174088001251221e-01
-5.991336703300476074e-01
-6.416825652122497559e-01
-6.084083914756774902e-01
-5.580902099609375000e-01
-5.403623580932617188e-01
-5.584560036659240723e-01
-6.084541082382202148e-01
-6.636847257614135742e-01
-6.842320561408996582e-01
-5.563182234764099121e-01
-3.558178842067718506e-01
-1.324548870325088501e-01
-3.790888935327529907e-02
-5.740910768508911133e-02
-1.179086789488792419e-01
-1.410913467407226562e-01
-1.363180279731750488e-01
-1.732690334320068359e-01
-1.793590486049652100e-01
-1.624974161386489868e-01
-1.235020533204078674e-01
-8.936561644077301025e-02
-2.122725546360015869e-02
3.540901094675064087e-02
6.177266687154769897e-02
-2.813636511564254761e-02
-2.317265868186950684e-01
-4.838166534900665283e-01
-6.099979281425476074e-01
-5.994995236396789551e-01
-5.067721605300903320e-01
-4.265910089015960693e-01
-3.994542956352233887e-01
-4.345454871654510498e-01
-5.017722845077514648e-01
-5.931792259216308594e-01
-6.400414109230041504e-01
-5.490900278091430664e-01
-3.698635101318359375e-01
-1.495002657175064087e-01
-3.631830587983131409e-02
-4.122745245695114136e-02
-9.563730657100677490e-02
-1.308646798133850098e-01
-1.394088864326477051e-01
-1.711782962083816528e-01
-1.782228201627731323e-01
-1.591793149709701538e-01
-1.216380596160888672e-01
-8.690994232892990112e-02
-1.540911756455898285e-02
4.945458471775054932e-02
5.554513260722160339e-02
-5.849967524409294128e-02
-3.025459349155426025e-01
-5.264081358909606934e-01
-6.003167629241943359e-01
-5.453644990921020508e-01
-4.181345999240875244e-01
-3.265914022922515869e-01
-3.347285389900207520e-01
-3.739559054374694824e-01
-4.270471334457397461e-01
-5.285012722015380859e-01
-5.748193264007568359e-01
-4.994089007377624512e-01
-3.448195457458496094e-01
-1.516370922327041626e-01
-2.913631498813629150e-02
-2.313618548214435577e-02
-7.763738930225372314e-02
-1.190941855311393738e-01
-1.466807723045349121e-01
-1.765411347150802612e-01
-1.790862381458282471e-01
-1.609069406986236572e-01
-1.275468617677688599e-01
-8.891084790229797363e-02
-1.622756384313106537e-02
4.249994084239006042e-02
1.613636128604412079e-02
-1.340001076459884644e-01
-3.960915207862854004e-01
-5.549980998039245605e-01
-5.707302093505859375e-01
-4.873196780681610107e-01
-3.784107863903045654e-01
-3.248195946216583252e-01
-3.510454297065734863e-01
-3.648169934749603271e-01
-4.164548516273498535e-01
-5.079538822174072266e-01
-5.270926952362060547e-01
-4.442271590232849121e-01
-2.887732684612274170e-01
-1.523196548223495483e-01
-2.949987165629863739e-02
-1.299984473735094070e-02
-5.672781169414520264e-02
-1.206849217414855957e-01
-1.579521745443344116e-01
-1.781776398420333862e-01
-1.806315481662750244e-01
-1.705420762300491333e-01
-1.383639872074127197e-01
-9.613803029060363770e-02
-2.359119430184364319e-02
1.463634241372346878e-02
-3.340893238782882690e-02
-2.177721858024597168e-01
-4.607276618480682373e-01
-5.571351647377014160e-01
-5.340012907981872559e-01
-4.552254080772399902e-01
-3.700937330722808838e-01
-3.791360259056091309e-01
-4.205001294612884521e-01
-4.369108080863952637e-01
-4.865903854370117188e-01
-5.381342172622680664e-01
-4.965454041957855225e-01
-3.810893297195434570e-01
-2.665451467037200928e-01
-1.651372164487838745e-01
-5.390952527523040771e-02
-2.513612806797027588e-02
-5.109104141592979431e-02
-1.195927709341049194e-01
-1.625880151987075806e-01
-1.799499690532684326e-01
-1.803588122129440308e-01
-1.775412559509277344e-01
-1.561802923679351807e-01
-9.718289971351623535e-02
-3.118187934160232544e-02
-1.086347457021474838e-02
-7.150019705295562744e-02
-2.619102001190185547e-01
-4.723626971244812012e-01
-5.508607625961303711e-01
-5.207261443138122559e-01
-4.452278912067413330e-01
-4.051818251609802246e-01
-4.421355724334716797e-01
-5.202285051345825195e-01
-5.420010089874267578e-01
-5.600476264953613281e-01
-5.754067301750183105e-01
-4.896362125873565674e-01
-3.779082298278808594e-01
-2.837726473808288574e-01
-1.982258111238479614e-01
-9.690888971090316772e-02
-3.940938785672187805e-02
-4.959107935428619385e-02
-1.067288145422935486e-01
-1.601339280605316162e-01
-1.792228072881698608e-01
-1.794498860836029053e-01
-1.794500946998596191e-01
-1.663150638341903687e-01
-1.060014516115188599e-01
-3.495453298091888428e-02
-3.004539757966995239e-02
-9.586348384618759155e-02
-2.739993929862976074e-01
-4.757715761661529541e-01
-5.534074306488037109e-01
-5.210465192794799805e-01
-4.643627107143402100e-01
-4.275895059108734131e-01
-5.365914106369018555e-01
-6.176810264587402344e-01
-6.262710094451904297e-01
-5.986793637275695801e-01
-6.057250499725341797e-01
-5.205903649330139160e-01
-4.129524827003479004e-01
-3.395007550716400146e-01
-2.419544756412506104e-01
-1.236816197633743286e-01
-4.668214917182922363e-02
-5.509068071842193604e-02
-9.668305516242980957e-02
-1.568154394626617432e-01
-1.803586632013320923e-01
-1.814495921134948730e-01
-1.815859973430633545e-01
-1.677246242761611938e-01
-1.007285192608833313e-01
-3.672755882143974304e-02
-4.059078171849250793e-02
-1.080001667141914368e-01
-2.752729952335357666e-01
-4.595009088516235352e-01
-5.336838364601135254e-01
-5.160465836524963379e-01
-4.700456857681274414e-01
-4.823170304298400879e-01
-5.903620123863220215e-01
-6.691347956657409668e-01
-6.329510807991027832e-01
-5.993179082870483398e-01
-5.953162908554077148e-01
-5.397262573242187500e-01
-4.608633518218994141e-01
-3.789988756179809570e-01
-2.549990117549896240e-01
-1.271815747022628784e-01
-5.459089204668998718e-02
-5.304560065269470215e-02
-9.741146117448806763e-02
-1.489071995019912720e-01
-1.779044568538665771e-01
-1.808588206768035889e-01
-1.797679066658020020e-01
-1.634511798620223999e-01
-9.504766017198562622e-02
-4.500020667910575867e-02
-5.463640391826629639e-02
-1.310001760721206665e-01
-2.790447771549224854e-01
-4.379078149795532227e-01
-4.959563314914703369e-01
-4.943605065345764160e-01
-4.615457952022552490e-01
-4.960888922214508057e-01
-5.713174939155578613e-01
-6.236345171928405762e-01
-5.898212790489196777e-01
-5.533187389373779297e-01
-5.723629593849182129e-01
-5.139566659927368164e-01
-4.808646738529205322e-01
-4.054547846317291260e-01
-2.508637309074401855e-01
-1.004547700285911560e-01
-3.913652151823043823e-02
-5.222732946276664734e-02
-1.038197427988052368e-01
-1.454091966152191162e-01
-1.786773651838302612e-01
-1.779500395059585571e-01
-1.803589910268783569e-01
-1.630879640579223633e-01
-9.027554839849472046e-02
-5.190917104482650757e-02
-7.131804525852203369e-02
-1.568637937307357788e-01
-2.963641881942749023e-01
-4.198181033134460449e-01
-4.626367688179016113e-01
-4.582713544368743896e-01
-4.369080960750579834e-01
-4.511803686618804932e-01
-5.047731995582580566e-01
-5.289567112922668457e-01
-5.149546861648559570e-01
-5.089522600173950195e-01
-5.304569005966186523e-01
-5.144115090370178223e-01
-4.875457286834716797e-01
-3.774529099464416504e-01
-2.025459110736846924e-01
-6.409091502428054810e-02
-3.159075975418090820e-02
-6.500033289194107056e-02
-1.125471964478492737e-01
-1.432274132966995239e-01
-1.794953644275665283e-01
-1.821311116218566895e-01
-1.796773672103881836e-01
-1.483602821826934814e-01
-9.100432693958282471e-02
-4.468205571174621582e-02
-7.877282053232192993e-02
-1.773179322481155396e-01
-3.210913538932800293e-01
-4.307259023189544678e-01
-4.629090726375579834e-01
-4.406808614730834961e-01
-4.196800887584686279e-01
-4.118633270263671875e-01
-4.562737643718719482e-01
-4.761356711387634277e-01
-4.713182449340820312e-01
-5.025439858436584473e-01
-5.026338696479797363e-01
-5.179530382156372070e-01
-4.698161780834197998e-01
-3.209984004497528076e-01
-1.268177479505538940e-01
-2.977253310382366180e-02
-1.968180760741233826e-02
-7.359106838703155518e-02
-1.207284405827522278e-01
-1.539987176656723022e-01
-1.785863339900970459e-01
-1.824496835470199585e-01
-1.779957115650177002e-01
-1.427699476480484009e-01
-9.168626368045806885e-02
-4.181839898228645325e-02
-7.381860166788101196e-02
-1.650912612676620483e-01
-3.184064328670501709e-01
-4.342277050018310547e-01
-4.836805164813995361e-01
-4.592243134975433350e-01
-4.266834259033203125e-01
-4.267277419567108154e-01
-4.675011336803436279e-01
-5.199076533317565918e-01
-5.244987010955810547e-01
-5.294542312622070312e-01
-5.298181176185607910e-01
-5.236372351646423340e-01
-4.151352047920227051e-01
-2.085909992456436157e-01
-2.554548159241676331e-02
3.268174827098846436e-02
-4.636351019144058228e-03
-7.695530354976654053e-02
-1.238653808832168579e-01
-1.510900110006332397e-01
-1.784955412149429321e-01
-1.801315248012542725e-01
-1.774955987930297852e-01
-1.358165144920349121e-01
-9.518585354089736938e-02
-3.259154036641120911e-02
-5.622750893235206604e-02
-1.369098275899887085e-01
-2.836358547210693359e-01
-4.325441420078277588e-01
-5.151360034942626953e-01
-5.256350040435791016e-01
-5.089982151985168457e-01
-5.020908117294311523e-01
-5.658177733421325684e-01
-5.893165469169616699e-01
-5.895919203758239746e-01
-5.776375532150268555e-01
-5.639582276344299316e-01
-4.724536538124084473e-01
-2.805456221103668213e-01
-7.236332446336746216e-02
6.113620474934577942e-02
6.349990516901016235e-02
-3.227245062589645386e-03
-8.300165832042694092e-02
-1.184562519192695618e-01
-1.579069495201110840e-01
-1.814042180776596069e-01
-1.810405701398849487e-01
-1.762687414884567261e-01
-1.401349753141403198e-01
-9.627642482519149780e-02
-3.859180584549903870e-02
-2.445450238883495331e-02
-8.309078961610794067e-02
-1.993629336357116699e-01
-3.626806437969207764e-01
-5.157734155654907227e-01
-6.001355648040771484e-01
-6.341346502304077148e-01
-6.455917358398437500e-01
-6.791406273841857910e-01
-6.824032664299011230e-01
-6.591320633888244629e-01
-6.130464076995849609e-01
-5.295000672340393066e-01
-3.542724251747131348e-01
-1.468636840581893921e-01
1.090908702462911606e-02
8.109067380428314209e-02
4.940910637378692627e-02
-2.409100160002708435e-02
-9.245673567056655884e-02
-1.278651952743530273e-01
-1.675877720117568970e-01
-1.817678660154342651e-01
-1.801770776510238647e-01
-1.829494684934616089e-01
-1.475442945957183838e-01
-1.109116375446319580e-01
-6.309374421834945679e-02
-2.909087948501110077e-02
-4.786398261785507202e-02
-1.398627609014511108e-01
-2.833181321620941162e-01
-4.547710716724395752e-01
-5.997731685638427734e-01
-7.078170180320739746e-01
-7.446368336677551270e-01
-7.689111828804016113e-01
-7.356775403022766113e-01
-6.664105057716369629e-01
-5.637273788452148438e-01
-4.115907847881317139e-01
-2.504090666770935059e-01
-7.636385411024093628e-02
1.700005866587162018e-02
3.986360132694244385e-02
1.045567798428237438e-03
-5.304570496082305908e-02
-1.023650690913200378e-01
-1.484989821910858154e-01
-1.778139472007751465e-01
-1.803134083747863770e-01
-1.811316609382629395e-01
-1.803134232759475708e-01
-1.660877913236618042e-01
-1.289558857679367065e-01
-1.039574146270751953e-01
-6.795579195022583008e-02
-6.090941280126571655e-02
-1.149541735649108887e-01
-2.400927245616912842e-01
-4.000461399555206299e-01
-5.440899729728698730e-01
-6.600880622863769531e-01
-7.150908708572387695e-01
-7.172244191169738770e-01
-6.659986972808837891e-01
-5.679505467414855957e-01
-4.415454566478729248e-01
-3.139990270137786865e-01
-1.975436657667160034e-01
-9.718175232410430908e-02
-5.081814900040626526e-02
-3.604535385966300964e-02
-4.731865227222442627e-02
-8.313737809658050537e-02
-1.270016282796859741e-01
-1.653608679771423340e-01
-1.784045547246932983e-01
-1.820406317710876465e-01
-1.808132976293563843e-01
-1.811770796775817871e-01
-1.793136149644851685e-01
-1.588615477085113525e-01
-1.259099692106246948e-01
-1.122310981154441833e-01
-1.022301390767097473e-01
-1.234548538923263550e-01
-1.945444494485855103e-01
-2.904993295669555664e-01
-4.059555530548095703e-01
-4.932273626327514648e-01
-5.332725644111633301e-01
-5.139088630676269531e-01
-4.701808094978332520e-01
-3.819544017314910889e-01
-3.043166399002075195e-01
-2.321352809667587280e-01
-1.814991086721420288e-01
-1.367731541395187378e-01
-1.122730299830436707e-01
-8.395529538393020630e-02
-8.972726762294769287e-02
-1.152287423610687256e-01
-1.556802242994308472e-01
-1.769049614667892456e-01
-1.803135275840759277e-01
-1.807224750518798828e-01
-1.826312392950057983e-01
-1.824496835470199585e-01
-1.816769242286682129e-01
-1.774048805236816406e-01
-1.566789895296096802e-01
-1.335911601781845093e-01
-1.393632590770721436e-01
-1.500437706708908081e-01
-1.788610070943832397e-01
-2.305449694395065308e-01
-2.880424857139587402e-01
-3.212730586528778076e-01
-3.447261452674865723e-01
-3.206813037395477295e-01
-2.901805639266967773e-01
-2.495902478694915771e-01
-2.292270958423614502e-01
-2.188629806041717529e-01
-1.989077329635620117e-01
-1.670451611280441284e-01
-1.335467398166656494e-01
-1.130020469427108765e-01
-1.189557611942291260e-01
-1.528625935316085815e-01
-1.732691824436187744e-01
-1.782682687044143677e-01
-1.801771521568298340e-01
-1.799497753381729126e-01
-1.790863871574401855e-01
-1.793590486049652100e-01
-1.791316419839859009e-01
-1.812678277492523193e-01
-1.753592789173126221e-01
-1.560426950454711914e-01
-1.439526528120040894e-01
-1.575425714254379272e-01
-1.842232197523117065e-01
-2.140862345695495605e-01
-2.504059672355651855e-01
-2.824527025222778320e-01
-2.956798970699310303e-01
-2.754528224468231201e-01
-2.499085217714309692e-01
-2.183161824941635132e-01
-2.003169208765029907e-01
-1.795896142721176147e-01
-1.595450192689895630e-01
-1.361370682716369629e-01
-1.244563385844230652e-01
-1.390462070703506470e-01
-1.682243794202804565e-01
-1.779048591852188110e-01
-1.794498860836029053e-01
-1.804953962564468384e-01
-1.811770200729370117e-01
-1.799043118953704834e-01
-1.799953877925872803e-01
-1.812679171562194824e-01
-1.817679256200790405e-01
-1.820860058069229126e-01
-1.809498369693756104e-01
-1.758142411708831787e-01
-1.745860129594802856e-01
-1.636326611042022705e-01
-1.582252383232116699e-01
-1.533613204956054688e-01
-1.471793353557586670e-01
-1.516804099082946777e-01
-1.535430252552032471e-01
-1.519982218742370605e-01
-1.499538570642471313e-01
-1.433629989624023438e-01
-1.335001736879348755e-01
-1.307728886604309082e-01
-1.405446082353591919e-01
-1.612702161073684692e-01
-1.685874611139297485e-01
-1.759958267211914062e-01
-1.779049634933471680e-01
-1.802224516868591309e-01
-1.806314736604690552e-01
-1.794953495264053345e-01
-1.814493834972381592e-01
-1.815860718488693237e-01
