-3.423886597156524658e-01
-6.978306174278259277e-02
-1.404535584151744843e-02
-2.908509597182273865e-02
1.187649071216583252e-01
-5.994327366352081299e-02
-5.190584342926740646e-03
-4.150076955556869507e-02
-1.151856407523155212e-01
-1.111167371273040771e-01
-2.158821076154708862e-01
-3.088285923004150391e-01
-6.938478350639343262e-02
-3.201101347804069519e-02
-2.558394894003868103e-02
-9.804017841815948486e-02
-3.058437705039978027e-01
-1.022527962923049927e-01
-1.029115542769432068e-01
3.215594962239265442e-02
-8.369413763284683228e-02
-1.191459447145462036e-01
7.657988369464874268e-02
-2.689329683780670166e-01
-1.868175342679023743e-02
-1.690893620252609253e-01
5.236246436834335327e-02
-2.608609795570373535e-01
-7.573029398918151855e-02
-2.142108231782913208e-01
-2.475495189428329468e-01
-2.568207308650016785e-02
-9.307655692100524902e-02
-1.260323375463485718e-01
-1.028245687484741211e-01
-1.284027546644210815e-01
-1.024899706244468689e-01
4.464941471815109253e-02
-1.288896054029464722e-01
-1.445097774267196655e-01
-8.824720233678817749e-02
-5.121060181409120560e-03
-6.359776109457015991e-02
-1.566637903451919556e-01
-7.705792784690856934e-02
6.628265231847763062e-02
1.687821745872497559e-02
-4.014643728733062744e-01
-2.049718350172042847e-01
-1.078458949923515320e-01
-4.677300155162811279e-02
-2.469677664339542389e-02
-2.371703684329986572e-01
-1.103470921516418457e-01
-2.277085185050964355e-01
-1.156588047742843628e-01
5.654823184013366699e-01
-1.334449946880340576e-01
-2.918587252497673035e-02
2.967364341020584106e-02
-2.286082506179809570e-01
-6.942723691463470459e-02
-1.869635879993438721e-01
-1.149228289723396301e-01
-4.529276117682456970e-02
-1.801195442676544189e-01
-1.106838881969451904e-01
-1.000543907284736633e-01
-1.079953927546739578e-02
-1.225247904658317566e-01
-1.669679582118988037e-01
-1.742746233940124512e-01
-2.173340916633605957e-01
-2.502481639385223389e-01
2.864002585411071777e-01
-4.975241422653198242e-02
1.444090455770492554e-01
1.966953650116920471e-02
1.459823489189147949e+00
-4.737688899040222168e-01
4.719537496566772461e-02
-1.112877205014228821e-01
-4.389472305774688721e-02
-1.837178170680999756e-01
-8.396078646183013916e-02
-1.587298959493637085e-01
-1.328931301832199097e-01
-2.586092352867126465e-01
1.186503097414970398e-02
-1.406443417072296143e-01
-3.625297844409942627e-01
-3.600443601608276367e-01
-2.067568302154541016e-01
-1.493841558694839478e-01
7.285463809967041016e-02
-5.130910873413085938e-02
-2.492684870958328247e-01
2.695231512188911438e-02
-2.322523891925811768e-01
8.319017291069030762e-02
-6.223351880908012390e-02
-1.395444869995117188e-01
6.938279606401920319e-03
-1.709889024496078491e-01
-1.468862872570753098e-03
-1.213146373629570007e-01
-2.074299156665802002e-01
-5.617680028080940247e-02
-1.252125501632690430e-01
-1.531863468699157238e-03
-1.135913357138633728e-01
-1.845041811466217041e-01
-1.264912933111190796e-01
-1.377938538789749146e-01
-1.121409609913825989e-01
-1.127018630504608154e-01
-1.668273843824863434e-02
1.012368053197860718e-01
5.472420714795589447e-03
-1.392466127872467041e-01
-1.574950814247131348e-01
-6.937259435653686523e-02
-1.571659296751022339e-01
-1.192121952772140503e-01
2.231874912977218628e-01
-1.620004177093505859e-01
-4.293580353260040283e-02
-3.329809904098510742e-01
-4.757240116596221924e-01
-1.485341042280197144e-01
-7.444853335618972778e-02
-2.299614101648330688e-01
-1.913953274488449097e-01
-1.466127187013626099e-01
-2.518669068813323975e-01
3.058033296838402748e-03
-4.746124893426895142e-02
-1.818219721317291260e-01
-2.151706069707870483e-01
-3.151330649852752686e-01
-7.330751977860927582e-03
-2.090733200311660767e-01
-1.023451983928680420e-01
7.651927471160888672e-01
-1.065892651677131653e-01
-3.732021525502204895e-02
-4.928370192646980286e-02
-1.067237332463264465e-01
-1.552384346723556519e-01
-1.200003828853368759e-02
-1.080645844340324402e-01
-2.037224620580673218e-01
-7.607898116111755371e-02
7.546526938676834106e-02
-2.361849844455718994e-01
-1.646226197481155396e-01
-1.309851408004760742e-01
-6.540497392416000366e-02
-7.265628129243850708e-02
-4.856366813182830811e-01
-2.438929826021194458e-01
-5.497983843088150024e-02
7.721591591835021973e-01
4.277452453970909119e-02
-1.025733873248100281e-01
4.785609245300292969e-02
-1.221523880958557129e-01
-3.345477581024169922e-02
-1.537304967641830444e-01
-1.257241219282150269e-01
-1.033172607421875000e-01
-1.221973076462745667e-01
-1.001832187175750732e-01
-5.959014594554901123e-02
-2.383127063512802124e-01
-6.566095352172851562e-02
-1.121649816632270813e-01
-7.962960004806518555e-02
1.107084378600120544e-02
-1.583614498376846313e-01
-1.076384354382753372e-02
-1.588517986238002777e-02
-1.571534276008605957e-01
-1.128082126379013062e-01
-3.267334103584289551e-01
-3.830906003713607788e-02
-2.979626059532165527e-01
-2.323991060256958008e-01
-1.026339605450630188e-01
-2.738688290119171143e-01
-2.878097258508205414e-02
-8.688623458147048950e-02
-1.200372353196144104e-01
-2.200130671262741089e-01
-1.590233147144317627e-01
-3.058809414505958557e-02
-1.363884508609771729e-01
-1.084590032696723938e-01
-2.350677847862243652e-01
1.485496163368225098e-01
-1.226982250809669495e-01
-3.978128358721733093e-02
1.738864183425903320e-01
-1.026747524738311768e-01
7.055874913930892944e-02
2.953100800514221191e-01
1.066526532173156738e+00
-1.749577820301055908e-01
-2.044719271361827850e-02
-4.040400683879852295e-02
7.257322967052459717e-02
-2.756395637989044189e-01
-3.795222193002700806e-02
-7.895515561103820801e-01
-1.812556385993957520e-01
-7.618783414363861084e-02
-2.921079695224761963e-01
-2.408754080533981323e-01
-6.935509294271469116e-02
-2.019378989934921265e-01
-7.838951796293258667e-02
-9.417974203824996948e-02
-8.394410461187362671e-02
-1.283447351306676865e-02
-1.102168112993240356e-01
-9.899736195802688599e-02
-1.257615834474563599e-01
-4.544816613197326660e-01
-2.252359502017498016e-02
-1.566385328769683838e-01
-5.690644979476928711e-01
-1.031835079193115234e-01
-8.780295401811599731e-02
-1.737513542175292969e-01
-2.333978563547134399e-01
5.599520802497863770e-01
-1.704368367791175842e-02
-1.050039082765579224e-01
-5.145809054374694824e-01
-3.751043975353240967e-01
-6.380806863307952881e-02
-4.336448386311531067e-02
-2.323993444442749023e-01
3.980107232928276062e-02
-1.159231811761856079e-01
-8.047053962945938110e-02
-1.275351792573928833e-01
-1.568638235330581665e-01
-2.617107033729553223e-01
1.445836096536368132e-04
-2.333862334489822388e-01
3.309613093733787537e-03
-4.291795194149017334e-02
5.449824407696723938e-02
4.922963976860046387e-01
-2.560531795024871826e-01
-1.797838658094406128e-01
-1.258269399404525757e-01
-3.803211450576782227e-02
-7.277356088161468506e-02
2.475579977035522461e-01
-1.100502684712409973e-01
2.768232524394989014e-01
-3.821430355310440063e-02
-2.260852009057998657e-01
-8.086506277322769165e-03
-2.030476331710815430e-01
-1.051805168390274048e-01
-1.898612082004547119e-01
-9.895412623882293701e-02
-1.012608036398887634e-01
-1.849785298109054565e-01
-5.516270175576210022e-02
-4.067146033048629761e-02
2.801218926906585693e-01
6.396880000829696655e-02
1.241954490542411804e-01
4.714520648121833801e-02
3.925794735550880432e-02
-2.528886198997497559e-01
-1.291514486074447632e-01
-2.075527310371398926e-01
-2.192344069480895996e-01
-5.913540348410606384e-02
-1.901432722806930542e-01
-2.182375453412532806e-02
1.083862259984016418e-01
2.410941198468208313e-02
-6.006359457969665527e-01
-3.054028749465942383e-01
-4.826978594064712524e-02
-2.249244898557662964e-01
-2.337783426046371460e-01
-2.030217051506042480e-01
1.346265226602554321e-01
4.071329534053802490e-01
4.214211925864219666e-02
-7.161667943000793457e-02
-5.016515776515007019e-02
-3.003599354997277260e-03
6.092885509133338928e-02
-2.162593454122543335e-01
-2.001994103193283081e-01
-1.117221564054489136e-01
-3.370150029659271240e-01
-5.829441174864768982e-02
-7.519543170928955078e-03
-4.070737585425376892e-02
-2.467047050595283508e-02
-6.925309542566537857e-03
-5.906180664896965027e-02
3.219593549147248268e-03
-6.992102265357971191e-01
-5.485789775848388672e-01
1.149747297167778015e-01
-1.247091889381408691e-01
-3.449409902095794678e-01
-2.080572694540023804e-01
-9.946768730878829956e-02
-1.667500734329223633e-01
-1.432464867830276489e-01
-9.005437791347503662e-02
-1.037186607718467712e-01
-1.334506720304489136e-01
-1.548159599304199219e+00
-7.063031941652297974e-02
3.569635003805160522e-02
-1.515889912843704224e-01
-1.713650673627853394e-01
-3.096499107778072357e-02
-8.508210629224777222e-02
-1.580790281295776367e-01
-3.184473142027854919e-02
-1.772217154502868652e-01
-2.248086333274841309e-01
-5.981999263167381287e-02
-1.621484309434890747e-01
2.237705141305923462e-02
2.035165727138519287e-01
-2.003078162670135498e-01
-5.236117541790008545e-02
-1.461284011602401733e-01
-2.785297930240631104e-01
-1.738324016332626343e-01
-1.267782449722290039e-01
5.888437852263450623e-02
-4.610302746295928955e-01
-2.624807953834533691e-01
-7.099873572587966919e-02
1.588483154773712158e-02
-2.227765172719955444e-01
-1.227606437169015408e-03
-2.234266251325607300e-01
3.157562911510467529e-01
-6.119322031736373901e-03
-2.639383077621459961e-01
-1.930020153522491455e-01
-1.917930841445922852e-01
2.216274850070476532e-02
-1.113711297512054443e-01
-6.828221958130598068e-03
-2.857352197170257568e-01
-1.760376393795013428e-01
-1.268739812076091766e-02
-3.891096413135528564e-01
-5.756405368447303772e-02
4.455863032490015030e-03
-8.266939520835876465e-01
-4.055769145488739014e-01
8.127217739820480347e-02
1.723321340978145599e-02
-5.735908448696136475e-02
-9.042354673147201538e-02
-1.601107567548751831e-01
-1.404007375240325928e-01
2.971806526184082031e-01
-2.418618798255920410e-01
-8.792223930358886719e-01
-9.756679087877273560e-02
-1.064332872629165649e-01
-8.993073552846908569e-02
-1.868769973516464233e-01
-4.228942990303039551e-01
1.909709908068180084e-02
-2.099876999855041504e-01
-2.808751165866851807e-01
5.316252261400222778e-02
-1.578813791275024414e-02
-2.484844028949737549e-01
-5.312106385827064514e-02
1.006706953048706055e-01
-8.132544346153736115e-03
-1.477707922458648682e-01
-1.663910597562789917e-01
8.293814957141876221e-02
-8.194682188332080841e-03
-1.996814906597137451e-01
-2.480035871267318726e-01
-1.491272747516632080e-01
-2.982072718441486359e-02
