-1.291829943656921387e-01
-1.310921013355255127e-01
-1.323647797107696533e-01
-1.320011317729949951e-01
-1.313647776842117310e-01
-1.312738806009292603e-01
-1.330920904874801636e-01
-1.296374201774597168e-01
-1.321830600500106812e-01
-1.330920457839965820e-01
-1.322738975286483765e-01
-1.311829984188079834e-01
-1.312738806009292603e-01
-1.336376219987869263e-01
-1.295465826988220215e-01
-1.337285190820693970e-01
-1.344557702541351318e-01
-1.299102306365966797e-01
-1.303646564483642578e-01
-1.322738975286483765e-01
-1.320011317729949951e-01
-1.321829408407211304e-01
-1.329102516174316406e-01
-1.318193674087524414e-01
-1.325466632843017578e-01
-1.315466910600662231e-01
-1.315464377403259277e-01
-1.300011277198791504e-01
-1.330921202898025513e-01
-1.320012509822845459e-01
-1.315465420484542847e-01
-1.291829645633697510e-01
-1.298193037509918213e-01
-1.330011934041976929e-01
-1.296373903751373291e-01
-1.310011893510818481e-01
-1.280919760465621948e-01
-1.247282549738883972e-01
-1.242737472057342529e-01
-1.211826428771018982e-01
-1.206373572349548340e-01
-1.222735047340393066e-01
-1.211826205253601074e-01
-1.244553029537200928e-01
-1.247281283140182495e-01
-1.229100003838539124e-01
-1.257282048463821411e-01
-1.286373734474182129e-01
-1.277281641960144043e-01
-1.308192461729049683e-01
-1.314556896686553955e-01
-1.294556558132171631e-01
-1.336375623941421509e-01
-1.331830024719238281e-01
-1.335466355085372925e-01
-1.307284235954284668e-01
-1.306375414133071899e-01
-1.326375454664230347e-01
-1.342739313840866089e-01
-1.305466294288635254e-01
-1.306374222040176392e-01
-1.313647329807281494e-01
-1.281828135251998901e-01
-1.223645359277725220e-01
-1.150008141994476318e-01
-1.057279258966445923e-01
-9.654593467712402344e-02
-8.927302807569503784e-02
-9.136404097080230713e-02
-1.064546108245849609e-01
-1.178182065486907959e-01
-1.315455287694931030e-01
-1.392730027437210083e-01
-1.359091997146606445e-01
-1.325456351041793823e-01
-1.201822385191917419e-01
-1.086369082331657410e-01
-1.116371601819992065e-01
-1.205463036894798279e-01
-1.241827160120010376e-01
-1.302738040685653687e-01
-1.320920288562774658e-01
-1.331830322742462158e-01
-1.310012191534042358e-01
-1.287282705307006836e-01
-1.315465867519378662e-01
-1.332739144563674927e-01
-1.320921182632446289e-01
-1.330920755863189697e-01
-1.282737255096435547e-01
-1.197280734777450562e-01
-1.002732887864112854e-01
-8.300005644559860229e-02
-6.790895015001296997e-02
-7.463636249303817749e-02
-8.663641661405563354e-02
-1.095455437898635864e-01
-1.444546878337860107e-01
-1.767273545265197754e-01
-2.032727003097534180e-01
-2.062726616859436035e-01
-2.016360163688659668e-01
-1.809092313051223755e-01
-1.472728401422500610e-01
-1.230908855795860291e-01
-1.026365458965301514e-01
-1.042731553316116333e-01
-1.146370619535446167e-01
-1.254554837942123413e-01
-1.296374052762985229e-01
-1.319102197885513306e-01
-1.310921013355255127e-01
-1.324557662010192871e-01
-1.330012083053588867e-01
-1.330011337995529175e-01
-1.300920099020004272e-01
-1.297282725572586060e-01
-1.089095026254653931e-01
-8.700022846460342407e-02
-6.618173420429229736e-02
-5.818161740899085999e-02
-7.109078019857406616e-02
-1.008182391524314880e-01
-1.535455137491226196e-01
-2.170909494161605835e-01
-2.964543700218200684e-01
-3.627274930477142334e-01
-4.056359231472015381e-01
-4.059087932109832764e-01
-3.632726371288299561e-01
-2.900905609130859375e-01
-2.205452322959899902e-01
-1.528181135654449463e-01
-1.111819893121719360e-01
-9.281804412603378296e-02
-9.327278286218643188e-02
-1.045458689332008362e-01
-1.201826184988021851e-01
-1.325465589761734009e-01
-1.316375434398651123e-01
-1.295465379953384399e-01
-1.339104324579238892e-01
-1.315466612577438354e-01
-1.267282068729400635e-01
-1.099097952246665955e-01
-7.918196171522140503e-02
-5.109073221683502197e-02
-3.963620215654373169e-02
-4.736356437206268311e-02
-8.009074628353118896e-02
-1.451817154884338379e-01
-2.275455445051193237e-01
-3.235457539558410645e-01
-4.193627834320068359e-01
-4.937265515327453613e-01
-5.343642830848693848e-01
-5.274548530578613281e-01
-4.773629009723663330e-01
-3.902728259563446045e-01
-2.754542231559753418e-01
-1.797275096178054810e-01
-1.167272627353668213e-01
-9.381815791130065918e-02
-8.927280455827713013e-02
-9.136378020048141479e-02
-1.021819487214088440e-01
-1.235461309552192688e-01
-1.280919909477233887e-01
-1.325466632843017578e-01
-1.330921500921249390e-01
-1.291829049587249756e-01
-1.194553598761558533e-01
-8.372747898101806641e-02
-4.936353862285614014e-02
-3.009095229208469391e-02
-2.327265776693820953e-02
-5.181802809238433838e-02
-1.109998598694801331e-01
-2.139091193675994873e-01
-3.245451152324676514e-01
-4.374540746212005615e-01
-5.178193449974060059e-01
-5.605442523956298828e-01
-5.798173546791076660e-01
-5.772715210914611816e-01
-5.441808700561523438e-01
-4.492722153663635254e-01
-3.284543752670288086e-01
-2.039089798927307129e-01
-1.127272248268127441e-01
-7.872732728719711304e-02
-8.236359804868698120e-02
-9.418181329965591431e-02
-9.590910375118255615e-02
-1.140915453433990479e-01
-1.330011487007141113e-01
-1.314557492733001709e-01
-1.300011128187179565e-01
-1.242735460400581360e-01
-1.031822115182876587e-01
-6.318162381649017334e-02
-2.945451624691486359e-02
-8.727231994271278381e-03
-1.336360629647970200e-02
-6.081809476017951965e-02
-1.670909523963928223e-01
-3.103630542755126953e-01
-4.429995715618133545e-01
-5.073633790016174316e-01
-5.298177003860473633e-01
-5.199087262153625488e-01
-5.209094285964965820e-01
-5.381817221641540527e-01
-5.394533276557922363e-01
-4.816357791423797607e-01
-3.661819398403167725e-01
-2.229997962713241577e-01
-1.114544868469238281e-01
-6.072708591818809509e-02
-6.972720474004745483e-02
-9.518169611692428589e-02
-9.572750329971313477e-02
-1.114550083875656128e-01
-1.283647119998931885e-01
-1.306375861167907715e-01
-1.263646036386489868e-01
-1.138188019394874573e-01
-8.090911060571670532e-02
-4.663630947470664978e-02
-1.036357693374156952e-02
1.427271310240030289e-02
-6.181763485074043274e-03
-8.909095078706741333e-02
-2.408182471990585327e-01
-4.127272665500640869e-01
-5.027275085449218750e-01
-5.164537429809570312e-01
-4.550906717777252197e-01
-3.904546201229095459e-01
-3.724541366100311279e-01
-4.119991958141326904e-01
-4.650000333786010742e-01
-4.774547815322875977e-01
-3.827270269393920898e-01
-2.397273778915405273e-01
-1.137270256876945496e-01
-5.827275291085243225e-02
-6.090909987688064575e-02
-8.672719448804855347e-02
-9.563639014959335327e-02
-1.126367375254631042e-01
-1.320011019706726074e-01
-1.311829984188079834e-01
-1.290009915828704834e-01
-1.032731309533119202e-01
-7.427274435758590698e-02
-4.054547101259231567e-02
-1.272735418751835823e-03
2.900000661611557007e-02
-6.090882699936628342e-03
-1.344546079635620117e-01
-3.259994685649871826e-01
-4.726355671882629395e-01
-5.176354050636291504e-01
-4.574541151523590088e-01
-3.500906229019165039e-01
-2.644549608230590820e-01
-2.598178088665008545e-01
-3.178181052207946777e-01
-4.022729992866516113e-01
-4.383633434772491455e-01
-3.769995868206024170e-01
-2.436363697052001953e-01
-1.068182140588760376e-01
-5.018157139420509338e-02
-4.772716760635375977e-02
-7.354546338319778442e-02
-9.390924125909805298e-02
-1.156369671225547791e-01
-1.309100836515426636e-01
-1.274557709693908691e-01
-1.260009258985519409e-01
-1.031821444630622864e-01
-7.672746479511260986e-02
-4.309072718024253845e-02
3.727291477844119072e-03
2.245453558862209320e-02
-3.654544800519943237e-02
-1.891817897558212280e-01
-3.878178000450134277e-01
-5.041815042495727539e-01
-5.029079914093017578e-01
-3.873632848262786865e-01
-2.623631954193115234e-01
-2.096363753080368042e-01
-2.229086011648178101e-01
-2.964551150798797607e-01
-3.845455646514892578e-01
-4.228181540966033936e-01
-3.607263267040252686e-01
-2.361820042133331299e-01
-1.129093244671821594e-01
-4.363638162612915039e-02
-4.245455563068389893e-02
-6.781819462776184082e-02
-9.763670712709426880e-02
-1.202734932303428650e-01
-1.302737891674041748e-01
-1.278192400932312012e-01
-1.293647587299346924e-01
-1.105460003018379211e-01
-8.318194746971130371e-02
-4.336360096931457520e-02
6.727273575961589813e-03
4.545459058135747910e-03
-8.763626962900161743e-02
-2.676362693309783936e-01
-4.419087171554565430e-01
-5.109996199607849121e-01
-4.590902030467987061e-01
-3.443634808063507080e-01
-2.438182681798934937e-01
-2.290905714035034180e-01
-2.475452870130538940e-01
-3.380906581878662109e-01
-4.065454006195068359e-01
-4.102723002433776855e-01
-3.311819434165954590e-01
-2.198176234960556030e-01
-1.212726831436157227e-01
-4.690911620855331421e-02
-3.663625940680503845e-02
-5.772716179490089417e-02
-1.092732027173042297e-01
-1.257281899452209473e-01
-1.340920776128768921e-01
-1.299102008342742920e-01
-1.308192610740661621e-01
-1.190917044878005981e-01
-8.890923857688903809e-02
-4.199983552098274231e-02
-9.089862578548491001e-05
-2.772729098796844482e-02
-1.400001794099807739e-01
-3.245452046394348145e-01
-4.657272994518280029e-01
-4.889090359210968018e-01
-4.210911989212036133e-01
-3.195451796054840088e-01
-2.707272171974182129e-01
-2.891817986965179443e-01
-3.351816236972808838e-01
-4.104542434215545654e-01
-4.439995288848876953e-01
-4.004541635513305664e-01
-3.114537298679351807e-01
-2.179089486598968506e-01
-1.350001990795135498e-01
-6.318187713623046875e-02
-4.618177190423011780e-02
-5.199994146823883057e-02
-1.062732562422752380e-01
-1.298193335533142090e-01
-1.300919353961944580e-01
-1.300919055938720703e-01
-1.292737424373626709e-01
-1.237281635403633118e-01
-1.002731844782829285e-01
-4.636365175247192383e-02
-1.872725412249565125e-02
-5.100002512335777283e-02
-1.758179813623428345e-01
-3.489994406700134277e-01
-4.629091024398803711e-01
-4.591819345951080322e-01
-3.849997818470001221e-01
-3.253631889820098877e-01
-3.300906717777252197e-01
-3.603630363941192627e-01
-4.200904667377471924e-01
-4.719997644424438477e-01
-4.649083316326141357e-01
-3.997274339199066162e-01
-3.164541721343994141e-01
-2.360907346010208130e-01
-1.542726010084152222e-01
-8.509073406457901001e-02
-4.699997231364250183e-02
-4.836357757449150085e-02
-1.040002480149269104e-01
-1.234553828835487366e-01
-1.320921182632446289e-01
-1.330011337995529175e-01
-1.315466761589050293e-01
-1.247282996773719788e-01
-1.064548715949058533e-01
-4.681810364127159119e-02
-2.890906855463981628e-02
-7.327277958393096924e-02
-1.972729116678237915e-01
-3.543629646301269531e-01
-4.527268707752227783e-01
-4.357269108295440674e-01
-3.753639757633209229e-01
-3.358181416988372803e-01
-3.776363134384155273e-01
-4.217266738414764404e-01
-4.761813580989837646e-01
-4.895447790622711182e-01
-4.779996871948242188e-01
-4.109087884426116943e-01
-3.317278325557708740e-01
-2.597267329692840576e-01
-1.715455949306488037e-01
-9.445448219776153564e-02
-4.418185353279113770e-02
-4.500002041459083557e-02
-9.527289122343063354e-02
-1.244553923606872559e-01
-1.323647648096084595e-01
-1.344557851552963257e-01
-1.344558149576187134e-01
-1.303646117448806763e-01
-1.066367104649543762e-01
-4.527266323566436768e-02
-3.627282381057739258e-02
-8.345469087362289429e-02
-2.006363719701766968e-01
-3.478182852268218994e-01
-4.222722351551055908e-01
-4.169088602066040039e-01
-3.668178021907806396e-01
-3.611808419227600098e-01
-4.119994044303894043e-01
-4.420905411243438721e-01
-4.759079515933990479e-01
-4.752716720104217529e-01
-4.622726142406463623e-01
-4.133631885051727295e-01
-3.443636894226074219e-01
-2.752720117568969727e-01
-1.782724410295486450e-01
-8.999990671873092651e-02
-4.445443674921989441e-02
-4.445439577102661133e-02
-8.518218249082565308e-02
-1.222736462950706482e-01
-1.305465698242187500e-01
-1.324555873870849609e-01
-1.316375583410263062e-01
-1.284555643796920776e-01
-1.010006442666053772e-01
-5.109067633748054504e-02
-4.545450583100318909e-02
-8.990912884473800659e-02
-1.944545060396194458e-01
-3.246367573738098145e-01
-3.856359720230102539e-01
-3.812718391418457031e-01
-3.519999980926513672e-01
-3.664544820785522461e-01
-3.930000066757202148e-01
-4.120908975601196289e-01
-4.319088757038116455e-01
-4.306366741657257080e-01
-4.416357576847076416e-01
-4.007272720336914062e-01
-3.508177399635314941e-01
-2.724540829658508301e-01
-1.616361737251281738e-01
-7.072725892066955566e-02
-3.245453163981437683e-02
-3.809082880616188049e-02
-8.390910923480987549e-02
-1.232734471559524536e-01
-1.300920248031616211e-01
-1.320010870695114136e-01
-1.318192631006240845e-01
-1.260008811950683594e-01
-8.990973234176635742e-02
-4.790901765227317810e-02
-4.899993911385536194e-02
-9.354538470506668091e-02
-1.939998418092727661e-01
-3.013633191585540771e-01
-3.534545898437500000e-01
-3.503637611865997314e-01
-3.319993615150451660e-01
-3.271813094615936279e-01
-3.469088971614837646e-01
-3.591822683811187744e-01
-3.882720470428466797e-01
-4.122724533081054688e-01
-4.309087991714477539e-01
-4.154546260833740234e-01
-3.578175902366638184e-01
-2.534545361995697021e-01
-1.239091604948043823e-01
-4.590906575322151184e-02
-2.118177711963653564e-02
-4.090895876288414001e-02
-8.345475792884826660e-02
-1.200006455183029175e-01
-1.337284147739410400e-01
-1.300012171268463135e-01
-1.303648650646209717e-01
-1.228189989924430847e-01
-8.790965378284454346e-02
-5.345449969172477722e-02
-6.199998408555984497e-02
-1.009090244770050049e-01
-1.914545148611068726e-01
-2.965451776981353760e-01
-3.379091918468475342e-01
-3.376359343528747559e-01
-3.195449411869049072e-01
-3.030905425548553467e-01
-3.132726550102233887e-01
-3.370003402233123779e-01
-3.790909349918365479e-01
-4.323631525039672852e-01
-4.498179256916046143e-01
-4.315446615219116211e-01
-3.363633453845977783e-01
-2.020908296108245850e-01
-8.054564148187637329e-02
-2.136362902820110321e-02
-1.336361654102802277e-02
-4.272725805640220642e-02
-8.763632178306579590e-02
-1.230918541550636292e-01
-1.297283619642257690e-01
-1.330921202898025513e-01
-1.299101114273071289e-01
-1.195462346076965332e-01
-8.036380261182785034e-02
-5.690904706716537476e-02
-6.718193739652633667e-02
-1.059999912977218628e-01
-1.864545494318008423e-01
-2.887265384197235107e-01
-3.450910449028015137e-01
-3.466354310512542725e-01
-3.259091973304748535e-01
-3.223637044429779053e-01
-3.322722613811492920e-01
-3.739086687564849854e-01
-4.167269468307495117e-01
-4.725453853607177734e-01
-4.898178875446319580e-01
-4.381815493106842041e-01
-2.930005192756652832e-01
-1.383636444807052612e-01
-2.800007164478302002e-02
7.454539183527231216e-03
-1.290905009955167770e-02
-5.709072947502136230e-02
-9.263665229082107544e-02
-1.234554871916770935e-01
-1.307284086942672729e-01
-1.308193653821945190e-01
-1.304557025432586670e-01
-1.145462542772293091e-01
-8.254577964544296265e-02
-5.972718447446823120e-02
-6.936357170343399048e-02
-1.004544943571090698e-01
-1.749999970197677612e-01
-2.734539806842803955e-01
-3.622731566429138184e-01
-3.940909504890441895e-01
-3.932724595069885254e-01
-3.976361453533172607e-01
-4.212723970413208008e-01
-4.564534425735473633e-01
-4.891816079616546631e-01
-5.160009264945983887e-01
-4.972730875015258789e-01
-3.795446753501892090e-01
-2.112726271152496338e-01
-6.981825083494186401e-02
1.154545973986387253e-02
1.181818172335624695e-02
-1.927269995212554932e-02
-6.254541873931884766e-02
-9.781837463378906250e-02
-1.236372664570808411e-01
-1.329101771116256714e-01
-1.350011676549911499e-01
-1.308194100856781006e-01
-1.177279725670814514e-01
-8.354571461677551270e-02
-6.399992853403091431e-02
-6.490872055292129517e-02
-9.718166291713714600e-02
-1.582725495100021362e-01
-2.531815767288208008e-01
-3.711812794208526611e-01
-4.508177936077117920e-01
-5.000905990600585938e-01
-5.107266306877136230e-01
-5.415447354316711426e-01
-5.479081273078918457e-01
-5.464543700218200684e-01
-5.215456485748291016e-01
-4.271817803382873535e-01
-2.792725563049316406e-01
-1.242727637290954590e-01
-2.800004184246063232e-02
1.445455290377140045e-02
-1.090888050384819508e-03
-3.709077835083007812e-02
-7.172732800245285034e-02
-1.108187511563301086e-01
-1.268190890550613403e-01
-1.340011507272720337e-01
-1.327284574508666992e-01
-1.302739232778549194e-01
-1.219098940491676331e-01
-9.172751009464263916e-02
-7.309098541736602783e-02
-6.300003081560134888e-02
-7.972729206085205078e-02
-1.409997493028640747e-01
-2.303634285926818848e-01
-3.411814272403717041e-01
-4.477262198925018311e-01
-5.275442600250244141e-01
-5.682722926139831543e-01
-5.785444974899291992e-01
-5.543633103370666504e-01
-5.118182301521301270e-01
-4.301815330982208252e-01
-3.135448694229125977e-01
-1.841818839311599731e-01
-6.754551082849502563e-02
-8.545443415641784668e-03
4.545441770460456610e-04
-2.545453608036041260e-02
-5.909074842929840088e-02
-9.136373549699783325e-02
-1.205461695790290833e-01
-1.283647418022155762e-01
-1.296375393867492676e-01
-1.284556686878204346e-01
-1.316374391317367554e-01
-1.255464702844619751e-01
-1.141822561621665955e-01
-8.845493942499160767e-02
-7.654546201229095459e-02
-7.890891283750534058e-02
-1.111819371581077576e-01
-1.871820986270904541e-01
-2.917269468307495117e-01
-3.964539766311645508e-01
-4.864545166492462158e-01
-5.244549512863159180e-01
-5.137266516685485840e-01
-4.682724177837371826e-01
-3.968178927898406982e-01
-3.040910363197326660e-01
-2.176363319158554077e-01
-1.370910704135894775e-01
-6.454538553953170776e-02
-3.827268257737159729e-02
-3.845452889800071716e-02
-5.427269265055656433e-02
-8.445457369089126587e-02
-1.136370077729225159e-01
-1.283646523952484131e-01
-1.299101710319519043e-01
-1.297283768653869629e-01
-1.297283619642257690e-01
-1.308192759752273560e-01
-1.310010552406311035e-01
-1.219098120927810669e-01
-1.076368391513824463e-01
-9.200020134449005127e-02
-8.000010997056961060e-02
-8.899998664855957031e-02
-1.313635706901550293e-01
-1.887271404266357422e-01
-2.572728395462036133e-01
-3.148182928562164307e-01
-3.418178558349609375e-01
-3.252727091312408447e-01
-2.983626127243041992e-01
-2.499999701976776123e-01
-2.069090157747268677e-01
-1.685454994440078735e-01
-1.276361346244812012e-01
-9.227262437343597412e-02
-7.109083980321884155e-02
-7.090915739536285400e-02
-8.627285063266754150e-02
-1.084548607468605042e-01
-1.267282366752624512e-01
-1.295465677976608276e-01
-1.315465867519378662e-01
-1.299102455377578735e-01
-1.312738656997680664e-01
-1.290920972824096680e-01
-1.342738866806030273e-01
-1.333647221326828003e-01
-1.246372833847999573e-01
-1.114550679922103882e-01
-9.836421906948089600e-02
-1.050001755356788635e-01
-1.259091943502426147e-01
-1.609090417623519897e-01
-1.978179514408111572e-01
-2.181817442178726196e-01
-2.310909777879714966e-01
-2.263633161783218384e-01
-2.136364430189132690e-01
-1.923637539148330688e-01
-1.758183538913726807e-01
-1.545453220605850220e-01
-1.272726207971572876e-01
-1.036364585161209106e-01
-8.918189257383346558e-02
-9.990940988063812256e-02
-1.091823130846023560e-01
-1.250009685754776001e-01
-1.277283132076263428e-01
-1.307283192873001099e-01
-1.298192888498306274e-01
-1.311829090118408203e-01
-1.305465847253799438e-01
-1.330011785030364990e-01
-1.303647756576538086e-01
-1.323648393154144287e-01
-1.306375265121459961e-01
-1.233645752072334290e-01
-1.090006902813911438e-01
-1.030917093157768250e-01
-1.136367619037628174e-01
-1.275458633899688721e-01
-1.462726742029190063e-01
-1.597275137901306152e-01
-1.674544513225555420e-01
-1.639091521501541138e-01
-1.516363471746444702e-01
-1.337272375822067261e-01
-1.245454922318458557e-01
-1.082727983593940735e-01
-9.918210655450820923e-02
-9.800022840499877930e-02
-1.053641736507415771e-01
-1.176370903849601746e-01
-1.290011107921600342e-01
-1.286374926567077637e-01
-1.297283619642257690e-01
-1.329101771116256714e-01
-1.286375075578689575e-01
-1.348193883895874023e-01
-1.315466016530990601e-01
-1.337284892797470093e-01
-1.306374967098236084e-01
-1.316375881433486938e-01
-1.323648393154144287e-01
-1.308193504810333252e-01
-1.293647289276123047e-01
-1.251827478408813477e-01
-1.242736354470252991e-01
-1.235462203621864319e-01
-1.146370470523834229e-01
-1.116368770599365234e-01
-1.104550808668136597e-01
-1.094550415873527527e-01
-1.081821694970130920e-01
-1.065458208322525024e-01
-1.104551777243614197e-01
-1.112734302878379822e-01
-1.194553673267364502e-01
-1.257281452417373657e-01
-1.300011277198791504e-01
-1.313648074865341187e-01
-1.318193823099136353e-01
-1.310011744499206543e-01
-1.297283172607421875e-01
-1.320921033620834351e-01
-1.331829428672790527e-01
-1.312738060951232910e-01
