4.176120162010192871e-01
5.176337957382202148e-01
3.705119192600250244e-01
5.251858830451965332e-01
5.588930845260620117e-01
4.557649493217468262e-01
3.238266408443450928e-01
2.730079293251037598e-01
4.470340907573699951e-01
5.468495488166809082e-01
5.022081732749938965e-01
5.480914711952209473e-01
3.488941490650177002e-01
3.062766492366790771e-01
5.309859514236450195e-01
4.096647500991821289e-01
4.129503071308135986e-01
5.158759951591491699e-01
5.320348143577575684e-01
5.251501798629760742e-01
4.259850680828094482e-01
5.221652388572692871e-01
4.956319034099578857e-01
5.500034093856811523e-01
2.700915336608886719e-01
3.036008477210998535e-01
4.298658668994903564e-01
5.321485996246337891e-01
4.965077638626098633e-01
2.235368490219116211e-01
5.635769963264465332e-01
4.713425934314727783e-01
5.509302616119384766e-01
5.416811704635620117e-01
4.963883459568023682e-01
5.428416132926940918e-01
4.748544096946716309e-01
3.611600399017333984e-01
4.031164050102233887e-01
3.140420317649841309e-01
5.365092754364013672e-01
4.868518114089965820e-01
4.039258658885955811e-01
2.318674921989440918e-01
2.852003276348114014e-01
5.847780108451843262e-01
4.819238483905792236e-01
3.069148063659667969e-01
5.190625190734863281e-01
3.939912617206573486e-01
4.726443886756896973e-01
4.687945842742919922e-01
2.993271946907043457e-01
5.210675597190856934e-01
2.430378198623657227e-01
3.270502686500549316e-01
5.593036413192749023e-01
4.887612760066986084e-01
3.073531687259674072e-01
4.658418297767639160e-01
4.654412269592285156e-01
4.534699916839599609e-01
4.476486444473266602e-01
4.853971898555755615e-01
5.605736970901489258e-01
4.706201553344726562e-01
3.951500654220581055e-01
3.063821792602539062e-01
5.743544697761535645e-01
4.964527189731597900e-01
2.400392740964889526e-01
4.820863008499145508e-01
4.804947078227996826e-01
5.686292052268981934e-01
3.678030371665954590e-01
3.854121267795562744e-01
4.981754124164581299e-01
5.156355500221252441e-01
5.892350077629089355e-01
5.219707489013671875e-01
4.258933365345001221e-01
5.308992862701416016e-01
3.304745554924011230e-01
4.934354722499847412e-01
4.701516926288604736e-01
5.001947283744812012e-01
5.368815064430236816e-01
3.901710212230682373e-01
4.356226325035095215e-01
4.524850249290466309e-01
5.812499523162841797e-01
3.993467092514038086e-01
5.145747661590576172e-01
3.801574707031250000e-01
5.443811416625976562e-01
3.832746148109436035e-01
3.956778645515441895e-01
4.764870405197143555e-01
3.709055781364440918e-01
4.623050093650817871e-01
2.638415694236755371e-01
2.685311436653137207e-01
3.671210706233978271e-01
4.601861834526062012e-01
4.060199558734893799e-01
5.312177538871765137e-01
2.020356506109237671e-01
1.942743808031082153e-01
3.727624714374542236e-01
5.446324944496154785e-01
4.811142981052398682e-01
5.432615876197814941e-01
4.506819546222686768e-01
5.374146699905395508e-01
4.410184025764465332e-01
4.528020918369293213e-01
6.165768504142761230e-01
3.206925094127655029e-01
4.588550925254821777e-01
4.543413817882537842e-01
4.719597101211547852e-01
2.340584546327590942e-01
4.838767647743225098e-01
3.728752136230468750e-01
3.605639934539794922e-01
3.839227855205535889e-01
5.667741894721984863e-01
5.280803442001342773e-01
3.550372421741485596e-01
4.899424612522125244e-01
2.356985956430435181e-01
3.462163805961608887e-01
2.899428606033325195e-01
5.162584781646728516e-01
5.042626857757568359e-01
4.746201634407043457e-01
4.584066569805145264e-01
5.081658959388732910e-01
3.277391493320465088e-01
3.900719881057739258e-01
3.618313968181610107e-01
4.180487394332885742e-01
4.136464595794677734e-01
4.979405999183654785e-01
3.257199525833129883e-01
3.517499566078186035e-01
5.245137214660644531e-01
5.951448082923889160e-01
2.842300534248352051e-01
3.972875475883483887e-01
5.195583701133728027e-01
3.226330280303955078e-01
4.679780602455139160e-01
3.620069324970245361e-01
4.254774749279022217e-01
5.294960141181945801e-01
4.791992306709289551e-01
5.651691555976867676e-01
4.784854054450988770e-01
3.786132931709289551e-01
4.105295538902282715e-01
4.621267020702362061e-01
5.153527855873107910e-01
4.589051008224487305e-01
5.207066535949707031e-01
5.089037418365478516e-01
5.123017430305480957e-01
5.740129351615905762e-01
5.424360632896423340e-01
3.199715316295623779e-01
4.827946424484252930e-01
4.207019805908203125e-01
3.374411761760711670e-01
4.773727059364318848e-01
3.266614377498626709e-01
3.955655992031097412e-01
5.328161716461181641e-01
5.670813322067260742e-01
4.612549841403961182e-01
2.732168138027191162e-01
5.095287561416625977e-01
4.791891574859619141e-01
3.279972374439239502e-01
4.852075278759002686e-01
3.341824114322662354e-01
4.942436516284942627e-01
5.172215700149536133e-01
4.703433215618133545e-01
4.167423844337463379e-01
5.000976324081420898e-01
3.639031648635864258e-01
2.622410953044891357e-01
5.229865908622741699e-01
2.223735004663467407e-01
4.705228805541992188e-01
3.584932088851928711e-01
5.461661815643310547e-01
5.726816654205322266e-01
3.573959171772003174e-01
5.278342366218566895e-01
3.216860294342041016e-01
2.539970576763153076e-01
3.155125975608825684e-01
3.375023305416107178e-01
5.203301906585693359e-01
5.504026412963867188e-01
4.655242264270782471e-01
5.529446005821228027e-01
4.307823777198791504e-01
3.437462747097015381e-01
4.883526563644409180e-01
2.407772839069366455e-01
4.705798327922821045e-01
3.493911623954772949e-01
5.241090655326843262e-01
2.589462995529174805e-01
1.870038062334060669e-01
4.182932972908020020e-01
5.387586355209350586e-01
5.383413434028625488e-01
3.492515087127685547e-01
5.575514435768127441e-01
2.419768273830413818e-01
2.605049312114715576e-01
5.610698461532592773e-01
