1.009661436080932617e+00 -5.953256487846374512e-01 -2.003932744264602661e-01 2.040161639451980591e-01 1.717567592859268188e-01 1.033768057823181152e-01 -1.186988726258277893e-01 6.115033030509948730e-01 -2.964280247688293457e-01 4.973153397440910339e-02
-2.614870369434356689e-01 -8.883706927299499512e-01 -4.986528158187866211e-01 -6.328230500221252441e-01 5.586226582527160645e-01 -4.606443345546722412e-01 2.517977952957153320e-01 2.625674605369567871e-01 -5.529485344886779785e-01 3.441332578659057617e-01
-2.405487596988677979e-01 -4.766453504562377930e-01 8.237107992172241211e-01 4.233682155609130859e-01 5.060801506042480469e-01 -2.211872339248657227e-01 3.832858204841613770e-01 -8.094468712806701660e-02 2.662605047225952148e-01 2.139726430177688599e-01
-5.768871903419494629e-01 -9.030585289001464844e-01 -3.619894087314605713e-01 -7.136576771736145020e-01 7.767381072044372559e-01 -4.982077479362487793e-01 2.890666127204895020e-01 6.509740948677062988e-01 -5.938903093338012695e-01 4.761593341827392578e-01
-4.260291755199432373e-01 6.127880811691284180e-01 -1.060290113091468811e-01 2.842647433280944824e-01 -3.254502415657043457e-01 1.697405427694320679e-01 -1.390997134149074554e-02 7.594626396894454956e-02 1.124495640397071838e-01 -1.405460238456726074e-01
-7.794066667556762695e-01 3.512572348117828369e-01 -5.388258099555969238e-01 -6.726725101470947266e-01 -7.536357641220092773e-01 -6.417188644409179688e-01 -7.284637093544006348e-01 -7.428356409072875977e-01 -6.780582666397094727e-01 -7.988979220390319824e-01
-5.793876647949218750e-01 -1.801541894674301147e-01 5.062706470489501953e-01 5.361360907554626465e-01 1.349945813417434692e-01 -1.040769144892692566e-01 -6.757668852806091309e-01 5.523954033851623535e-01 4.500564634799957275e-01 2.495575398206710815e-01
1.071985721588134766e+00 -8.309438079595565796e-02 5.975599884986877441e-01 1.455193012952804565e-01 8.437030762434005737e-02 2.491002827882766724e-01 -1.847789883613586426e-01 3.821158409118652344e-01 3.315470516681671143e-01 -1.222392842173576355e-01
-7.241026759147644043e-01 9.243225306272506714e-02 -6.023242473602294922e-01 -6.846256852149963379e-01 -1.726370006799697876e-01 -3.795061409473419189e-01 -7.365538477897644043e-01 3.656438589096069336e-01 -2.533915042877197266e-01 -8.813277631998062134e-02
-7.596588730812072754e-01 3.965164721012115479e-01 -5.342801213264465332e-01 -5.008451938629150391e-01 -5.915135145187377930e-01 -4.918906390666961670e-01 -5.035829544067382812e-01 -5.271266102790832520e-01 -4.389375150203704834e-01 -4.878551959991455078e-01
-7.530262470245361328e-01 4.362979829311370850e-01 -5.580531358718872070e-01 -7.270634770393371582e-01 -3.339010775089263916e-01 -4.048984348773956299e-01 -6.316736936569213867e-01 -6.204693019390106201e-02 -2.507889866828918457e-01 -3.375273048877716064e-01
-7.715399861335754395e-01 4.486897587776184082e-01 -3.896152675151824951e-01 -3.492041528224945068e-01 -7.189824581146240234e-01 -5.519307851791381836e-01 -4.693488180637359619e-01 -7.224386930465698242e-01 -5.539582371711730957e-01 -7.458317279815673828e-01
-2.238450050354003906e-01 -1.281780600547790527e-01 -1.348996721208095551e-02 3.888469636440277100e-01 1.101075857877731323e-01 2.861001193523406982e-01 -4.532008767127990723e-01 5.996995568275451660e-01 4.094858169555664062e-01 3.201288878917694092e-01
4.914682507514953613e-01 1.493133604526519775e-01 -8.753145113587379456e-03 3.093683421611785889e-01 -9.526808559894561768e-02 5.095520615577697754e-01 4.389733970165252686e-01 -6.665709018707275391e-01 3.345202505588531494e-01 -2.224390208721160889e-01
-7.631266713142395020e-01 -3.287407755851745605e-01 -6.783233880996704102e-01 -6.193858981132507324e-01 -3.177520036697387695e-01 -5.691718459129333496e-01 -7.579762935638427734e-01 5.305410623550415039e-01 -6.726776957511901855e-01 1.369116455316543579e-01
-4.045401811599731445e-01 5.633226633071899414e-01 4.735648036003112793e-01 4.927522838115692139e-01 -5.009156465530395508e-01 3.396571427583694458e-02 -2.223278731107711792e-01 2.092110514640808105e-01 2.425734400749206543e-01 -3.666889667510986328e-01
-3.842652142047882080e-01 -2.921654880046844482e-01 -5.186220407485961914e-01 9.165511280298233032e-02 5.705512762069702148e-01 4.290775358676910400e-01 1.505113691091537476e-01 2.528849244117736816e-01 5.069218277931213379e-01 6.017679572105407715e-01
-7.701600790023803711e-01 3.893623054027557373e-01 -5.490806698799133301e-01 -5.275853872299194336e-01 -7.418304681777954102e-01 -5.382245182991027832e-01 -4.709111452102661133e-01 -7.640144228935241699e-01 -6.173601746559143066e-01 -7.766063213348388672e-01
-6.327013373374938965e-01 -4.246403276920318604e-01 -5.322640538215637207e-01 4.847912788391113281e-01 2.722938917577266693e-02 1.273044198751449585e-01 -1.567490994930267334e-01 -1.682292968034744263e-01 -2.378254085779190063e-01 1.540239006280899048e-01
-7.806843519210815430e-01 3.818418085575103760e-01 -6.233050823211669922e-01 -6.515730619430541992e-01 -6.293625831604003906e-01 -5.654193758964538574e-01 -7.210544943809509277e-01 -5.475567579269409180e-01 -5.547956824302673340e-01 -5.971855521202087402e-01
4.990552663803100586e-01 -3.082433342933654785e-01 6.372060775756835938e-01 7.737658023834228516e-01 8.689421229064464569e-03 9.814887307584285736e-03 -2.355687469244003296e-01 3.755333423614501953e-01 9.109555929899215698e-02 -1.092496886849403381e-01
-6.514669060707092285e-01 4.631933867931365967e-01 4.715893268585205078e-01 1.328602880239486694e-01 -6.313133239746093750e-01 -2.925872802734375000e-01 4.790666401386260986e-01 -7.429007887840270996e-01 -4.641923010349273682e-01 -7.697607874870300293e-01
-7.523354291915893555e-01 2.192586660385131836e-01 -1.483636349439620972e-01 -5.803332328796386719e-01 -5.614283680915832520e-01 -5.985084176063537598e-01 -7.207856178283691406e-01 8.589715510606765747e-02 -4.352859854698181152e-01 -5.253727436065673828e-01
-7.324472069740295410e-01 5.246693491935729980e-01 -4.019378423690795898e-01 -6.020166277885437012e-01 -6.761471629142761230e-01 -4.132124185562133789e-01 -4.231196343898773193e-01 -7.257988452911376953e-01 -3.640309572219848633e-01 -7.399061322212219238e-01
9.157900810241699219e-01 -3.861776292324066162e-01 8.108842968940734863e-01 3.335699439048767090e-01 2.144817113876342773e-01 -1.208028569817543030e-01 -2.239791452884674072e-01 9.297483414411544800e-02 1.821875572204589844e-01 -3.087905347347259521e-01
8.745725750923156738e-01 -1.467961668968200684e-01 -3.558763861656188965e-01 -3.965880870819091797e-01 -1.665524691343307495e-01 3.698578476905822754e-01 4.071432948112487793e-01 2.308649569749832153e-01 2.347195520997047424e-02 3.313387185335159302e-02
-2.332014292478561401e-01 3.085513412952423096e-01 -2.195954322814941406e-01 -6.070667505264282227e-01 -6.672320514917373657e-02 7.124762237071990967e-02 2.403783984482288361e-02 -4.422598481178283691e-01 5.971997976303100586e-02 -1.435723155736923218e-01
6.752468347549438477e-01 -3.742276430130004883e-01 -1.450900733470916748e-01 -6.243562102317810059e-01 5.965098142623901367e-01 -6.629211455583572388e-02 8.578631281852722168e-01 -4.801073074340820312e-01 -5.053035020828247070e-01 1.815800219774246216e-01
-7.667184472084045410e-01 2.874945998191833496e-01 -5.694197416305541992e-01 -6.358632445335388184e-01 -7.337523102760314941e-01 -5.758856534957885742e-01 -5.445316433906555176e-01 -7.347959876060485840e-01 -6.526664495468139648e-01 -7.670553326606750488e-01
1.020470619201660156e+00 -2.754904562607407570e-03 5.395196080207824707e-01 1.968831717967987061e-01 -2.817011475563049316e-01 4.563789069652557373e-01 1.666944324970245361e-01 -1.720875203609466553e-01 4.232547879219055176e-01 -4.125286340713500977e-01
-6.547163128852844238e-01 -2.923200726509094238e-01 -3.226369917392730713e-01 5.397313740104436874e-03 -3.220476210117340088e-01 -2.776155769824981689e-01 5.586345195770263672e-01 -3.794260025024414062e-01 -4.610615968704223633e-01 -1.224148422479629517e-01
-7.740123867988586426e-01 3.632455766201019287e-01 -6.295447349548339844e-01 -7.197481393814086914e-01 -6.414780020713806152e-01 -5.634485483169555664e-01 -7.550981640815734863e-01 -2.297718673944473267e-01 -5.136210918426513672e-01 -5.746346712112426758e-01
-7.027240991592407227e-01 2.532522380352020264e-01 -3.947660923004150391e-01 1.257302705198526382e-02 -3.514728546142578125e-01 -1.484186202287673950e-01 -3.365195989608764648e-01 1.567050442099571228e-02 -1.591967195272445679e-01 -2.461511269211769104e-02
-7.619938254356384277e-01 -6.303960829973220825e-02 -5.998145937919616699e-01 -4.676322340965270996e-01 -2.237268537282943726e-01 -4.966967999935150146e-01 -6.616792082786560059e-01 1.899126358330249786e-02 -4.461474120616912842e-01 1.175992637872695923e-01
-7.761880159378051758e-01 4.459097683429718018e-01 -5.509588122367858887e-01 -6.556475162506103516e-01 -7.376642823219299316e-01 -5.778800249099731445e-01 -6.244394779205322266e-01 -7.789293527603149414e-01 -6.239017248153686523e-01 -7.936127185821533203e-01
-7.291940450668334961e-01 -2.840276360511779785e-01 -6.796663403511047363e-01 -4.668860137462615967e-01 -8.640650659799575806e-02 -1.798383891582489014e-01 -6.223510503768920898e-01 1.369521915912628174e-01 -4.724807739257812500e-01 1.307232230901718140e-01
-7.494621872901916504e-01 -4.548910632729530334e-02 -6.867554783821105957e-01 -6.590304374694824219e-01 -3.350222706794738770e-01 -4.559682607650756836e-01 -7.349665164947509766e-01 4.337967038154602051e-01 -5.235165357589721680e-01 4.135992843657732010e-03
-5.801759362220764160e-01 1.335254609584808350e-01 1.861784756183624268e-01 7.297673225402832031e-01 -2.352705597877502441e-01 2.473049461841583252e-01 -3.262286186218261719e-01 -1.310976445674896240e-01 5.635091662406921387e-01 5.390005931258201599e-02
-3.968884944915771484e-01 -1.549093574285507202e-01 3.932195007801055908e-01 4.058576524257659912e-01 -9.334377944469451904e-02 1.084622070193290710e-01 5.155081748962402344e-01 -4.050426483154296875e-01 -2.408535219728946686e-02 -1.725004240870475769e-02
5.902945399284362793e-01 -1.534559279680252075e-01 2.706570029258728027e-01 1.478831171989440918e-01 -5.280491709709167480e-01 1.758549958467483521e-01 6.063164472579956055e-01 -4.922076165676116943e-01 -2.057794034481048584e-01 -5.684558749198913574e-01
-6.627961993217468262e-01 -7.147399336099624634e-02 -6.415035724639892578e-01 1.342129707336425781e-01 -4.063139203935861588e-03 1.369773894548416138e-01 -3.564236164093017578e-01 2.357863336801528931e-01 -1.076050102710723877e-01 3.195035457611083984e-01
-7.561514377593994141e-01 3.770382702350616455e-01 -3.150896131992340088e-01 -3.170762360095977783e-01 -1.822158992290496826e-01 -2.881304323673248291e-01 -6.629409790039062500e-01 -2.857284247875213623e-01 1.350412964820861816e-01 -3.450487926602363586e-02
-5.281174182891845703e-01 -3.298244997859001160e-02 -3.221534788608551025e-01 -4.447060823440551758e-01 3.986758291721343994e-01 1.127130910754203796e-01 -5.085325241088867188e-01 6.967321783304214478e-02 4.573698043823242188e-01 3.037318587303161621e-01
7.140194177627563477e-01 -1.625896394252777100e-01 1.263656914234161377e-01 5.099281668663024902e-01 1.386898010969161987e-01 6.227690577507019043e-01 2.877619564533233643e-01 -6.829985976219177246e-01 5.393949151039123535e-01 1.459681615233421326e-02
-1.092897430062294006e-01 -9.642976522445678711e-02 4.996275603771209717e-01 5.304570794105529785e-01 3.517623245716094971e-01 4.495614171028137207e-01 1.532889157533645630e-02 -3.368519842624664307e-01 6.856680512428283691e-01 2.915296554565429688e-01
-7.588306069374084473e-01 4.414468407630920410e-01 -4.915402531623840332e-01 -4.773009419441223145e-01 -3.861787915229797363e-01 -4.813283979892730713e-01 -6.688663959503173828e-01 -2.010975927114486694e-01 -3.855524659156799316e-01 -1.746234744787216187e-01
-3.241467475891113281e-01 5.355320572853088379e-01 1.637658476829528809e-01 1.337681710720062256e-01 -3.763895332813262939e-01 1.084087342023849487e-01 2.895748019218444824e-01 -5.791776776313781738e-01 1.064633950591087341e-02 -4.268474578857421875e-01
-5.341208577156066895e-01 -1.135867647826671600e-02 8.467195928096771240e-02 5.760539174079895020e-01 -1.371900141239166260e-01 9.695990383625030518e-02 -7.664268612861633301e-01 4.568626880645751953e-01 5.202932953834533691e-01 2.429185360670089722e-01
-7.456374168395996094e-01 5.794963240623474121e-01 -1.825862079858779907e-01 -4.963889718055725098e-01 -5.847501158714294434e-01 -2.609740793704986572e-01 -4.959888160228729248e-01 -4.871258139610290527e-01 1.924225389957427979e-01 -5.645660161972045898e-01
2.794262170791625977e-01 -2.772516906261444092e-01 7.032659649848937988e-01 5.879705548286437988e-01 1.909227222204208374e-01 1.168449688702821732e-02 6.202875971794128418e-01 -4.189272224903106689e-01 7.280819863080978394e-02 -3.887290135025978088e-02
-7.658856511116027832e-01 -2.650141716003417969e-01 -6.916378736495971680e-01 -6.829752326011657715e-01 -2.648924291133880615e-01 -5.780491232872009277e-01 -7.611404657363891602e-01 4.058471024036407471e-01 -6.631597280502319336e-01 5.785915255546569824e-02
3.309153020381927490e-01 -3.245247006416320801e-01 3.940073251724243164e-01 -1.984076797962188721e-01 6.635283231735229492e-01 -3.576332330703735352e-02 8.896233439445495605e-01 -4.995663464069366455e-01 -2.755681872367858887e-01 1.488030999898910522e-01
3.845438659191131592e-01 -5.527699589729309082e-01 -3.694607317447662354e-01 6.914593577384948730e-01 5.692998170852661133e-01 4.084194600582122803e-01 -7.651246786117553711e-01 7.479228377342224121e-01 6.273158788681030273e-01 6.669198870658874512e-01
-5.431927442550659180e-01 -8.176974654197692871e-01 -4.917237460613250732e-01 -5.159624218940734863e-01 5.352576375007629395e-01 -4.136697947978973389e-01 -3.195087611675262451e-02 6.005496382713317871e-01 -4.741684794425964355e-01 4.345293641090393066e-01
1.075088143348693848e+00 1.309301704168319702e-01 7.831664681434631348e-01 5.560719370841979980e-01 -4.585976302623748779e-01 4.856496453285217285e-01 6.329416036605834961e-01 -6.768977046012878418e-01 4.367465674877166748e-01 -6.198058128356933594e-01
6.763319373130798340e-01 -5.629757642745971680e-01 -2.165818512439727783e-01 1.254902333021163940e-01 -1.722769886255264282e-01 2.077416479587554932e-01 -4.097685813903808594e-01 6.459763646125793457e-01 3.362455964088439941e-01 3.410549759864807129e-01
-7.652012109756469727e-01 -1.997426152229309082e-01 -5.909121036529541016e-01 -3.152770400047302246e-01 -4.655354321002960205e-01 -5.363337993621826172e-01 -7.400794625282287598e-01 2.445225566625595093e-01 -5.899093151092529297e-01 3.279201686382293701e-02
-7.481969594955444336e-01 4.975661337375640869e-01 -4.812907278537750244e-01 -4.873557686805725098e-01 -3.338504731655120850e-01 -3.386368155479431152e-01 -6.760959625244140625e-01 -6.097936257719993591e-02 1.724996417760848999e-02 -7.127177715301513672e-02
6.136336326599121094e-01 -2.335649430751800537e-01 -1.866469532251358032e-01 -4.447849392890930176e-01 5.496068298816680908e-02 3.186919391155242920e-01 3.815104365348815918e-01 -2.624927461147308350e-01 7.487103343009948730e-02 -2.407852374017238617e-02
9.680475592613220215e-01 -3.759974539279937744e-01 -1.280754804611206055e-01 -3.617199361324310303e-01 3.277939558029174805e-01 -6.629901379346847534e-02 4.641069769859313965e-01 3.513539135456085205e-01 -3.623233139514923096e-01 2.445380538702011108e-01
-5.845949053764343262e-01 -1.845725774765014648e-01 -6.065446138381958008e-01 -9.264393150806427002e-02 2.574255168437957764e-01 2.308390587568283081e-01 -2.830379009246826172e-01 2.352232635021209717e-01 1.752970367670059204e-01 4.332489967346191406e-01
-6.959132552146911621e-01 -1.036773845553398132e-01 -6.165347099304199219e-01 -6.487086415290832520e-01 4.216022416949272156e-02 -3.108221590518951416e-01 -7.095897197723388672e-01 5.078821778297424316e-01 -2.422820478677749634e-01 1.009825915098190308e-01
8.904387354850769043e-01 -2.426274716854095459e-01 7.282993793487548828e-01 3.573275804519653320e-01 -2.560524456202983856e-02 2.378466911613941193e-02 6.668438315391540527e-01 -5.024490356445312500e-01 -2.951753437519073486e-01 -3.545566201210021973e-01
-7.790849804878234863e-01 3.153025507926940918e-01 -5.840467810630798340e-01 -4.504755437374114990e-01 -7.555219531059265137e-01 -6.027261614799499512e-01 -6.989656090736389160e-01 -7.454191446304321289e-01 -6.451046466827392578e-01 -7.750247716903686523e-01
-7.613332867622375488e-01 2.960815131664276123e-01 -5.250706076622009277e-01 -5.652942061424255371e-01 -3.982945978641510010e-01 -4.982575476169586182e-01 -5.074769258499145508e-01 -2.202980071306228638e-01 -4.636717438697814941e-01 -1.708290576934814453e-01
-7.087803483009338379e-01 -8.153225183486938477e-01 -6.224807500839233398e-01 -7.085518240928649902e-01 5.453253388404846191e-01 -5.428767204284667969e-01 -7.063181996345520020e-01 6.261800527572631836e-01 -6.409292817115783691e-01 4.127480685710906982e-01
-3.938343524932861328e-01 -1.009901165962219238e-01 4.968895316123962402e-01 1.497551500797271729e-01 3.740443289279937744e-01 9.107316285371780396e-02 1.226061396300792694e-02 3.915916085243225098e-01 4.034467935562133789e-01 3.787211179733276367e-01
1.824987828731536865e-01 1.114533692598342896e-01 -4.697560966014862061e-01 3.065746128559112549e-01 -2.100455760955810547e-01 4.529078900814056396e-01 3.228640183806419373e-02 6.897910684347152710e-02 2.958998084068298340e-01 -6.168193742632865906e-02
-7.511569857597351074e-01 -1.782609969377517700e-01 -2.288481593132019043e-01 -4.413720667362213135e-01 6.725458055734634399e-02 -4.718125462532043457e-01 2.821607589721679688e-01 -4.679707288742065430e-01 -3.980934619903564453e-01 1.501201186329126358e-02
-6.533865928649902344e-01 -5.482441047206521034e-04 1.682841591536998749e-02 -5.659197568893432617e-01 5.502684712409973145e-01 -3.948128819465637207e-01 -5.115795731544494629e-01 5.305860042572021484e-01 1.899792104959487915e-01 4.237093329429626465e-01
3.976946771144866943e-01 -3.957514762878417969e-01 -3.002600669860839844e-01 3.906283378601074219e-01 3.211272656917572021e-01 4.555926620960235596e-01 4.263053536415100098e-01 -3.961800634860992432e-01 5.156685709953308105e-01 2.742493450641632080e-01
-7.186583876609802246e-01 4.210457801818847656e-01 -5.710333585739135742e-01 -2.326906323432922363e-01 -3.719816505908966064e-01 -5.515956506133079529e-02 -7.039339542388916016e-01 1.648818701505661011e-01 2.071550302207469940e-02 -7.776443660259246826e-02
-7.120536565780639648e-01 1.834302246570587158e-01 -2.380271255970001221e-01 -7.116948366165161133e-01 -3.675549924373626709e-01 -4.262215197086334229e-01 -5.820206999778747559e-01 -2.389772087335586548e-01 -3.011254370212554932e-01 -4.890234172344207764e-01
-7.424091100692749023e-01 4.664731323719024658e-01 -2.472530305385589600e-01 -4.417593479156494141e-01 -4.333629608154296875e-01 -4.501921534538269043e-01 -5.598431229591369629e-01 2.760955989360809326e-01 -2.479021102190017700e-01 -2.106829881668090820e-01
3.654877543449401855e-01 -3.320808410644531250e-01 4.260060936212539673e-02 -6.468009352684020996e-01 -8.034791052341461182e-02 -1.454116404056549072e-01 4.001448452472686768e-01 -1.606840044260025024e-01 -3.697292208671569824e-01 -3.891333937644958496e-01
6.933790445327758789e-01 -4.715386033058166504e-01 -5.260311365127563477e-01 3.939920365810394287e-01 -5.598896741867065430e-01 3.145102262496948242e-01 -4.907666146755218506e-01 -5.727694034576416016e-01 -3.204914331436157227e-01 -4.951516985893249512e-01
-7.443361282348632812e-01 3.310733735561370850e-01 -4.596699774265289307e-01 5.232737660408020020e-01 -6.451179385185241699e-01 -5.592169612646102905e-02 -7.247827053070068359e-01 -6.112870573997497559e-01 -2.427748739719390869e-01 -5.714304447174072266e-01
-6.463526487350463867e-01 -1.777459830045700073e-01 -2.496052831411361694e-01 4.312832355499267578e-01 1.112032234668731689e-01 -7.026548683643341064e-02 -3.845340907573699951e-01 -2.733695507049560547e-01 -6.294788420200347900e-02 1.350178271532058716e-01
-7.028949260711669922e-01 -1.671496629714965820e-01 -4.448151290416717529e-01 8.631732314825057983e-02 -4.747421741485595703e-01 -2.386505603790283203e-01 -3.791746497154235840e-02 -5.596098676323890686e-02 -4.121158719062805176e-01 -1.293217390775680542e-01
-7.825989127159118652e-01 4.926499128341674805e-01 -2.350367307662963867e-01 -3.602837920188903809e-01 -7.175809144973754883e-01 -6.029381155967712402e-01 -6.663336157798767090e-01 -6.980649828910827637e-01 -5.414588451385498047e-01 -7.431126832962036133e-01
8.928171396255493164e-01 -4.625559151172637939e-01 -5.973286628723144531e-01 -1.804882287979125977e-01 2.375489026308059692e-01 5.001082420349121094e-01 5.474807620048522949e-01 2.382885515689849854e-01 -1.343854516744613647e-01 4.324609339237213135e-01
-7.517127394676208496e-01 -3.363841474056243896e-01 -6.703893542289733887e-01 -4.192228019237518311e-01 -3.339008390903472900e-01 -4.812592566013336182e-01 -7.448288202285766602e-01 2.454890161752700806e-01 -6.130685210227966309e-01 1.287822425365447998e-01
9.620622992515563965e-01 -3.852674067020416260e-01 5.094211101531982422e-01 -3.008126020431518555e-01 1.449806615710258484e-02 -5.738608166575431824e-02 6.164593696594238281e-01 1.249514371156692505e-01 -1.039634793996810913e-01 -2.332001775503158569e-01
-7.780165076255798340e-01 4.495361745357513428e-01 -6.353332996368408203e-01 -7.213988304138183594e-01 -7.228078246116638184e-01 -6.064065098762512207e-01 -7.620669007301330566e-01 -6.469211578369140625e-01 -6.335561275482177734e-01 -7.309169173240661621e-01
-6.268975138664245605e-01 1.139311939477920532e-01 -4.814452528953552246e-01 7.499157786369323730e-01 -2.362138181924819946e-01 3.282553553581237793e-01 -6.172054409980773926e-01 9.431154280900955200e-02 1.329383105039596558e-01 6.352236121892929077e-02
-5.823168158531188965e-01 -3.925210535526275635e-01 -4.251568019390106201e-01 -1.505779325962066650e-01 5.166701674461364746e-01 3.122196719050407410e-02 3.101688027381896973e-01 -1.905447244644165039e-01 1.119340807199478149e-01 4.397805333137512207e-01
-4.344310760498046875e-01 -3.087369203567504883e-01 -4.600581824779510498e-01 -1.135837063193321228e-01 6.646546125411987305e-01 1.654649227857589722e-01 4.954895079135894775e-01 5.892855525016784668e-01 4.786333814263343811e-02 6.406157612800598145e-01
7.508106827735900879e-01 -8.759696781635284424e-02 -1.052877120673656464e-02 7.517299056053161621e-01 -3.720072507858276367e-01 3.180750310420989990e-01 -2.545868456363677979e-01 -1.342674195766448975e-01 9.731987118721008301e-02 -1.344220042228698730e-01
4.155169725418090820e-01 -2.012929320335388184e-01 8.138742446899414062e-01 3.807336986064910889e-01 -1.786474697291851044e-02 -1.834222227334976196e-01 8.779539912939071655e-02 -4.058580100536346436e-01 -2.382214069366455078e-01 -3.568829298019409180e-01
-5.516867041587829590e-01 1.584384441375732422e-01 -2.986353337764739990e-01 1.469952315092086792e-01 1.760237067937850952e-01 3.434742391109466553e-01 2.155851013958454132e-02 -5.286912918090820312e-01 3.276393115520477295e-01 1.561031788587570190e-01
-6.208288669586181641e-01 4.616204798221588135e-01 1.654478758573532104e-01 -3.724029660224914551e-01 -3.608931303024291992e-01 -3.857133388519287109e-01 5.383146405220031738e-01 -5.440513603389263153e-03 -2.837585806846618652e-01 -7.770574092864990234e-02
9.152836799621582031e-01 -9.267063736915588379e-01 -5.415536761283874512e-01 -6.262586712837219238e-01 4.235646724700927734e-01 -7.749738544225692749e-02 -4.440584182739257812e-01 5.704617500305175781e-01 -4.743524789810180664e-01 3.435951173305511475e-01
-7.594021558761596680e-01 3.829597532749176025e-01 -6.042762398719787598e-01 -5.299959182739257812e-01 -7.334266901016235352e-01 -4.850600957870483398e-01 -5.358893871307373047e-01 -7.625164985656738281e-01 -5.787039399147033691e-01 -7.684820890426635742e-01
-3.247158527374267578e-01 -2.738164961338043213e-01 8.577259182929992676e-01 6.709155440330505371e-01 3.414072990417480469e-01 -9.390365332365036011e-02 4.798667430877685547e-01 -4.560813307762145996e-01 1.978540867567062378e-01 -2.777379751205444336e-01
-7.721899747848510742e-01 3.408058583736419678e-01 -6.067547798156738281e-01 -6.025243401527404785e-01 -6.254335641860961914e-01 -5.699918866157531738e-01 -7.143630981445312500e-01 -2.832092046737670898e-01 -5.874552726745605469e-01 -4.982692897319793701e-01
7.252652943134307861e-02 -4.364553093910217285e-02 1.846986822783946991e-02 7.156161665916442871e-01 3.709708750247955322e-01 4.135360419750213623e-01 1.566404551267623901e-01 -5.593634247779846191e-01 4.913628995418548584e-01 2.970857024192810059e-01
-4.594789743423461914e-01 -4.787353873252868652e-01 5.933601856231689453e-01 -6.511589288711547852e-01 7.244287133216857910e-01 -4.488006830215454102e-01 6.560368537902832031e-01 -3.289676606655120850e-01 -5.792947486042976379e-03 2.261672616004943848e-01
-7.534599900245666504e-01 -6.618741899728775024e-02 -6.651303172111511230e-01 -6.734011173248291016e-01 -2.647910714149475098e-01 -5.145748853683471680e-01 -7.336706519126892090e-01 4.023670852184295654e-01 -5.834316015243530273e-01 1.609881594777107239e-02
-2.283260822296142578e-01 -2.244307994842529297e-01 -4.384106993675231934e-01 6.256552934646606445e-01 5.114340782165527344e-01 5.366438627243041992e-01 -1.647213101387023926e-01 3.844346702098846436e-01 6.600565910339355469e-01 5.976132750511169434e-01
7.952464818954467773e-01 -3.880880177021026611e-01 2.980110943317413330e-01 -1.005213409662246704e-01 -2.081880569458007812e-01 -9.407907724380493164e-02 6.186782121658325195e-01 1.406111866235733032e-01 -3.029326796531677246e-01 2.881244942545890808e-02
1.014996647834777832e+00 -2.718596160411834717e-01 3.329232633113861084e-01 3.153893351554870605e-01 -1.157128661870956421e-01 1.851098239421844482e-01 3.162350952625274658e-01 2.736842632293701172e-01 1.289321631193161011e-01 -9.635081887245178223e-02
8.186111450195312500e-01 -2.177539765834808350e-01 -2.674623131752014160e-01 8.507169485092163086e-01 -3.120988979935646057e-02 5.970590114593505859e-01 -3.950370550155639648e-01 3.842372000217437744e-01 5.585196018218994141e-01 3.526800870895385742e-01
6.540341377258300781e-01 -4.912493526935577393e-01 6.248955056071281433e-02 5.648953318595886230e-01 1.567473560571670532e-01 1.963533908128738403e-01 -1.519153118133544922e-01 2.615005671977996826e-01 2.333392649888992310e-01 2.314419448375701904e-01
-3.367784665897488594e-03 -4.632446169853210449e-01 3.025964498519897461e-01 -5.046669244766235352e-01 7.313593029975891113e-01 -2.326058149337768555e-01 8.566161394119262695e-01 -5.324668884277343750e-01 -1.936415582895278931e-01 3.682703077793121338e-01
-6.362594962120056152e-01 5.531947687268257141e-02 -1.285423990339040756e-02 -2.201738357543945312e-01 2.137194573879241943e-01 -2.061985731124877930e-01 -5.125053524971008301e-01 1.083390861749649048e-01 4.462325572967529297e-01 2.973687052726745605e-01
-7.601956725120544434e-01 5.069610476493835449e-01 -2.034528106451034546e-01 -3.850595951080322266e-01 -6.478120684623718262e-01 -5.533987879753112793e-01 -6.701726317405700684e-01 -6.606762111186981201e-02 -2.998545467853546143e-01 -5.278632044792175293e-01
1.026927709579467773e+00 -6.542828083038330078e-01 -3.894920349121093750e-01 4.049879908561706543e-01 -2.562099695205688477e-01 5.097779035568237305e-01 -6.001031994819641113e-01 6.610043644905090332e-01 3.308284878730773926e-01 3.521234691143035889e-01
7.220052480697631836e-01 -6.389160454273223877e-02 4.517741203308105469e-01 6.752944588661193848e-01 1.140992119908332825e-01 4.450424313545227051e-01 1.177188009023666382e-01 -4.139215052127838135e-01 5.992618799209594727e-01 6.882411241531372070e-02
7.894052267074584961e-01 -3.106711208820343018e-01 -1.364431083202362061e-01 4.258598685264587402e-01 -5.127222537994384766e-01 1.627879291772842407e-01 3.203107416629791260e-01 -5.196090340614318848e-01 -2.454290390014648438e-01 -4.561659991741180420e-01
-6.466834545135498047e-01 4.980820715427398682e-01 -2.419621646404266357e-01 -4.782548546791076660e-01 -6.439108252525329590e-01 -2.913713753223419189e-01 -2.457125931978225708e-01 -7.175037860870361328e-01 -3.406502604484558105e-01 -7.127735614776611328e-01
-7.828540205955505371e-01 4.167406558990478516e-01 -6.577014327049255371e-01 -7.377064824104309082e-01 -6.904746294021606445e-01 -5.950624942779541016e-01 -7.258535623550415039e-01 -7.066318392753601074e-01 -6.334095597267150879e-01 -7.212753891944885254e-01
-6.641494035720825195e-01 1.705532670021057129e-01 -3.757774531841278076e-01 9.830568730831146240e-02 -4.130046665668487549e-01 -1.709313690662384033e-01 -4.218272566795349121e-01 5.443425178527832031e-01 -2.212751805782318115e-01 2.153616398572921753e-01
-7.874037027359008789e-01 4.274009764194488525e-01 -5.885400772094726562e-01 -7.089718580245971680e-01 -7.574452757835388184e-01 -6.419438719749450684e-01 -7.469683289527893066e-01 -7.714200615882873535e-01 -6.735622882843017578e-01 -8.057374358177185059e-01
-7.605864405632019043e-01 3.948907852172851562e-01 -2.299756556749343872e-01 -3.091342747211456299e-01 -7.253375649452209473e-01 -4.889635145664215088e-01 6.333848834037780762e-02 -7.781696915626525879e-01 -5.822055935859680176e-01 -7.980191707611083984e-01
-7.849396206438541412e-05 -5.864547491073608398e-01 3.320310497656464577e-03 6.402348279953002930e-01 4.171411395072937012e-01 1.770418435335159302e-01 1.036034300923347473e-01 1.304146051406860352e-01 2.563975751399993896e-01 3.751414716243743896e-01
-7.960814833641052246e-01 3.708437085151672363e-01 -6.092070937156677246e-01 -7.430367469787597656e-01 -7.508423924446105957e-01 -6.442214846611022949e-01 -7.489343881607055664e-01 -7.346817255020141602e-01 -6.801109910011291504e-01 -7.964524626731872559e-01
-7.248631119728088379e-01 -4.331339001655578613e-01 -4.802785813808441162e-01 -6.388782262802124023e-01 3.251062631607055664e-01 -5.718169808387756348e-01 -5.118854045867919922e-01 3.560249209403991699e-01 -5.791236758232116699e-01 1.576898992061614990e-01
7.843650579452514648e-01 -1.493891775608062744e-01 8.144062757492065430e-01 -2.568467259407043457e-01 -3.186508417129516602e-01 -1.040867939591407776e-01 7.781993746757507324e-01 -5.416538119316101074e-01 -1.663371026515960693e-01 -6.606433987617492676e-01
6.136147677898406982e-02 -6.322854757308959961e-01 -2.240716516971588135e-01 -3.409974575042724609e-01 6.407567858695983887e-01 7.283591665327548981e-03 7.850689291954040527e-01 1.766232699155807495e-01 -1.245209872722625732e-01 4.851467907428741455e-01
-7.857408523559570312e-01 4.022428095340728760e-01 -6.185864210128784180e-01 -7.181078791618347168e-01 -7.454904317855834961e-01 -6.326922178268432617e-01 -7.400906682014465332e-01 -7.537493705749511719e-01 -6.681963801383972168e-01 -7.875935435295104980e-01
-6.273155808448791504e-01 4.552778974175453186e-02 -5.481576323509216309e-01 -5.878781080245971680e-01 7.832742482423782349e-02 -1.548700034618377686e-01 -6.313942670822143555e-01 4.690459668636322021e-01 -4.206854209769517183e-04 1.281728893518447876e-01
9.487521648406982422e-01 9.604749828577041626e-02 5.692738294601440430e-01 6.260795593261718750e-01 -6.927759647369384766e-01 4.048284590244293213e-01 2.616172134876251221e-01 -6.655387282371520996e-01 2.753761112689971924e-01 -6.936397552490234375e-01
-7.106552720069885254e-01 3.110219538211822510e-01 -4.182395339012145996e-01 -1.680646538734436035e-01 -4.289509952068328857e-01 -1.815560758113861084e-01 -5.462418198585510254e-01 4.061741232872009277e-01 8.178709447383880615e-02 -3.900334239006042480e-02
9.239727854728698730e-01 -4.446533322334289551e-01 -5.049630403518676758e-01 1.271231919527053833e-01 -5.505396723747253418e-01 4.170713126659393311e-01 -2.915603518486022949e-01 -5.486724972724914551e-01 -3.219585120677947998e-01 -5.472769141197204590e-01
-5.041034221649169922e-01 2.539660930633544922e-01 -3.760164380073547363e-01 -5.346995964646339417e-02 -2.507700026035308838e-01 9.578592330217361450e-02 -6.235444545745849609e-01 5.126598477363586426e-01 3.739185631275177002e-01 9.181138873100280762e-02
3.673748672008514404e-02 -5.628943443298339844e-01 1.778861284255981445e-01 7.177781462669372559e-01 -6.185467541217803955e-02 6.497174501419067383e-02 4.819260537624359131e-01 2.560931742191314697e-01 -8.288450539112091064e-02 1.903567910194396973e-01
-6.877197623252868652e-01 5.437891483306884766e-01 -4.168937206268310547e-01 -6.178649067878723145e-01 -2.994646430015563965e-01 -2.506894469261169434e-01 -4.183681011199951172e-01 -7.070802897214889526e-02 -1.676692366600036621e-01 -2.737085521221160889e-01
-5.991547107696533203e-01 -6.301665306091308594e-01 -5.829456448554992676e-01 -1.048568561673164368e-01 4.134048819541931152e-01 -1.747887954115867615e-02 -3.730294704437255859e-01 2.872296869754791260e-01 -2.373282611370086670e-01 4.687245190143585205e-01
-4.404612779617309570e-01 -3.689714968204498291e-01 3.643287122249603271e-01 -2.445828616619110107e-01 3.695856928825378418e-01 -2.750274166464805603e-02 2.751800119876861572e-01 2.436019480228424072e-01 5.107520222663879395e-01 3.391285836696624756e-01
-5.676034092903137207e-01 5.050724744796752930e-01 5.871424078941345215e-01 -3.428257405757904053e-01 5.744317770004272461e-01 1.142425313591957092e-01 6.716979146003723145e-01 -1.780068129301071167e-01 5.878188610076904297e-01 4.967446625232696533e-01
8.975054025650024414e-01 3.867855295538902283e-02 6.875165104866027832e-01 7.383918762207031250e-01 -6.817152500152587891e-01 1.629924774169921875e-01 -3.286593556404113770e-01 -4.514545202255249023e-01 2.029680758714675903e-01 -6.492855548858642578e-01
1.915320307016372681e-01 1.450030226260423660e-02 8.530296087265014648e-01 -3.930644989013671875e-01 6.353276371955871582e-01 -1.812271475791931152e-01 7.365358471870422363e-01 -4.844255745410919189e-01 6.438411474227905273e-01 2.079294472932815552e-01
3.073964118957519531e-01 -5.143061280250549316e-01 -3.658244013786315918e-01 -4.888434410095214844e-01 9.763573110103607178e-02 1.662163287401199341e-01 9.765920788049697876e-02 3.647280037403106689e-01 -1.112283617258071899e-01 6.760162115097045898e-02
-6.921117305755615234e-01 5.813486576080322266e-01 4.286091774702072144e-02 -4.503018856048583984e-01 -2.191590517759323120e-01 -1.355612426996231079e-01 -2.892426773905754089e-02 -2.096074968576431274e-01 3.040902018547058105e-01 -1.319934874773025513e-01
-7.419885993003845215e-01 3.802556395530700684e-01 -5.185066461563110352e-01 -7.365068197250366211e-01 -6.920317411422729492e-01 -5.011253356933593750e-01 -6.089439988136291504e-01 -7.523678541183471680e-01 -5.759538412094116211e-01 -7.887163758277893066e-01
-7.197220921516418457e-01 5.132108330726623535e-01 -2.222596481442451477e-02 -2.336771190166473389e-01 -5.081087946891784668e-01 -2.028095871210098267e-01 -5.209053754806518555e-01 -1.075979247689247131e-01 3.075265884399414062e-01 -3.326562643051147461e-01
-6.573180556297302246e-01 2.393181324005126953e-01 -6.005589365959167480e-01 -6.138860583305358887e-01 -1.713189631700515747e-01 -1.263531893491744995e-01 -4.810903370380401611e-01 7.240048050880432129e-02 -2.063880488276481628e-02 -7.204581797122955322e-02
-7.617899179458618164e-01 4.442912340164184570e-01 -6.026870608329772949e-01 -7.083436846733093262e-01 -3.782840669155120850e-01 -4.178609549999237061e-01 -7.065474987030029297e-01 -3.707601130008697510e-02 -2.451869100332260132e-01 -2.811222970485687256e-01
8.854066729545593262e-01 -4.090221226215362549e-01 6.891041398048400879e-01 3.867221474647521973e-01 2.225980721414089203e-02 -2.582452073693275452e-02 5.762728676199913025e-02 1.562930643558502197e-01 -4.685094952583312988e-02 -1.969414502382278442e-01
-3.045624196529388428e-01 -2.564535103738307953e-02 2.182499468326568604e-01 7.420963644981384277e-01 -1.230823621153831482e-01 1.698284745216369629e-01 6.508879661560058594e-01 -6.172854304313659668e-01 1.834496855735778809e-01 -8.114814758300781250e-02
-2.395760715007781982e-01 -4.855060577392578125e-01 4.738538563251495361e-01 7.337957620620727539e-01 6.758065819740295410e-01 4.919986426830291748e-02 1.977474987506866455e-01 5.720930099487304688e-01 2.221893519163131714e-01 5.077905058860778809e-01
-1.660043187439441681e-02 -7.244075536727905273e-01 -4.105360805988311768e-01 -5.117874741554260254e-01 4.314239919185638428e-01 -5.781322717666625977e-03 1.624265462160110474e-01 6.623293757438659668e-01 -3.277751803398132324e-01 4.210441708564758301e-01
-1.959430873394012451e-01 -6.609788537025451660e-02 -1.865317970514297485e-01 -1.800144463777542114e-01 4.126915037631988525e-01 3.398033678531646729e-01 7.114956974983215332e-01 -3.930519223213195801e-01 4.133056402206420898e-01 4.140135049819946289e-01
-7.409083843231201172e-01 -6.320383548736572266e-01 -6.867218017578125000e-01 -6.080631613731384277e-01 7.938881218433380127e-02 -5.042856931686401367e-01 -7.410280704498291016e-01 3.594125509262084961e-01 -6.409907937049865723e-01 3.257035017013549805e-01
3.344345390796661377e-01 -1.688383072614669800e-01 7.296839952468872070e-01 3.867733478546142578e-01 -1.898858994245529175e-01 1.671967804431915283e-01 7.471651434898376465e-01 -7.589402794837951660e-01 6.946650892496109009e-02 -6.203920245170593262e-01
-6.159799695014953613e-01 1.718351840972900391e-01 4.620063006877899170e-01 2.774203717708587646e-01 -2.568799257278442383e-01 -1.791076064109802246e-01 -5.673578977584838867e-01 2.389307916164398193e-01 2.627547681331634521e-01 -2.534997165203094482e-01
-7.763478755950927734e-01 4.681435227394104004e-01 -5.467806458473205566e-01 -6.691707968711853027e-01 -5.452273488044738770e-01 -4.831901490688323975e-01 -7.441292405128479004e-01 -1.588688194751739502e-01 -3.712700903415679932e-01 -4.729251265525817871e-01
-6.934193968772888184e-01 1.655474156141281128e-01 -3.116549551486968994e-01 -6.497050523757934570e-01 1.933296024799346924e-01 -4.027743637561798096e-01 3.417355120182037354e-01 3.276646435260772705e-01 -4.178781807422637939e-01 1.723482310771942139e-01
8.112595081329345703e-01 3.195121139287948608e-02 6.904165744781494141e-01 9.545745328068733215e-03 -6.005737185478210449e-01 6.642358005046844482e-02 2.577939033508300781e-01 -6.133304834365844727e-01 -7.686984539031982422e-02 -7.066830992698669434e-01
8.609733581542968750e-01 -3.023581504821777344e-01 8.268844485282897949e-01 -2.553625702857971191e-01 -1.422742009162902832e-01 -3.557383120059967041e-01 6.429523825645446777e-01 -5.399248600006103516e-01 -5.149226784706115723e-01 -5.360769033432006836e-01
-7.235940694808959961e-01 5.257330462336540222e-02 -1.401044130325317383e-01 1.661116443574428558e-02 7.612905651330947876e-02 -1.939853429794311523e-01 -5.517991185188293457e-01 -4.454249441623687744e-01 -8.424802124500274658e-02 6.252730637788772583e-02
2.305627465248107910e-01 2.920874580740928650e-02 -4.218001961708068848e-01 6.113123893737792969e-01 -3.110542334616184235e-02 5.241430401802062988e-01 1.937921792268753052e-01 5.333404056727886200e-03 1.979420036077499390e-01 1.418282836675643921e-02
-7.212244272232055664e-01 4.863006174564361572e-01 -1.176338195800781250e-01 -1.998086869716644287e-01 -4.843136370182037354e-01 -1.882470846176147461e-01 -5.108307003974914551e-01 -5.352589860558509827e-02 2.509997487068176270e-01 -2.657447159290313721e-01
-6.115863919258117676e-01 1.976193189620971680e-01 1.900745779275894165e-01 6.655879616737365723e-01 -3.242197930812835693e-01 8.843461424112319946e-02 -3.846695125102996826e-01 3.566944301128387451e-01 4.513477683067321777e-01 -8.834639191627502441e-02
5.862685441970825195e-01 -7.299484610557556152e-01 -3.877979516983032227e-01 -7.113633751869201660e-01 5.897775292396545410e-01 -4.522412270307540894e-02 2.047047913074493408e-01 4.793011546134948730e-01 -5.120119452476501465e-01 4.051472544670104980e-01
-7.730261087417602539e-01 2.925878465175628662e-01 -5.579777956008911133e-01 -6.551427245140075684e-01 -6.430466771125793457e-01 -5.720967650413513184e-01 -4.532535076141357422e-01 -5.803625583648681641e-01 -6.026885509490966797e-01 -6.318592429161071777e-01
-6.426179409027099609e-01 1.432703137397766113e-01 2.199950218200683594e-01 -3.619754314422607422e-01 3.087798831984400749e-03 -3.267575502395629883e-01 -3.392901271581649780e-02 6.758533418178558350e-02 1.890470683574676514e-01 1.415165066719055176e-01
-6.725723743438720703e-01 5.237231850624084473e-01 3.666156530380249023e-01 5.456963777542114258e-01 -4.963784515857696533e-01 -2.724979519844055176e-01 -3.110330104827880859e-01 -6.322769522666931152e-01 -3.376024365425109863e-01 -6.973668336868286133e-01
-5.719810128211975098e-01 -3.832404315471649170e-01 -6.390038728713989258e-01 -5.667138099670410156e-01 3.198058009147644043e-01 1.084570307284593582e-02 -4.843041002750396729e-01 5.993641614913940430e-01 -1.825180649757385254e-01 3.899976611137390137e-01
3.114463984966278076e-01 -8.603147864341735840e-01 -5.586708188056945801e-01 -6.292579770088195801e-01 5.652667880058288574e-01 1.169516071677207947e-01 -6.009447574615478516e-01 6.327487230300903320e-01 -3.893007636070251465e-01 5.089831948280334473e-01
7.834185957908630371e-01 -5.125710368156433105e-01 2.689578235149383545e-01 -2.767166495323181152e-01 5.425189435482025146e-02 -9.586784988641738892e-02 4.913768172264099121e-01 1.351654827594757080e-01 -3.978061676025390625e-02 8.021583408117294312e-02
9.468464255332946777e-01 -7.809495329856872559e-01 -4.366047084331512451e-01 -7.135477662086486816e-01 6.404938101768493652e-01 -1.420266032218933105e-01 2.759107947349548340e-01 2.497837394475936890e-01 -5.312820076942443848e-01 3.426380455493927002e-01
-7.440537810325622559e-01 5.458263158798217773e-01 -1.931550800800323486e-01 1.144178956747055054e-01 -7.537091970443725586e-01 -4.284479916095733643e-01 -6.031824350357055664e-01 -7.702916860580444336e-01 -4.664086401462554932e-01 -7.895231842994689941e-01
-7.813426256179809570e-01 4.230977296829223633e-01 -5.351032614707946777e-01 -6.948997974395751953e-01 -7.693238854408264160e-01 -6.349995732307434082e-01 -7.134481668472290039e-01 -7.942132949829101562e-01 -6.489174962043762207e-01 -8.291815519332885742e-01
-6.321926712989807129e-01 6.079841256141662598e-01 4.519933164119720459e-01 -6.036722660064697266e-01 1.718363165855407715e-01 -1.914181262254714966e-01 4.495506286621093750e-01 8.222530037164688110e-02 3.434700369834899902e-01 2.058820277452468872e-01
-7.659626603126525879e-01 5.511347651481628418e-01 -3.079191409051418304e-02 8.424984663724899292e-02 -7.191413640975952148e-01 -5.353418588638305664e-01 -7.094906568527221680e-01 -6.433708071708679199e-01 -4.127085804939270020e-01 -7.619650363922119141e-01
-7.545693516731262207e-01 1.006009653210639954e-01 -5.747801065444946289e-01 -7.085124254226684570e-01 -6.132767200469970703e-01 -6.082620024681091309e-01 -7.114232778549194336e-01 3.205546140670776367e-01 -6.307438015937805176e-01 -4.160264730453491211e-01
-7.719278335571289062e-01 5.531314611434936523e-01 1.431916356086730957e-01 -1.259285658597946167e-01 -6.315102577209472656e-01 -5.451953411102294922e-01 -2.434677332639694214e-01 -7.108687162399291992e-01 -4.597893953323364258e-01 -7.441577911376953125e-01
-7.425549626350402832e-01 1.383657157421112061e-01 -4.862501025199890137e-01 2.675301134586334229e-01 -6.023321151733398438e-01 -2.345931679010391235e-01 -5.824180245399475098e-01 2.504414319992065430e-01 -4.183225333690643311e-01 -3.056680262088775635e-01
9.836227297782897949e-01 -8.286491632461547852e-01 1.819368004798889160e-01 -7.096499204635620117e-02 1.576130837202072144e-01 -3.333757398650050163e-03 -2.844591438770294189e-01 3.662785589694976807e-01 -2.569381296634674072e-01 -1.252104155719280243e-02
-5.142493844032287598e-01 4.877515435218811035e-01 8.723127245903015137e-01 -3.203739523887634277e-01 6.920578479766845703e-01 -1.135099753737449646e-01 8.174977898597717285e-01 -2.785877883434295654e-01 6.833391189575195312e-01 4.642790555953979492e-01
-4.941831529140472412e-01 3.460183143615722656e-01 7.469505667686462402e-01 6.573768854141235352e-01 -3.534516394138336182e-01 6.062486767768859863e-02 5.210337042808532715e-01 -7.289403080940246582e-01 2.382120341062545776e-01 -6.107546091079711914e-01
6.191335320472717285e-01 -2.241329997777938843e-01 -2.625040709972381592e-01 -3.768177926540374756e-01 2.851300239562988281e-01 4.062234759330749512e-01 6.284654140472412109e-01 -2.517079710960388184e-01 1.165498197078704834e-01 2.385374903678894043e-01
-2.129468470811843872e-01 -8.748381733894348145e-01 3.566531538963317871e-01 -6.632726788520812988e-01 7.541290521621704102e-01 -3.756161928176879883e-01 5.645756125450134277e-01 6.958287358283996582e-01 -5.572502613067626953e-01 4.304265081882476807e-01
2.627770602703094482e-01 -5.038782954216003418e-01 -4.480982124805450439e-01 2.808976769447326660e-01 5.073074102401733398e-01 3.453958332538604736e-01 2.335990816354751587e-01 1.303011178970336914e-01 5.081958770751953125e-01 5.458754301071166992e-01
-3.008705005049705505e-02 -1.779145598411560059e-01 6.044061779975891113e-01 -4.286904036998748779e-01 8.086633086204528809e-01 1.211058720946311951e-01 8.841869831085205078e-01 3.230397775769233704e-02 4.649406969547271729e-01 6.190757155418395996e-01
-7.516022920608520508e-01 1.674147546291351318e-01 -5.805677175521850586e-01 -2.262190431356430054e-01 -2.859272360801696777e-01 -2.511839866638183594e-01 -7.711464166641235352e-01 5.555940270423889160e-01 -2.595184445381164551e-01 2.244421243667602539e-01
-6.535862684249877930e-01 5.393391847610473633e-01 6.502408981323242188e-01 -2.745563909411430359e-02 -5.517220497131347656e-01 -4.282643795013427734e-01 -3.810451328754425049e-01 -1.251854598522186279e-01 -1.958829462528228760e-01 -6.076696515083312988e-01
-6.787939071655273438e-01 -5.717612057924270630e-02 -6.063609123229980469e-01 -2.785550355911254883e-01 -4.957811161875724792e-02 -7.242882996797561646e-02 -7.220934629440307617e-01 6.888233423233032227e-01 9.145200252532958984e-03 3.635949790477752686e-01
6.399540901184082031e-01 -3.677172362804412842e-01 -1.166666299104690552e-01 8.932009339332580566e-01 6.861212849617004395e-02 5.098724365234375000e-01 -5.367682576179504395e-01 4.729004800319671631e-01 6.356941461563110352e-01 4.332365691661834717e-01
-7.771397233009338379e-01 2.138004451990127563e-01 -6.393908262252807617e-01 -6.882576346397399902e-01 -5.105085968971252441e-01 -5.646936893463134766e-01 -7.339349985122680664e-01 1.405140571296215057e-02 -5.591109395027160645e-01 -3.191559016704559326e-01
-6.360969543457031250e-01 3.834537267684936523e-01 4.619259238243103027e-01 5.404098629951477051e-01 -5.756466388702392578e-01 -2.167185693979263306e-01 3.716809153556823730e-01 -1.669304221868515015e-01 -8.624595403671264648e-02 -5.243304967880249023e-01
9.993880391120910645e-01 -6.040763109922409058e-02 4.282878711819648743e-02 -3.955028355121612549e-01 5.441541969776153564e-02 4.892444908618927002e-01 6.566174626350402832e-01 -5.612755417823791504e-01 2.924114763736724854e-01 -1.699119508266448975e-01
-5.940697193145751953e-01 6.048747301101684570e-01 7.402741909027099609e-01 -2.356647998094558716e-01 -1.729997992515563965e-01 -1.411795318126678467e-01 6.412867903709411621e-01 -2.178738564252853394e-01 3.928962349891662598e-01 -2.598115503787994385e-01
1.023431777954101562e+00 -6.574810743331909180e-01 -5.739950537681579590e-01 2.262978404760360718e-01 -5.711033940315246582e-01 4.063754677772521973e-01 -5.682930350303649902e-01 3.285467028617858887e-01 -4.920571446418762207e-01 -4.264033138751983643e-01
-7.327985167503356934e-01 2.704829573631286621e-01 -6.587023735046386719e-01 -7.420200705528259277e-01 -3.867259025573730469e-01 -3.680070936679840088e-01 -7.263402342796325684e-01 -1.183178499341011047e-01 -4.303430914878845215e-01 -4.018434882164001465e-01
-6.783900856971740723e-01 -6.019182801246643066e-01 -6.326916217803955078e-01 -2.323364466428756714e-01 3.321796357631683350e-01 -1.764767616987228394e-01 -7.239918112754821777e-01 7.157096862792968750e-01 -4.199555814266204834e-01 5.864441394805908203e-01
-7.746918797492980957e-01 4.699081182479858398e-01 -4.946624338626861572e-01 -5.816106200218200684e-01 -7.774227261543273926e-01 -6.141327619552612305e-01 -7.251482605934143066e-01 -7.841300368309020996e-01 -6.387004852294921875e-01 -8.167007565498352051e-01
-1.015521213412284851e-01 2.372766733169555664e-01 -4.326246976852416992e-01 -2.505257427692413330e-01 -3.275114297866821289e-01 1.370863765478134155e-01 -3.870291635394096375e-02 -3.542636334896087646e-01 -1.625095009803771973e-01 -2.551745772361755371e-01
6.839958429336547852e-01 -4.516538679599761963e-01 3.250506818294525146e-01 -4.551808834075927734e-01 2.127368599176406860e-01 -3.043958544731140137e-01 6.045708060264587402e-01 -4.551413953304290771e-01 -5.363237261772155762e-01 -1.598368734121322632e-01
5.629719495773315430e-01 -4.101053178310394287e-01 3.535704016685485840e-01 -5.088302493095397949e-01 5.326964855194091797e-01 8.275911211967468262e-02 7.730664610862731934e-01 -5.084299445152282715e-01 -8.474545902572572231e-04 2.167650312185287476e-01
8.789774179458618164e-01 -1.627824269235134125e-02 1.841361075639724731e-01 -1.526979804039001465e-01 1.028298437595367432e-01 4.039545655250549316e-01 -1.472759395837783813e-01 1.353690773248672485e-01 3.507382571697235107e-01 -7.162246108055114746e-02
-5.127092599868774414e-01 -3.914829194545745850e-01 7.063531875610351562e-01 -1.285639107227325439e-01 4.720464944839477539e-01 -3.710427880287170410e-01 6.342838406562805176e-01 -4.530964791774749756e-01 -1.452099829912185669e-01 -3.823696868494153023e-03
8.189062476158142090e-01 -3.889595717191696167e-02 3.509147465229034424e-01 3.179613947868347168e-01 4.450966045260429382e-02 5.893344879150390625e-01 1.598311066627502441e-01 -3.870236575603485107e-01 5.236861705780029297e-01 -2.224969118833541870e-01
1.727344393730163574e-01 -5.315426588058471680e-01 -3.514486849308013916e-01 -2.267693877220153809e-01 4.852802455425262451e-01 6.076518818736076355e-02 4.591960906982421875e-01 6.525672078132629395e-01 1.676394045352935791e-01 5.787300467491149902e-01
-6.311321258544921875e-01 1.879256516695022583e-01 -2.168435901403427124e-01 6.057727932929992676e-01 -1.437658220529556274e-01 3.099271953105926514e-01 -6.988779306411743164e-01 1.060648709535598755e-01 5.284565091133117676e-01 1.256579756736755371e-01
-7.230495214462280273e-01 1.371241658926010132e-01 -4.013189077377319336e-01 3.609552979469299316e-01 -5.568751692771911621e-01 -9.700968116521835327e-02 -1.049129143357276917e-01 -4.439405500888824463e-01 -4.330400228500366211e-01 -3.781106472015380859e-01
-7.267106175422668457e-01 3.958048522472381592e-01 -3.051425516605377197e-01 -6.152455210685729980e-01 -1.785369217395782471e-01 -3.721880912780761719e-01 -4.870280325412750244e-01 2.015502750873565674e-01 -2.551873326301574707e-01 -1.390634179115295410e-01
5.310138463973999023e-01 -7.542731165885925293e-01 7.244299650192260742e-01 -1.687377691268920898e-01 2.241631448268890381e-01 -2.431223690509796143e-01 1.431648135185241699e-01 -1.944662034511566162e-01 -1.713542789220809937e-01 -1.176797822117805481e-01
-7.514110207557678223e-01 5.573862195014953613e-01 -2.736132740974426270e-01 1.040766835212707520e-01 -6.115568280220031738e-01 -3.425832986831665039e-01 -5.808062553405761719e-01 -5.910047292709350586e-01 -1.179489940404891968e-01 -5.785396099090576172e-01
1.012236714363098145e+00 -2.203761637210845947e-01 5.252889394760131836e-01 1.631398946046829224e-01 3.778987526893615723e-01 1.809695661067962646e-01 6.578855216503143311e-02 -3.493791520595550537e-01 5.610087513923645020e-02 -9.456288814544677734e-02
1.097184121608734131e-01 -1.323330551385879517e-01 5.929067134857177734e-01 6.074339151382446289e-01 5.104382634162902832e-01 5.403549075126647949e-01 5.115748643875122070e-01 -5.723634958267211914e-01 6.174774765968322754e-01 2.070976942777633667e-01
8.300982415676116943e-02 -2.680766582489013672e-01 -3.624744117259979248e-01 6.789290308952331543e-01 5.462185740470886230e-01 6.032494306564331055e-01 2.373374998569488525e-01 -2.444841712713241577e-01 5.118351578712463379e-01 5.178045630455017090e-01
3.471578657627105713e-01 -6.867865324020385742e-01 -6.106957197189331055e-01 5.816434025764465332e-01 4.777273833751678467e-01 6.097296476364135742e-01 1.589947491884231567e-01 3.410281836986541748e-01 -2.821237593889236450e-02 4.757827520370483398e-01
-7.826678156852722168e-01 2.696861326694488525e-01 -6.273294687271118164e-01 -6.914538145065307617e-01 -6.522908210754394531e-01 -5.868445038795471191e-01 -7.148948907852172852e-01 -3.453753590583801270e-01 -6.203571557998657227e-01 -5.789623260498046875e-01
-6.651117801666259766e-01 4.301725924015045166e-01 8.812220394611358643e-02 -3.400540649890899658e-01 -3.085017763078212738e-02 -1.802571266889572144e-01 2.616758644580841064e-01 -2.787277102470397949e-01 5.033139884471893311e-02 1.009974852204322815e-01
3.587768375873565674e-01 -2.795014977455139160e-01 3.603164851665496826e-01 4.212806522846221924e-01 -2.425788044929504395e-01 -5.706217139959335327e-02 4.743477404117584229e-01 -3.525623977184295654e-01 -9.538389742374420166e-02 -1.269402503967285156e-01
-7.394936084747314453e-01 3.268688917160034180e-01 -3.582778200507164001e-02 -1.252104043960571289e-01 -6.640886068344116211e-01 -4.587003588676452637e-01 7.697003334760665894e-02 -2.002854794263839722e-01 -4.335350096225738525e-01 -5.923480987548828125e-01
1.007086873054504395e+00 -6.678700447082519531e-01 8.801521360874176025e-02 -3.963262438774108887e-01 1.736432313919067383e-01 -8.705191314220428467e-02 5.858706235885620117e-01 2.549028396606445312e-01 -5.130427479743957520e-01 -1.750758141279220581e-01
3.077612221240997314e-01 3.014485165476799011e-02 -2.129918634891510010e-01 4.014025926589965820e-01 -3.773878514766693115e-01 3.884474635124206543e-01 4.149636924266815186e-01 -6.639608144760131836e-01 -4.575717076659202576e-02 -3.878752887248992920e-01
-7.567885518074035645e-01 3.377971649169921875e-01 -6.370696425437927246e-01 -7.257614731788635254e-01 -5.783609747886657715e-01 -5.276422500610351562e-01 -7.376813888549804688e-01 -3.636858463287353516e-01 -5.254637598991394043e-01 -5.549476742744445801e-01
7.779043316841125488e-01 3.017345070838928223e-01 3.615045845508575439e-01 8.147637844085693359e-01 -7.461795806884765625e-01 3.883947134017944336e-01 -3.201530575752258301e-01 -7.586765885353088379e-01 4.382212758064270020e-01 -7.466723918914794922e-01
-1.898727715015411377e-01 -4.873549640178680420e-01 -2.979932427406311035e-01 -2.372674942016601562e-01 6.246466636657714844e-01 2.892174944281578064e-02 6.903060078620910645e-01 6.653581857681274414e-01 1.447252780199050903e-01 6.340088248252868652e-01
8.617689460515975952e-02 -2.616736888885498047e-01 2.996632456779479980e-01 -3.808164000511169434e-01 4.877983927726745605e-01 2.670393325388431549e-02 4.244821369647979736e-01 -3.855950236320495605e-01 5.343816708773374557e-03 -2.200687862932682037e-02
-6.410315036773681641e-01 5.440447330474853516e-01 -4.792487919330596924e-01 -5.333774089813232422e-01 -4.716895222663879395e-01 -7.221291214227676392e-02 -1.755521595478057861e-01 -2.391634434461593628e-01 5.152138322591781616e-02 -3.413049876689910889e-01
7.094092965126037598e-01 -3.870886564254760742e-01 6.738733053207397461e-01 4.058288037776947021e-01 -3.235495090484619141e-01 -8.639172464609146118e-02 -1.753605604171752930e-01 7.157798856496810913e-02 2.160781025886535645e-01 -3.280204534530639648e-01
8.967846035957336426e-01 -5.922468379139900208e-02 4.063309431076049805e-01 7.411950230598449707e-01 -3.946771100163459778e-02 6.561337709426879883e-01 -6.616757512092590332e-01 1.818035095930099487e-01 7.104402780532836914e-01 -4.701197147369384766e-02
-5.938382744789123535e-01 1.211490035057067871e-01 -3.099121451377868652e-01 1.386177688837051392e-01 2.716744840145111084e-01 2.633637785911560059e-01 -3.628386855125427246e-01 -2.506327033042907715e-01 4.919195771217346191e-01 3.542390763759613037e-01
-7.587292790412902832e-01 4.768285155296325684e-01 -5.444473624229431152e-01 -6.321955919265747070e-01 -6.500411629676818848e-01 -4.889323413372039795e-01 -5.981334447860717773e-01 -6.753556728363037109e-01 -4.112475514411926270e-01 -6.778898239135742188e-01
-6.667065024375915527e-01 -3.647602796554565430e-01 -5.395259261131286621e-01 -2.318652272224426270e-01 5.329118371009826660e-01 -1.101667210459709167e-01 -6.745452284812927246e-01 6.444115042686462402e-01 -1.672706454992294312e-01 6.228532791137695312e-01
7.597793936729431152e-01 -1.224244311451911926e-01 6.584587097167968750e-01 1.642987430095672607e-01 -3.396692276000976562e-01 6.371013820171356201e-02 7.602404952049255371e-01 -6.437895894050598145e-01 -2.066379040479660034e-01 -5.559701323509216309e-01
-5.937681794166564941e-01 5.248012542724609375e-01 -1.423014998435974121e-01 2.360530793666839600e-01 -2.657573521137237549e-01 8.745343238115310669e-02 1.622031927108764648e-01 -4.242935776710510254e-01 -1.020294427871704102e-01 -2.102281749248504639e-01
1.012064456939697266e+00 -5.619754791259765625e-01 -5.806195735931396484e-01 2.511201202869415283e-01 -1.579136103391647339e-01 5.627853274345397949e-01 -6.025938391685485840e-01 6.119559407234191895e-01 2.891488075256347656e-01 3.626540899276733398e-01
7.453737258911132812e-01 -5.103967189788818359e-01 4.951900243759155273e-01 1.632929295301437378e-01 -3.134478256106376648e-02 4.918691888451576233e-02 3.661371022462844849e-02 7.290252298116683960e-02 2.411933392286300659e-01 -1.830264329910278320e-01
-7.318233847618103027e-01 -3.250855505466461182e-01 -6.055319309234619141e-01 -7.162978649139404297e-01 3.478380143642425537e-01 -5.494899153709411621e-01 -6.249974370002746582e-01 5.818977952003479004e-01 -6.121158599853515625e-01 2.765423953533172607e-01
