-1.057775318622589111e-01
-1.074512675404548645e-01
-1.053841635584831238e-01
-1.054004952311515808e-01
-1.065505146980285645e-01
-1.062182039022445679e-01
-1.055401787161827087e-01
-1.067820116877555847e-01
-1.093401908874511719e-01
-1.082419157028198242e-01
-1.063796654343605042e-01
-1.056577861309051514e-01
-1.054908558726310730e-01
-1.044861078262329102e-01
-1.042617857456207275e-01
-1.047277897596359253e-01
-1.056001409888267517e-01
-1.052411347627639771e-01
-1.055511906743049622e-01
-1.056760922074317932e-01
-1.069919094443321228e-01
-1.074760034680366516e-01
-1.077035889029502869e-01
-1.064004898071289062e-01
-1.065442487597465515e-01
-1.055612266063690186e-01
-1.064734980463981628e-01
-1.044438779354095459e-01
-1.057646721601486206e-01
-1.069639399647712708e-01
-1.061407178640365601e-01
-1.050798520445823669e-01
-1.050832420587539673e-01
-1.061087250709533691e-01
-1.059516891837120056e-01
-1.086155995726585388e-01
-1.101468056440353394e-01
-1.134144887328147888e-01
-1.130309849977493286e-01
-1.173007860779762268e-01
-1.195092350244522095e-01
-1.165325567126274109e-01
-1.226367056369781494e-01
-1.175980567932128906e-01
-1.167703270912170410e-01
-1.226070076227188110e-01
-1.186191365122795105e-01
-1.103407144546508789e-01
-1.133804544806480408e-01
-1.036321967840194702e-01
-1.052271202206611633e-01
-1.072903126478195190e-01
-1.065582036972045898e-01
-1.060794144868850708e-01
-1.067642867565155029e-01
-1.063323691487312317e-01
-1.082588136196136475e-01
-1.073822751641273499e-01
-1.052938252687454224e-01
-1.051516979932785034e-01
-1.024606749415397644e-01
-1.051358282566070557e-01
-1.091113612055778503e-01
-1.094728857278823853e-01
-1.227712184190750122e-01
-1.187881007790565491e-01
-1.392900198698043823e-01
-1.364762336015701294e-01
-1.298161298036575317e-01
-1.327209472656250000e-01
-1.296786665916442871e-01
-1.306706815958023071e-01
-1.342073082923889160e-01
-1.344160586595535278e-01
-1.489077359437942505e-01
-1.407938152551651001e-01
-1.164750605821609497e-01
-1.156513616442680359e-01
-1.194235160946846008e-01
-1.120691969990730286e-01
-1.036274731159210205e-01
-1.023927107453346252e-01
-1.070884242653846741e-01
-1.061764210462570190e-01
-1.089062914252281189e-01
-1.051340773701667786e-01
-1.058408245444297791e-01
-1.058774888515472412e-01
-1.071280464529991150e-01
-1.032620072364807129e-01
-1.118301376700401306e-01
-1.089693754911422729e-01
-1.288301795721054077e-01
-1.504382491111755371e-01
-1.738754063844680786e-01
-1.631874442100524902e-01
-1.652709245681762695e-01
-1.906514465808868408e-01
-1.676672250032424927e-01
-1.302760094404220581e-01
-1.633708477020263672e-01
-1.560468226671218872e-01
-1.716644465923309326e-01
-1.624832153320312500e-01
-1.646266281604766846e-01
-1.511557251214981079e-01
-1.400275677442550659e-01
-1.236805841326713562e-01
-1.211111918091773987e-01
-1.081594079732894897e-01
-1.042499318718910217e-01
-1.066354885697364807e-01
-1.077545732259750366e-01
-1.067127138376235962e-01
-1.053876504302024841e-01
-1.033274903893470764e-01
-1.028093174099922180e-01
-1.180331781506538391e-01
-1.245471090078353882e-01
-1.596205979585647583e-01
-1.737526804208755493e-01
-2.407336384057998657e-01
-1.935003101825714111e-01
-2.025472223758697510e-01
-1.613084375858306885e-01
-2.204184383153915405e-01
-1.347331702709197998e-01
-1.477438956499099731e-01
-1.438366621732711792e-01
-1.470597684383392334e-01
-1.301153153181076050e-01
-1.191483885049819946e-01
-1.837793439626693726e-01
-1.839178502559661865e-01
-1.635301560163497925e-01
-1.478879451751708984e-01
-1.269459724426269531e-01
-1.186502128839492798e-01
-1.071638539433479309e-01
-1.045750528573989868e-01
-1.063978821039199829e-01
-1.070849820971488953e-01
-1.022251695394515991e-01
-1.072468906641006470e-01
-1.204209625720977783e-01
-1.408148854970932007e-01
-1.544884145259857178e-01
-1.984873414039611816e-01
-1.750350445508956909e-01
-1.885294765233993530e-01
-1.450756192207336426e-01
-8.086466044187545776e-02
-6.458097696304321289e-02
-5.144375935196876526e-02
3.394911764189600945e-03
-2.457177825272083282e-02
2.025892958045005798e-02
-1.645860075950622559e-02
-3.193248808383941650e-02
-6.649229675531387329e-02
-6.709653139114379883e-02
-1.531392186880111694e-01
-1.648290604352951050e-01
-1.552128940820693970e-01
-1.579997390508651733e-01
-1.236704587936401367e-01
-1.146545410156250000e-01
-1.036455109715461731e-01
-1.074451729655265808e-01
-1.078988388180732727e-01
-1.044403910636901855e-01
-1.093351840972900391e-01
-1.272942572832107544e-01
-1.734706908464431763e-01
-1.858580410480499268e-01
-1.667860299348831177e-01
-1.489154845476150513e-01
-1.140436977148056030e-01
-6.456834077835083008e-02
-2.716586180031299591e-02
-2.654116414487361908e-02
-2.556717395782470703e-02
4.120718687772750854e-02
2.550872415304183960e-02
-3.640746697783470154e-02
-4.448846913874149323e-03
-2.690032124519348145e-02
-5.147936195135116577e-02
-5.298359319567680359e-02
-1.272248625755310059e-01
-1.542096436023712158e-01
-1.840628981590270996e-01
-1.539404839277267456e-01
-1.309405118227005005e-01
-1.096812710165977478e-01
-1.086562946438789368e-01
-1.091100797057151794e-01
-1.041157841682434082e-01
-1.159742996096611023e-01
-1.166897639632225037e-01
-1.362828761339187622e-01
-1.701913923025131226e-01
-2.017193585634231567e-01
-1.718708723783493042e-01
-1.013223901391029358e-01
-7.537803798913955688e-02
-5.058868229389190674e-02
-5.285977385938167572e-04
6.187187135219573975e-02
-6.471368018537759781e-03
1.316317263990640640e-02
5.440201237797737122e-02
2.220018021762371063e-02
1.861951313912868500e-02
1.119791343808174133e-02
-2.734046429395675659e-02
-1.122940145432949066e-02
-1.078630760312080383e-01
-1.390358507633209229e-01
-1.619969308376312256e-01
-1.534029990434646606e-01
-1.380027383565902710e-01
-1.189385652542114258e-01
-1.055797040462493896e-01
-1.050544157624244690e-01
-1.084050536155700684e-01
-1.168960034847259521e-01
-1.151746362447738647e-01
-1.581311970949172974e-01
-1.931033879518508911e-01
-1.811569333076477051e-01
-1.336237490177154541e-01
-6.743541359901428223e-02
-3.635961562395095825e-02
-9.211511351168155670e-03
3.358887881040573120e-02
1.734870672225952148e-02
3.376250714063644409e-02
-1.339452620595693588e-02
-4.450869560241699219e-02
2.395825088024139404e-02
-3.854094445705413818e-02
-6.952680647373199463e-03
-2.831514459103345871e-03
-8.128470508381724358e-04
-6.052194163203239441e-02
-1.217768266797065735e-01
-1.702677905559539795e-01
-1.666135787963867188e-01
-1.238498315215110779e-01
-1.193776056170463562e-01
-1.033971607685089111e-01
-1.099542751908302307e-01
-1.085933521389961243e-01
-1.172568574547767639e-01
-1.210424751043319702e-01
-1.628354787826538086e-01
-1.502518653869628906e-01
-1.823669224977493286e-01
-1.117281168699264526e-01
-7.447601854801177979e-02
8.380757644772529602e-03
1.862376183271408081e-02
1.155539136379957199e-02
2.320293150842189789e-02
-2.536220662295818329e-02
-3.178120404481887817e-02
-4.830797016620635986e-02
-4.177180677652359009e-02
1.061858516186475754e-02
1.774528791429474950e-04
1.717764884233474731e-02
9.663250297307968140e-03
-8.187771588563919067e-02
-1.109294593334197998e-01
-1.497891843318939209e-01
-1.318192034959793091e-01
-1.169612556695938110e-01
-1.117751374840736389e-01
-1.050993651151657104e-01
-1.082171052694320679e-01
-1.135443747043609619e-01
-1.196147650480270386e-01
-1.260699182748794556e-01
-1.559791713953018188e-01
-1.799667477607727051e-01
-1.514929533004760742e-01
-9.031394124031066895e-02
-5.288426578044891357e-02
3.660483658313751221e-02
6.466417759656906128e-02
3.047182410955429077e-02
1.383235398679971695e-02
-6.513982266187667847e-02
-5.324614793062210083e-02
-2.270624972879886627e-02
-2.722700498998165131e-02
4.171368200331926346e-03
-2.826339751482009888e-02
-1.364642102271318436e-02
-3.201159462332725525e-02
-7.433879375457763672e-02
-8.637072890996932983e-02
-1.299165636301040649e-01
-1.396187394857406616e-01
-1.137270033359527588e-01
-1.069803759455680847e-01
-1.004287898540496826e-01
-1.071128770709037781e-01
-1.143974587321281433e-01
-1.089277118444442749e-01
-1.271799355745315552e-01
-1.567105352878570557e-01
-1.917147338390350342e-01
-1.423691660165786743e-01
-1.089512258768081665e-01
-4.062340036034584045e-02
-2.357681468129158020e-02
1.485053170472383499e-02
1.494329329580068588e-02
-4.375657439231872559e-02
-5.814534425735473633e-02
-3.963263705372810364e-02
-5.368393659591674805e-02
-3.416179120540618896e-02
-2.842147462069988251e-02
2.835540473461151123e-02
-9.409787133336067200e-03
-5.484589189291000366e-02
-8.850593864917755127e-02
-1.147586703300476074e-01
-1.090161874890327454e-01
-1.409450918436050415e-01
-1.069264411926269531e-01
-1.010511964559555054e-01
-1.064102128148078918e-01
-1.074157431721687317e-01
-1.147986948490142822e-01
-1.161388680338859558e-01
-1.276419013738632202e-01
-1.708618700504302979e-01
-2.025731205940246582e-01
-1.694312244653701782e-01
-1.197744682431221008e-01
-5.258862674236297607e-02
-1.492634136229753494e-02
2.427048236131668091e-02
-1.038470584899187088e-02
-2.463207393884658813e-02
-1.675349101424217224e-02
-4.394121840596199036e-02
-1.800805516541004181e-02
1.571068167686462402e-02
4.860522598028182983e-02
1.103246677666902542e-02
-2.340237051248550415e-02
-6.339207291603088379e-02
-1.002292856574058533e-01
-1.274388730525970459e-01
-1.680304408073425293e-01
-1.459869295358657837e-01
-1.052276194095611572e-01
-1.038026809692382812e-01
-1.049371585249900818e-01
-1.082829907536506653e-01
-1.075340583920478821e-01
-1.148232147097587585e-01
-1.340109407901763916e-01
-1.829539686441421509e-01
-2.098294198513031006e-01
-2.189646661281585693e-01
-1.236492395401000977e-01
-4.215461760759353638e-02
-1.800658553838729858e-02
3.516622120514512062e-03
-1.626855321228504181e-02
2.617554366588592529e-02
-5.482704378664493561e-03
4.449483007192611694e-03
-1.203659269958734512e-02
-1.958414353430271149e-02
1.434311270713806152e-02
3.728001192212104797e-02
-4.292184486985206604e-02
-8.207744359970092773e-02
-7.824378460645675659e-02
-1.211245283484458923e-01
-1.832845658063888550e-01
-1.464918106794357300e-01
-1.267760843038558960e-01
-1.111380532383918762e-01
-1.065689623355865479e-01
-1.042898297309875488e-01
-1.024589091539382935e-01
-1.118845492601394653e-01
-1.271218508481979370e-01
-1.565439850091934204e-01
-2.235513776540756226e-01
-1.983438134193420410e-01
-1.356197148561477661e-01
-6.206957250833511353e-02
1.086230669170618057e-02
-2.090453170239925385e-02
-1.516238972544670105e-02
8.448857814073562622e-03
-1.979487203061580658e-02
-2.920760773122310638e-02
-1.966040395200252533e-02
7.670771330595016479e-02
2.670217864215373993e-02
-6.141399964690208435e-03
-1.727173291146755219e-02
-7.758346945047378540e-02
-7.300361245870590210e-02
-9.777106344699859619e-02
-1.560192406177520752e-01
-1.587529182434082031e-01
-1.236972883343696594e-01
-1.121700853109359741e-01
-1.070679128170013428e-01
-1.063202619552612305e-01
-1.048805564641952515e-01
-1.060238555073738098e-01
-1.224441081285476685e-01
-1.675329357385635376e-01
-2.047803401947021484e-01
-1.560638248920440674e-01
-1.100670248270034790e-01
-3.342599421739578247e-02
-1.721235923469066620e-03
2.864917274564504623e-03
2.808199450373649597e-02
-4.232696816325187683e-02
-3.678221628069877625e-02
2.336854860186576843e-02
3.478914126753807068e-02
2.469149418175220490e-02
4.732996225357055664e-02
-2.763800509274005890e-02
-2.346921525895595551e-02
-5.103082582354545593e-02
-5.586760863661766052e-02
-1.335559338331222534e-01
-1.813172399997711182e-01
-1.736509948968887329e-01
-1.269826143980026245e-01
-1.160315945744514465e-01
-1.068119332194328308e-01
-1.067918613553047180e-01
-1.061618998646736145e-01
-1.083688884973526001e-01
-1.211085245013237000e-01
-1.794134378433227539e-01
-1.774543672800064087e-01
-1.509610414505004883e-01
-8.650563657283782959e-02
-9.131174534559249878e-02
-7.318243384361267090e-02
-2.727481722831726074e-02
3.453030483797192574e-03
1.544337021186947823e-03
-4.024715349078178406e-02
1.726460829377174377e-02
4.671893268823623657e-02
-3.985096700489521027e-03
-4.148160951444879174e-05
1.197327114641666412e-02
-9.772099554538726807e-03
-7.546279579401016235e-02
-7.723197340965270996e-02
-1.208792179822921753e-01
-1.935673505067825317e-01
-1.744636744260787964e-01
-1.360552757978439331e-01
-1.157664433121681213e-01
-1.033994928002357483e-01
-1.075311228632926941e-01
-1.055798232555389404e-01
-1.067327335476875305e-01
-1.329659521579742432e-01
-1.836539655923843384e-01
-2.091519534587860107e-01
-1.541768908500671387e-01
-9.362483024597167969e-02
-6.016885116696357727e-02
-3.613185510039329529e-02
-2.138510346412658691e-02
-2.337098121643066406e-02
1.196734141558408737e-02
-2.724670059978961945e-02
1.484749279916286469e-02
-3.241463378071784973e-02
1.400899607688188553e-02
3.132716193795204163e-02
-5.604292452335357666e-02
-7.487445138394832611e-03
-5.553913116455078125e-02
-8.292148262262344360e-02
-1.364099681377410889e-01
-1.668919920921325684e-01
-1.707650721073150635e-01
-1.514991521835327148e-01
-1.131046339869499207e-01
-1.062752380967140198e-01
-1.059370487928390503e-01
-1.055588126182556152e-01
-1.151043027639389038e-01
-1.296652704477310181e-01
-1.805135309696197510e-01
-1.862473040819168091e-01
-1.172145232558250427e-01
-5.809844285249710083e-02
-9.403020888566970825e-02
5.550496280193328857e-03
-3.511702269315719604e-02
-3.429686278104782104e-02
-3.976501058787107468e-03
3.604865074157714844e-02
-3.317354992032051086e-02
2.444944903254508972e-02
3.008733876049518585e-02
-6.358496844768524170e-03
3.739364072680473328e-02
-3.215077519416809082e-02
-7.300819456577301025e-02
-1.026711836457252502e-01
-1.437348723411560059e-01
-1.684959381818771362e-01
-1.480093002319335938e-01
-1.399341970682144165e-01
-1.154077723622322083e-01
-1.083752214908599854e-01
-1.050372570753097534e-01
-1.048677191138267517e-01
-1.166985109448432922e-01
-1.451901942491531372e-01
-1.783447563648223877e-01
-2.315741181373596191e-01
-1.244973391294479370e-01
-6.458860635757446289e-02
-2.521131932735443115e-02
-2.162232995033264160e-02
-2.965705096721649170e-02
-3.062696382403373718e-02
-2.872420661151409149e-02
-2.881094813346862793e-02
-1.802395097911357880e-02
-9.128234349191188812e-03
2.053088322281837463e-02
1.072733942419290543e-02
1.459192764014005661e-02
-8.346686512231826782e-02
-1.080894619226455688e-01
-9.513261914253234863e-02
-1.609831899404525757e-01
-1.729750335216522217e-01
-1.637474298477172852e-01
-1.303273886442184448e-01
-1.135950908064842224e-01
-1.061467230319976807e-01
-1.060228571295738220e-01
-1.089620068669319153e-01
-1.112734824419021606e-01
-1.376453936100006104e-01
-1.539691537618637085e-01
-1.906115412712097168e-01
-1.377416402101516724e-01
-7.406736910343170166e-02
-6.110806763172149658e-02
-3.692960739135742188e-02
4.909919574856758118e-03
-1.195520814508199692e-02
3.547888621687889099e-02
-1.804078230634331703e-03
3.961513563990592957e-02
-2.585178799927234650e-02
-4.529293160885572433e-03
-5.083546042442321777e-02
-1.414702646434307098e-02
-8.139800280332565308e-02
-9.743028879165649414e-02
-1.379808038473129272e-01
-1.862151771783828735e-01
-1.581495404243469238e-01
-1.719316244125366211e-01
-1.116145253181457520e-01
-1.109747067093849182e-01
-1.036992594599723816e-01
-1.061335057020187378e-01
-1.031433939933776855e-01
-1.109861582517623901e-01
-1.381900012493133545e-01
-1.724125891923904419e-01
-1.867929846048355103e-01
-1.525987088680267334e-01
-1.384738385677337646e-01
-5.141556262969970703e-02
-2.163159847259521484e-02
-1.377792377024888992e-02
1.186860911548137665e-02
1.408745627850294113e-02
2.689862390980124474e-03
2.272128127515316010e-02
-9.671955369412899017e-03
-2.751943469047546387e-02
-1.728963665664196014e-02
-4.591630771756172180e-02
-9.119007736444473267e-02
-1.189132854342460632e-01
-2.012560516595840454e-01
-1.827817261219024658e-01
-1.612443923950195312e-01
-1.154916658997535706e-01
-1.080090701580047607e-01
-1.066671535372734070e-01
-1.063546389341354370e-01
-1.063867807388305664e-01
-1.050692647695541382e-01
-1.128040254116058350e-01
-1.301031708717346191e-01
-1.407375484704971313e-01
-1.386763751506805420e-01
-1.530266851186752319e-01
-1.131410449743270874e-01
-8.460309356451034546e-02
-2.076081931591033936e-02
-2.875166013836860657e-02
-3.070559725165367126e-02
4.429370164871215820e-04
-1.174116879701614380e-02
-1.132130436599254608e-02
1.903320662677288055e-02
3.941655158996582031e-03
-4.236576706171035767e-02
-5.958144366741180420e-02
-1.308037489652633667e-01
-1.651473641395568848e-01
-1.696853935718536377e-01
-1.530316323041915894e-01
-1.431675851345062256e-01
-1.173469349741935730e-01
-1.056356430053710938e-01
-1.026485338807106018e-01
-1.076902747154235840e-01
-1.064507365226745605e-01
-1.075715720653533936e-01
-1.100739687681198120e-01
-1.097835451364517212e-01
-1.321395486593246460e-01
-1.437827497720718384e-01
-1.054230406880378723e-01
-7.576641440391540527e-02
-4.808400198817253113e-02
1.803722232580184937e-02
-2.134761214256286621e-02
2.304963022470474243e-02
1.791457086801528931e-02
3.798128291964530945e-02
2.502898219972848892e-03
1.872457377612590790e-02
1.148461084812879562e-02
-2.829065732657909393e-02
-8.973179757595062256e-02
-1.716848611831665039e-01
-1.555745750665664673e-01
-1.453745365142822266e-01
-1.406027972698211670e-01
-1.233480870723724365e-01
-1.100964695215225220e-01
-9.937983751296997070e-02
-1.023053154349327087e-01
-1.069987863302230835e-01
-1.063777431845664978e-01
-1.070432066917419434e-01
-1.037747636437416077e-01
-1.078421622514724731e-01
-1.156376004219055176e-01
-1.155829057097434998e-01
-1.174518913030624390e-01
-8.271861076354980469e-02
-4.241935163736343384e-02
-4.592333734035491943e-02
-3.239037469029426575e-02
-1.635842211544513702e-02
-3.014718741178512573e-02
-2.582393772900104523e-02
-4.653705283999443054e-02
-5.939966067671775818e-02
-6.149396672844886780e-02
-9.777809679508209229e-02
-1.321797966957092285e-01
-1.468502581119537354e-01
-1.490017771720886230e-01
-1.352092623710632324e-01
-1.249819025397300720e-01
-1.079391986131668091e-01
-1.113387122750282288e-01
-1.038560941815376282e-01
-1.061495244503021240e-01
-1.060962006449699402e-01
-1.071167066693305969e-01
-1.064463928341865540e-01
-1.070790812373161316e-01
-1.061682403087615967e-01
-1.143661364912986755e-01
-1.170216426253318787e-01
-1.234368905425071716e-01
-1.133057698607444763e-01
-1.301724314689636230e-01
-1.516007184982299805e-01
-1.328731328248977661e-01
-1.259514987468719482e-01
-1.274773180484771729e-01
-1.613474935293197632e-01
-1.434000879526138306e-01
-1.073301061987876892e-01
-1.529709845781326294e-01
-1.566925197839736938e-01
-1.444385796785354614e-01
-1.480515301227569580e-01
-1.441423743963241577e-01
-1.292200833559036255e-01
-1.208177655935287476e-01
-1.122306361794471741e-01
-1.052355617284774780e-01
-1.058380454778671265e-01
-1.068908348679542542e-01
-1.064842939376831055e-01
-1.082347929477691650e-01
-1.065366491675376892e-01
-1.073058992624282837e-01
-1.078300327062606812e-01
-1.088036969304084778e-01
-1.159291118383407593e-01
-1.055113002657890320e-01
-1.160027235746383667e-01
-1.210428625345230103e-01
-1.246081516146659851e-01
-1.060651317238807678e-01
-1.235448569059371948e-01
-1.248574331402778625e-01
-1.223115473985671997e-01
-1.087394282221794128e-01
-1.258948147296905518e-01
-1.456883698701858521e-01
-1.438640505075454712e-01
-1.395476162433624268e-01
-1.386269629001617432e-01
-1.303222626447677612e-01
-1.200966536998748779e-01
-1.140201836824417114e-01
-1.004781574010848999e-01
-1.056877896189689636e-01
-1.069343388080596924e-01
-1.066073104739189148e-01
-1.055759266018867493e-01
-1.094684973359107971e-01
-1.064646169543266296e-01
-1.059930697083473206e-01
-1.061544120311737061e-01
-1.063741073012351990e-01
-1.009333506226539612e-01
-1.081402003765106201e-01
-1.146545112133026123e-01
-1.144546344876289368e-01
-1.213311478495597839e-01
-1.199168786406517029e-01
-1.135142743587493896e-01
-1.165574043989181519e-01
-1.141432076692581177e-01
-1.300885230302810669e-01
-1.271922886371612549e-01
-1.303093731403350830e-01
-1.221943050622940063e-01
-1.188839450478553772e-01
-1.166351661086082458e-01
-1.110451743006706238e-01
-1.052188053727149963e-01
-1.053377538919448853e-01
-1.077522411942481995e-01
-1.080072298645973206e-01
-1.058231219649314880e-01
-1.070378422737121582e-01
-1.085686758160591125e-01
