-3.551966845989227295e-01
-6.787969917058944702e-02
-1.138872932642698288e-02
-2.848750166594982147e-02
1.184678152203559875e-01
-6.308984756469726562e-02
-2.829323988407850266e-03
-3.778228908777236938e-02
-1.209134384989738464e-01
-1.134118884801864624e-01
-2.208754271268844604e-01
-3.208677172660827637e-01
-6.794074177742004395e-02
-3.048807568848133087e-02
-2.878214605152606964e-02
-1.032965332269668579e-01
-3.157666325569152832e-01
-1.021373346447944641e-01
-1.040761470794677734e-01
3.192407637834548950e-02
-8.226343244314193726e-02
-1.315744817256927490e-01
7.795350998640060425e-02
-2.780263721942901611e-01
-2.056280337274074554e-02
-1.712959855794906616e-01
5.206010863184928894e-02
-2.677061557769775391e-01
-8.006745576858520508e-02
-2.222035080194473267e-01
-2.576657831668853760e-01
-2.377744019031524658e-02
-9.326649457216262817e-02
-1.271945685148239136e-01
-1.042068228125572205e-01
-1.365720778703689575e-01
-1.049036234617233276e-01
4.824486002326011658e-02
-1.309678703546524048e-01
-1.511955559253692627e-01
-9.050311148166656494e-02
2.155011170543730259e-04
-6.529726088047027588e-02
-1.638057678937911987e-01
-7.668048143386840820e-02
7.100054621696472168e-02
1.762914843857288361e-02
-4.014655351638793945e-01
-2.116119563579559326e-01
-1.132212728261947632e-01
-4.710269346833229065e-02
-2.480969391763210297e-02
-2.540976405143737793e-01
-1.138694062829017639e-01
-2.325990647077560425e-01
-1.161834672093391418e-01
6.026457548141479492e-01
-1.367634981870651245e-01
-2.936092019081115723e-02
3.230603411793708801e-02
-2.389701008796691895e-01
-7.130821049213409424e-02
-1.933547556400299072e-01
-1.168802455067634583e-01
-4.508497193455696106e-02
-1.865105181932449341e-01
-1.168952956795692444e-01
-1.040717810392379761e-01
-1.370695605874061584e-02
-1.292836517095565796e-01
-1.690091490745544434e-01
-1.786234974861145020e-01
-2.305681109428405762e-01
-2.502736449241638184e-01
3.170335590839385986e-01
-5.128273367881774902e-02
1.537888944149017334e-01
2.346599660813808441e-02
1.562749147415161133e+00
-4.876227080821990967e-01
4.848984628915786743e-02
-1.138319224119186401e-01
-4.172159731388092041e-02
-1.854724138975143433e-01
-8.857320249080657959e-02
-1.667262017726898193e-01
-1.312270015478134155e-01
-2.604040801525115967e-01
1.294370926916599274e-02
-1.477258801460266113e-01
-3.884457051753997803e-01
-3.682784736156463623e-01
-2.136468589305877686e-01
-1.569687128067016602e-01
7.526784390211105347e-02
-5.295545607805252075e-02
-2.603114843368530273e-01
2.668631076812744141e-02
-2.449361830949783325e-01
9.314091503620147705e-02
-5.964217334985733032e-02
-1.453722566366195679e-01
8.174995891749858856e-03
-1.728586554527282715e-01
-4.937159828841686249e-03
-1.212504133582115173e-01
-2.233570218086242676e-01
-5.511402711272239685e-02
-1.268778592348098755e-01
-3.027598373591899872e-03
-1.135071516036987305e-01
-1.880298256874084473e-01
-1.235059648752212524e-01
-1.432310342788696289e-01
-1.235761195421218872e-01
-1.208398193120956421e-01
-1.674037985503673553e-02
1.093891710042953491e-01
5.299012176692485809e-03
-1.470859497785568237e-01
-1.630019247531890869e-01
-7.436925917863845825e-02
-1.644839942455291748e-01
-1.202224195003509521e-01
2.393604218959808350e-01
-1.675816327333450317e-01
-4.359045252203941345e-02
-3.424788415431976318e-01
-4.947643578052520752e-01
-1.533918678760528564e-01
-6.809560954570770264e-02
-2.360572218894958496e-01
-2.060011923313140869e-01
-1.513752937316894531e-01
-2.570387125015258789e-01
3.160018008202314377e-03
-4.885226115584373474e-02
-1.904954910278320312e-01
-2.201783657073974609e-01
-3.239695727825164795e-01
-8.893647231161594391e-03
-2.168254107236862183e-01
-1.016350388526916504e-01
8.437076807022094727e-01
-1.126852408051490784e-01
-3.836670145392417908e-02
-4.405768960714340210e-02
-1.064926460385322571e-01
-1.633047461509704590e-01
-7.464164402335882187e-03
-1.124342456459999084e-01
-2.070925980806350708e-01
-7.636514306068420410e-02
7.794848084449768066e-02
-2.392260134220123291e-01
-1.685530543327331543e-01
-1.358810216188430786e-01
-6.806786358356475830e-02
-7.332772016525268555e-02
-4.856369495391845703e-01
-2.521242499351501465e-01
-5.701592564582824707e-02
8.689186573028564453e-01
4.352035373449325562e-02
-1.040986254811286926e-01
4.988534003496170044e-02
-1.236158460378646851e-01
-3.340302035212516785e-02
-1.606982052326202393e-01
-1.263065636157989502e-01
-1.036308854818344116e-01
-1.262486726045608521e-01
-1.017223820090293884e-01
-6.272625923156738281e-02
-2.415533214807510376e-01
-6.120242178440093994e-02
-1.122875437140464783e-01
-7.791293412446975708e-02
1.080487947911024094e-02
-1.639526933431625366e-01
-8.159748278558254242e-03
-2.104353532195091248e-02
-1.619472950696945190e-01
-1.176915541291236877e-01
-3.449838161468505859e-01
-4.286367818713188171e-02
-3.055667579174041748e-01
-2.439478486776351929e-01
-1.059543862938880920e-01
-2.837929427623748779e-01
-2.649968490004539490e-02
-8.897697180509567261e-02
-1.220019534230232239e-01
-2.302174270153045654e-01
-1.636452972888946533e-01
-2.890214510262012482e-02
-1.412871181964874268e-01
-1.114085838198661804e-01
-2.508859038352966309e-01
1.601461172103881836e-01
-1.250040382146835327e-01
-4.152178764343261719e-02
1.875614970922470093e-01
-1.060564592480659485e-01
7.922279089689254761e-02
3.033208549022674561e-01
1.179586052894592285e+00
-1.789938062429428101e-01
-2.256841771304607391e-02
-3.745238482952117920e-02
7.705536484718322754e-02
-2.865466773509979248e-01
-3.447439894080162048e-02
-7.893343567848205566e-01
-1.922475248575210571e-01
-7.647437602281570435e-02
-2.991136610507965088e-01
-2.477279305458068848e-01
-6.828435510396957397e-02
-2.144358754158020020e-01
-7.932664453983306885e-02
-1.046847701072692871e-01
-8.839216828346252441e-02
-7.482214365154504776e-03
-1.172908991575241089e-01
-9.853667765855789185e-02
-1.260004788637161255e-01
-4.769405424594879150e-01
-2.394412085413932800e-02
-1.639987677335739136e-01
-5.933183431625366211e-01
-1.058136522769927979e-01
-9.161022305488586426e-02
-1.798013746738433838e-01
-2.434057742357254028e-01
6.184000372886657715e-01
-1.637150347232818604e-02
-1.077839881181716919e-01
-5.145999789237976074e-01
-3.830262422561645508e-01
-7.017466425895690918e-02
-4.240563884377479553e-02
-2.385059297084808350e-01
4.151103273034095764e-02
-1.203694567084312439e-01
-8.640611171722412109e-02
-1.283083558082580566e-01
-1.593469083309173584e-01
-2.725712954998016357e-01
3.578918753191828728e-03
-2.462456971406936646e-01
5.779065657407045364e-03
-4.212174564599990845e-02
5.845527723431587219e-02
5.546907782554626465e-01
-2.712222635746002197e-01
-1.851674020290374756e-01
-1.287481039762496948e-01
-3.950082883238792419e-02
-7.694124430418014526e-02
2.686165571212768555e-01
-1.132004037499427795e-01
3.036141097545623779e-01
-3.820317611098289490e-02
-2.376721799373626709e-01
-1.273062452673912048e-02
-2.078939378261566162e-01
-1.058141067624092102e-01
-1.989222168922424316e-01
-9.470275044441223145e-02
-1.054321601986885071e-01
-1.933660358190536499e-01
-5.396705493330955505e-02
-4.088495299220085144e-02
2.998028993606567383e-01
6.464191526174545288e-02
1.238101050257682800e-01
4.482103884220123291e-02
4.326511546969413757e-02
-2.641887068748474121e-01
-1.325829178094863892e-01
-2.190951406955718994e-01
-2.256491631269454956e-01
-5.598237738013267517e-02
-1.954420059919357300e-01
-1.861363835632801056e-02
1.150005012750625610e-01
2.687925286591053009e-02
-6.225433945655822754e-01
-3.095366358757019043e-01
-5.006371438503265381e-02
-2.314030379056930542e-01
-2.414569407701492310e-01
-2.074390351772308350e-01
1.403336524963378906e-01
4.534452855587005615e-01
4.185803234577178955e-02
-7.587686181068420410e-02
-5.572587996721267700e-02
2.723823417909443378e-04
6.572731584310531616e-02
-2.276217937469482422e-01
-2.119604051113128662e-01
-1.186251789331436157e-01
-3.481117486953735352e-01
-6.604889780282974243e-02
-7.842374965548515320e-03
-3.983546793460845947e-02
-2.245154231786727905e-02
-7.892480120062828064e-03
-6.075513362884521484e-02
8.607712574303150177e-03
-7.380917668342590332e-01
-5.602571964263916016e-01
1.171175241470336914e-01
-1.250595301389694214e-01
-3.612711727619171143e-01
-2.125378996133804321e-01
-1.073098480701446533e-01
-1.737598031759262085e-01
-1.457416117191314697e-01
-9.142008423805236816e-02
-1.091258153319358826e-01
-1.405462324619293213e-01
-1.604526638984680176e+00
-7.284764200448989868e-02
4.056452214717864990e-02
-1.564324945211410522e-01
-1.715140193700790405e-01
-3.343079239130020142e-02
-8.889358490705490112e-02
-1.625536680221557617e-01
-3.035066090524196625e-02
-1.921130716800689697e-01
-2.337089627981185913e-01
-6.534168869256973267e-02
-1.675509512424468994e-01
2.214287780225276947e-02
2.225642353296279907e-01
-2.106590569019317627e-01
-5.314872413873672485e-02
-1.477992832660675049e-01
-2.884614765644073486e-01
-1.807020008563995361e-01
-1.297116428613662720e-01
6.323225051164627075e-02
-4.709092378616333008e-01
-2.760723233222961426e-01
-7.160250842571258545e-02
1.724614202976226807e-02
-2.326747924089431763e-01
-3.355008549988269806e-03
-2.347305715084075928e-01
3.379721939563751221e-01
-2.533657941967248917e-03
-2.780610620975494385e-01
-1.962808519601821899e-01
-1.980918794870376587e-01
2.193121053278446198e-02
-1.145993918180465698e-01
-7.608216721564531326e-03
-2.999876439571380615e-01
-1.793810725212097168e-01
-8.502228185534477234e-03
-3.891099095344543457e-01
-6.039940193295478821e-02
1.000840682536363602e-02
-8.600944280624389648e-01
-4.206997156143188477e-01
8.337812125682830811e-02
2.510713599622249603e-02
-5.680771544575691223e-02
-9.298962354660034180e-02
-1.617781817913055420e-01
-1.462873667478561401e-01
3.163302838802337646e-01
-2.486529052257537842e-01
-9.090677499771118164e-01
-1.001457273960113525e-01
-1.031570211052894592e-01
-9.013798832893371582e-02
-1.909027099609375000e-01
-4.367546439170837402e-01
2.505206502974033356e-02
-2.123350352048873901e-01
-2.961539030075073242e-01
5.170895159244537354e-02
-2.092304825782775879e-02
-2.619785070419311523e-01
-5.144304409623146057e-02
1.083567738533020020e-01
-6.414975039660930634e-03
-1.515658199787139893e-01
-1.681791692972183228e-01
8.694031834602355957e-02
-5.594396032392978668e-03
-2.085242718458175659e-01
-2.507506608963012695e-01
-1.558231562376022339e-01
-2.665410749614238739e-02
