7.087920308113098145e-01
3.892469406127929688e-02
6.922899484634399414e-01
6.449574232101440430e-01
1.833391785621643066e-01
-1.574906855821609497e-01
6.982212662696838379e-01
7.330638766288757324e-01
7.052695155143737793e-01
6.314226388931274414e-01
6.542786359786987305e-01
6.785371303558349609e-01
5.876725316047668457e-01
2.468467950820922852e-01
6.940101385116577148e-01
6.497228741645812988e-01
5.148295760154724121e-01
6.767862439155578613e-01
2.157168835401535034e-01
6.689225435256958008e-01
5.332059264183044434e-01
6.671268343925476074e-01
1.456010937690734863e-01
2.842261269688606262e-02
6.647081375122070312e-01
6.841713190078735352e-01
6.370977759361267090e-01
6.470305919647216797e-01
7.245335578918457031e-01
6.776562929153442383e-01
6.670144200325012207e-01
1.572043150663375854e-01
2.855229675769805908e-01
1.085051670670509338e-01
6.627880334854125977e-01
6.287100911140441895e-01
7.176905870437622070e-01
6.147555708885192871e-01
6.839166283607482910e-01
5.685861706733703613e-01
6.700488328933715820e-01
3.498986363410949707e-01
6.480069756507873535e-01
6.777509450912475586e-01
6.672493815422058105e-01
-5.281691253185272217e-02
1.018361747264862061e-01
5.693376660346984863e-01
2.429012022912502289e-02
6.557776331901550293e-01
6.075758337974548340e-01
5.697140097618103027e-01
1.693256795406341553e-01
5.462849140167236328e-01
6.709135770797729492e-01
6.256342530250549316e-01
6.083930730819702148e-01
7.064535021781921387e-01
6.999669671058654785e-01
6.466169953346252441e-01
3.322116434574127197e-01
5.339148640632629395e-01
7.310261130332946777e-01
7.277803421020507812e-01
2.417806982994079590e-01
6.431032419204711914e-01
3.693340718746185303e-01
2.009076178073883057e-01
6.984117627143859863e-01
6.801940798759460449e-01
2.838949859142303467e-01
6.961894035339355469e-01
7.279356122016906738e-01
6.074213385581970215e-01
5.515867471694946289e-01
6.426368951797485352e-01
7.304579615592956543e-01
6.890125870704650879e-01
6.810058951377868652e-01
6.792577505111694336e-01
6.084215044975280762e-01
6.722948551177978516e-01
6.372861266136169434e-01
6.649626493453979492e-01
6.822934150695800781e-01
7.255383729934692383e-01
7.212977856397628784e-02
3.409123122692108154e-01
6.815147995948791504e-01
2.860486805438995361e-01
4.199299514293670654e-01
-2.806140854954719543e-02
6.751890778541564941e-01
7.585377097129821777e-01
6.182048320770263672e-01
6.647595763206481934e-01
-7.485051453113555908e-02
7.362696528434753418e-01
7.061416506767272949e-01
6.752558350563049316e-01
7.199105620384216309e-01
6.964164376258850098e-01
6.655283570289611816e-01
2.659585177898406982e-01
1.001220867037773132e-01
6.761108636856079102e-01
6.932662129402160645e-01
6.881184577941894531e-01
6.163852810859680176e-01
7.087841033935546875e-01
6.213492751121520996e-01
1.255087647587060928e-02
7.338111996650695801e-01
-1.021907925605773926e-01
7.008807063102722168e-01
-2.231184840202331543e-01
6.750322580337524414e-01
2.139389663934707642e-01
1.439377814531326294e-01
6.722061634063720703e-01
3.893125057220458984e-02
6.763203144073486328e-01
5.644630193710327148e-01
6.775864958763122559e-01
2.136595547199249268e-01
1.058688312768936157e-01
3.823691010475158691e-01
6.631633639335632324e-01
6.509831547737121582e-01
6.667790412902832031e-01
6.751928925514221191e-01
2.782608568668365479e-01
4.577590525150299072e-02
6.066109538078308105e-01
6.096263527870178223e-01
6.640485525131225586e-01
6.626710891723632812e-01
1.059655845165252686e-01
2.912677824497222900e-01
5.694865584373474121e-01
6.703143715858459473e-01
6.488875746726989746e-01
7.135554552078247070e-01
7.275804281234741211e-01
7.159705162048339844e-01
2.950548231601715088e-01
6.688801050186157227e-01
4.091560542583465576e-01
6.932237148284912109e-01
1.756791025400161743e-01
8.091981709003448486e-02
7.491449117660522461e-01
6.764558553695678711e-01
6.434684395790100098e-01
7.001186013221740723e-01
7.167167067527770996e-01
6.514684557914733887e-01
6.627210974693298340e-01
6.583077907562255859e-01
-1.193565665744245052e-03
6.477224230766296387e-01
-2.841767370700836182e-01
2.106927931308746338e-01
5.747435092926025391e-01
6.420728564262390137e-01
6.858472228050231934e-01
-6.386076658964157104e-02
6.587703227996826172e-01
4.948795735836029053e-01
3.748015761375427246e-01
7.202689051628112793e-01
4.375840127468109131e-01
7.154127955436706543e-01
4.286426603794097900e-01
7.506355643272399902e-01
5.869265198707580566e-01
-1.969935372471809387e-02
2.727323770523071289e-01
6.443879604339599609e-01
1.293830573558807373e-01
6.628699898719787598e-01
6.796981692314147949e-01
7.133097052574157715e-01
3.331649899482727051e-01
6.582884192466735840e-01
6.857536435127258301e-01
6.542406082153320312e-01
1.580912023782730103e-01
6.516793370246887207e-01
6.934081912040710449e-01
2.364809066057205200e-01
5.719172954559326172e-01
6.405420303344726562e-01
6.406787037849426270e-01
6.750962734222412109e-01
7.301269173622131348e-01
7.190150022506713867e-01
6.932842135429382324e-01
1.035321727395057678e-01
3.496727943420410156e-01
9.083551913499832153e-02
7.530347257852554321e-02
2.258761227130889893e-01
6.642108559608459473e-01
5.564225316047668457e-01
5.357652902603149414e-02
3.203692659735679626e-02
6.743582487106323242e-01
6.217545866966247559e-01
6.868177652359008789e-01
7.112354040145874023e-02
7.381472587585449219e-01
5.489866733551025391e-01
6.985492110252380371e-01
4.453415870666503906e-01
2.927003800868988037e-01
-8.186613023281097412e-02
6.974646449089050293e-01
6.439838409423828125e-01
6.883175969123840332e-01
5.605262517929077148e-01
1.601750850677490234e-01
6.161050200462341309e-01
6.777229905128479004e-01
5.765262246131896973e-01
6.118499636650085449e-01
6.547480225563049316e-01
6.743497252464294434e-01
6.615689992904663086e-01
2.694826126098632812e-01
1.200798526406288147e-01
7.239904403686523438e-01
3.815286159515380859e-01
1.861776411533355713e-01
-1.115425750613212585e-01
6.949129104614257812e-01
1.038858890533447266e-01
7.045658826828002930e-01
2.528687566518783569e-02
6.091516017913818359e-01
2.057729512453079224e-01
7.261679172515869141e-01
8.681572228670120239e-02
4.000324010848999023e-01
7.060632705688476562e-01
5.638877153396606445e-01
7.062018513679504395e-01
7.020795941352844238e-01
6.432946920394897461e-01
5.710444450378417969e-01
6.763625741004943848e-01
7.105514407157897949e-01
6.745402216911315918e-01
7.291581630706787109e-01
6.284242868423461914e-01
6.616817116737365723e-01
6.806856393814086914e-01
4.077119752764701843e-02
7.022207975387573242e-01
6.048279404640197754e-01
3.046237826347351074e-01
7.066653370857238770e-01
6.262596845626831055e-01
1.931990981101989746e-01
6.661189794540405273e-01
6.730039715766906738e-01
7.243705987930297852e-01
6.437692046165466309e-01
5.328344702720642090e-01
6.717785596847534180e-01
7.070094943046569824e-01
6.800380349159240723e-01
6.746009588241577148e-01
6.330621838569641113e-01
6.956331729888916016e-01
6.517961025238037109e-01
6.878184676170349121e-01
-2.665131166577339172e-02
6.949199438095092773e-01
3.198560774326324463e-01
7.201555371284484863e-01
5.953276753425598145e-01
5.910921096801757812e-01
7.028793096542358398e-01
6.670017838478088379e-01
4.226254820823669434e-01
4.589414298534393311e-01
7.096292972564697266e-01
1.075225844979286194e-01
6.367514729499816895e-01
6.372652053833007812e-01
6.824315991252660751e-03
4.579664170742034912e-01
6.300187706947326660e-01
7.261223793029785156e-01
5.886534452438354492e-01
6.681433916091918945e-01
5.005015730857849121e-01
6.302402019500732422e-01
6.759934425354003906e-01
6.612715125083923340e-01
3.849126398563385010e-01
6.945937871932983398e-01
7.084796428680419922e-01
7.375355958938598633e-01
7.337469458580017090e-01
-1.651025712490081787e-01
3.800408840179443359e-01
6.488268375396728516e-01
6.651412248611450195e-01
6.482481360435485840e-01
4.827250838279724121e-01
6.754363775253295898e-01
6.352356672286987305e-01
6.158866882324218750e-01
3.069192767143249512e-01
6.631125211715698242e-01
2.552530467510223389e-01
6.894859671592712402e-01
7.202943563461303711e-01
6.860228776931762695e-01
6.608694791793823242e-01
4.170179069042205811e-01
3.152992427349090576e-01
6.413589119911193848e-01
6.699162721633911133e-01
1.540773361921310425e-01
6.264255642890930176e-01
5.767895579338073730e-01
6.830409765243530273e-01
1.624779850244522095e-01
6.301891803741455078e-01
6.756094694137573242e-01
7.078647017478942871e-01
5.723649263381958008e-01
6.623678207397460938e-01
-6.400219351053237915e-02
6.786941289901733398e-01
6.106716394424438477e-01
7.152583599090576172e-01
7.040531635284423828e-01
6.423943638801574707e-01
-5.514000728726387024e-02
6.841818094253540039e-01
6.709343791007995605e-01
6.844936609268188477e-01
5.290499329566955566e-01
6.204224824905395508e-01
5.537507534027099609e-01
6.995471715927124023e-01
6.827309727668762207e-01
6.316727995872497559e-01
6.148586273193359375e-01
7.018318772315979004e-01
6.826501488685607910e-01
6.863662004470825195e-01
6.923382282257080078e-01
-1.245675161480903625e-01
6.565129756927490234e-01
6.358553767204284668e-01
1.942838281393051147e-01
6.907323598861694336e-01
2.741251699626445770e-02
6.573333144187927246e-01
6.677901148796081543e-01
7.183841466903686523e-01
6.707511544227600098e-01
6.700462102890014648e-01
6.849859952926635742e-01
6.759596467018127441e-01
5.859800577163696289e-01
-1.312394589185714722e-01
7.134430408477783203e-01
6.118091940879821777e-01
1.137980818748474121e-02
5.611462593078613281e-01
6.977509260177612305e-01
3.414890468120574951e-01
1.024751514196395874e-01
6.626946330070495605e-01
3.500448465347290039e-01
5.750149488449096680e-01
6.813649535179138184e-01
6.421269178390502930e-01
-9.858936816453933716e-02
6.833479404449462891e-01
6.985642313957214355e-01
-9.614078700542449951e-02
6.789454221725463867e-01
6.543605923652648926e-01
6.379508376121520996e-01
7.113431692123413086e-01
6.317102313041687012e-01
6.584427952766418457e-01
6.956201195716857910e-01
6.648028492927551270e-01
4.527408778667449951e-01
4.475891590118408203e-01
-1.024199724197387695e-01
6.556454896926879883e-01
6.155093908309936523e-01
-1.225763186812400818e-01
6.897193193435668945e-01
6.771045327186584473e-01
7.172738909721374512e-01
7.090840935707092285e-01
6.474047899246215820e-01
1.928650587797164917e-01
7.142962217330932617e-01
7.047449350357055664e-01
7.250320315361022949e-01
6.293339133262634277e-01
6.667147874832153320e-01
6.989989280700683594e-01
4.216034114360809326e-01
6.596236228942871094e-01
3.592404127120971680e-01
6.351493597030639648e-01
6.764786839485168457e-01
6.797870397567749023e-01
4.988609552383422852e-01
5.721723660826683044e-02
6.308057904243469238e-01
6.625595092773437500e-01
-2.543207406997680664e-01
6.788089275360107422e-01
7.093656063079833984e-01
6.747410297393798828e-01
6.712899208068847656e-01
6.131160855293273926e-01
7.172060608863830566e-01
6.854233741760253906e-01
1.705133616924285889e-01
-1.294288337230682373e-01
6.913232207298278809e-01
6.708669066429138184e-01
7.310550212860107422e-01
2.901159226894378662e-01
3.284155726432800293e-01
6.158299446105957031e-01
4.733262658119201660e-01
7.422035336494445801e-01
3.309700191020965576e-01
3.272767663002014160e-01
6.405741572380065918e-01
3.004361987113952637e-01
5.926921963691711426e-01
6.698046922683715820e-01
6.208834052085876465e-01
6.906650066375732422e-01
6.659581065177917480e-01
2.613531351089477539e-01
-6.520600616931915283e-02
6.448976397514343262e-01
2.232996970415115356e-01
6.368314027786254883e-01
7.152902483940124512e-01
7.139667868614196777e-01
6.196266412734985352e-01
5.721870064735412598e-01
3.098829686641693115e-01
6.713492870330810547e-01
6.468485593795776367e-01
5.401913076639175415e-02
2.680932581424713135e-01
6.303637623786926270e-01
6.965014338493347168e-01
6.335145235061645508e-01
7.804498076438903809e-02
-2.102109491825103760e-01
6.607475876808166504e-01
6.210523843765258789e-01
6.487119793891906738e-01
6.544023752212524414e-01
6.196795701980590820e-01
2.608405351638793945e-01
6.478528380393981934e-01
6.946472525596618652e-01
6.443365216255187988e-01
6.147424578666687012e-01
6.176404953002929688e-01
7.304980158805847168e-01
7.227468490600585938e-01
6.184821128845214844e-01
