-1.745454594492912292e-02
-1.609090715646743774e-02
-1.718181744217872620e-02
-1.630908995866775513e-02
-1.605454646050930023e-02
-1.678181812167167664e-02
-1.625454425811767578e-02
-1.589090749621391296e-02
-1.560000237077474594e-02
-1.658181846141815186e-02
-1.712727360427379608e-02
-1.685454323887825012e-02
-1.631828956305980682e-02
-1.616648957133293152e-02
-1.645732671022415161e-02
-1.679935678839683533e-02
-1.636363752186298370e-02
-1.640000008046627045e-02
-1.707272604107856750e-02
-1.690909266471862793e-02
-1.658181846141815186e-02
-1.694545336067676544e-02
-1.750909164547920227e-02
-1.710909418761730194e-02
-1.672727055847644806e-02
-1.689090766012668610e-02
-1.678181812167167664e-02
-1.654545404016971588e-02
-1.618181914091110229e-02
-1.663636043667793274e-02
-1.696363463997840881e-02
-1.680000126361846924e-02
-1.694431155920028687e-02
-1.601426117122173309e-02
-1.591180078685283661e-02
-1.626460067927837372e-02
-1.648214086890220642e-02
-1.737126521766185760e-02
-1.679479330778121948e-02
-1.649105362594127655e-02
-1.676021330058574677e-02
-1.596513390541076660e-02
-1.694274693727493286e-02
-1.720848493278026581e-02
-1.701261848211288452e-02
-1.755294203758239746e-02
-1.665518805384635925e-02
-1.761390455067157745e-02
-1.742595247924327850e-02
-1.740078628063201904e-02
-1.684955507516860962e-02
-1.613033749163150787e-02
-1.634545624256134033e-02
-1.703636348247528076e-02
-1.694545149803161621e-02
-1.681818254292011261e-02
-1.770909130573272705e-02
-1.689090952277183533e-02
-1.670452952384948730e-02
-1.665247604250907898e-02
-1.693939417600631714e-02
-1.639572158455848694e-02
-1.690773665904998779e-02
-1.644748821854591370e-02
-1.657910645008087158e-02
-1.566417329013347626e-02
-1.613996364176273346e-02
-1.583864353597164154e-02
-1.701796613633632660e-02
-1.848962530493736267e-02
-2.128834091126918793e-02
-2.216363511979579926e-02
-2.125775441527366638e-02
-2.015735954046249390e-02
-1.849761046469211578e-02
-1.779878698289394379e-02
-1.692000031471252441e-02
-1.764185354113578796e-02
-1.743693277239799500e-02
-1.660399325191974640e-02
-1.669276133179664612e-02
-1.679550670087337494e-02
-1.700000092387199402e-02
-1.736363768577575684e-02
-1.730909384787082672e-02
-1.709090918302536011e-02
-1.737098023295402527e-02
-1.687408052384853363e-02
-1.715828664600849152e-02
-1.693732850253582001e-02
-1.664128527045249939e-02
-1.595743559300899506e-02
-1.552242413163185120e-02
-1.606174558401107788e-02
-1.768256537616252899e-02
-2.021568268537521362e-02
-2.097568847239017487e-02
-2.276506088674068451e-02
-2.347065880894660950e-02
-2.190623804926872253e-02
-2.167835831642150879e-02
-2.066623978316783905e-02
-1.941019482910633087e-02
-1.889326050877571106e-02
-1.965711079537868500e-02
-1.814609579741954803e-02
-1.614474132657051086e-02
-1.531066093593835831e-02
-1.587279886007308960e-02
-1.612071320414543152e-02
-1.736984029412269592e-02
-1.696363836526870728e-02
-1.709090918302536011e-02
-1.690638251602649689e-02
-1.647885702550411224e-02
-1.624392159283161163e-02
-1.702751964330673218e-02
-1.610010676085948944e-02
-1.571080088615417480e-02
-1.639436744153499603e-02
-1.769775152206420898e-02
-1.862195879220962524e-02
-2.047978341579437256e-02
-2.041582390666007996e-02
-2.177282981574535370e-02
-2.505796588957309723e-02
-2.415527775883674622e-02
-2.185374312102794647e-02
-2.085531502962112427e-02
-1.709738560020923615e-02
-1.553590130060911179e-02
-1.511065289378166199e-02
-1.784748025238513947e-02
-1.917946524918079376e-02
-1.836827211081981659e-02
-1.596185378730297089e-02
-1.575615070760250092e-02
-1.616549305617809296e-02
-1.648320816457271576e-02
-1.588221080601215363e-02
-1.652726903557777405e-02
-1.752727292478084564e-02
-1.714973524212837219e-02
-1.656470634043216705e-02
-1.595814526081085205e-02
-1.573340408504009247e-02
-1.523030363023281097e-02
-1.758195832371711731e-02
-1.845989562571048737e-02
-1.938096433877944946e-02
-1.989575475454330444e-02
-1.966858468949794769e-02
-2.113788388669490814e-02
-2.179343625903129578e-02
-2.124238945543766022e-02
-2.104188874363899231e-02
-1.936068199574947357e-02
-1.741326786577701569e-02
-1.334529276937246323e-02
-1.435022614896297455e-02
-1.652733795344829559e-02
-1.977931708097457886e-02
-2.137126401066780090e-02
-2.069169096648693085e-02
-1.825632713735103607e-02
-1.659386791288852692e-02
-1.710623688995838165e-02
-1.609361916780471802e-02
-1.767272874712944031e-02
-1.623557880520820618e-02
-1.669889502227306366e-02
-1.657097972929477692e-02
-1.577518694102764130e-02
-1.567529514431953430e-02
-1.719921641051769257e-02
-1.870252937078475952e-02
-1.730865985155105591e-02
-1.753382198512554169e-02
-1.968419738113880157e-02
-2.003027871251106262e-02
-2.021418884396553040e-02
-1.896706782281398773e-02
-1.695439778268337250e-02
-1.517426688224077225e-02
-1.315697655081748962e-02
-1.083214208483695984e-02
-1.136474590748548508e-02
-1.465245708823204041e-02
-1.678772270679473877e-02
-1.822116971015930176e-02
-2.051500603556632996e-02
-2.247893065214157104e-02
-2.117554284632205963e-02
-1.697340421378612518e-02
-1.614937745034694672e-02
-1.696185208857059479e-02
-1.694545336067676544e-02
-1.697468943893909454e-02
-1.679600588977336884e-02
-1.623323000967502594e-02
-1.461433153599500656e-02
-1.807486079633235931e-02
-1.739978417754173279e-02
-1.642459072172641754e-02
-1.665810868144035339e-02
-1.726701296865940094e-02
-1.731784455478191376e-02
-1.685117930173873901e-02
-1.607916131615638733e-02
-1.076249964535236359e-02
-8.689790964126586914e-03
-4.945343360304832458e-03
-1.133546233177185059e-03
-2.431550994515419006e-03
-5.522249266505241394e-03
-1.217467896640300751e-02
-1.706628687679767609e-02
-1.877282746136188507e-02
-1.959407143294811249e-02
-2.115857042372226715e-02
-2.140698581933975220e-02
-1.751351170241832733e-02
-1.671949960291385651e-02
-1.702288910746574402e-02
-1.705454662442207336e-02
-1.640313677489757538e-02
-1.595978625118732452e-02
-1.541361864656209946e-02
-1.538645289838314056e-02
-1.674652658402919769e-02
-1.640641875565052032e-02
-1.673154905438423157e-02
-1.465860009193420410e-02
-1.467641815543174744e-02
-1.555413566529750824e-02
-1.287003420293331146e-02
-8.536739274859428406e-03
-4.746859893202781677e-03
-3.003698773682117462e-03
-3.530149348080158234e-03
-1.966435462236404419e-03
6.936211138963699341e-04
-2.086188644170761108e-03
-1.176440529525279999e-02
-1.921751722693443298e-02
-1.949860155582427979e-02
-1.826345548033714294e-02
-1.771250925958156586e-02
-2.036285027861595154e-02
-1.780948415398597717e-02
-1.643843017518520355e-02
-1.668071374297142029e-02
-1.657882332801818848e-02
-1.562973298132419586e-02
-1.600777171552181244e-02
-1.565739512443542480e-02
-1.723878644406795502e-02
-1.750295236706733704e-02
-1.616862788796424866e-02
-1.526296138763427734e-02
-1.591835543513298035e-02
-1.494628470391035080e-02
-1.211647037416696548e-02
-7.148776669055223465e-03
-4.273208323866128922e-03
-5.214744247496128082e-03
-6.457057781517505646e-03
-4.134373739361763000e-03
-3.419524990022182465e-03
-1.089923083782196045e-03
-4.611904732882976532e-03
-1.354700047522783279e-02
-1.732055097818374634e-02
-1.794059760868549347e-02
-1.817938685417175293e-02
-1.849917694926261902e-02
-1.639343984425067902e-02
-1.675550825893878937e-02
-1.631479524075984955e-02
-1.701097935438156128e-02
-1.655415445566177368e-02
-1.669789850711822510e-02
-1.657091081142425537e-02
-1.540841348469257355e-02
-1.569255068898200989e-02
-1.533889397978782654e-02
-1.575037837028503418e-02
-1.561269070953130722e-02
-1.688462309539318085e-02
-1.433416269719600677e-02
-1.057901047170162201e-02
-4.509842488914728165e-03
-5.272345151752233505e-03
-7.406082469969987869e-03
-7.211738731712102890e-03
-5.142339970916509628e-03
-5.742888897657394409e-03
-7.388723082840442657e-03
-9.209074079990386963e-03
-1.573348231613636017e-02
-1.566379703581333160e-02
-1.592677086591720581e-02
-1.780769787728786469e-02
-1.805789396166801453e-02
-1.579650305211544037e-02
-1.502566784620285034e-02
-1.668456383049488068e-02
-1.712477952241897583e-02
-1.737525872886180878e-02
-1.612142473459243774e-02
-1.578103192150592804e-02
-1.585618406534194946e-02
-1.474752090871334076e-02
-1.661019586026668549e-02
-1.615486852824687958e-02
-1.923358440399169922e-02
-1.962701603770256042e-02
-1.572816818952560425e-02
-9.890165179967880249e-03
-7.712617050856351852e-03
-7.139524444937705994e-03
-8.343698456883430481e-03
-8.645654655992984772e-03
-6.814852356910705566e-03
-8.152467198669910431e-03
-1.292081736028194427e-02
-1.353214308619499207e-02
-1.666475087404251099e-02
-1.484747882932424545e-02
-1.666551828384399414e-02
-1.787779293954372406e-02
-1.698965765535831451e-02
-1.534795109182596207e-02
-1.544235460460186005e-02
-1.619215309619903564e-02
-1.637433469295501709e-02
-1.682474091649055481e-02
-1.773154921829700470e-02
-1.645019650459289551e-02
-1.494374312460422516e-02
-1.309882290661334991e-02
-1.529069431126117706e-02
-1.699208468198776245e-02
-1.932800933718681335e-02
-1.865332387387752533e-02
-1.755668222904205322e-02
-1.087597198784351349e-02
-8.552148938179016113e-03
-9.350735694169998169e-03
-1.054962072521448135e-02
-1.101687923073768616e-02
-1.225586608052253723e-02
-1.490686833858489990e-02
-1.596803963184356689e-02
-1.597340777516365051e-02
-1.618146337568759918e-02
-1.485306117683649063e-02
-1.747065410017967224e-02
-1.868285052478313446e-02
-2.002046070992946625e-02
-1.593803800642490387e-02
-1.619444042444229126e-02
-1.663885824382305145e-02
-1.627657748758792877e-02
-1.719771698117256165e-02
-1.696221157908439636e-02
-1.682210154831409454e-02
-1.606103405356407166e-02
-1.386281475424766541e-02
-1.587229222059249878e-02
-1.938331313431262970e-02
-1.791101880371570587e-02
-2.020448446273803711e-02
-1.531825400888919830e-02
-1.171564590185880661e-02
-9.495144709944725037e-03
-1.005032844841480255e-02
-1.216594222933053970e-02
-1.389093883335590363e-02
-1.593102514743804932e-02
-1.604460179805755615e-02
-1.714819855988025665e-02
-1.685779914259910583e-02
-1.368646323680877686e-02
-1.314133591949939728e-02
-1.548463013023138046e-02
-1.993953809142112732e-02
-2.002980932593345642e-02
-1.639272645115852356e-02
-1.579237170517444611e-02
-1.663294248282909393e-02
-1.733447611331939697e-02
-1.637376099824905396e-02
-1.679151877760887146e-02
-1.647943072021007538e-02
-1.597190834581851959e-02
-1.429105270653963089e-02
-1.705746725201606750e-02
-1.732158102095127106e-02
-1.760294660925865173e-02
-1.918043941259384155e-02
-1.321224123239517212e-02
-1.210285630077123642e-02
-1.150539144873619080e-02
-1.397287007421255112e-02
-1.600983552634716034e-02
-1.515681575983762741e-02
-1.788954623043537140e-02
-1.671259105205535889e-02
-1.549865957349538803e-02
-1.361460797488689423e-02
-1.220390759408473969e-02
-1.207451336085796356e-02
-1.708034798502922058e-02
-1.985547877848148346e-02
-1.852320693433284760e-02
-1.641518622636795044e-02
-1.577212102711200714e-02
-1.595664769411087036e-02
-1.657426171004772186e-02
-1.625140942633152008e-02
-1.662025041878223419e-02
-1.672976836562156677e-02
-1.536798384040594101e-02
-1.600962504744529724e-02
-1.741575077176094055e-02
-1.652022078633308411e-02
-1.848844997584819794e-02
-1.642801798880100250e-02
-1.345487404614686966e-02
-1.203097775578498840e-02
-1.231584418565034866e-02
-1.510044187307357788e-02
-1.595263555645942688e-02
-1.598813571035861969e-02
-1.601719856262207031e-02
-1.213485654443502426e-02
-1.222273241728544235e-02
-1.110564451664686203e-02
-1.054716110229492188e-02
-1.263144053518772125e-02
-1.863294839859008789e-02
-2.005511894822120667e-02
-1.714566908776760101e-02
-1.643600501120090485e-02
-1.669811084866523743e-02
-1.651971600949764252e-02
-1.764121092855930328e-02
-1.656078360974788666e-02
-1.667393930256366730e-02
-1.720912754535675049e-02
-1.633276231586933136e-02
-1.540898345410823822e-02
-1.888742297887802124e-02
-1.889064349234104156e-02
-1.799888722598552704e-02
-1.566670089960098267e-02
-1.276120543479919434e-02
-1.379492506384849548e-02
-1.542516145855188370e-02
-1.448199152946472168e-02
-1.364408805966377258e-02
-1.705875806510448456e-02
-1.398413628339767456e-02
-1.068174373358488083e-02
-8.646332658827304840e-03
-7.653066888451576233e-03
-9.983104653656482697e-03
-1.530073676258325577e-02
-2.128784172236919403e-02
-1.782045699656009674e-02
-1.882766373455524445e-02
-1.663322560489177704e-02
-1.612235419452190399e-02
-1.712171360850334167e-02
-1.690167561173439026e-02
-1.630908995866775513e-02
-1.707793213427066803e-02
-1.608934253454208374e-02
-1.615843176841735840e-02
-1.831565052270889282e-02
-1.891422457993030548e-02
-1.750118285417556763e-02
-1.860693469643592834e-02
-1.828044466674327850e-02
-1.474729552865028381e-02
-1.060618832707405090e-02
-1.257944852113723755e-02
-1.181361265480518341e-02
-1.237037219107151031e-02
-1.606826297938823700e-02
-1.315512135624885559e-02
-9.850843809545040131e-03
-7.284039165824651718e-03
-6.381460931152105331e-03
-1.213754341006278992e-02
-1.755014620721340179e-02
-1.977289654314517975e-02
-1.855386793613433838e-02
-1.736748404800891876e-02
-1.683892868459224701e-02
-1.653212308883666992e-02
-1.649518497288227081e-02
-1.718816347420215607e-02
-1.703251339495182037e-02
-1.664998009800910950e-02
-1.687957346439361572e-02
-1.579443924129009247e-02
-1.955322921276092529e-02
-1.947407796978950500e-02
-1.839294098317623138e-02
-1.918146014213562012e-02
-1.733697392046451569e-02
-1.350614521652460098e-02
-1.099064107984304428e-02
-1.063628029078245163e-02
-1.254537701606750488e-02
-1.356069464236497879e-02
-1.582419127225875854e-02
-1.255232468247413635e-02
-8.846534416079521179e-03
-1.007630582898855209e-02
-1.026424299925565720e-02
-1.585824787616729736e-02
-1.830957271158695221e-02
-2.050145715475082397e-02
-1.988804712891578674e-02
-1.681026816368103027e-02
-1.627465337514877319e-02
-1.622901670634746552e-02
-1.689640060067176819e-02
-1.720442250370979309e-02
-1.599893160164356232e-02
-1.625176332890987396e-02
-1.633490063250064850e-02
-1.554074883460998535e-02
-2.044534869492053986e-02
-1.917618326842784882e-02
-1.890116371214389801e-02
-1.979050971567630768e-02
-1.739457063376903534e-02
-1.508169062435626984e-02
-1.212959364056587219e-02
-1.100040879100561142e-02
-1.303965505212545395e-02
-1.528902258723974228e-02
-1.685694046318531036e-02
-1.541208475828170776e-02
-1.171935722231864929e-02
-1.009571924805641174e-02
-1.348269451409578323e-02
-1.656011678278446198e-02
-1.896377466619014740e-02
-2.062709070742130280e-02
-1.981582492589950562e-02
-1.923864148557186127e-02
-1.745319180190563202e-02
-1.710110530257225037e-02
-1.665090955793857574e-02
-1.670859195291996002e-02
-1.656363718211650848e-02
-1.660520583391189575e-02
-1.653262041509151459e-02
-1.594495214521884918e-02
-2.121718414127826691e-02
-2.073782123625278473e-02
-2.100718952715396881e-02
-1.899534836411476135e-02
-1.785595715045928955e-02
-1.704888045787811279e-02
-1.257407572120428085e-02
-1.226658560335636139e-02
-1.470715925097465515e-02
-1.549185719341039658e-02
-1.689040474593639374e-02
-1.337846182286739349e-02
-1.015940029174089432e-02
-1.161145791411399841e-02
-1.579013280570507050e-02
-1.730237156152725220e-02
-1.833503320813179016e-02
-1.793646812438964844e-02
-1.753133349120616913e-02
-1.723186857998371124e-02
-1.682410016655921936e-02
-1.675022952258586884e-02
-1.640563458204269409e-02
-1.641097851097583771e-02
-1.681590080261230469e-02
-1.729796826839447021e-02
-1.582338847219944000e-02
-1.644128188490867615e-02
-1.977739669382572174e-02
-2.200099639594554901e-02
-2.092135325074195862e-02
-2.137402258813381195e-02
-1.928040385246276855e-02
-1.635890267789363861e-02
-1.424583513289690018e-02
-1.253811176866292953e-02
-1.321077253669500351e-02
-1.453059725463390350e-02
-1.365259010344743729e-02
-1.172513328492641449e-02
-9.268674999475479126e-03
-1.399449259042739868e-02
-1.627506874501705170e-02
-1.861396431922912598e-02
-1.882089488208293915e-02
-1.553382817655801773e-02
-1.696078106760978699e-02
-1.682516746222972870e-02
-1.675272732973098755e-02
-1.611878909170627594e-02
-1.745618507266044617e-02
-1.688812673091888428e-02
-1.683415286242961884e-02
-1.705354638397693634e-02
-1.664042845368385315e-02
-1.643729209899902344e-02
-1.717098057270050049e-02
-1.877069473266601562e-02
-2.063065767288208008e-02
-1.943799108266830444e-02
-1.790679059922695160e-02
-1.644346117973327637e-02
-1.328683644533157349e-02
-1.215982809662818909e-02
-1.212534215301275253e-02
-1.262000016868114471e-02
-1.202058978378772736e-02
-1.133425533771514893e-02
-1.248725038021802902e-02
-1.202151644974946976e-02
-1.586752012372016907e-02
-1.707714982330799103e-02
-1.887779124081134796e-02
-1.691300794482231140e-02
-1.731322333216667175e-02
-1.620484888553619385e-02
-1.598873548209667206e-02
-1.694659516215324402e-02
-1.674502715468406677e-02
-1.712214015424251556e-02
-1.663636229932308197e-02
-1.552727352827787399e-02
-1.645810902118682861e-02
-1.569753885269165039e-02
-1.589105091989040375e-02
-1.719386503100395203e-02
-1.931671425700187683e-02
-2.035557664930820465e-02
-1.763977669179439545e-02
-1.522523071616888046e-02
-1.234800182282924652e-02
-1.215762831270694733e-02
-1.237468048930168152e-02
-1.249435730278491974e-02
-1.120386831462383270e-02
-1.296681910753250122e-02
-1.026887819170951843e-02
-1.423101127147674561e-02
-1.762623898684978485e-02
-1.891386136412620544e-02
-1.653625816106796265e-02
-1.486452762037515640e-02
-1.417376194149255753e-02
-1.609240472316741943e-02
-1.610324345529079437e-02
-1.702267304062843323e-02
-1.732064224779605865e-02
-1.618181727826595306e-02
-1.660000160336494446e-02
-1.718181744217872620e-02
-1.684071309864521027e-02
-1.699372567236423492e-02
-1.709026843309402466e-02
-1.603957265615463257e-02
-1.808848232030868530e-02
-1.993511430919170380e-02
-2.072990871965885162e-02
-1.912014186382293701e-02
-1.663884520530700684e-02
-1.493475120514631271e-02
-1.296946965157985687e-02
-1.309773791581392288e-02
-1.290422957390546799e-02
-1.056049764156341553e-02
-1.314516924321651459e-02
-1.666138879954814911e-02
-1.947208493947982788e-02
-1.964000053703784943e-02
-1.704869791865348816e-02
-1.546324696391820908e-02
-1.606823503971099854e-02
-1.595051772892475128e-02
-1.700199581682682037e-02
-1.608720049262046814e-02
-1.697354763746261597e-02
-1.681818254292011261e-02
-1.776363700628280640e-02
-1.607272773981094360e-02
-1.622965931892395020e-02
-1.696299389004707336e-02
-1.668983884155750275e-02
-1.562509685754776001e-02
-1.584755815565586090e-02
-1.806181669235229492e-02
-2.017183974385261536e-02
-1.928948052227497101e-02
-1.662202551960945129e-02
-1.648954860866069794e-02
-1.720006577670574188e-02
-1.636734046041965485e-02
-1.666403189301490784e-02
-1.747721806168556213e-02
-1.940819993615150452e-02
-2.085283398628234863e-02
-2.089953795075416565e-02
-1.750673539936542511e-02
-1.554053276777267456e-02
-1.592777296900749207e-02
-1.702032051980495453e-02
-1.550302933901548386e-02
-1.597390510141849518e-02
-1.671201363205909729e-02
-1.686531119048595428e-02
-1.689090952277183533e-02
-1.763636432588100433e-02
-1.680000126361846924e-02
-1.663636229932308197e-02
-1.654545404016971588e-02
-1.744656264781951904e-02
-1.671786047518253326e-02
-1.682459749281406403e-02
-1.670745201408863068e-02
-1.936991140246391296e-02
-1.870274357497692108e-02
-1.954402774572372437e-02
-2.141204848885536194e-02
-2.200434729456901550e-02
-2.086973004043102264e-02
-2.046987414360046387e-02
-1.999443583190441132e-02
-1.934480853378772736e-02
-1.750588230788707733e-02
-1.652862876653671265e-02
-1.540798693895339966e-02
-1.584520749747753143e-02
-1.593418791890144348e-02
-1.729333400726318359e-02
-1.815829053521156311e-02
-1.674324274063110352e-02
-1.715942844748497009e-02
-1.712727174162864685e-02
-1.743636466562747955e-02
-1.658182032406330109e-02
-1.687272824347019196e-02
-1.727272942662239075e-02
-1.752727106213569641e-02
-1.587172970175743103e-02
-1.723828911781311035e-02
-1.658424362540245056e-02
-1.612948253750801086e-02
-1.576620154082775116e-02
-1.726666651666164398e-02
-1.641989313066005707e-02
-1.664007082581520081e-02
-1.646673865616321564e-02
-1.569525897502899170e-02
-1.633019559085369110e-02
-1.603443734347820282e-02
-1.684270612895488739e-02
-1.643351092934608459e-02
-1.623907312750816345e-02
-1.624677330255508423e-02
-1.707094348967075348e-02
-1.715493574738502502e-02
-1.645747013390064240e-02
-1.690053567290306091e-02
-1.696363463997840881e-02
-1.663636416196823120e-02
-1.678181812167167664e-02
-1.629090867936611176e-02
