-1.383359543979167938e-02
-1.625025644898414612e-02
-1.997131668031215668e-02
-3.228652849793434143e-02
-3.229443728923797607e-02
-1.312002353370189667e-02
-4.800791852176189423e-03
-3.158568963408470154e-02
4.011778533458709717e-02
-7.265566382557153702e-03
-3.310044109821319580e-02
-1.392783969640731812e-02
-1.726868189871311188e-02
-1.500064134597778320e-02
-3.040747158229351044e-02
-3.107122518122196198e-02
-5.234512034803628922e-03
-1.675285212695598602e-02
-2.686668746173381805e-02
-2.533451467752456665e-02
-9.657081216573715210e-03
-2.425901405513286591e-02
-2.075133472681045532e-02
-2.079563587903976440e-02
-1.101915910840034485e-02
2.798299537971615791e-03
-3.292710334062576294e-02
-1.227771025151014328e-02
-1.449884381145238876e-02
-2.934749051928520203e-02
-1.255443505942821503e-02
-3.202607855200767517e-02
-2.659424394369125366e-02
-2.626607567071914673e-02
-7.699129171669483185e-03
1.447014394216239452e-03
-2.414199337363243103e-02
-7.838146761059761047e-03
-9.839004836976528168e-03
-1.367446500808000565e-02
-3.188963234424591064e-02
-1.416194811463356018e-02
-9.304300881922245026e-03
3.851881483569741249e-03
-2.109855413436889648e-02
-9.243722073733806610e-03
-2.673939429223537445e-02
-3.124079108238220215e-02
-1.356595288962125778e-02
