-1.746486425399780273e-01
-1.758850961923599243e-01
-1.720309108495712280e-01
-1.747759878635406494e-01
-1.745033711194992065e-01
-1.739034354686737061e-01
-1.744306236505508423e-01
-1.724854558706283569e-01
-1.729762852191925049e-01
-1.751213669776916504e-01
-1.729035675525665283e-01
-1.757576912641525269e-01
-1.727579981088638306e-01
-1.728125959634780884e-01
-1.735579967498779297e-01
-1.741942614316940308e-01
-1.753576844930648804e-01
-1.744851768016815186e-01
-1.728127151727676392e-01
-1.743578165769577026e-01
-1.755031198263168335e-01
-1.706311106681823730e-01
-1.734851449728012085e-01
-1.742670089006423950e-01
-1.742670685052871704e-01
-1.761031150817871094e-01
-1.727399379014968872e-01
-1.742125004529953003e-01
-1.757031828165054321e-01
-1.743759959936141968e-01
-1.752305626869201660e-01
-1.749578267335891724e-01
-1.738670766353607178e-01
-1.772847920656204224e-01
-1.697401851415634155e-01
-1.713942438364028931e-01
-1.665768325328826904e-01
-1.632321029901504517e-01
-1.543058902025222778e-01
-1.488153785467147827e-01
-1.460879296064376831e-01
-1.484883129596710205e-01
-1.486334949731826782e-01
-1.529423445463180542e-01
-1.516148746013641357e-01
-1.549421399831771851e-01
-1.602142453193664551e-01
-1.634318381547927856e-01
-1.665769219398498535e-01
-1.699219197034835815e-01
-1.724671870470046997e-01
-1.738307178020477295e-01
-1.755032539367675781e-01
-1.769575625658035278e-01
-1.743214130401611328e-01
-1.750306338071823120e-01
-1.739396899938583374e-01
-1.733035892248153687e-01
-1.755032986402511597e-01
-1.737943440675735474e-01
-1.735942959785461426e-01
-1.731398105621337891e-01
-1.646680533885955811e-01
-1.488879323005676270e-01
-1.319807916879653931e-01
-1.142537742853164673e-01
-1.130166873335838318e-01
-1.238714531064033508e-01
-1.379985362291336060e-01
-1.597412824630737305e-01
-1.810127496719360352e-01
-1.949765682220458984e-01
-2.013960927724838257e-01
-1.976850926876068115e-01
-1.929914802312850952e-01
-1.765208840370178223e-01
-1.579589396715164185e-01
-1.417978852987289429e-01
-1.443792432546615601e-01
-1.607957482337951660e-01
-1.691040396690368652e-01
-1.731034517288208008e-01
-1.761575490236282349e-01
-1.743396669626235962e-01
-1.746486723423004150e-01
-1.753759533166885376e-01
-1.735034286975860596e-01
-1.744306236505508423e-01
-1.713764518499374390e-01
-1.599417030811309814e-01
-1.432707160711288452e-01
-1.085986867547035217e-01
-9.225410223007202148e-02
-9.309081733226776123e-02
-1.129634380340576172e-01
-1.429794877767562866e-01
-1.808492690324783325e-01
-2.311573177576065063e-01
-2.715564072132110596e-01
-2.974838316440582275e-01
-3.057729303836822510e-01
-2.935919165611267090e-01
-2.547773420810699463e-01
-2.087772786617279053e-01
-1.721955686807632446e-01
-1.441238969564437866e-01
-1.335440576076507568e-01
-1.380166411399841309e-01
-1.521969437599182129e-01
-1.697403341531753540e-01
-1.733036190271377563e-01
-1.741397529840469360e-01
-1.742670089006423950e-01
-1.732306927442550659e-01
-1.756122410297393799e-01
-1.729944348335266113e-01
-1.604142040014266968e-01
-1.205633729696273804e-01
-9.381704777479171753e-02
-7.227194309234619141e-02
-6.092757359147071838e-02
-8.790904283523559570e-02
-1.327803283929824829e-01
-2.056666761636734009e-01
-3.123581111431121826e-01
-4.229540228843688965e-01
-4.986798465251922607e-01
-5.479205250740051270e-01
-5.543521642684936523e-01
-4.993533194065093994e-01
-4.024823606014251709e-01
-2.930848896503448486e-01
-1.980487555265426636e-01
-1.454686373472213745e-01
-1.179452687501907349e-01
-1.160902380943298340e-01
-1.267813146114349365e-01
-1.464708298444747925e-01
-1.694494932889938354e-01
-1.748488396406173706e-01
-1.750305891036987305e-01
-1.741216182708740234e-01
-1.725580096244812012e-01
-1.652135401964187622e-01
-1.216357201337814331e-01
-8.158070594072341919e-02
-4.534607753157615662e-02
-2.554568462073802948e-02
-3.796391934156417847e-02
-1.004736497998237610e-01
-1.992142796516418457e-01
-3.158805072307586670e-01
-4.520811438560485840e-01
-5.786455273628234863e-01
-6.566986441612243652e-01
-6.932384967803955078e-01
-6.859672069549560547e-01
-6.121743321418762207e-01
-4.926138520240783691e-01
-3.495614826679229736e-01
-2.229960262775421143e-01
-1.370136588811874390e-01
-1.036551892757415771e-01
-1.128359809517860413e-01
-1.202185004949569702e-01
-1.269452720880508423e-01
-1.537242531776428223e-01
-1.723763644695281982e-01
-1.753394603729248047e-01
-1.744668483734130859e-01
-1.712127774953842163e-01
-1.405619233846664429e-01
-8.792680501937866211e-02
-3.801884874701499939e-02
-6.891208235174417496e-03
-2.218328882008790970e-03
-4.483651742339134216e-02
-1.597978770732879639e-01
-3.081558346748352051e-01
-4.630620181560516357e-01
-5.965300202369689941e-01
-7.037869095802307129e-01
-7.589730024337768555e-01
-7.732274532318115234e-01
-7.416467666625976562e-01
-6.880471110343933105e-01
-5.711235404014587402e-01
-4.097969830036163330e-01
-2.436717003583908081e-01
-1.136908009648323059e-01
-7.318191230297088623e-02
-8.659990876913070679e-02
-1.188726276159286499e-01
-1.302537322044372559e-01
-1.376170068979263306e-01
-1.702856570482254028e-01
-1.729217320680618286e-01
-1.722308993339538574e-01
-1.550149172544479370e-01
-1.123455688357353210e-01
-5.700016394257545471e-02
-8.781932294368743896e-03
2.907276153564453125e-02
1.196354255080223083e-02
-8.734647929668426514e-02
-2.488326877355575562e-01
-4.361715018749237061e-01
-5.878062844276428223e-01
-6.658652424812316895e-01
-6.929385066032409668e-01
-6.940659284591674805e-01
-6.795930266380310059e-01
-6.830514073371887207e-01
-6.743022203445434570e-01
-6.172876358032226562e-01
-4.834529757499694824e-01
-2.917788028717041016e-01
-1.237998828291893005e-01
-4.365450888872146606e-02
-6.540005654096603394e-02
-1.140364110469818115e-01
-1.335632801055908203e-01
-1.338174790143966675e-01
-1.689768433570861816e-01
-1.748668402433395386e-01
-1.673950850963592529e-01
-1.301996260881423950e-01
-9.018106758594512939e-02
-3.792737796902656555e-02
2.156362868845462799e-02
5.465460568666458130e-02
1.165450830012559891e-02
-1.299999058246612549e-01
-3.345197737216949463e-01
-5.451205968856811523e-01
-6.386286616325378418e-01
-6.333562731742858887e-01
-5.835909843444824219e-01
-5.322848558425903320e-01
-5.291374921798706055e-01
-5.589025616645812988e-01
-6.073392629623413086e-01
-6.373012661933898926e-01
-5.381381511688232422e-01
-3.589793145656585693e-01
-1.443800926208496094e-01
-4.670922458171844482e-02
-5.605456233024597168e-02
-1.084002926945686340e-01
-1.341805756092071533e-01
-1.354718655347824097e-01
-1.702675372362136841e-01
-1.728126406669616699e-01
-1.583053469657897949e-01
-1.215990856289863586e-01
-8.705384284257888794e-02
-2.258149161934852600e-02
3.454536572098731995e-02
6.603629887104034424e-02
-4.036496859043836594e-03
-1.813614815473556519e-01
-4.200475215911865234e-01
-5.760121345520019531e-01
-6.006146073341369629e-01
-5.368308424949645996e-01
-4.527038335800170898e-01
-3.836642801761627197e-01
-4.076115489006042480e-01
-4.672674834728240967e-01
-5.464071631431579590e-01
-5.979552865028381348e-01
-5.385027527809143066e-01
-3.704516887664794922e-01
-1.523614972829818726e-01
-3.580031916499137878e-02
-3.474563732743263245e-02
-8.649068325757980347e-02
-1.243819743394851685e-01
-1.356169134378433228e-01
-1.672133952379226685e-01
-1.726126819849014282e-01
-1.585053950548171997e-01
-1.211816892027854919e-01
-8.498171716928482056e-02
-1.705439388751983643e-02
4.472750797867774963e-02
6.289113312959671021e-02
-3.358209505677223206e-02
-2.424694001674652100e-01
-4.764856994152069092e-01
-5.732520222663879395e-01
-5.454820394515991211e-01
-4.394282698631286621e-01
-3.395566940307617188e-01
-3.109935224056243896e-01
-3.518804013729095459e-01
-4.036997556686401367e-01
-5.001950860023498535e-01
-5.618133544921875000e-01
-4.919081330299377441e-01
-3.326711654663085938e-01
-1.398351639509201050e-01
-2.514582499861717224e-02
-2.065485715866088867e-02
-7.301783561706542969e-02
-1.163623481988906860e-01
-1.446525752544403076e-01
-1.705220788717269897e-01
-1.745396703481674194e-01
-1.585962921380996704e-01
-1.260001808404922485e-01
-9.016369283199310303e-02
-2.196358703076839447e-02
4.261827841401100159e-02
2.529078722000122070e-02
-1.049461141228675842e-01
-3.360128998756408691e-01
-5.151214599609375000e-01
-5.539946556091308594e-01
-4.991213977336883545e-01
-3.942803740501403809e-01
-3.202474713325500488e-01
-3.257010579109191895e-01
-3.553022444248199463e-01
-4.092871546745300293e-01
-5.051538348197937012e-01
-5.120521783828735352e-01
-4.225765466690063477e-01
-2.694328427314758301e-01
-1.334339827299118042e-01
-2.107308804988861084e-02
-1.538204867392778397e-02
-5.905505642294883728e-02
-1.181260198354721069e-01
-1.540330797433853149e-01
-1.722126156091690063e-01
-1.738852262496948242e-01
-1.680679619312286377e-01
-1.376354247331619263e-01
-9.445420652627944946e-02
-2.518168091773986816e-02
1.861828938126564026e-02
-1.563656330108642578e-02
-1.813059598207473755e-01
-4.091968536376953125e-01
-5.355612635612487793e-01
-5.272541046142578125e-01
-4.513783454895019531e-01
-3.693696558475494385e-01
-3.665050268173217773e-01
-3.919039070606231689e-01
-4.340082406997680664e-01
-4.898655414581298828e-01
-5.317387580871582031e-01
-4.737637639045715332e-01
-3.625073432922363281e-01
-2.405440062284469604e-01
-1.388353407382965088e-01
-4.665495827794075012e-02
-2.656374685466289520e-02
-5.407371371984481812e-02
-1.190910413861274719e-01
-1.604504585266113281e-01
-1.719037294387817383e-01
-1.727034896612167358e-01
-1.722854077816009521e-01
-1.534695029258728027e-01
-1.001455113291740417e-01
-3.374560922384262085e-02
-3.418229985982179642e-03
-6.018200889229774475e-02
-2.320147156715393066e-01
-4.431582987308502197e-01
-5.415768623352050781e-01
-5.180156230926513672e-01
-4.480663537979125977e-01
-4.034316837787628174e-01
-4.373977482318878174e-01
-5.006288886070251465e-01
-5.500466227531433105e-01
-5.696454644203186035e-01
-5.662888288497924805e-01
-4.664155840873718262e-01
-3.629079163074493408e-01
-2.581608593463897705e-01
-1.736525744199752808e-01
-7.925460487604141235e-02
-3.914564475417137146e-02
-4.972757771611213684e-02
-1.090543717145919800e-01
-1.570328325033187866e-01
-1.723035573959350586e-01
-1.750123798847198486e-01
-1.728853881359100342e-01
-1.609049290418624878e-01
-1.108545437455177307e-01
-3.963614255189895630e-02
-2.112720534205436707e-02
-9.094598144292831421e-02
-2.471053451299667358e-01
-4.553382396697998047e-01
-5.659709572792053223e-01
-5.470672249794006348e-01
-4.925998747348785400e-01
-4.452321827411651611e-01
-5.333742499351501465e-01
-5.889357328414916992e-01
-6.331545710563659668e-01
-6.014455556869506836e-01
-5.893375873565673828e-01
-5.038516521453857422e-01
-4.025026261806488037e-01
-3.091947436332702637e-01
-2.132892906665802002e-01
-1.072907149791717529e-01
-4.081835597753524780e-02
-5.276390165090560913e-02
-9.807266294956207275e-02
-1.544332355260848999e-01
-1.746306121349334717e-01
-1.742488890886306763e-01
-1.742306053638458252e-01
-1.641773730516433716e-01
-1.088544726371765137e-01
-4.205501452088356018e-02
-3.578209877014160156e-02
-9.945511817932128906e-02
-2.580536305904388428e-01
-4.475027024745941162e-01
-5.499010086059570312e-01
-5.507736802101135254e-01
-4.976310133934020996e-01
-4.939597845077514648e-01
-5.823894143104553223e-01
-6.261506676673889160e-01
-6.192988157272338867e-01
-5.824429988861083984e-01
-5.867155194282531738e-01
-5.302668213844299316e-01
-4.516279101371765137e-01
-3.474141061305999756e-01
-2.293789684772491455e-01
-1.056911125779151917e-01
-3.954566270112991333e-02
-5.041886121034622192e-02
-9.898117184638977051e-02
-1.475428491830825806e-01
-1.698312610387802124e-01
-1.754487305879592896e-01
-1.737579256296157837e-01
-1.614320874214172363e-01
-1.014358103275299072e-01
-4.632758721709251404e-02
-5.012776330113410950e-02
-1.190181598067283630e-01
-2.577795088291168213e-01
-4.288704693317413330e-01
-5.004878044128417969e-01
-4.979563951492309570e-01
-4.627031087875366211e-01
-4.771232008934020996e-01
-5.352438688278198242e-01
-5.819169878959655762e-01
-5.586453080177307129e-01
-5.381342768669128418e-01
-5.617358088493347168e-01
-5.137377977371215820e-01
-4.660855531692504883e-01
-3.661188483238220215e-01
-2.205797284841537476e-01
-8.505482971668243408e-02
-2.596416324377059937e-02
-4.676387459039688110e-02
-1.017449498176574707e-01
-1.469614058732986450e-01
-1.721581667661666870e-01
-1.747759282588958740e-01
-1.720673143863677979e-01
-1.613231301307678223e-01
-9.899774938821792603e-02
-5.530971661210060120e-02
-6.107316538691520691e-02
-1.310542523860931396e-01
-2.686350345611572266e-01
-3.985422849655151367e-01
-4.468861520290374756e-01
-4.285048544406890869e-01
-3.954501152038574219e-01
-4.047593176364898682e-01
-4.597210586071014404e-01
-4.943380355834960938e-01
-5.057942867279052734e-01
-5.109376907348632812e-01
-5.339052081108093262e-01
-5.173224806785583496e-01
-4.688066840171813965e-01
-3.522125780582427979e-01
-1.803615242242813110e-01
-5.878212302923202515e-02
-2.229146473109722137e-02
-5.458196625113487244e-02
-1.107630282640457153e-01
-1.431618481874465942e-01
-1.734671145677566528e-01
-1.730670332908630371e-01
-1.730669885873794556e-01
-1.481607407331466675e-01
-9.750589728355407715e-02
-5.520023033022880554e-02
-6.770970672369003296e-02
-1.463985443115234375e-01
-2.857963740825653076e-01
-3.981948196887969971e-01
-4.295219480991363525e-01
-4.048877358436584473e-01
-3.744859695434570312e-01
-3.831750750541687012e-01
-4.412261843681335449e-01
-4.586627781391143799e-01
-4.769043624401092529e-01
-5.257029533386230469e-01
-5.353431701660156250e-01
-5.271192193031311035e-01
-4.457936286926269531e-01
-2.902336418628692627e-01
-1.200729534029960632e-01
-2.489129081368446350e-02
-1.416371203958988190e-02
-6.587318331003189087e-02
-1.152732968330383301e-01
-1.519062072038650513e-01
-1.715400069952011108e-01
-1.747033745050430298e-01
-1.724308431148529053e-01
-1.446697711944580078e-01
-9.572482854127883911e-02
-5.807316303253173828e-02
-7.054515182971954346e-02
-1.485626846551895142e-01
-2.877956032752990723e-01
-4.059235751628875732e-01
-4.632111191749572754e-01
-4.480312466621398926e-01
-4.164851307868957520e-01
-4.317022860050201416e-01
-4.707359671592712402e-01
-5.136465430259704590e-01
-5.302664041519165039e-01
-5.614840388298034668e-01
-5.575925111770629883e-01
-5.169405341148376465e-01
-3.962693512439727783e-01
-1.862348467111587524e-01
-2.454574592411518097e-02
2.076355181634426117e-02
-9.545503184199333191e-03
-7.618176937103271484e-02
-1.206356137990951538e-01
-1.482704728841781616e-01
-1.724490076303482056e-01
-1.729762256145477295e-01
-1.729035824537277222e-01
-1.346355974674224854e-01
-1.007979065179824829e-01
-5.401878058910369873e-02
-6.172729656100273132e-02
-1.278910189867019653e-01
-2.661796808242797852e-01
-4.158295392990112305e-01
-5.085045099258422852e-01
-5.320653915405273438e-01
-5.286481976509094238e-01
-5.355186462402343750e-01
-5.685341954231262207e-01
-5.884122252464294434e-01
-6.006820201873779297e-01
-6.025527715682983398e-01
-5.649927854537963867e-01
-4.435957372188568115e-01
-2.499080151319503784e-01
-6.158200651407241821e-02
5.032731592655181885e-02
5.267252773046493530e-02
-1.025500241667032242e-02
-8.307244628667831421e-02
-1.171632930636405945e-01
-1.532878875732421875e-01
-1.732488572597503662e-01
-1.748668849468231201e-01
-1.717400699853897095e-01
-1.417072266340255737e-01
-1.020529866218566895e-01
-6.112825497984886169e-02
-4.352738335728645325e-02
-9.223647415637969971e-02
-2.012544274330139160e-01
-3.521980941295623779e-01
-5.015252232551574707e-01
-5.991962552070617676e-01
-6.454838514328002930e-01
-6.599556803703308105e-01
-6.723187565803527832e-01
-6.684798002243041992e-01
-6.572644114494323730e-01
-6.039007306098937988e-01
-5.004294514656066895e-01
-3.134111464023590088e-01
-1.216904819011688232e-01
1.614539697766304016e-02
7.290937751531600952e-02
4.216335713863372803e-02
-3.030926361680030823e-02
-9.294429421424865723e-02
-1.278907507658004761e-01
-1.639411300420761108e-01
-1.722672432661056519e-01
-1.739397495985031128e-01
-1.758303940296173096e-01
-1.473795473575592041e-01
-1.149625703692436218e-01
-7.754412293434143066e-02
-4.990939795970916748e-02
-6.912695616483688354e-02
-1.518534570932388306e-01
-2.835614979267120361e-01
-4.331062734127044678e-01
-5.774118900299072266e-01
-6.844118833541870117e-01
-7.257419228553771973e-01
-7.303894162178039551e-01
-6.939735412597656250e-01
-6.321195363998413086e-01
-5.249946117401123047e-01
-3.665353655815124512e-01
-2.134512364864349365e-01
-5.498224496841430664e-02
3.270902484655380249e-02
4.225458577275276184e-02
-1.436491147615015507e-03
-5.923653766512870789e-02
-1.057820618152618408e-01
-1.484702974557876587e-01
-1.709220260381698608e-01
-1.759213507175445557e-01
-1.753213256597518921e-01
-1.744123697280883789e-01
-1.623592972755432129e-01
-1.320720911026000977e-01
-1.080168336629867554e-01
-7.921730726957321167e-02
-7.927262783050537109e-02
-1.292362660169601440e-01
-2.351073324680328369e-01
-3.766303360462188721e-01
-5.152851343154907227e-01
-6.296091079711914062e-01
-6.829215288162231445e-01
-6.642463207244873047e-01
-6.036813259124755859e-01
-5.178295373916625977e-01
-3.983355164527893066e-01
-2.729758322238922119e-01
-1.592521965503692627e-01
-6.921794265508651733e-02
-3.358202800154685974e-02
-2.721831388771533966e-02
-4.905452951788902283e-02
-8.623648434877395630e-02
-1.283090859651565552e-01
-1.634503304958343506e-01
-1.731945425271987915e-01
-1.757213324308395386e-01
-1.746124327182769775e-01
-1.745578497648239136e-01
-1.715763956308364868e-01
-1.571602225303649902e-01
-1.281812340021133423e-01
-1.134527474641799927e-01
-1.067080050706863403e-01
-1.289984881877899170e-01
-1.944113820791244507e-01
-2.812108099460601807e-01
-3.948845565319061279e-01
-4.817930161952972412e-01
-5.155363082885742188e-01
-4.869178533554077148e-01
-4.352270066738128662e-01
-3.582280874252319336e-01
-2.823384404182434082e-01
-2.131596654653549194e-01
-1.659432202577590942e-01
-1.204553917050361633e-01
-9.885475784540176392e-02
-7.901838421821594238e-02
-8.941912651062011719e-02
-1.163098141551017761e-01
-1.525606215000152588e-01
-1.712127625942230225e-01
-1.724853962659835815e-01
-1.748486906290054321e-01
-1.753940433263778687e-01
-1.750486940145492554e-01
-1.761940270662307739e-01
-1.702674925327301025e-01
-1.544328182935714722e-01
-1.322167366743087769e-01
-1.335247308015823364e-01
-1.450303345918655396e-01
-1.724288314580917358e-01
-2.165569663047790527e-01
-2.717210054397583008e-01
-2.988666892051696777e-01
-3.158647716045379639e-01
-2.897210717201232910e-01
-2.650662064552307129e-01
-2.344861477613449097e-01
-2.160705178976058960e-01
-2.051777541637420654e-01
-1.816138476133346558e-01
-1.493969410657882690e-01
-1.202546432614326477e-01
-1.097820103168487549e-01
-1.207278519868850708e-01
-1.524879783391952515e-01
-1.672496944665908813e-01
-1.725218147039413452e-01
-1.743397414684295654e-01
-1.733215749263763428e-01
-1.773937791585922241e-01
-1.729943901300430298e-01
-1.739944070577621460e-01
-1.771029084920883179e-01
-1.719944477081298828e-01
-1.531420052051544189e-01
-1.389616131782531738e-01
-1.478324383497238159e-01
-1.672127842903137207e-01
-1.938650310039520264e-01
-2.220832556486129761e-01
-2.454109936952590942e-01
-2.536469101905822754e-01
-2.383008897304534912e-01
-2.182666659355163574e-01
-1.950322687625885010e-01
-1.807593554258346558e-01
-1.635779440402984619e-01
-1.415249407291412354e-01
-1.231811717152595520e-01
-1.200901493430137634e-01
-1.397440135478973389e-01
-1.655590981245040894e-01
-1.721036881208419800e-01
-1.747759580612182617e-01
-1.739215552806854248e-01
-1.738306730985641479e-01
-1.753577589988708496e-01
-1.739396750926971436e-01
-1.735398918390274048e-01
-1.748487353324890137e-01
-1.746124178171157837e-01
-1.746124476194381714e-01
-1.684131324291229248e-01
-1.693584769964218140e-01
-1.585780382156372070e-01
-1.572694480419158936e-01
-1.513426154851913452e-01
-1.469606608152389526e-01
-1.464704573154449463e-01
-1.476698666810989380e-01
-1.445796489715576172e-01
-1.428709030151367188e-01
-1.360897123813629150e-01
-1.294720321893692017e-01
-1.322539895772933960e-01
-1.398525834083557129e-01
-1.572329252958297729e-01
-1.643771827220916748e-01
-1.708492189645767212e-01
-1.703219711780548096e-01
-1.735398322343826294e-01
-1.747212857007980347e-01
-1.752486228942871094e-01
-1.753941029310226440e-01
-1.734488457441329956e-01
