7.408900856971740723e-01
5.734236836433410645e-01
1.942980140447616577e-01
1.009370923042297363e+00
1.044419765472412109e+00
9.104180335998535156e-01
2.461780607700347900e-01
4.638223946094512939e-01
6.758712530136108398e-01
1.183897972106933594e+00
8.871769905090332031e-01
1.015946626663208008e+00
6.886816024780273438e-01
2.212770134210586548e-01
1.097824215888977051e+00
7.019770145416259766e-01
5.569310784339904785e-01
1.048410177230834961e+00
2.135511785745620728e-01
7.726905345916748047e-01
7.687584757804870605e-01
9.084967374801635742e-01
8.042453527450561523e-01
9.076228141784667969e-01
9.699550271034240723e-02
6.333231925964355469e-01
7.566043138504028320e-01
8.536669015884399414e-01
7.076874375343322754e-01
-1.510557681322097778e-01
1.198025822639465332e+00
9.584407210350036621e-01
1.068946599960327148e+00
1.145957589149475098e+00
7.654528021812438965e-01
1.006402373313903809e+00
7.314965128898620605e-01
4.968639910221099854e-01
8.014295697212219238e-01
4.942799508571624756e-01
7.823157310485839844e-01
7.464380264282226562e-01
4.030709862709045410e-01
4.577622711658477783e-01
2.998105585575103760e-01
9.472584724426269531e-01
5.902191996574401855e-01
1.441829949617385864e-01
9.891768097877502441e-01
-7.857710123062133789e-02
7.892603278160095215e-01
7.380170822143554688e-01
5.466148257255554199e-01
5.633682608604431152e-01
-1.314612329006195068e-01
9.469844698905944824e-01
7.914668321609497070e-01
6.625842452049255371e-01
2.308897525072097778e-01
4.976921379566192627e-01
8.390928506851196289e-01
6.826261878013610840e-01
3.449235856533050537e-01
1.129575848579406738e+00
8.504278063774108887e-01
1.023630976676940918e+00
5.327703952789306641e-01
4.518685340881347656e-01
1.083355665206909180e+00
9.647657871246337891e-01
3.259240984916687012e-01
8.622078299522399902e-01
6.380067467689514160e-01
1.112524151802062988e+00
6.672378182411193848e-01
4.777210056781768799e-01
1.070139408111572266e+00
6.847953200340270996e-01
1.045480251312255859e+00
1.079004526138305664e+00
6.072885990142822266e-01
8.004703521728515625e-01
4.312791228294372559e-01
7.291219830513000488e-01
1.128893971443176270e+00
1.140483021736145020e+00
7.902473211288452148e-01
4.360237717628479004e-01
7.771299481391906738e-01
8.867692351341247559e-01
1.277842640876770020e+00
5.023850798606872559e-01
1.082943916320800781e+00
4.254060089588165283e-01
1.006994247436523438e+00
3.208109438419342041e-01
2.710596919059753418e-01
8.071754574775695801e-01
2.444030791521072388e-01
8.254358768463134766e-01
9.916125535964965820e-01
3.361884951591491699e-01
5.803643465042114258e-01
5.359128713607788086e-01
9.696589112281799316e-01
5.846854448318481445e-01
-6.095757242292165756e-03
2.792026102542877197e-01
3.735691905021667480e-01
1.021452307701110840e+00
8.609028458595275879e-01
1.073534131050109863e+00
7.771224975585937500e-01
1.045548319816589355e+00
7.594043612480163574e-01
1.000603079795837402e+00
1.248134255409240723e+00
1.278472691774368286e-01
5.404250025749206543e-01
7.189464569091796875e-01
7.839802503585815430e-01
4.828989505767822266e-01
9.417231082916259766e-01
-1.333763240836560726e-03
9.437165260314941406e-01
6.944831609725952148e-01
9.352878332138061523e-01
9.235091209411621094e-01
2.768923342227935791e-01
5.903651714324951172e-01
2.830717861652374268e-01
1.123173311352729797e-01
6.664825677871704102e-01
1.077000856399536133e+00
1.020242571830749512e+00
8.904983401298522949e-01
7.722697854042053223e-01
9.396215081214904785e-01
7.054386138916015625e-01
5.283685922622680664e-01
8.877044916152954102e-01
3.525504469871520996e-01
4.875030517578125000e-01
1.069262266159057617e+00
5.090564489364624023e-01
4.789499640464782715e-01
7.925013899803161621e-01
9.701454043388366699e-01
6.309005431830883026e-03
6.978551149368286133e-01
8.642188906669616699e-01
2.311662137508392334e-01
1.044885993003845215e+00
5.759367346763610840e-01
3.271698653697967529e-01
6.503144502639770508e-01
8.942726850509643555e-01
1.055854558944702148e+00
8.560236096382141113e-01
2.995094358921051025e-01
7.072375416755676270e-01
4.412182867527008057e-01
9.345281124114990234e-01
7.529097199440002441e-01
9.171438813209533691e-01
7.185460925102233887e-01
9.527501463890075684e-01
1.072166800498962402e+00
1.246770739555358887e+00
5.878186821937561035e-01
6.076779961585998535e-01
5.720209479331970215e-01
4.626804292201995850e-01
7.045670151710510254e-01
2.578147947788238525e-01
9.878675341606140137e-01
1.083694577217102051e+00
1.204364180564880371e+00
6.874445080757141113e-01
3.565739393234252930e-01
8.820106387138366699e-01
7.780401110649108887e-01
5.897326469421386719e-01
1.138278007507324219e+00
5.986437574028968811e-02
9.688123464584350586e-01
1.249078392982482910e+00
9.486068487167358398e-01
5.265554189682006836e-01
7.912403941154479980e-01
1.006667017936706543e-01
-4.547950252890586853e-02
8.573984503746032715e-01
-2.526569925248622894e-02
9.122868776321411133e-01
7.772647142410278320e-01
1.218842387199401855e+00
9.693619012832641602e-01
4.967395663261413574e-01
8.280075192451477051e-01
4.719080626964569092e-01
6.323024034500122070e-01
5.058795213699340820e-01
3.231375217437744141e-01
1.123756408691406250e+00
1.114796280860900879e+00
7.993614673614501953e-01
9.034392833709716797e-01
4.435267746448516846e-01
3.259452879428863525e-01
1.019207239151000977e+00
3.963432908058166504e-01
5.953451991081237793e-01
5.800671577453613281e-01
1.033906936645507812e+00
5.248730778694152832e-01
-1.953664273023605347e-01
8.953691124916076660e-01
8.110168576240539551e-01
8.894877433776855469e-01
3.744794130325317383e-01
1.085998535156250000e+00
6.361501663923263550e-02
1.277928501367568970e-01
9.765428900718688965e-01
