1.376684103161096573e-02 -3.241739235818386078e-03 -2.146674394607543945e-01 -1.879317760467529297e-01 -1.377945840358734131e-01 -1.820409744977951050e-01 1.603053957223892212e-01 -2.186059057712554932e-01 -1.886325329542160034e-01 1.365880370140075684e-01
6.269180029630661011e-02 -1.561136841773986816e-01 -2.597421407699584961e-01 -2.989405393600463867e-01 -9.983517229557037354e-02 -1.354658454656600952e-01 2.359927743673324585e-01 3.845612704753875732e-02 1.127114668488502502e-01 5.184188857674598694e-02
1.319012790918350220e-01 -3.140574395656585693e-01 -7.336025685071945190e-02 -1.275022476911544800e-01 9.146506339311599731e-02 -1.745633333921432495e-01 2.091670632362365723e-01 -2.297261953353881836e-01 4.943314194679260254e-02 1.458363085985183716e-01
-4.928316175937652588e-02 -3.105764985084533691e-01 9.217270463705062866e-02 -2.498780936002731323e-01 8.661863207817077637e-02 -2.076876312494277954e-01 9.706611931324005127e-02 1.448121666908264160e-01 -4.811145365238189697e-01 1.572417616844177246e-01
-1.207229718565940857e-01 3.058686852455139160e-01 -4.861092194914817810e-02 -1.437826305627822876e-01 -1.209325641393661499e-01 7.033221423625946045e-02 8.471584320068359375e-02 -9.941220283508300781e-02 -1.997024193406105042e-02 -1.107642650604248047e-01
-1.559259146451950073e-01 1.577477902173995972e-01 8.693806827068328857e-02 1.167084127664566040e-01 6.408550776541233063e-03 -1.630914211273193359e-01 -1.192902699112892151e-01 3.934317454695701599e-02 -2.686106041073799133e-02 -5.077656358480453491e-02
-2.582096159458160400e-01 -3.100619185715913773e-03 1.891711056232452393e-01 4.184070974588394165e-02 -1.565175503492355347e-01 -1.834918409585952759e-01 -3.318671286106109619e-01 1.256003044545650482e-02 3.876746818423271179e-02 1.016566306352615356e-01
3.008373081684112549e-02 -8.829974383115768433e-02 6.694567203521728516e-02 -1.592531055212020874e-01 -1.849478036165237427e-01 -2.247293442487716675e-01 -2.429188936948776245e-01 -3.799422457814216614e-02 -1.821754733100533485e-03 -2.608317732810974121e-01
-1.319952011108398438e-01 6.315345317125320435e-02 -2.553674578666687012e-01 -8.194646984338760376e-02 1.309364885091781616e-01 1.282892227172851562e-01 -2.033227980136871338e-01 1.877336204051971436e-01 1.082010939717292786e-01 1.157342828810214996e-02
-2.294497340917587280e-01 7.368629425764083862e-02 9.249830991029739380e-02 -5.236758291721343994e-02 1.344884932041168213e-02 2.955072522163391113e-01 -4.044441506266593933e-02 -4.665102437138557434e-02 -9.743331372737884521e-02 -1.048035025596618652e-01
-1.546938270330429077e-01 1.709266453981399536e-01 -2.203480601310729980e-01 -1.713450103998184204e-01 1.112436279654502869e-01 1.032701805233955383e-01 -1.316579282283782959e-01 1.177596449851989746e-01 -9.862154722213745117e-02 7.445815205574035645e-02
-1.891926974058151245e-01 4.563970491290092468e-02 4.229769483208656311e-02 9.343346208333969116e-02 5.088691413402557373e-02 -1.710089109838008881e-02 7.389736920595169067e-02 -8.889378979802131653e-03 -1.168046444654464722e-01 -2.035038620233535767e-01
-4.320645704865455627e-02 8.297148160636425018e-03 -2.912608981132507324e-01 5.995218455791473389e-02 2.806116826832294464e-03 1.436138898134231567e-01 -1.071189194917678833e-01 1.258669495582580566e-01 2.829887904226779938e-02 -7.371338456869125366e-02
-8.025362342596054077e-02 -5.913246423006057739e-03 -1.088786125183105469e-01 2.756900340318679810e-02 2.259355932474136353e-01 4.043240845203399658e-02 -7.217017561197280884e-02 -3.367975652217864990e-01 -1.588711291551589966e-01 -1.315009444952011108e-01
-2.727508246898651123e-01 -5.427871271967887878e-02 -1.546161472797393799e-01 -2.101074159145355225e-01 8.630459010601043701e-02 -2.807233333587646484e-01 -2.636762261390686035e-01 2.210642993450164795e-01 -3.034441173076629639e-01 1.234028935432434082e-01
-6.534282863140106201e-02 1.205046847462654114e-01 -7.743004243820905685e-03 3.184004127979278564e-01 -1.246393248438835144e-01 -6.822890043258666992e-02 -7.692020386457443237e-02 -1.464329808950424194e-01 -6.294538825750350952e-02 -7.859724760055541992e-02
-8.591457456350326538e-02 -1.748527735471725464e-01 -3.476161658763885498e-01 -5.073362588882446289e-02 1.063940301537513733e-01 5.322721600532531738e-02 6.769090890884399414e-02 -1.130678430199623108e-01 1.619456410408020020e-01 -1.743608117103576660e-01
-1.585306823253631592e-01 2.486543059349060059e-01 -8.882159739732742310e-02 -6.589219719171524048e-02 -2.057555690407752991e-02 1.031042188405990601e-01 1.477561146020889282e-01 -1.035549715161323547e-01 -4.925158247351646423e-02 -1.293872892856597900e-01
-1.671972274780273438e-01 -7.956904172897338867e-02 -3.721188902854919434e-01 1.132539287209510803e-01 9.342487901449203491e-02 7.777643203735351562e-02 -7.843524962663650513e-02 -1.246690824627876282e-01 4.632604494690895081e-02 -8.650038391351699829e-02
-1.847838014364242554e-01 2.113042771816253662e-01 -1.612506248056888580e-02 -1.238874793052673340e-01 -1.448695361614227295e-02 -5.052279308438301086e-02 -1.586172133684158325e-01 8.976532518863677979e-02 1.962198019027709961e-01 -5.101536214351654053e-02
-1.030013859272003174e-01 -2.452164888381958008e-01 5.939252302050590515e-02 1.916975378990173340e-01 -2.012416869401931763e-01 -1.069481074810028076e-01 -4.052532315254211426e-01 1.234324574470520020e-01 -2.745064198970794678e-01 -3.831159770488739014e-01
-2.964553534984588623e-01 -2.023069374263286591e-02 1.667441129684448242e-01 2.693563103675842285e-01 -1.943873316049575806e-01 -4.141554236412048340e-02 2.006779424846172333e-02 -1.385712921619415283e-01 -2.468701004981994629e-01 -3.321830034255981445e-01
-3.838646709918975830e-01 6.023773178458213806e-02 2.054126560688018799e-01 4.930644854903221130e-02 -3.955090045928955078e-01 -1.458990424871444702e-01 -8.326898328959941864e-03 2.085153460502624512e-01 -1.110099703073501587e-01 -3.583577871322631836e-01
-1.144328638911247253e-01 -2.277396805584430695e-02 3.131853342056274414e-01 2.055727690458297729e-01 -2.665082216262817383e-01 -1.289139986038208008e-01 -2.958008944988250732e-01 2.509070336818695068e-01 -1.233180984854698181e-02 -3.417874276638031006e-01
-2.113331109285354614e-02 -2.009272426366806030e-01 1.438259631395339966e-01 2.693567611277103424e-02 -6.143881753087043762e-02 -3.339280784130096436e-01 -2.712887227535247803e-01 -7.877844572067260742e-02 -2.927407324314117432e-01 -3.693366050720214844e-02
6.818588823080062866e-02 -2.191114127635955811e-01 -1.118851751089096069e-01 -6.177951395511627197e-02 -7.265055179595947266e-02 -2.426004968583583832e-02 7.570556551218032837e-02 -7.275673747062683105e-02 -1.546828448772430420e-01 -3.483562916517257690e-02
-3.549043834209442139e-01 -1.069478690624237061e-01 1.948521137237548828e-01 -2.455576360225677490e-01 3.834139183163642883e-02 1.330170966684818268e-02 1.227612420916557312e-01 -2.311939001083374023e-01 2.386186420917510986e-01 9.115903079509735107e-02
1.314624547958374023e-01 -1.190881133079528809e-01 -1.802915148437023163e-02 -2.375986427068710327e-01 5.202495306730270386e-02 -3.504340350627899170e-01 2.404323667287826538e-01 -2.975722849369049072e-01 -5.007289052009582520e-01 8.881631493568420410e-02
-1.127280816435813904e-01 2.271659821271896362e-01 -2.327760308980941772e-02 -1.090704798698425293e-01 -1.371442526578903198e-01 1.221969444304704666e-02 1.749138683080673218e-01 -1.497829109430313110e-01 -9.435072541236877441e-02 -1.841040551662445068e-01
9.624084830284118652e-02 -2.136185914278030396e-01 3.013781737536191940e-03 -3.921313211321830750e-02 -1.485334336757659912e-01 7.753692567348480225e-02 -3.345449268817901611e-01 -4.459366574883460999e-02 -4.156197607517242432e-02 -4.033850729465484619e-01
-1.531196832656860352e-01 -1.060309074819087982e-02 -2.030786871910095215e-02 1.145185381174087524e-01 -2.691952884197235107e-01 -1.232872903347015381e-01 1.944300979375839233e-01 8.051470853388309479e-03 -1.488882899284362793e-01 1.576775759458541870e-01
-1.286239176988601685e-01 3.840011954307556152e-01 -1.669338047504425049e-01 -1.149283200502395630e-01 -7.123172283172607422e-02 1.582217961549758911e-01 -1.345847081393003464e-02 -3.529379516839981079e-02 1.390115618705749512e-01 -3.286166861653327942e-02
-3.384043276309967041e-01 2.679243125021457672e-02 -5.544748157262802124e-02 2.022736221551895142e-01 -1.491564959287643433e-01 7.688721269369125366e-02 -2.783575952053070068e-01 1.504001766443252563e-01 -1.724517047405242920e-01 6.591655313968658447e-02
-9.820622205734252930e-02 6.616013497114181519e-02 6.026040017604827881e-02 3.074892982840538025e-02 -9.735579788684844971e-02 -2.728917598724365234e-01 -1.932896822690963745e-01 2.230514138936996460e-01 -6.324905902147293091e-02 1.812732964754104614e-01
-1.345456689596176147e-01 2.965322434902191162e-01 -7.276526093482971191e-02 -8.303266763687133789e-02 -2.186697162687778473e-02 -8.073431998491287231e-02 -7.953042536973953247e-02 2.422680892050266266e-02 -1.194855645298957825e-01 -4.440343007445335388e-02
-1.949297487735748291e-01 1.295954883098602295e-01 -1.156880259513854980e-01 -1.469519287347793579e-01 6.452951580286026001e-02 -1.888307929039001465e-01 -1.940679848194122314e-01 1.451433748006820679e-01 -2.500315606594085693e-01 3.877349197864532471e-02
-1.685414612293243408e-01 5.293868482112884521e-02 -1.223103702068328857e-01 -8.910697698593139648e-02 2.085319254547357559e-03 -9.004244953393936157e-02 -1.252591460943222046e-01 1.564282029867172241e-01 -1.321067363023757935e-01 1.726522296667098999e-01
-1.867269724607467651e-01 -7.894242182374000549e-03 -3.799537122249603271e-01 2.419353872537612915e-01 -2.828799188137054443e-02 1.583305597305297852e-01 -1.549490839242935181e-01 2.029147557914257050e-02 1.782964617013931274e-01 -1.687935590744018555e-01
-1.227600127458572388e-01 -1.327399015426635742e-01 -4.256944358348846436e-02 1.222890685312449932e-03 1.006648316979408264e-01 -1.413891930133104324e-02 1.274524927139282227e-01 -8.534038811922073364e-02 -1.371569335460662842e-01 4.307658225297927856e-02
1.678013056516647339e-02 2.117969095706939697e-02 -1.201419904828071594e-01 -1.985388398170471191e-01 -1.192147098481655121e-02 1.327585428953170776e-02 1.254785507917404175e-01 -2.961924970149993896e-01 -1.437784265726804733e-02 -8.351753652095794678e-02
-9.230089187622070312e-02 7.337292283773422241e-02 -1.629946678876876831e-01 -1.097102388739585876e-01 1.911197006702423096e-01 1.684279888868331909e-01 8.025772124528884888e-02 -1.136299148201942444e-01 2.284809574484825134e-02 -2.459352649748325348e-02
-2.549176104366779327e-02 -3.887492930516600609e-03 8.026524633169174194e-02 -1.609100550413131714e-01 -2.186453342437744141e-01 -1.578664779663085938e-01 -1.054132878780364990e-01 1.763990521430969238e-01 2.091170661151409149e-02 3.496402129530906677e-02
-2.246735394001007080e-01 2.585242874920368195e-02 -1.937775909900665283e-01 -1.770067065954208374e-01 2.780834436416625977e-01 2.991310656070709229e-01 -3.063906133174896240e-01 9.995064884424209595e-02 -9.336195141077041626e-02 -1.731335222721099854e-01
-6.556732207536697388e-02 -1.868570148944854736e-01 1.624547690153121948e-01 -1.682468205690383911e-01 -2.615634724497795105e-02 9.999801218509674072e-02 -1.909715682268142700e-01 -1.635324954986572266e-01 -2.029888778924942017e-01 -5.480948463082313538e-02
-1.216938421130180359e-01 -2.224410623311996460e-01 2.444999217987060547e-01 9.979889541864395142e-02 -8.994609117507934570e-03 -2.068286389112472534e-01 -2.595151662826538086e-01 -1.778016686439514160e-01 -1.902573257684707642e-01 1.732629537582397461e-01
-1.448979675769805908e-01 1.451175510883331299e-01 1.409867964684963226e-02 -1.935835182666778564e-02 1.429646313190460205e-01 9.845682233572006226e-02 -7.679971307516098022e-02 2.553371340036392212e-02 -1.471109688282012939e-02 -3.379144147038459778e-02
8.155620098114013672e-02 -1.739481277763843536e-02 2.258097380399703979e-02 1.249457150697708130e-01 -5.130024626851081848e-02 -1.412998139858245850e-01 -1.007173731923103333e-01 -5.019706115126609802e-02 -9.427659958600997925e-02 -2.571908198297023773e-02
-4.201635122299194336e-01 -7.253222912549972534e-02 -2.329324334859848022e-01 1.606666296720504761e-01 -2.133192569017410278e-01 4.289973154664039612e-02 -3.754759728908538818e-01 1.192578002810478210e-01 1.257318258285522461e-01 -9.751993231475353241e-03
-1.330630332231521606e-01 3.775913715362548828e-01 -2.805958874523639679e-02 -7.985403388738632202e-02 -6.242219358682632446e-02 -6.338669359683990479e-02 -8.125954121351242065e-02 -2.680186554789543152e-02 -3.189982846379280090e-02 -7.707776874303817749e-02
-5.979781597852706909e-02 -2.530758380889892578e-01 1.291157752275466919e-01 6.223330739885568619e-03 -2.932544648647308350e-01 -9.463376551866531372e-02 -2.864635288715362549e-01 -1.084449812769889832e-01 2.632907964289188385e-02 3.790684742853045464e-03
-2.106485962867736816e-01 -4.149327799677848816e-02 -1.367088854312896729e-01 -1.742828339338302612e-01 5.608773231506347656e-02 -8.912727236747741699e-02 -2.179808616638183594e-01 1.647506952285766602e-01 -2.950017452239990234e-01 7.385328412055969238e-02
-1.416064053773880005e-01 -1.391280293464660645e-01 1.503790616989135742e-01 -3.124848306179046631e-01 3.599168360233306885e-01 -1.036976128816604614e-01 3.170671761035919189e-01 -3.677368164062500000e-01 -1.008004471659660339e-01 -4.376484453678131104e-01
1.118712648749351501e-01 -2.375897914171218872e-01 -1.900317966938018799e-01 -1.635492965579032898e-02 1.728506833314895630e-01 -2.341601997613906860e-01 -4.777140617370605469e-01 1.119384765625000000e-01 1.510960161685943604e-01 -8.634251356124877930e-02
-1.696235537528991699e-01 -1.584479510784149170e-01 -1.460851579904556274e-01 -1.518481373786926270e-01 2.276595085859298706e-01 -1.437137126922607422e-01 -1.569976955652236938e-01 1.825249642133712769e-01 -2.252618968486785889e-01 -2.157499827444553375e-02
1.401520371437072754e-01 -1.563906818628311157e-01 1.903878301382064819e-01 -1.181538999080657959e-01 -4.003088772296905518e-01 -1.033149659633636475e-01 -6.173478905111551285e-03 1.600958290509879589e-03 -1.527981609106063843e-01 -2.992393970489501953e-01
1.824557036161422729e-01 -2.197219878435134888e-01 -4.166322574019432068e-02 -1.904671639204025269e-01 -5.342568755149841309e-01 -2.269863486289978027e-01 1.774898320436477661e-01 -2.481247484683990479e-02 1.420500129461288452e-01 3.390456736087799072e-01
-2.097019702196121216e-01 7.455741614103317261e-02 -8.630537986755371094e-02 -1.061199791729450226e-02 -2.658852040767669678e-01 -2.849845886230468750e-01 -2.161015570163726807e-01 2.326848059892654419e-01 -2.120106965303421021e-01 2.235142588615417480e-01
-2.134807407855987549e-01 9.792429953813552856e-02 1.062091067433357239e-02 -1.337464600801467896e-01 3.951920941472053528e-02 -1.160047203302383423e-01 -1.166703626513481140e-01 9.972310066223144531e-02 1.348930299282073975e-01 -1.421090122312307358e-02
7.382912933826446533e-02 -1.460239142179489136e-01 -1.212368458509445190e-01 -1.044295951724052429e-01 -3.431642651557922363e-01 -9.719182550907135010e-02 -2.116779536008834839e-01 1.285371482372283936e-01 2.634041942656040192e-02 -5.899851024150848389e-02
4.816050827503204346e-01 -1.823367923498153687e-01 -8.438844233751296997e-02 -2.684076130390167236e-01 -1.565313339233398438e-01 -4.222876131534576416e-01 -1.181572377681732178e-01 3.165316581726074219e-01 -3.459228575229644775e-01 -3.045332729816436768e-01
-9.628923237323760986e-02 -4.060330614447593689e-02 -1.699616014957427979e-01 -6.841421127319335938e-02 1.725975573062896729e-01 2.037016451358795166e-01 4.931579157710075378e-02 -7.968355715274810791e-02 4.822944477200508118e-02 -3.268612176179885864e-02
-2.000487297773361206e-01 -7.703980058431625366e-02 -1.412395983934402466e-01 -2.125810086727142334e-01 4.123601019382476807e-01 -9.770976006984710693e-02 -1.783829033374786377e-01 1.979254186153411865e-01 -3.499175906181335449e-01 -1.427809000015258789e-01
1.213916540145874023e-01 -2.237920314073562622e-01 2.274686992168426514e-01 -1.726503223180770874e-01 -6.371875107288360596e-02 -3.068679869174957275e-01 -1.094224080443382263e-01 -7.568781822919845581e-02 -3.765768706798553467e-01 -8.908782154321670532e-02
-1.668335646390914917e-01 2.860472798347473145e-01 5.727509502321481705e-03 2.022740989923477173e-02 -1.138490960001945496e-01 -1.412986218929290771e-01 -4.327937960624694824e-02 -1.093215048313140869e-01 -5.109269917011260986e-02 -1.360312104225158691e-01
-1.301097869873046875e-01 1.929412223398685455e-02 -4.579759389162063599e-02 -6.411735713481903076e-02 1.429992914199829102e-01 -1.242751032114028931e-01 -1.020240038633346558e-01 1.233143806457519531e-01 -1.299351751804351807e-01 9.682817757129669189e-02
-2.770682573318481445e-01 -9.970661997795104980e-02 -1.903810352087020874e-01 -2.007382512092590332e-01 3.033499419689178467e-01 -3.016893565654754639e-01 1.891071675345301628e-03 3.297015130519866943e-01 -3.110065460205078125e-01 -6.884194910526275635e-02
-1.052655428647994995e-01 -1.990299522876739502e-01 1.689709126949310303e-01 1.948066353797912598e-01 4.139047116041183472e-02 -1.862747222185134888e-01 -1.960997432470321655e-01 -8.297888934612274170e-02 -1.281678080558776855e-01 -7.905746251344680786e-02
2.536161430180072784e-02 -7.050449401140213013e-02 -4.147616624832153320e-01 2.388378828763961792e-01 -3.122249543666839600e-01 -1.127180904150009155e-01 8.942958898842334747e-03 1.334570199251174927e-01 9.393634274601936340e-03 -1.239041090011596680e-01
-1.596594899892807007e-01 8.762754499912261963e-02 6.703910231590270996e-02 7.551506906747817993e-02 -3.738890215754508972e-02 -8.478914201259613037e-02 -1.745810806751251221e-01 1.744267530739307404e-02 -1.139550656080245972e-02 2.128697931766510010e-01
-2.681214511394500732e-01 9.667271748185157776e-03 -1.811394244432449341e-01 -2.378742098808288574e-01 2.761341035366058350e-01 -2.535432279109954834e-01 1.003559306263923645e-01 1.443731337785720825e-01 -1.582443267107009888e-01 3.002262301743030548e-02
-1.360810697078704834e-01 -1.131774485111236572e-01 -6.467176973819732666e-02 1.363866869360208511e-02 2.512165009975433350e-01 -2.884838171303272247e-02 -8.111994713544845581e-02 -2.509051561355590820e-01 -2.068135887384414673e-01 -6.360288709402084351e-02
-7.304923236370086670e-02 1.118311136960983276e-01 -2.311831414699554443e-01 -1.316229254007339478e-01 8.313574641942977905e-02 1.801350414752960205e-01 -1.186869814991950989e-01 1.144141629338264465e-01 -4.618753865361213684e-02 8.329126238822937012e-02
-1.466523706912994385e-01 9.896894544363021851e-02 -6.060238461941480637e-03 -1.905341595411300659e-01 3.726993128657341003e-02 -7.192964106798171997e-02 -3.723708912730216980e-02 1.348440535366535187e-02 2.267121821641921997e-01 -3.901484981179237366e-02
-1.572767198085784912e-01 1.347226202487945557e-01 7.985045015811920166e-02 4.829794541001319885e-02 -1.027181223034858704e-01 -1.464142352342605591e-01 -1.164448708295822144e-01 2.226728647947311401e-01 -2.219279296696186066e-02 -9.189087897539138794e-02
-6.674772500991821289e-02 -6.068861111998558044e-02 -2.558814547955989838e-02 -1.512511819601058960e-01 -1.317238807678222656e-01 -8.157006651163101196e-02 1.107205301523208618e-01 -8.896025829017162323e-03 -3.006342947483062744e-01 -2.303511351346969604e-01
-1.148737818002700806e-01 -1.915683746337890625e-01 1.148529872298240662e-01 -1.598459631204605103e-01 6.186442077159881592e-02 6.110804900527000427e-02 -2.570247948169708252e-01 -2.067105770111083984e-01 -3.659936413168907166e-02 -1.404450237751007080e-01
-1.557431221008300781e-01 1.959039568901062012e-01 -1.641303487122058868e-02 1.311950236558914185e-01 2.542984299361705780e-02 -9.370209276676177979e-02 -1.215401366353034973e-01 3.943832591176033020e-02 4.688643664121627808e-02 3.786227665841579437e-03
-1.398690342903137207e-01 -1.508412659168243408e-01 -1.418679505586624146e-01 1.191824972629547119e-01 -4.308050498366355896e-02 -6.334756314754486084e-02 -2.902078330516815186e-01 1.558738350868225098e-01 -9.227594733238220215e-02 1.666319817304611206e-01
-3.748833388090133667e-02 -1.121927872300148010e-01 1.209134142845869064e-02 1.468688100576400757e-01 -1.675457209348678589e-01 -6.927017867565155029e-02 -1.588103361427783966e-02 2.266996502876281738e-01 -1.711465567350387573e-01 -1.656012684106826782e-01
-1.462275981903076172e-01 2.687343060970306396e-01 5.836809054017066956e-02 6.889814883470535278e-02 -4.793591052293777466e-02 -1.856432855129241943e-01 -1.235398128628730774e-01 -2.218171395361423492e-02 -8.213293552398681641e-02 -9.132788330316543579e-02
1.810459494590759277e-01 -2.842268049716949463e-01 -2.947194278240203857e-01 -2.017523497343063354e-01 -3.843385875225067139e-01 1.299896240234375000e-01 -3.818958401679992676e-01 -3.172178548993542790e-05 -3.441757559776306152e-01 3.592874407768249512e-01
-1.514467298984527588e-01 1.366574168205261230e-01 -8.083894848823547363e-02 -4.463400319218635559e-02 -1.542402356863021851e-01 -1.697345227003097534e-01 -1.524857878684997559e-01 1.917747110128402710e-01 -2.072865813970565796e-01 1.589586734771728516e-01
3.227743804454803467e-01 -2.869279086589813232e-01 -1.272614113986492157e-03 -2.789417505264282227e-01 -2.283063530921936035e-01 6.468401104211807251e-02 -3.474814593791961670e-01 4.813912510871887207e-02 -1.135634034872055054e-01 -1.062965765595436096e-01
-1.344949007034301758e-01 3.255769312381744385e-01 -3.759530931711196899e-02 -8.561027050018310547e-02 -4.468084871768951416e-02 -1.047303006052970886e-01 -1.044980585575103760e-01 1.205595880746841431e-01 -1.101789399981498718e-01 -7.595849782228469849e-02
-4.642280638217926025e-01 7.612320035696029663e-02 -3.080072700977325439e-01 2.334761172533035278e-01 1.194986775517463684e-01 3.675947189331054688e-01 -2.784336805343627930e-01 -1.281935721635818481e-01 -1.240331977605819702e-01 8.411328494548797607e-02
-2.764801979064941406e-01 4.374142154119908810e-04 -2.493930757045745850e-01 -1.475891172885894775e-01 2.955260574817657471e-01 -2.437854707241058350e-01 1.547744870185852051e-01 1.079879403114318848e-01 -1.728609800338745117e-01 -1.684700697660446167e-01
-1.976908147335052490e-01 -3.477888181805610657e-02 -2.097165137529373169e-01 -7.908268272876739502e-02 2.853227257728576660e-01 2.418688125908374786e-02 -4.983410611748695374e-02 9.889693558216094971e-02 -2.383048236370086670e-01 -4.460736736655235291e-02
1.040012985467910767e-01 -1.644340343773365021e-02 -1.954085826873779297e-01 1.127167567610740662e-01 -2.297425270080566406e-01 1.553109288215637207e-01 -2.441953122615814209e-01 -1.304434537887573242e-01 -3.160474598407745361e-01 -2.059590965509414673e-01
-1.305384784936904907e-01 -2.612677514553070068e-01 7.490190863609313965e-02 -6.910477578639984131e-02 -1.603646874427795410e-01 -1.315443217754364014e-01 -8.990756422281265259e-02 -3.072279095649719238e-01 -2.603097558021545410e-01 -4.521343484520912170e-02
-7.703309506177902222e-02 5.694111436605453491e-02 -1.633739215321838856e-03 8.427447080612182617e-02 1.059802249073982239e-01 7.008708268404006958e-02 -1.935600116848945618e-02 -2.260937541723251343e-01 3.223737701773643494e-02 1.240023672580718994e-01
-2.501587271690368652e-01 3.824255988001823425e-02 7.123009860515594482e-02 -2.263342440128326416e-01 -1.579956263303756714e-01 -2.673252522945404053e-01 3.814354240894317627e-01 4.514488950371742249e-02 -1.749206781387329102e-01 -9.821051731705665588e-03
3.765354752540588379e-01 -2.367220818996429443e-01 -3.179731070995330811e-01 -3.559824824333190918e-01 -8.740328252315521240e-03 -1.882704794406890869e-01 -6.638583540916442871e-02 8.942750096321105957e-02 -3.899893760681152344e-01 -2.216677218675613403e-01
-1.297268122434616089e-01 -3.306794539093971252e-02 1.719090342521667480e-02 -9.097658842802047729e-02 -1.734506934881210327e-01 3.286091610789299011e-02 -1.268013729713857174e-03 -1.397814718075096607e-03 2.324986271560192108e-02 -1.022874116897583008e-01
-5.738891288638114929e-02 -1.902138739824295044e-01 8.814014494419097900e-02 1.583857387304306030e-01 -1.770836263895034790e-01 -6.901066005229949951e-02 -1.083965003490447998e-01 -1.692595891654491425e-02 -1.939194351434707642e-01 6.949806958436965942e-02
-6.761129200458526611e-02 -2.515856735408306122e-02 2.906789071857929230e-02 1.891130208969116211e-01 -3.927732408046722412e-01 -3.588361740112304688e-01 -2.225533276796340942e-01 2.833791673183441162e-01 -1.873116046190261841e-01 3.974586427211761475e-01
1.572178602218627930e-01 -1.641474217176437378e-01 -2.862775325775146484e-02 5.077358800917863846e-04 -2.839003801345825195e-01 -2.013562619686126709e-01 -4.427590966224670410e-01 1.781746745109558105e-02 2.086557447910308838e-02 -1.109234914183616638e-01
-1.208160966634750366e-01 -2.810314297676086426e-01 9.483360499143600464e-02 -2.187043428421020508e-01 1.963780447840690613e-02 -4.690911471843719482e-01 1.161635220050811768e-01 -8.790686726570129395e-03 2.384719550609588623e-01 3.984077647328376770e-02
-1.235722154378890991e-01 5.503894388675689697e-02 -1.328773200511932373e-01 -1.159897446632385254e-01 1.501242369413375854e-01 8.918465673923492432e-02 -4.176257923245429993e-02 8.303052186965942383e-02 -5.868449807167053223e-02 7.965448498725891113e-02
-3.233416080474853516e-01 -1.497580856084823608e-01 1.047421321272850037e-01 -2.845924161374568939e-02 1.949264556169509888e-01 -9.342494606971740723e-02 -2.036717683076858521e-01 -2.095196545124053955e-01 7.572974264621734619e-02 2.008154243230819702e-01
-8.888429403305053711e-02 -2.560019195079803467e-01 -1.351241171360015869e-01 -1.603649854660034180e-01 -1.911528259515762329e-01 -8.971440792083740234e-02 -1.142209023237228394e-01 9.542596340179443359e-02 -3.163312748074531555e-02 -3.081727325916290283e-01
-3.311602771282196045e-02 -2.390705496072769165e-01 -1.965066641569137573e-01 -9.101215749979019165e-03 -4.041841328144073486e-01 4.453432932496070862e-02 -6.211349740624427795e-02 -1.852014362812042236e-01 1.423567831516265869e-01 -8.670267462730407715e-02
2.374501079320907593e-01 -1.317550539970397949e-01 -4.400985836982727051e-01 1.442546099424362183e-01 -7.801590114831924438e-02 3.846919164061546326e-02 -1.952362358570098877e-01 -2.123312652111053467e-01 2.211921811103820801e-01 -4.630860313773155212e-02
-1.903311461210250854e-01 8.215652778744697571e-03 -1.506801843643188477e-01 -1.215146183967590332e-01 1.491024047136306763e-01 2.087530940771102905e-01 -2.631397545337677002e-01 -4.529613554477691650e-01 1.821747720241546631e-01 -1.701888889074325562e-01
9.424331039190292358e-02 -1.910763084888458252e-01 6.917283684015274048e-02 -3.428023457527160645e-01 1.243298053741455078e-01 -1.672733277082443237e-01 1.776529103517532349e-01 -5.477495193481445312e-01 2.033664733171463013e-01 1.627349555492401123e-01
-1.205235421657562256e-01 -5.095110833644866943e-02 -1.829823553562164307e-01 8.968803100287914276e-03 9.513175487518310547e-02 1.248152628540992737e-01 1.465987786650657654e-02 -1.113154143095016479e-01 6.432535499334335327e-02 4.439612105488777161e-02
-5.713725835084915161e-02 8.781378716230392456e-02 1.685828566551208496e-01 -1.553957164287567139e-02 -8.612930774688720703e-02 -1.844104528427124023e-01 -3.570925071835517883e-02 2.134350389242172241e-01 -8.786331862211227417e-02 -8.203174173831939697e-02
3.129145503044128418e-01 -2.345318794250488281e-01 1.262832060456275940e-02 6.700651347637176514e-02 -3.935496211051940918e-01 1.310417652130126953e-01 -3.081308007240295410e-01 1.032498329877853394e-01 -1.652082055807113647e-01 -5.024263858795166016e-01
6.037461385130882263e-02 -7.898365706205368042e-02 4.346929024904966354e-03 2.475146763026714325e-02 -3.182941377162933350e-01 9.701283648610115051e-03 -1.418265849351882935e-01 -2.918580174446105957e-02 -1.671169996261596680e-01 -2.173396050930023193e-01
-2.045660279691219330e-02 -2.485212087631225586e-01 9.630951285362243652e-02 1.846711151301860809e-02 -2.589937448501586914e-01 -1.968721896409988403e-01 -2.177415490150451660e-01 -5.865573137998580933e-02 -1.250756531953811646e-02 -1.456826329231262207e-01
1.125739980489015579e-02 9.772690385580062866e-02 -2.301148772239685059e-01 -1.946894675493240356e-01 -5.182721652090549469e-03 1.015766412019729614e-01 1.641958355903625488e-01 -2.348732203245162964e-02 2.152366749942302704e-02 9.744346141815185547e-02
-1.525783538818359375e-01 1.873191744089126587e-01 -7.150635868310928345e-02 -1.118913758546113968e-02 9.580183774232864380e-03 -2.043714933097362518e-02 -1.034763455390930176e-01 4.260275140404701233e-02 -1.201092600822448730e-01 1.310150027275085449e-01
-1.425888240337371826e-01 2.906664609909057617e-01 -1.593469977378845215e-01 -1.132422909140586853e-01 2.201960049569606781e-02 -9.965557605028152466e-03 -4.726212099194526672e-02 3.442392125725746155e-02 -4.132071509957313538e-03 9.466022998094558716e-02
-1.345660388469696045e-01 3.700912296772003174e-01 -2.817436121404170990e-02 -1.370648890733718872e-01 -1.048099175095558167e-01 -7.766659557819366455e-02 -7.677926123142242432e-02 -8.461931347846984863e-02 -1.897856742143630981e-01 -1.114251911640167236e-01
-2.272635698318481445e-01 2.146831154823303223e-01 -5.827027559280395508e-02 1.175223663449287415e-02 -8.187198638916015625e-02 -2.336945571005344391e-02 1.627825498580932617e-01 -8.509948104619979858e-02 -1.084411740303039551e-01 -1.641494035720825195e-01
-1.172604337334632874e-01 -7.907476276159286499e-02 -3.807009160518646240e-01 2.305492945015430450e-02 1.237596422433853149e-01 1.312284767627716064e-01 7.488691061735153198e-02 -4.574914276599884033e-02 5.760311335325241089e-02 -2.291984558105468750e-01
-1.440061032772064209e-01 2.857219278812408447e-01 -2.794972062110900879e-02 -8.279114216566085815e-02 -6.808889657258987427e-02 -8.291550725698471069e-02 -5.484256148338317871e-02 -7.836115360260009766e-02 -1.282942742109298706e-01 -1.049079671502113342e-01
-1.583021730184555054e-01 1.283248811960220337e-01 -4.930282384157180786e-02 9.798687696456909180e-02 1.193939149379730225e-02 -2.129519730806350708e-01 -1.539384573698043823e-01 1.673788726329803467e-01 -1.066580414772033691e-01 1.918864548206329346e-01
-3.122761659324169159e-02 -4.353703185915946960e-02 -5.759869888424873352e-02 -7.282109558582305908e-02 -2.524555325508117676e-01 2.807261981070041656e-02 2.175477743148803711e-01 -1.772489696741104126e-01 -1.603578627109527588e-01 -3.734714984893798828e-01
5.479841679334640503e-02 -1.423296481370925903e-01 -3.567631244659423828e-01 -3.717902600765228271e-01 1.601987630128860474e-01 2.096642702817916870e-01 2.317515015602111816e-01 -4.214458465576171875e-01 1.759969294071197510e-01 1.504213213920593262e-01
-1.342282295227050781e-01 3.752007484436035156e-01 -9.970771521329879761e-02 -8.923532813787460327e-02 -9.428890049457550049e-02 -6.329506635665893555e-02 -7.341323047876358032e-02 -7.823268324136734009e-02 -1.549092084169387817e-01 -9.750186651945114136e-02
-2.401721030473709106e-01 -3.714293241500854492e-02 -2.730135917663574219e-01 6.086060404777526855e-02 -2.619879133999347687e-02 4.583065956830978394e-02 -2.155476659536361694e-01 1.549172103404998779e-01 6.670504342764616013e-03 -4.387277737259864807e-02
3.047475777566432953e-02 5.105212330818176270e-04 1.058113947510719299e-01 3.146945685148239136e-02 -3.947145044803619385e-01 4.084628447890281677e-02 9.322990477085113525e-02 -2.864760458469390869e-01 -2.142544537782669067e-01 -3.216490745544433594e-01
-1.429666727781295776e-01 6.917215883731842041e-02 -9.446807205677032471e-02 -5.371645465493202209e-02 -9.734353423118591309e-02 -1.148718670010566711e-01 -1.135252863168716431e-01 1.928648948669433594e-01 -1.758270859718322754e-01 1.765175461769104004e-01
9.668211638927459717e-02 6.458560377359390259e-02 -2.917738854885101318e-01 -1.419986039400100708e-01 -2.764983475208282471e-01 5.175083875656127930e-01 -2.396980375051498413e-01 4.408283904194831848e-02 -4.118387699127197266e-01 -2.655923366546630859e-01
-2.863607406616210938e-01 -4.417758435010910034e-02 -1.376012414693832397e-01 9.323792532086372375e-03 -8.990599960088729858e-02 1.009988561272621155e-01 -2.237335592508316040e-01 -3.714098036289215088e-02 8.444144576787948608e-02 1.760078817605972290e-01
5.891992524266242981e-02 -2.530190944671630859e-01 -7.659521698951721191e-02 -1.435360908508300781e-01 -3.707163408398628235e-02 -1.102792397141456604e-01 1.440779268741607666e-01 -1.084565147757530212e-01 5.602608993649482727e-02 9.645485132932662964e-02
-1.449490934610366821e-01 2.561563849449157715e-01 -7.873600721359252930e-02 -1.493686437606811523e-01 2.251710277050733566e-03 9.720584005117416382e-02 -7.788249850273132324e-02 1.023100912570953369e-01 -5.397317931056022644e-02 -3.069122880697250366e-02
-1.325656771659851074e-01 -1.126827597618103027e-01 -2.427213788032531738e-01 1.509219557046890259e-01 8.590127527713775635e-02 5.769381299614906311e-02 1.091745588928461075e-02 -1.616830378770828247e-02 -1.957238763570785522e-01 -3.669554367661476135e-02
-1.402312666177749634e-01 -4.166582971811294556e-02 1.466675940901041031e-02 -6.435255706310272217e-02 2.335813492536544800e-01 -1.015531271696090698e-01 -2.217301353812217712e-02 -1.967944949865341187e-01 -1.372342258691787720e-01 5.354028195142745972e-02
-2.385084480047225952e-01 6.309880316257476807e-02 -4.945059120655059814e-02 -2.073296308517456055e-01 6.195418909192085266e-02 7.503370940685272217e-02 5.091585218906402588e-02 -1.738464534282684326e-01 1.771460026502609253e-01 6.899338215589523315e-02
2.395765185356140137e-01 -7.355000823736190796e-02 1.899177283048629761e-01 5.400216579437255859e-02 -3.872754275798797607e-01 -1.743853688240051270e-01 -9.596352279186248779e-02 -2.905353009700775146e-01 -1.087913364171981812e-01 -3.032631278038024902e-01
1.004821583628654480e-01 -1.827183663845062256e-01 2.015997171401977539e-01 -4.286365807056427002e-01 7.906023412942886353e-02 -2.643248140811920166e-01 1.838390529155731201e-01 -3.095587491989135742e-01 4.677661955356597900e-01 -2.125154286623001099e-01
2.023726105690002441e-01 -2.293356508016586304e-01 -2.013751119375228882e-01 -3.107021152973175049e-01 2.283059060573577881e-02 1.367325484752655029e-01 1.740272939205169678e-01 -4.916397854685783386e-03 -3.977448940277099609e-01 -5.744865164160728455e-02
-2.805538773536682129e-01 6.849485635757446289e-02 1.172307655215263367e-01 -1.840804517269134521e-01 -3.894536942243576050e-02 6.051335856318473816e-02 -1.622224301099777222e-01 1.440404634922742844e-02 2.439289838075637817e-01 -1.176183149218559265e-01
-1.356437951326370239e-01 2.587467133998870850e-01 -1.586201339960098267e-01 -1.457683444023132324e-01 2.555904351174831390e-02 7.507372647523880005e-02 -8.732291311025619507e-02 1.422214806079864502e-01 -1.242401376366615295e-01 1.811786182224750519e-02
-1.229474768042564392e-01 3.942089378833770752e-01 -7.365144044160842896e-02 -9.437557309865951538e-02 -7.078219950199127197e-02 -6.890708208084106445e-02 -6.295406818389892578e-02 -2.186752110719680786e-02 -1.157230287790298462e-01 -6.005401164293289185e-02
-2.767707705497741699e-01 6.649427115917205811e-02 -9.688510000705718994e-02 -1.861763596534729004e-01 -6.942110508680343628e-02 1.024585589766502380e-01 -2.253234572708606720e-02 -2.821366488933563232e-01 8.693377673625946045e-02 2.793913781642913818e-01
-1.277403980493545532e-01 3.929151594638824463e-01 -1.167836189270019531e-01 -7.938838750123977661e-02 -6.224829331040382385e-02 -6.243339180946350098e-02 -8.813124150037765503e-02 -1.182143203914165497e-02 -1.219276860356330872e-01 -5.939467251300811768e-02
-9.980700910091400146e-02 -3.093337118625640869e-01 9.067512303590774536e-02 -2.262292355298995972e-01 -2.906576395034790039e-01 4.990322142839431763e-02 -1.343534439802169800e-01 1.176416650414466858e-01 -8.665014803409576416e-02 -2.264573276042938232e-01
-1.317710131406784058e-01 -1.332533657550811768e-01 5.355961620807647705e-02 5.755398422479629517e-02 6.418549269437789917e-02 -5.177636072039604187e-02 1.838655173778533936e-01 -1.901930868625640869e-01 -9.405396878719329834e-03 -1.190223544836044312e-01
-3.876670449972152710e-02 -2.898314595222473145e-01 -5.125595256686210632e-02 -1.257141828536987305e-01 1.133738365024328232e-02 -3.301792740821838379e-01 4.846667498350143433e-02 9.918832033872604370e-02 -1.410790905356407166e-02 -5.424097616923972964e-05
-5.565151199698448181e-02 -2.696606516838073730e-01 3.454159572720527649e-02 -3.517554700374603271e-01 -1.025179550051689148e-01 1.850328296422958374e-01 1.076857298612594604e-01 3.244935348629951477e-02 1.959955394268035889e-01 2.618815936148166656e-02
-2.728882133960723877e-01 -4.256635159254074097e-02 4.160740971565246582e-02 -1.833727061748504639e-01 1.228448748588562012e-01 -6.197466328740119934e-02 1.083129867911338806e-01 -4.419034719467163086e-01 1.817709505558013916e-01 3.387928307056427002e-01
-2.272463440895080566e-01 2.322665601968765259e-02 -1.486945301294326782e-01 -1.860876195132732391e-02 1.647259294986724854e-01 -2.255540043115615845e-01 -2.692608833312988281e-01 1.499224752187728882e-01 -2.271699458360671997e-01 1.576405912637710571e-01
-7.120539085008203983e-04 8.980967849493026733e-02 7.509914040565490723e-02 1.605512201786041260e-02 -2.821958661079406738e-01 -8.574417978525161743e-02 4.553591459989547729e-02 -2.499244362115859985e-01 -1.519499570131301880e-01 -3.419234156608581543e-01
-2.756762690842151642e-02 -7.335264701396226883e-03 -2.164640575647354126e-01 1.227559223771095276e-01 4.234917461872100830e-02 -4.067469015717506409e-02 -3.915213793516159058e-02 5.976996198296546936e-02 -1.055940985679626465e-01 -1.525426805019378662e-01
-1.579549759626388550e-01 1.479981988668441772e-01 -1.694789081811904907e-01 -1.100160554051399231e-01 1.071481592953205109e-02 -1.983115077018737793e-02 -1.444285064935684204e-01 2.433495223522186279e-01 -2.192908823490142822e-01 5.554055050015449524e-02
-1.515241116285324097e-01 1.218399554491043091e-01 -5.586446449160575867e-02 -1.079669445753097534e-01 1.271840482950210571e-01 -9.308817796409130096e-03 -3.782800212502479553e-02 8.312354236841201782e-02 -1.103809326887130737e-01 1.938450522720813751e-02
1.610232889652252197e-01 -1.038763821125030518e-01 1.160933747887611389e-01 -4.347056522965431213e-02 -4.819386601448059082e-01 -9.535613656044006348e-02 9.739130735397338867e-02 -7.152200490236282349e-02 -1.740743219852447510e-01 -2.910690009593963623e-01
1.812701076269149780e-01 -4.239288717508316040e-02 -4.718036055564880371e-01 -1.961237788200378418e-01 -2.011868059635162354e-01 4.482060074806213379e-01 2.408928424119949341e-01 -1.949673518538475037e-02 -3.649387955665588379e-01 -3.253591060638427734e-01
-1.481831669807434082e-01 -8.923100680112838745e-02 8.360604196786880493e-02 -1.653689444065093994e-01 -3.656371310353279114e-02 3.624818623065948486e-01 -3.514561802148818970e-02 -4.803446680307388306e-02 -9.748210757970809937e-02 -1.202307641506195068e-01
5.479521676898002625e-02 -3.364891186356544495e-02 -4.699109196662902832e-01 2.134021967649459839e-01 -5.054001137614250183e-02 -2.130387723445892334e-02 7.796093076467514038e-02 -1.468041539192199707e-01 4.712116718292236328e-02 6.821135431528091431e-02
-1.263122707605361938e-01 3.396741449832916260e-01 -8.669499307870864868e-02 -1.756056211888790131e-02 -2.845566719770431519e-02 1.913464628159999847e-02 1.671268790960311890e-02 -5.134205520153045654e-02 3.954847529530525208e-02 -4.653803259134292603e-02
-2.912828922271728516e-01 -6.943756341934204102e-02 -3.383808135986328125e-01 1.439607590436935425e-01 -3.920043259859085083e-02 3.324920833110809326e-01 4.744146391749382019e-02 -2.024335414171218872e-01 1.900066137313842773e-01 -4.175267741084098816e-02
3.067069947719573975e-01 -1.731836199760437012e-01 -1.650503575801849365e-01 -4.093504250049591064e-01 -2.713022530078887939e-01 -6.829632818698883057e-02 -7.250991463661193848e-02 -1.735365577042102814e-02 -1.654757708311080933e-01 1.455219835042953491e-01
-1.047507897019386292e-01 1.060591414570808411e-01 7.432840764522552490e-02 -6.471464782953262329e-02 -1.629446744918823242e-01 6.461175158619880676e-03 8.121131360530853271e-02 -9.316267073154449463e-02 1.931212842464447021e-02 -1.190882623195648193e-01
-6.760570406913757324e-02 7.161156833171844482e-02 1.306026726961135864e-01 -3.372479081153869629e-01 -1.930777877569198608e-01 -4.509627074003219604e-02 9.850537031888961792e-02 6.695006042718887329e-02 8.943902701139450073e-02 1.715929061174392700e-02
-1.782970875501632690e-01 1.508208215236663818e-01 1.860711351037025452e-02 1.619083732366561890e-01 -1.100119203329086304e-01 -7.818344235420227051e-02 1.963033899664878845e-02 -2.003574073314666748e-01 -1.487184911966323853e-01 -2.692414820194244385e-01
-1.963599771261215210e-01 3.980122879147529602e-02 -1.101598888635635376e-01 -1.753257662057876587e-01 3.340833187103271484e-01 9.501753747463226318e-02 -1.325439512729644775e-01 7.052423804998397827e-02 -2.474321126937866211e-01 -2.218475751578807831e-02
2.317924201488494873e-01 -3.321414887905120850e-01 -1.164585277438163757e-01 -3.561309874057769775e-01 -2.228356003761291504e-01 1.176674440503120422e-01 -2.556430697441101074e-01 1.373023092746734619e-01 -2.790175378322601318e-01 7.919343560934066772e-02
9.992134571075439453e-02 -1.520898491144180298e-01 3.272314369678497314e-02 -1.079852581024169922e-01 -3.351636528968811035e-01 -1.442180722951889038e-01 -6.421721726655960083e-02 -1.252782493829727173e-01 -9.995898604393005371e-02 2.591462731361389160e-01
1.920821964740753174e-01 -1.892302632331848145e-01 -1.174303591251373291e-01 -2.945701181888580322e-01 -6.918832659721374512e-02 -2.269449532032012939e-01 -1.160022709518671036e-02 -2.977595478296279907e-02 -2.318357974290847778e-01 -2.368706017732620239e-01
-8.217262476682662964e-02 2.183331847190856934e-01 7.125744596123695374e-03 1.612585037946701050e-01 -2.019697278738021851e-01 7.994525879621505737e-02 -5.988779477775096893e-03 -2.036674916744232178e-01 -1.237845718860626221e-01 -1.889418363571166992e-01
-1.530612111091613770e-01 3.148249089717864990e-01 5.891704931855201721e-02 8.978711068630218506e-02 -6.626534461975097656e-02 -2.111332565546035767e-01 -1.017933338880538940e-01 -1.065644547343254089e-01 -3.357067704200744629e-02 -1.311349421739578247e-01
1.788245886564254761e-02 1.102364212274551392e-01 -2.625072896480560303e-01 -1.551400870084762573e-01 6.711173057556152344e-02 1.854491680860519409e-01 2.790968865156173706e-02 4.961207881569862366e-02 -2.192675136029720306e-02 4.862081259489059448e-02
-1.585202515125274658e-01 2.815788388252258301e-01 9.404384344816207886e-02 -7.112552225589752197e-02 -1.492864787578582764e-01 -1.238577067852020264e-01 -1.366013735532760620e-01 -3.855793923139572144e-02 -1.309313476085662842e-01 -1.347704678773880005e-01
-2.780684232711791992e-01 9.738033264875411987e-02 8.318568766117095947e-02 -2.244200408458709717e-01 -5.937555432319641113e-02 -1.216528862714767456e-01 -1.426232010126113892e-01 1.684502214193344116e-01 -1.036149188876152039e-01 7.021203637123107910e-03
-2.144822627305984497e-01 1.247701942920684814e-01 1.261678040027618408e-01 2.396837621927261353e-01 6.466871500015258789e-02 -2.408899068832397461e-01 -1.545739024877548218e-01 -5.421616137027740479e-02 -1.451486200094223022e-01 -8.864852786064147949e-02
-2.144436538219451904e-01 4.781436547636985779e-02 -6.103656068444252014e-02 2.139413505792617798e-01 -2.252089045941829681e-02 5.032164603471755981e-02 -1.282945573329925537e-01 9.086014330387115479e-02 -1.228101626038551331e-01 -6.116858869791030884e-02
-7.760375738143920898e-02 -2.139406278729438782e-02 -5.155572891235351562e-01 -9.812326729297637939e-02 1.925373077392578125e-01 -1.792881521396338940e-03 -4.879337176680564880e-02 -2.387508600950241089e-01 -8.520611375570297241e-02 -1.688734740018844604e-01
-4.736648499965667725e-01 -8.528225123882293701e-02 2.643997669219970703e-01 -3.414331376552581787e-01 1.569004952907562256e-01 -4.723749756813049316e-01 2.101461887359619141e-01 -3.035768866539001465e-01 4.281207025051116943e-01 2.062469869852066040e-01
-1.464377939701080322e-01 3.210758045315742493e-02 -4.372180253267288208e-02 1.457881927490234375e-01 -7.768276333808898926e-02 4.289000108838081360e-02 5.748778954148292542e-02 -3.114887177944183350e-01 -1.206385437399148941e-03 -1.830148845911026001e-01
-1.117634922266006470e-01 -5.514141172170639038e-02 -1.004690304398536682e-01 -2.783372700214385986e-01 4.662134870886802673e-02 9.353688359260559082e-02 2.680977992713451385e-02 -3.775045573711395264e-01 -7.976531982421875000e-02 1.423597186803817749e-01
-1.770526766777038574e-01 -1.988489776849746704e-01 1.045648530125617981e-01 -2.334868013858795166e-01 2.190950512886047363e-01 -9.222512692213058472e-02 -3.758468851447105408e-02 1.285894215106964111e-01 -4.691114425659179688e-01 -1.400083452463150024e-01
2.477768212556838989e-01 -2.817832827568054199e-01 -2.856003940105438232e-01 -1.061413362622261047e-01 9.873018413782119751e-02 -1.292795538902282715e-01 -4.662245512008666992e-01 5.085660517215728760e-02 1.000492721796035767e-01 8.036778122186660767e-02
-1.720077097415924072e-01 -1.216550394892692566e-01 8.244100026786327362e-03 -1.836434602737426758e-01 2.709266543388366699e-01 -1.256627887487411499e-01 8.106649667024612427e-02 -1.686011105775833130e-01 -4.101649224758148193e-01 2.651260197162628174e-01
-1.827779412269592285e-01 1.339849680662155151e-01 -9.616791456937789917e-02 -7.319517433643341064e-02 -1.890586167573928833e-01 -2.218145728111267090e-01 -1.734059303998947144e-01 2.025978565216064453e-01 -2.195719480514526367e-01 9.977418929338455200e-02
-1.592156738042831421e-01 2.344353944063186646e-01 2.824270725250244141e-02 3.426077961921691895e-02 -1.832991465926170349e-02 -8.818577975034713745e-02 -7.277601957321166992e-02 1.205069292336702347e-02 -1.136345043778419495e-02 -2.866678126156330109e-02
-2.139923721551895142e-01 1.211069640703499317e-03 -1.593019962310791016e-01 1.691067665815353394e-01 -6.725108623504638672e-02 1.783329546451568604e-01 -1.526883542537689209e-01 8.668145537376403809e-02 -1.693264245986938477e-01 1.069454923272132874e-01
-3.787298873066902161e-02 -2.105859518051147461e-01 -3.159387111663818359e-01 3.559739887714385986e-02 1.180590316653251648e-01 -1.084214895963668823e-01 2.477116510272026062e-02 -3.363985717296600342e-01 2.064138054847717285e-01 -1.034338921308517456e-01
-1.604259908199310303e-01 2.311627417802810669e-01 -1.392727997153997421e-02 -1.037793681025505066e-01 -7.456097751855850220e-02 -1.335999816656112671e-01 -1.200613975524902344e-01 2.534087896347045898e-01 -1.733792424201965332e-01 -1.392559707164764404e-01
-1.684540659189224243e-01 1.367966830730438232e-01 2.440093010663986206e-01 2.060044705867767334e-01 -2.691392786800861359e-03 -1.911491304636001587e-01 -1.653145551681518555e-01 4.416730999946594238e-02 -2.010032236576080322e-01 -2.676022350788116455e-01
1.998903788626194000e-02 -2.257527969777584076e-02 -5.174981430172920227e-02 -3.197432756423950195e-01 -2.749915607273578644e-02 1.102342903614044189e-01 1.985685676336288452e-01 -2.706387042999267578e-01 -1.467247903347015381e-01 -2.900833189487457275e-01
-1.863849908113479614e-01 1.060507819056510925e-01 2.521826624870300293e-01 -1.180140897631645203e-01 -1.621571332216262817e-01 -8.358311653137207031e-02 -4.045127332210540771e-02 -5.678515881299972534e-02 3.329010307788848877e-02 -9.893833100795745850e-02
2.309358716011047363e-01 -2.135686427354812622e-01 -9.484813362360000610e-02 -2.363792508840560913e-01 -2.959398627281188965e-01 2.479067444801330566e-01 -3.263210654258728027e-01 -3.780627995729446411e-02 -8.813329041004180908e-02 3.844268992543220520e-02
-1.255178600549697876e-01 3.927553892135620117e-01 -8.537350594997406006e-02 -1.075826510787010193e-01 -9.358854591846466064e-02 3.033195622265338898e-03 -5.435274168848991394e-02 -5.553270876407623291e-02 -1.807654201984405518e-01 -8.810433745384216309e-02
-1.928507536649703979e-01 2.708024904131889343e-02 -1.170485466718673706e-01 1.408174186944961548e-01 -1.274027228355407715e-01 -7.984550297260284424e-02 -1.971988826990127563e-01 1.463849544525146484e-01 -3.492311537265777588e-01 3.307308256626129150e-01
-2.073477804660797119e-01 -1.909765601158142090e-02 2.676406204700469971e-01 5.063221454620361328e-01 -6.288217753171920776e-02 -2.825349271297454834e-01 -3.910579085350036621e-01 4.644723609089851379e-03 -2.202248126268386841e-01 -3.815984427928924561e-01
1.144979074597358704e-01 -1.260412633419036865e-01 -3.012863993644714355e-01 1.697765290737152100e-01 -9.015411138534545898e-02 3.356971591711044312e-02 1.106684952974319458e-01 -1.797005347907543182e-02 -5.663326755166053772e-02 7.202098518610000610e-02
-6.296315044164657593e-02 -4.767030477523803711e-02 -6.630069017410278320e-02 -5.453780665993690491e-02 -2.377624213695526123e-01 -1.324274539947509766e-01 3.199048638343811035e-01 -2.114370614290237427e-01 -2.003194093704223633e-01 1.979748532176017761e-02
-9.786419570446014404e-03 -6.181057170033454895e-02 7.714582234621047974e-02 -4.682679101824760437e-02 1.837762147188186646e-01 -5.448867753148078918e-02 -1.040671542286872864e-01 -1.410799920558929443e-01 -1.904200166463851929e-01 -1.969016194343566895e-01
-4.850105568766593933e-02 -4.910679534077644348e-03 -7.283445447683334351e-02 -3.842508792877197266e-02 -9.246514178812503815e-03 -9.790634363889694214e-02 -3.736371919512748718e-02 -1.316684633493423462e-01 -9.537333995103836060e-02 3.738678246736526489e-02
-3.022952675819396973e-01 -1.142782196402549744e-01 1.551424562931060791e-01 -1.534619778394699097e-01 3.030798733234405518e-01 3.225576132535934448e-02 -2.136993035674095154e-02 -2.732773125171661377e-01 -9.539598971605300903e-02 -2.916996479034423828e-01
8.882794529199600220e-02 -6.012805551290512085e-02 -3.197094798088073730e-02 3.223304077982902527e-02 -2.645149528980255127e-01 -1.292601972818374634e-01 -2.276724725961685181e-01 -2.480685114860534668e-01 1.012444123625755310e-01 1.739327609539031982e-02
7.455386221408843994e-02 -2.540161609649658203e-01 -3.850756883621215820e-01 -2.222190648317337036e-01 1.314699649810791016e-01 -1.699997633695602417e-01 3.854165673255920410e-01 2.129706926643848419e-02 -3.346278071403503418e-01 3.807197511196136475e-02
-3.457627594470977783e-01 2.517816610634326935e-02 -1.118209585547447205e-01 1.336502283811569214e-01 1.271604299545288086e-01 1.823449581861495972e-01 -1.252468973398208618e-01 -1.140066087245941162e-01 -1.198646575212478638e-01 -2.206930145621299744e-02
-2.358414679765701294e-01 -3.682720940560102463e-03 -2.760561183094978333e-02 1.103360131382942200e-01 -1.372126638889312744e-01 -1.350864320993423462e-01 2.065760940313339233e-01 1.786257373169064522e-03 -1.673227995634078979e-01 -1.211958825588226318e-01
-1.349338293075561523e-01 2.204009443521499634e-01 -5.655149742960929871e-02 -1.429576724767684937e-01 -3.882838785648345947e-02 8.115904033184051514e-02 -6.921572238206863403e-02 1.083163917064666748e-01 -1.443068534135818481e-01 -9.482590854167938232e-02
-1.715152561664581299e-01 -2.458010762929916382e-01 -1.924077868461608887e-01 -3.811526298522949219e-02 -1.283374428749084473e-01 -9.022791683673858643e-02 -1.541011929512023926e-01 -3.764944523572921753e-02 -1.285959631204605103e-01 -2.023583054542541504e-01
-1.360013484954833984e-01 2.188727110624313354e-01 9.738593548536300659e-02 6.656794250011444092e-02 -5.669963080435991287e-03 -2.202787250280380249e-01 -1.530109643936157227e-01 1.013549268245697021e-01 1.227176859974861145e-01 -7.490623742341995239e-02
7.805822789669036865e-02 -1.716578453779220581e-01 -2.494169771671295166e-01 2.003467530012130737e-01 -1.852390319108963013e-01 -1.743841916322708130e-01 -2.237911522388458252e-01 3.867116197943687439e-02 -2.531276047229766846e-01 -2.445686310529708862e-01
-1.913588680326938629e-02 -1.481781005859375000e-01 1.740494184195995331e-02 1.857133954763412476e-01 2.421671003103256226e-01 -5.057608243077993393e-03 -9.930786490440368652e-02 -3.379688560962677002e-01 -3.151223659515380859e-01 2.582921413704752922e-03
-1.417381763458251953e-01 -5.283630639314651489e-02 -1.259878277778625488e-01 1.647850871086120605e-01 1.106239929795265198e-01 -1.222547888755798340e-01 -1.949047893285751343e-01 -2.455076873302459717e-01 -1.107553541660308838e-01 1.626625508069992065e-01
8.887065947055816650e-02 -1.401169598102569580e-01 -3.846865594387054443e-01 1.364122927188873291e-01 -5.573408678174018860e-02 3.357687592506408691e-02 6.726859509944915771e-02 4.736195877194404602e-02 -3.850405812263488770e-01 -2.874392457306385040e-02
-1.422877311706542969e-01 2.129206955432891846e-01 -8.010472171008586884e-03 -4.854355938732624054e-03 -2.114069089293479919e-02 -1.241002827882766724e-01 -1.103599742054939270e-01 1.332304924726486206e-01 -9.249299764633178711e-02 4.642532020807266235e-02
-1.850046962499618530e-01 4.480430856347084045e-02 -4.574690014123916626e-02 -4.652158021926879883e-01 -1.888280734419822693e-02 2.489172220230102539e-01 1.498733907938003540e-01 -1.707845479249954224e-01 2.227522134780883789e-01 -4.973255097866058350e-02
-8.377525955438613892e-02 -2.176029831171035767e-01 -1.928572803735733032e-01 -1.070770993828773499e-01 -1.744049340486526489e-01 1.706555783748626709e-01 -1.126372888684272766e-01 -1.737782955169677734e-01 5.532285943627357483e-02 -1.683640033006668091e-01
-1.727425158023834229e-01 2.268077731132507324e-01 4.805665463209152222e-02 -4.255808517336845398e-02 -1.516673564910888672e-01 -1.518626362085342407e-01 8.383153378963470459e-02 -1.476745903491973877e-01 -1.296757608652114868e-01 -1.781765073537826538e-01
5.892596393823623657e-02 -1.492925584316253662e-01 1.880951784551143646e-02 -2.031803429126739502e-01 1.341334078460931778e-02 -2.530704438686370850e-01 -3.185765445232391357e-02 -1.631557196378707886e-01 -4.388647153973579407e-02 -2.783166766166687012e-01
-7.386813405901193619e-03 -1.566700935363769531e-01 -3.471243083477020264e-01 2.801178693771362305e-01 8.013057708740234375e-02 1.001526340842247009e-01 3.369280323386192322e-02 -4.334377646446228027e-01 1.697421520948410034e-01 5.991893261671066284e-02
-1.179081276059150696e-01 1.421885192394256592e-01 1.319726258516311646e-01 -5.666186660528182983e-02 -1.283873468637466431e-01 1.014230623841285706e-01 -1.339968293905258179e-01 8.637011051177978516e-02 -5.398133769631385803e-02 -3.926368802785873413e-02
2.477992027997970581e-01 -1.687346026301383972e-03 1.534143984317779541e-01 8.200300484895706177e-02 -3.919851183891296387e-01 -1.636829674243927002e-01 -4.267097115516662598e-01 -2.535755336284637451e-01 -2.572594024240970612e-02 -3.861373364925384521e-01
5.673125758767127991e-02 -1.267697513103485107e-01 -2.992095947265625000e-01 -2.594039738178253174e-01 -9.614688903093338013e-02 -1.533812470734119415e-02 2.294699102640151978e-01 1.364623159170150757e-01 3.303714096546173096e-02 -1.752808392047882080e-01
6.100788712501525879e-02 -4.363118112087249756e-02 3.502518311142921448e-02 3.721949085593223572e-02 1.093572527170181274e-01 3.333299653604626656e-03 6.574010848999023438e-02 -9.560383856296539307e-02 -2.201805114746093750e-01 -6.500016152858734131e-02
-4.130684956908226013e-02 4.521734640002250671e-02 -9.700885415077209473e-02 -1.391418874263763428e-01 -2.333202399313449860e-02 -1.551377237774431705e-03 1.006262600421905518e-01 1.266097575426101685e-01 2.161768078804016113e-02 2.361477352678775787e-03
2.568912208080291748e-01 -2.443227916955947876e-01 -1.084531098604202271e-01 1.829381659626960754e-02 -3.092864751815795898e-01 2.400305867195129395e-02 -4.290112853050231934e-01 -8.664953522384166718e-03 1.804622858762741089e-01 -2.605045139789581299e-01
-2.956483978778123856e-03 -9.823408722877502441e-02 3.559295833110809326e-02 1.844581030309200287e-02 -3.003621660172939301e-02 -1.057778894901275635e-01 -1.188694089651107788e-01 -1.978330612182617188e-01 -1.337558329105377197e-01 -1.828957349061965942e-01
-1.654304265975952148e-01 -4.551875591278076172e-02 -2.354451417922973633e-01 1.308979541063308716e-01 3.817100450396537781e-02 2.174898982048034668e-01 -1.512404996901750565e-03 -5.627441033720970154e-02 1.030553281307220459e-01 -5.190492793917655945e-02
-2.455178350210189819e-01 -8.831862360239028931e-02 3.827902674674987793e-01 7.401846349239349365e-02 1.757461577653884888e-02 -3.423804640769958496e-01 -2.891410589218139648e-01 -3.504988923668861389e-02 1.327725648880004883e-01 -1.327235251665115356e-01
-4.114700853824615479e-02 -3.092087060213088989e-02 -1.344178915023803711e-01 -1.397735923528671265e-01 1.247499436140060425e-01 1.675840318202972412e-01 2.231127470731735229e-01 -7.985778152942657471e-02 1.431702673435211182e-01 -7.554274797439575195e-02
5.137506127357482910e-02 -6.988775730133056641e-02 -6.995455175638198853e-02 -9.915778785943984985e-02 4.205008223652839661e-02 2.245330363512039185e-01 2.550564110279083252e-01 -2.003044784069061279e-01 -2.719562351703643799e-01 -3.875612616539001465e-01
-2.414131611585617065e-01 2.675618603825569153e-02 -6.384813040494918823e-02 -1.343909054994583130e-01 -5.422614142298698425e-02 4.214493036270141602e-01 2.430875152349472046e-01 -1.458743959665298462e-01 -1.767121814191341400e-02 -1.352065335959196091e-02
1.890402138233184814e-01 -2.482323497533798218e-01 -2.574945390224456787e-01 -6.274941563606262207e-02 -3.938593864440917969e-01 8.154884725809097290e-02 -1.338164210319519043e-01 -3.185906971339136362e-04 1.334534138441085815e-01 1.433994919061660767e-01
-1.040535792708396912e-02 -2.297049760818481445e-01 1.344081461429595947e-01 -1.000703126192092896e-01 -2.522372007369995117e-01 -2.152848094701766968e-01 9.770376980304718018e-02 -1.920031309127807617e-01 2.823704853653907776e-02 -9.189338982105255127e-02
-1.567683517932891846e-01 7.456296682357788086e-02 -7.390212267637252808e-02 -1.047593727707862854e-01 1.335233449935913086e-01 -3.187191188335418701e-01 -1.715185791254043579e-01 1.762375682592391968e-01 -1.243146732449531555e-01 7.338967174291610718e-02
