-1.632355600595474243e-01
6.382302641868591309e-01
7.573396563529968262e-01
4.546005129814147949e-01
1.079191207885742188e+00
6.223062276840209961e-01
1.149974390864372253e-01
6.041755080223083496e-01
4.111866354942321777e-01
4.238362014293670654e-01
5.838664621114730835e-02
-2.150745838880538940e-01
4.143103659152984619e-01
3.846868574619293213e-01
1.944286227226257324e-01
4.509727656841278076e-01
1.124142631888389587e-01
4.286652803421020508e-01
7.024313211441040039e-01
7.745859622955322266e-01
4.877494573593139648e-01
4.229528009891510010e-01
8.006061911582946777e-01
1.032820492982864380e-01
4.994329810142517090e-01
2.499141097068786621e-01
9.025552272796630859e-01
1.230110526084899902e-01
2.603586614131927490e-01
1.719618886709213257e-01
1.035896465182304382e-01
5.404941439628601074e-01
4.338795244693756104e-01
1.405664384365081787e-01
2.172758430242538452e-01
4.419981241226196289e-01
6.107373833656311035e-01
5.319467186927795410e-01
3.779620528221130371e-01
3.516979217529296875e-01
6.548302173614501953e-01
8.263550400733947754e-01
5.949919819831848145e-01
3.283696770668029785e-01
3.039959669113159180e-01
3.654749095439910889e-01
8.813996911048889160e-01
-6.445096135139465332e-01
5.090916156768798828e-01
5.177955627441406250e-01
3.506893515586853027e-01
6.558058261871337891e-01
4.140174686908721924e-01
4.498172402381896973e-01
-5.814747884869575500e-02
4.226598143577575684e-01
1.372723221778869629e+00
3.259994685649871826e-01
8.517619371414184570e-01
6.049967408180236816e-01
1.009822711348533630e-01
5.083030462265014648e-01
2.778387665748596191e-01
2.139863371849060059e-01
5.843048095703125000e-01
3.468383252620697021e-01
3.436377048492431641e-01
4.876664578914642334e-01
7.401504516601562500e-01
5.074571967124938965e-01
1.062955334782600403e-01
2.689541280269622803e-01
1.205403432250022888e-01
-2.350880205631256104e-01
1.361284852027893066e+00
5.414035320281982422e-01
1.133785843849182129e+00
9.548904299736022949e-01
2.867714643478393555e+00
-4.864890277385711670e-01
6.991706490516662598e-01
2.389341294765472412e-01
5.675699114799499512e-01
3.488194346427917480e-01
3.953683376312255859e-01
3.295762538909912109e-01
3.833751976490020752e-01
-1.827644109725952148e-01
6.975225806236267090e-01
4.471725225448608398e-01
-2.465683966875076294e-01
-5.543040484189987183e-02
1.514701396226882935e-01
4.027149975299835205e-01
8.726710081100463867e-01
2.662456631660461426e-01
1.020715683698654175e-01
8.741481900215148926e-01
1.615898013114929199e-01
9.914693236351013184e-01
4.829857647418975830e-01
2.714710533618927002e-01
5.117322206497192383e-01
2.764886915683746338e-01
5.330653786659240723e-01
4.645621776580810547e-01
1.897856444120407104e-01
5.280198454856872559e-01
3.113087415695190430e-01
7.181482911109924316e-01
3.410869240760803223e-01
1.337289363145828247e-01
5.083069205284118652e-01
3.898406028747558594e-01
4.106646776199340820e-01
5.063524842262268066e-01
7.120145559310913086e-01
8.304280042648315430e-01
8.751691579818725586e-01
4.831353127956390381e-01
3.081719875335693359e-01
5.961272716522216797e-01
1.009599864482879639e-01
5.933814644813537598e-01
1.384079813957214355e+00
3.756047785282135010e-01
4.403002858161926270e-01
-1.291328519582748413e-01
-3.150651752948760986e-01
3.464817702770233154e-01
4.625385701656341553e-01
5.857177078723907471e-02
6.277982145547866821e-02
3.610373437404632568e-01
1.087167188525199890e-01
7.282083630561828613e-01
5.079135894775390625e-01
3.193862140178680420e-01
3.166062012314796448e-02
-2.404178865253925323e-02
5.304045677185058594e-01
3.355613350868225098e-01
5.795983076095581055e-01
2.075898885726928711e+00
4.322424530982971191e-01
5.152233242988586426e-01
5.999296307563781738e-01
3.618846535682678223e-01
3.605830371379852295e-01
4.226594865322113037e-01
4.840987324714660645e-01
1.740397661924362183e-01
-7.788749039173126221e-02
9.501121044158935547e-01
1.036424934864044189e-01
4.652002453804016113e-01
3.066788911819458008e-01
3.655794262886047363e-01
7.130424976348876953e-01
-5.719008445739746094e-01
1.804658621549606323e-01
6.424084305763244629e-01
2.284990549087524414e+00
9.439473152160644531e-01
2.697556614875793457e-01
8.546233773231506348e-01
6.538572255522012711e-03
8.037278652191162109e-01
2.055880129337310791e-01
3.190746307373046875e-01
4.661545753479003906e-01
3.803032636642456055e-01
3.610351979732513428e-01
1.191081106662750244e-01
5.492005869746208191e-02
4.988536238670349121e-01
1.566770300269126892e-02
4.081050753593444824e-01
8.927472233772277832e-01
-1.965557411313056946e-02
7.661195397377014160e-01
3.198169767856597900e-01
3.133572936058044434e-01
-5.613259971141815186e-02
3.752036020159721375e-02
-3.097881795838475227e-03
-2.469129711389541626e-01
3.351603150367736816e-01
3.182177841663360596e-01
2.942219674587249756e-01
5.057658553123474121e-01
4.734053909778594971e-01
5.306501984596252441e-01
1.720212846994400024e-01
4.946350455284118652e-01
5.353318452835083008e-01
3.568212985992431641e-01
2.905608415603637695e-01
9.030052274465560913e-02
1.012998342514038086e+00
3.518162965774536133e-01
7.339367866516113281e-01
1.322240471839904785e+00
2.746639549732208252e-01
9.564939737319946289e-01
2.685183286666870117e-01
2.440723419189453125e+00
3.530408740043640137e-01
3.917970359325408936e-01
4.289287626743316650e-01
1.074139833450317383e+00
7.777060568332672119e-02
6.836240291595458984e-01
-1.222620248794555664e+00
3.692554235458374023e-01
4.909146130084991455e-01
-1.213945373892784119e-01
1.597145795822143555e-01
4.210482835769653320e-01
1.182616874575614929e-01
5.938232541084289551e-01
2.648656070232391357e-01
4.571905732154846191e-01
6.419073939323425293e-01
2.254471033811569214e-01
4.786859452724456787e-01
-6.908107548952102661e-02
-4.468066692352294922e-01
6.389517188072204590e-01
1.642521917819976807e-01
-9.122261404991149902e-01
4.943532347679138184e-01
5.475775599479675293e-01
4.087321832776069641e-02
1.679070293903350830e-01
1.593006730079650879e+00
3.632461726665496826e-01
5.031208992004394531e-01
-6.914734244346618652e-01
-5.867800489068031311e-02
6.166741251945495605e-01
5.268275141716003418e-01
1.718041002750396729e-01
7.492023110389709473e-01
4.418464004993438721e-01
4.713000655174255371e-01
4.537237286567687988e-01
4.301960170269012451e-01
1.563343405723571777e-01
4.294366836547851562e-01
2.432156056165695190e-01
7.048700451850891113e-01
4.622998833656311035e-01
9.384459853172302246e-01
1.843508124351501465e+00
8.800779283046722412e-02
1.158600375056266785e-01
3.321325480937957764e-01
3.813479542732238770e-01
5.721434354782104492e-01
1.115024209022521973e+00
5.203226208686828613e-01
1.455349445343017578e+00
3.004711270332336426e-01
2.296300083398818970e-01
6.267083883285522461e-01
1.214935630559921265e-01
4.911982417106628418e-01
3.160329163074493408e-01
4.986256361007690430e-01
5.396927595138549805e-01
7.742227613925933838e-02
4.164812266826629639e-01
5.766628980636596680e-01
1.395672559738159180e+00
1.031021237373352051e+00
1.172226190567016602e+00
9.027959704399108887e-01
8.540193438529968262e-01
1.290253400802612305e-01
5.055556297302246094e-01
3.165847808122634888e-02
1.068336293101310730e-01
2.666275203227996826e-01
2.640654742717742920e-01
4.032972455024719238e-01
9.989591836929321289e-01
8.658291697502136230e-01
-6.360885500907897949e-01
-7.285994291305541992e-02
5.970228910446166992e-01
2.411662936210632324e-01
2.050294131040573120e-01
2.506949007511138916e-01
8.788212537765502930e-01
1.543172836303710938e+00
9.919355511665344238e-01
5.840320587158203125e-01
6.321342587471008301e-01
5.948659181594848633e-01
1.096004724502563477e+00
2.432714700698852539e-01
2.873205840587615967e-01
3.129609823226928711e-01
-1.114968210458755493e-01
4.716663062572479248e-01
5.524044632911682129e-01
9.116446226835250854e-02
6.770264506340026855e-01
6.196041703224182129e-01
5.268469452857971191e-01
5.811402201652526855e-01
-9.555752277374267578e-01
-4.925053417682647705e-01
1.051273345947265625e+00
4.890144169330596924e-01
-5.352192521095275879e-01
1.525633782148361206e-01
3.601667284965515137e-01
2.880441844463348389e-01
2.360231429338455200e-01
-1.880209445953369141e-01
2.365569472312927246e-01
4.002114534378051758e-01
-2.458966970443725586e+00
5.053946971893310547e-01
8.735470771789550781e-01
2.329301685094833374e-01
3.470688760280609131e-01
6.071068048477172852e-01
3.880878090858459473e-01
1.571253985166549683e-01
4.456884264945983887e-01
2.199346870183944702e-01
2.359123528003692627e-01
5.350501537322998047e-01
1.382359713315963745e-01
9.125406146049499512e-01
1.392259597778320312e+00
1.271307617425918579e-01
5.210246443748474121e-01
4.829701185226440430e-01
-1.884355954825878143e-02
3.222381174564361572e-01
3.797440230846405029e-01
6.835902929306030273e-01
-4.403629004955291748e-01
1.114885434508323669e-01
4.667019844055175781e-01
8.088226914405822754e-01
3.075567483901977539e-01
5.134304761886596680e-01
1.160586997866630554e-01
1.409108161926269531e+00
4.933670461177825928e-01
2.556603848934173584e-01
2.748892307281494141e-01
2.685950696468353271e-01
9.099289774894714355e-01
3.500831127166748047e-01
8.070985078811645508e-01
1.941350847482681274e-02
2.224122434854507446e-01
5.720964670181274414e-01
-6.829994916915893555e-01
5.590136051177978516e-01
6.396896839141845703e-01
-1.110076427459716797e+00
-3.819721639156341553e-01
1.057270407676696777e+00
7.894603610038757324e-01
3.079618811607360840e-01
5.832087397575378418e-01
3.770235478878021240e-01
1.684451401233673096e-01
1.334964990615844727e+00
4.990683868527412415e-02
-1.196034789085388184e+00
4.833888709545135498e-01
2.628568410873413086e-01
2.388174412772059441e-03
-1.501054763793945312e-01
-3.572612106800079346e-01
5.703576803207397461e-01
2.067917734384536743e-01
3.416536375880241394e-02
9.029224514961242676e-01
7.515666484832763672e-01
9.713924676179885864e-02
5.877648591995239258e-01
8.044690489768981934e-01
7.652238011360168457e-01
4.371933043003082275e-01
3.270690739154815674e-01
1.008278369903564453e+00
4.914614260196685791e-01
6.964416056871414185e-02
1.123536005616188049e-01
4.282610714435577393e-01
2.213459610939025879e-01
