-2.332881391048431396e-01
-2.990687787532806396e-01
-2.994075715541839600e-01
1.280514299869537354e-01
1.321465611457824707e+00
-1.502819657325744629e-01
-8.153725862503051758e-01
-2.264543622732162476e-01
-3.831330239772796631e-01
-4.367900490760803223e-01
1.341418981552124023e+00
3.448611795902252197e-01
-3.607153296470642090e-01
-1.830173879861831665e-01
-3.288810253143310547e-01
-5.947779417037963867e-01
-6.144374012947082520e-01
-1.966104358434677124e-01
-6.409962773323059082e-01
-2.762424945831298828e-01
-3.198278546333312988e-01
-1.471698433160781860e-01
-2.308450043201446533e-01
-3.567089736461639404e-01
-2.675293385982513428e-01
