9.521964937448501587e-03
7.727366406470537186e-03
8.552404120564460754e-03
6.049811374396085739e-03
7.931140251457691193e-03
1.149709243327379227e-02
8.687690831720829010e-03
7.032165303826332092e-03
5.033944733440876007e-03
8.646725676953792572e-03
7.955638691782951355e-03
6.086414214223623276e-03
9.412405081093311310e-03
7.463619578629732132e-03
8.190716616809368134e-03
7.903549820184707642e-03
8.494731038808822632e-03
7.060864474624395370e-03
8.204296231269836426e-03
4.643242806196212769e-03
8.697944693267345428e-03
8.076029829680919647e-03
1.043582707643508911e-02
4.753451328724622726e-03
7.195745129138231277e-03
7.995876483619213104e-03
7.653058972209692001e-03
6.620975211262702942e-03
6.951569579541683197e-03
7.866274565458297729e-03
4.841145593672990799e-03
8.017424494028091431e-03
9.305030107498168945e-03
7.006781641393899918e-03
6.671744864434003830e-03
7.776192389428615570e-03
7.657195441424846649e-03
6.221995688974857330e-03
5.739964079111814499e-03
6.700836587697267532e-03
7.454128935933113098e-03
9.243542328476905823e-03
3.997301682829856873e-03
7.137494161725044250e-03
1.005037780851125717e-02
6.773054599761962891e-03
7.051437627524137497e-03
7.443419657647609711e-03
7.393110543489456177e-03
7.041566073894500732e-03
7.239114958792924881e-03
7.487810682505369186e-03
5.466402042657136917e-03
3.942088689655065536e-03
7.545183878391981125e-03
7.825434207916259766e-03
9.091003797948360443e-03
8.402070961892604828e-03
5.275037605315446854e-03
8.537203073501586914e-03
9.009336121380329132e-03
6.963619031012058258e-03
8.538897149264812469e-03
5.945429205894470215e-03
