-1.875569811090826988e-03
-1.873489236459136009e-03
-1.848013373091816902e-03
-1.809527282603085041e-03
-1.917780260555446148e-03
-1.849188702180981636e-03
-1.851529115810990334e-03
-1.836577430367469788e-03
-1.868358580395579338e-03
-1.752766664139926434e-03
-1.894895453006029129e-03
-1.919851754792034626e-03
-1.887549762614071369e-03
-1.912577659823000431e-03
-1.845067366957664490e-03
-1.888999249786138535e-03
-1.851330860517919064e-03
-1.879321876913309097e-03
-1.836204086430370808e-03
-1.926401047967374325e-03
-1.823825645260512829e-03
-1.867353683337569237e-03
-1.919958740472793579e-03
-1.884985598735511303e-03
-1.810966175980865955e-03
-1.865375787019729614e-03
-1.898653223179280758e-03
-1.896199886687099934e-03
-1.845139428041875362e-03
-1.869708881713449955e-03
-1.873917644843459129e-03
-1.869463245384395123e-03
-1.887578284367918968e-03
-1.804184168577194214e-03
-1.911808038130402565e-03
-1.827448839321732521e-03
-1.845406717620790005e-03
-1.923952135257422924e-03
-2.058229176327586174e-03
-2.118131844326853752e-03
-2.082219813019037247e-03
-2.070777816697955132e-03
-2.135035581886768341e-03
-2.047942485660314560e-03
-2.088495297357439995e-03
-2.056105062365531921e-03
-1.967727206647396088e-03
-1.899991999380290508e-03
-1.880153315141797066e-03
-1.910120830871164799e-03
-1.848509069532155991e-03
-1.880884752608835697e-03
-1.880771364085376263e-03
-1.917157438583672047e-03
-1.851710141636431217e-03
-1.847499865107238293e-03
-1.877153757959604263e-03
-1.823183847591280937e-03
-1.849695458076894283e-03
-1.855574664659798145e-03
-1.947422977536916733e-03
-1.825206098146736622e-03
-1.921720686368644238e-03
-1.980625325813889503e-03
-2.069141250103712082e-03
-2.253097482025623322e-03
-2.600869862362742424e-03
-2.614308148622512817e-03
-2.683794125914573669e-03
-2.695957431569695473e-03
-2.685783663764595985e-03
-2.890124218538403511e-03
-2.945754444226622581e-03
-2.585588721558451653e-03
-2.625541994348168373e-03
-2.813429106026887894e-03
-2.643346088007092476e-03
-2.587137976661324501e-03
-2.233342034742236137e-03
-1.970260636880993843e-03
-1.920453272759914398e-03
-1.839164178818464279e-03
-1.888367347419261932e-03
-1.880877651274204254e-03
-1.844517304562032223e-03
-1.838223775848746300e-03
-1.884916913695633411e-03
-1.918270019814372063e-03
-1.862860983237624168e-03
-1.944816089235246181e-03
-2.091550035402178764e-03
-2.232007449492812157e-03
-2.678412711247801781e-03
-2.582603367045521736e-03
-2.677915152162313461e-03
-2.874168334528803825e-03
-2.741076517850160599e-03
-2.814486389979720116e-03
-3.395214676856994629e-03
-3.427648451179265976e-03
-3.495651297271251678e-03
-3.327125450596213341e-03
-3.117129206657409668e-03
-2.768558450043201447e-03
-2.693379996344447136e-03
-2.785565564408898354e-03
-2.601244254037737846e-03
-2.245295792818069458e-03
-1.992521574720740318e-03
-1.887170481495559216e-03
-1.852489658631384373e-03
-1.861825468949973583e-03
-1.876014983281493187e-03
-1.902103540487587452e-03
-1.870953477919101715e-03
-1.912629697471857071e-03
-1.901345793157815933e-03
-2.134688664227724075e-03
-2.430869732052087784e-03
-2.609892981126904488e-03
-2.648264868184924126e-03
-2.698946278542280197e-03
-3.051373641937971115e-03
-3.690214594826102257e-03
-4.324756097048521042e-03
-4.933343268930912018e-03
-4.978259559720754623e-03
-5.268432665616273880e-03
-5.209753755480051041e-03
-4.904278088361024857e-03
-4.178573843091726303e-03
-3.731596283614635468e-03
-3.334855893626809120e-03
-2.959419041872024536e-03
-2.801906317472457886e-03
-2.628099406138062477e-03
-2.564918482676148415e-03
-2.121173543855547905e-03
-1.902130432426929474e-03
-1.827803556807339191e-03
-1.883490011096000671e-03
-1.865789177827537060e-03
-1.869055093266069889e-03
-1.938505214639008045e-03
-2.195839071646332741e-03
-2.481643809005618095e-03
-2.437687013298273087e-03
-2.609342336654663086e-03
-2.685225335881114006e-03
-3.458330407738685608e-03
-4.088264890015125275e-03
-4.972093272954225540e-03
-5.946567282080650330e-03
-6.869839038699865341e-03
-7.463654037564992905e-03
-7.334918715059757233e-03
-7.557702250778675079e-03
-6.951173301786184311e-03
-6.343778688460588455e-03
-5.148815456777811050e-03
-4.040511790663003922e-03
-3.461653366684913635e-03
-3.204163396731019020e-03
-3.100303001701831818e-03
-2.759475260972976685e-03
-2.524701179936528206e-03
-1.999714877456426620e-03
-1.839238568209111691e-03
-1.916490960866212845e-03
-1.831591012887656689e-03
-1.907609868794679642e-03
-2.166832564398646355e-03
-2.426471095532178879e-03
-2.376727759838104248e-03
-2.430924214422702789e-03
-2.604022622108459473e-03
-3.289058804512023926e-03
-3.872459987178444862e-03
-5.396849941462278366e-03
-6.508147809654474258e-03
-7.529075723141431808e-03
-8.697150275111198425e-03
-9.193112142384052277e-03
-9.460502304136753082e-03
-9.113506413996219635e-03
-8.762173354625701904e-03
-7.768229581415653229e-03
-6.225474178791046143e-03
-5.136697087436914444e-03
-4.146534949541091919e-03
-3.493688767775893211e-03
-2.953725634142756462e-03
-2.756252186372876167e-03
-2.530389232560992241e-03
-2.285905415192246437e-03
-1.843344885855913162e-03
-1.920547802001237869e-03
-1.828662585467100143e-03
-2.041168045252561569e-03
-2.352341311052441597e-03
-2.509070560336112976e-03
-2.446059370413422585e-03
-2.462217817083001137e-03
-3.001396777108311653e-03
-3.695310326293110847e-03
-4.801683593541383743e-03
-6.535542663186788559e-03
-7.885240018367767334e-03
-8.376620709896087646e-03
-8.560085669159889221e-03
-9.061820805072784424e-03
-9.097720496356487274e-03
-9.258547797799110413e-03
-9.193541482090950012e-03
-8.313965983688831329e-03
-7.224566303193569183e-03
-5.444458220154047012e-03
-4.089167807251214981e-03
-3.527940018102526665e-03
-2.979083685204386711e-03
-2.656131749972701073e-03
-2.623156877234578133e-03
-2.296360209584236145e-03
-1.868146820925176144e-03
-1.827847212553024292e-03
-1.886038109660148621e-03
-2.169290557503700256e-03
-2.549051307141780853e-03
-2.457473892718553543e-03
-2.348769456148147583e-03
-2.541716210544109344e-03
-3.318525850772857666e-03
-4.589946009218692780e-03
-5.843284074217081070e-03
-7.132730446755886078e-03
-8.151647634804248810e-03
-8.470479398965835571e-03
-8.456592448055744171e-03
-8.189036510884761810e-03
-7.622586563229560852e-03
-8.149601519107818604e-03
-8.389537222683429718e-03
-8.660119026899337769e-03
-7.587388157844543457e-03
-5.990062374621629715e-03
-4.769768100231885910e-03
-3.756910329684615135e-03
-2.871615579351782799e-03
-2.623525448143482208e-03
-2.446210710331797600e-03
-2.271864097565412521e-03
-1.848196377977728844e-03
-1.927588018588721752e-03
-1.896014786325395107e-03
-2.282527508214116096e-03
-2.518333261832594872e-03
-2.604756969958543777e-03
-2.772155217826366425e-03
-2.875820966437458992e-03
-3.796784440055489540e-03
-5.057581700384616852e-03
-6.668144837021827698e-03
-7.644462864845991135e-03
-8.324335329234600067e-03
-7.828515022993087769e-03
-7.170271594077348709e-03
-6.685321684926748276e-03
-6.781753618270158768e-03
-7.320904638618230820e-03
-7.680103648453950882e-03
-8.185427635908126831e-03
-7.627913728356361389e-03
-6.437211297452449799e-03
-4.613566212356090546e-03
-3.545824671164155006e-03
-2.731157466769218445e-03
-2.526809694245457649e-03
-2.494803396984934807e-03
-2.198471454903483391e-03
-1.895094639621675014e-03
-1.841080840677022934e-03
-1.934858504682779312e-03
-2.362463390454649925e-03
-2.649272559210658073e-03
-2.681177807971835136e-03
-2.732203807681798935e-03
-3.114006482064723969e-03
-4.115093499422073364e-03
-5.923782940953969955e-03
-6.859854329377412796e-03
-7.943402975797653198e-03
-7.891844026744365692e-03
-6.918714381754398346e-03
-6.238985341042280197e-03
-6.148776970803737640e-03
-6.521932780742645264e-03
-7.044345140457153320e-03
-7.866801694035530090e-03
-7.587343920022249222e-03
-7.295904681086540222e-03
-6.303831469267606735e-03
-4.341094754636287689e-03
-3.362029558047652245e-03
-2.783352974802255630e-03
-2.670036861672997475e-03
-2.429941436275839806e-03
-2.177510876208543777e-03
-1.868901075795292854e-03
-1.876190770417451859e-03
-1.947415526956319809e-03
-2.204681746661663055e-03
-2.571246121078729630e-03
-2.531216247007250786e-03
-2.650361275300383568e-03
-3.025200916454195976e-03
-4.425934515893459320e-03
-5.898837931454181671e-03
-7.413611747324466705e-03
-8.374364115297794342e-03
-7.212231867015361786e-03
-6.403547711670398712e-03
-6.136753130704164505e-03
-5.994543898850679398e-03
-6.440084427595138550e-03
-6.800690665841102600e-03
-8.133671246469020844e-03
-7.782196626067161560e-03
-6.954007316380739212e-03
-5.726425442844629288e-03
-4.443570040166378021e-03
-3.159471554681658745e-03
-2.820677123963832855e-03
-2.692071255296468735e-03
-2.257696352899074554e-03
-2.067024819552898407e-03
-1.872134394943714142e-03
-1.867893035523593426e-03
-1.880959724076092243e-03
-2.136762952432036400e-03
-2.429408719763159752e-03
-2.632080577313899994e-03
-2.722169272601604462e-03
-3.187622176483273506e-03
-4.762827418744564056e-03
-6.523467600345611572e-03
-7.809409406036138535e-03
-7.961905561387538910e-03
-6.917874328792095184e-03
-6.098435726016759872e-03
-6.081399973481893539e-03
-6.626788061112165451e-03
-7.062043063342571259e-03
-8.025953546166419983e-03
-8.347161114215850830e-03
-7.858290337026119232e-03
-6.209695711731910706e-03
-4.902086686342954636e-03
-3.954443614929914474e-03
-3.324346384033560753e-03
-2.869810210540890694e-03
-2.711410867050290108e-03
-2.387343440204858780e-03
-1.934521947987377644e-03
-1.832241658121347427e-03
-1.885031117126345634e-03
-1.853123423643410206e-03
-1.990808406844735146e-03
-2.288458636030554771e-03
-2.732179360464215279e-03
-2.656776923686265945e-03
-3.708669217303395271e-03
-5.048306658864021301e-03
-6.816636770963668823e-03
-7.787630893290042877e-03
-7.614308502525091171e-03
-6.967495195567607880e-03
-6.282332818955183029e-03
-6.904843263328075409e-03
-7.520993705838918686e-03
-8.689586073160171509e-03
-8.915518410503864288e-03
-8.974600583314895630e-03
-7.481988519430160522e-03
-5.757957231253385544e-03
-4.584948532283306122e-03
-3.979846369475126266e-03
-3.498894162476062775e-03
-2.985708182677626610e-03
-2.866362687200307846e-03
-2.345971763134002686e-03
-1.902448944747447968e-03
-1.905006589367985725e-03
-1.927723060362040997e-03
-1.878202194347977638e-03
-1.927426084876060486e-03
-2.314308891072869301e-03
-2.743926132097840309e-03
-2.966236323118209839e-03
-3.957283683121204376e-03
-5.246644839644432068e-03
-7.116125896573066711e-03
-7.436102721840143204e-03
-7.258501835167407990e-03
-6.759473122656345367e-03
-6.991641130298376083e-03
-7.776323705911636353e-03
-9.057530201971530914e-03
-9.518167935311794281e-03
-9.356911294162273407e-03
-8.908978663384914398e-03
-7.751000113785266876e-03
-5.968961864709854126e-03
-5.121100693941116333e-03
-4.582121036946773529e-03
-3.710081102326512337e-03
-3.008079016581177711e-03
-2.810883801430463791e-03
-2.479631919413805008e-03
-1.978207146748900414e-03
-1.762123429216444492e-03
-1.821949379518628120e-03
-1.752797514200210571e-03
-1.829445944167673588e-03
-2.279574517160654068e-03
-2.787571167573332787e-03
-3.197266720235347748e-03
-4.009892232716083527e-03
-5.264630541205406189e-03
-6.730703637003898621e-03
-7.418594323098659515e-03
-6.964137777686119080e-03
-6.818539462983608246e-03
-7.182807195931673050e-03
-8.604336529970169067e-03
-9.002794511616230011e-03
-9.616879746317863464e-03
-9.139889851212501526e-03
-8.265458978712558746e-03
-7.408507168292999268e-03
-6.074373610317707062e-03
-5.464857444167137146e-03
-4.704385064542293549e-03
-3.596191061660647392e-03
-3.107116790488362312e-03
-2.894025295972824097e-03
-2.478885930031538010e-03
-2.020461251959204674e-03
-1.853711553849279881e-03
-1.864515244960784912e-03
-1.854690723121166229e-03
-1.967888092622160912e-03
-2.338174730539321899e-03
-2.885323017835617065e-03
-3.055329201743006706e-03
-4.112147260457277298e-03
-5.015981849282979965e-03
-5.940977949649095535e-03
-6.663329433649778366e-03
-6.390883587300777435e-03
-6.534179672598838806e-03
-6.751578766852617264e-03
-8.153715170919895172e-03
-8.577965199947357178e-03
-8.445328101515769958e-03
-8.222253061830997467e-03
-7.589369080960750580e-03
-7.085015997290611267e-03
-6.311892997473478317e-03
-5.238548852503299713e-03
-4.474342800676822662e-03
-3.739913692697882652e-03
-2.908927155658602715e-03
-2.779539441689848900e-03
-2.616015961393713951e-03
-2.000031527131795883e-03
-1.857797265984117985e-03
-1.790742855519056320e-03
-1.808900735341012478e-03
-1.980137545615434647e-03
-2.500231377780437469e-03
-2.834429033100605011e-03
-3.173639997839927673e-03
-3.889807499945163727e-03
-4.612154327332973480e-03
-5.526454653590917587e-03
-5.562963429838418961e-03
-5.379318259656429291e-03
-5.816802382469177246e-03
-6.267534103244543076e-03
-7.310915738344192505e-03
-8.134586736559867859e-03
-7.930026389658451080e-03
-7.761314045637845993e-03
-7.362332195043563843e-03
-6.499699782580137253e-03
-6.211555097252130508e-03
-5.437321960926055908e-03
-4.455714020878076553e-03
-3.347306977957487106e-03
-2.718951785936951637e-03
-2.887725597247481346e-03
-2.692062174901366234e-03
-2.057129517197608948e-03
-1.870498759672045708e-03
-1.908538863062858582e-03
-1.858975621871650219e-03
-2.125183353200554848e-03
-2.463223412632942200e-03
-2.806235337629914284e-03
-3.158621024340391159e-03
-3.816310549154877663e-03
-4.704985301941633224e-03
-5.220625549554824829e-03
-5.675985012203454971e-03
-5.195253994315862656e-03
-5.652310326695442200e-03
-6.477172020822763443e-03
-7.263223174959421158e-03
-7.762259803712368011e-03
-7.286271080374717712e-03
-7.291480898857116699e-03
-7.181688211858272552e-03
-6.766253150999546051e-03
-6.229337770491838455e-03
-5.264351610094308853e-03
-4.266030620783567429e-03
-3.129254793748259544e-03
-2.850291784852743149e-03
-2.780775073915719986e-03
-2.582252724096179008e-03
-2.044811611995100975e-03
-1.873955829069018364e-03
-1.859340816736221313e-03
-1.854823669418692589e-03
-2.023095032200217247e-03
-2.543232403695583344e-03
-2.917465288192033768e-03
-3.340971423313021660e-03
-3.898428287357091904e-03
-4.566971212625503540e-03
-5.197056569159030914e-03
-5.683881696313619614e-03
-6.146252620965242386e-03
-6.202020682394504547e-03
-6.520423572510480881e-03
-7.069295272231101990e-03
-7.663387805223464966e-03
-7.958580739796161652e-03
-7.915184833109378815e-03
-7.001922465860843658e-03
-6.921145133674144745e-03
-6.148716434836387634e-03
-4.999135155230760574e-03
-3.686981275677680969e-03
-2.980492310598492622e-03
-2.945297397673130035e-03
-2.715221140533685684e-03
-2.517002401873469353e-03
-2.063288353383541107e-03
-1.880823983810842037e-03
-1.871810643933713436e-03
-1.840122276917099953e-03
-2.148634754121303558e-03
-2.420639153569936752e-03
-2.793406136333942413e-03
-3.184892237186431885e-03
-3.734536701813340187e-03
-4.568094387650489807e-03
-5.577702540904283524e-03
-6.341442931443452835e-03
-6.852698046714067459e-03
-7.179267704486846924e-03
-7.613087072968482971e-03
-7.811892312020063400e-03
-8.011952973902225494e-03
-8.487832732498645782e-03
-8.047655224800109863e-03
-7.238822057843208313e-03
-6.808974314481019974e-03
-5.203860811889171600e-03
-4.056293051689863205e-03
-3.054533852264285088e-03
-2.822189824655652046e-03
-2.613105345517396927e-03
-2.787854522466659546e-03
-2.610908588394522667e-03
-1.961578615009784698e-03
-1.923246425576508045e-03
-1.882049720734357834e-03
-1.961146248504519463e-03
-2.232687547802925110e-03
-2.393050352111458778e-03
-2.694622846320271492e-03
-2.951142610982060432e-03
-3.506215056404471397e-03
-4.460149444639682770e-03
-5.301071796566247940e-03
-6.718603894114494324e-03
-7.600564509630203247e-03
-7.826314307749271393e-03
-8.520687930285930634e-03
-8.655848912894725800e-03
-9.151618927717208862e-03
-8.594250306487083435e-03
-8.276569657027721405e-03
-7.071295287460088730e-03
-5.524233449250459671e-03
-4.653648473322391510e-03
-3.504094900563359261e-03
-2.721046097576618195e-03
-2.531643956899642944e-03
-2.635535784065723419e-03
-2.741800388321280479e-03
-2.382922219112515450e-03
-1.915284083224833012e-03
-1.956384629011154175e-03
-1.826561521738767624e-03
-1.839287579059600830e-03
-2.062840154394507408e-03
-2.376673743128776550e-03
-2.568495227023959160e-03
-2.789867809042334557e-03
-3.377860877662897110e-03
-4.047913011163473129e-03
-5.330503452569246292e-03
-6.580722983926534653e-03
-7.799271959811449051e-03
-8.482050150632858276e-03
-9.000569581985473633e-03
-8.974484167993068695e-03
-8.867730386555194855e-03
-8.301476016640663147e-03
-7.246590219438076019e-03
-6.323615554720163345e-03
-4.791176877915859222e-03
-3.314369125291705132e-03
-2.725968835875391960e-03
-2.372579649090766907e-03
-2.499664667993783951e-03
-2.625194378197193146e-03
-2.476572524756193161e-03
-2.079242607578635216e-03
-1.863210229203104973e-03
-1.878915703855454922e-03
-1.829461427405476570e-03
-1.927315141074359417e-03
-1.950482255779206753e-03
-2.230989746749401093e-03
-2.559691667556762695e-03
-2.397785661742091179e-03
-2.869630232453346252e-03
-3.607967868447303772e-03
-4.611315205693244934e-03
-5.884394515305757523e-03
-7.098725065588951111e-03
-7.954998873174190521e-03
-8.198783732950687408e-03
-8.266033604741096497e-03
-7.807588670402765274e-03
-6.947222165763378143e-03
-5.972308106720447540e-03
-4.932114388793706894e-03
-3.661302849650382996e-03
-3.136965213343501091e-03
-2.679959405213594437e-03
-2.472724532708525658e-03
-2.503714989870786667e-03
-2.479580231010913849e-03
-2.100650453940033913e-03
-1.890734303742647171e-03
-1.797907985746860504e-03
-1.829333370551466942e-03
-1.838635769672691822e-03
-1.883792807348072529e-03
-1.883293269202113152e-03
-2.012520330026745796e-03
-2.375323558226227760e-03
-2.392194233834743500e-03
-2.644883003085851669e-03
-3.048107028007507324e-03
-3.673350671306252480e-03
-4.467813298106193542e-03
-5.171995609998703003e-03
-5.425979848951101303e-03
-5.600146017968654633e-03
-5.508563946932554245e-03
-5.122924689203500748e-03
-5.022203549742698669e-03
-4.297587554901838303e-03
-3.940285649150609970e-03
-3.422541776672005653e-03
-2.825020579621195793e-03
-2.672490430995821953e-03
-2.662469632923603058e-03
-2.496141009032726288e-03
-2.226818120107054710e-03
-1.995099708437919617e-03
-1.955045154318213463e-03
-1.846731756813824177e-03
-1.841236255131661892e-03
-1.861036755144596100e-03
-1.790792914107441902e-03
-1.869502128101885319e-03
-1.874453504569828510e-03
-1.927901292219758034e-03
-2.269699703902006149e-03
-2.555574523285031319e-03
-2.818696899339556694e-03
-2.945371670648455620e-03
-3.096773987635970116e-03
-3.404389601200819016e-03
-3.313733497634530067e-03
-3.521808655932545662e-03
-3.644590964540839195e-03
-3.233641386032104492e-03
-3.108609002083539963e-03
-3.137538908049464226e-03
-2.903363434597849846e-03
-2.909021452069282532e-03
-2.760599600151181221e-03
-2.660597441717982292e-03
-2.448724582791328430e-03
-2.128319349139928818e-03
-1.973464619368314743e-03
-1.919890986755490303e-03
-1.810135203413665295e-03
-1.822846010327339172e-03
-1.847405917942523956e-03
-1.886141486465930939e-03
-1.868913997896015644e-03
-1.935246982611715794e-03
-1.828223699703812599e-03
-1.912511652335524559e-03
-1.986900577321648598e-03
-2.329268027096986771e-03
-2.743777120485901833e-03
-2.756949746981263161e-03
-2.664396772161126137e-03
-2.800894202664494514e-03
-2.828872529789805412e-03
-2.772463485598564148e-03
-2.710236236453056335e-03
-2.713036490604281425e-03
-2.604157431051135063e-03
-2.492987085133790970e-03
-2.735023386776447296e-03
-2.687544561922550201e-03
-2.478394191712141037e-03
-2.326920861378312111e-03
-1.979031134396791458e-03
-1.920440583489835262e-03
-1.884606317616999149e-03
-1.805933774448931217e-03
-1.846375409513711929e-03
-1.852258807048201561e-03
-1.928777084685862064e-03
-1.913730870001018047e-03
-1.910492661409080029e-03
-1.844683894887566566e-03
-1.897137146443128586e-03
-1.873478759080171585e-03
-1.885546837002038956e-03
-1.943767420016229153e-03
-1.916752546094357967e-03
-2.017136663198471069e-03
-2.098349621519446373e-03
-2.283857436850667000e-03
-2.342225285246968269e-03
-2.311114221811294556e-03
-2.524954499676823616e-03
-2.462631557136774063e-03
-2.386913169175386429e-03
-2.334762597456574440e-03
-2.325654029846191406e-03
-2.061040140688419342e-03
-1.887883874587714672e-03
-1.839706907048821449e-03
-1.790703972801566124e-03
-1.832460518926382065e-03
-1.850608037784695625e-03
-1.839059754274785519e-03
-1.846389961428940296e-03
-1.903181895613670349e-03
-1.901031588204205036e-03
