-5.385258700698614120e-03 1.791041722754016519e-04 -1.045206096023321152e-03 1.607406302355229855e-03 -5.274784052744507790e-04 5.346898615243844688e-05 -3.602586686611175537e-03 -2.317124744877219200e-03 1.390616380376741290e-04 4.018616746179759502e-04
-2.337141893804073334e-03 1.747787813656032085e-03 -2.182619879022240639e-03 4.223190480843186378e-04 1.853747991845011711e-03 4.076236509718000889e-04 -2.503209747374057770e-03 7.368820370174944401e-04 -2.606882946565747261e-03 3.442015033215284348e-03
-3.488363930955529213e-03 -2.491130726411938667e-03 7.879314362071454525e-04 1.486702705733478069e-03 6.836499669589102268e-04 -8.465838618576526642e-04 1.507194247096776962e-03 3.605892925406806171e-05 -2.399817574769258499e-03 5.096165841678157449e-05
1.617967966012656689e-03 4.553619946818798780e-04 1.606996986083686352e-03 -1.005694968625903130e-03 -3.918320406228303909e-03 -2.763282507658004761e-03 -1.461074571125209332e-03 3.465526970103383064e-03 -3.051862353459000587e-03 -3.888020757585763931e-03
-2.572742756456136703e-03 1.859928946942090988e-03 -1.927152625285089016e-03 4.103121813386678696e-03 -1.821919926442205906e-03 -2.242590708192437887e-04 -2.807419281452894211e-03 3.150237491354346275e-03 -2.115698996931314468e-03 1.060641880030743778e-04
-4.829938057810068130e-03 -1.970057637663558125e-04 1.106543000787496567e-03 -5.563937593251466751e-03 4.173762863501906395e-04 -4.308429080992937088e-03 5.374617176130414009e-04 3.814871306531131268e-04 -2.027897629886865616e-03 -2.217830478912219405e-05
-1.627502148039638996e-03 -2.245646202936768532e-03 -3.976318519562482834e-03 -2.609225222840905190e-03 3.426366951316595078e-03 -3.160990308970212936e-04 3.068425692617893219e-03 -3.441306063905358315e-03 -2.260715409647673368e-04 1.888313447125256062e-03
1.563834724947810173e-03 -5.992560647428035736e-03 -5.185198038816452026e-03 -6.267005112022161484e-03 1.125286798924207687e-03 5.912923370487987995e-04 1.876809867098927498e-03 -1.091308193281292915e-03 -1.591273932717740536e-03 7.533074240200221539e-04
1.596380956470966339e-03 -2.771768195088952780e-04 -3.572853980585932732e-03 -2.649540780112147331e-03 -1.961911562830209732e-03 -4.266515315975993872e-04 6.890678778290748596e-04 -6.766078877262771130e-04 -1.374544226564466953e-03 9.542201587464660406e-05
-2.077147131785750389e-03 1.749111805111169815e-03 -3.827047767117619514e-03 -1.381051377393305302e-03 5.538497352972626686e-04 -6.006113108014687896e-05 -1.995553495362401009e-03 1.382703776471316814e-03 5.657424917444586754e-04 -3.903388860635459423e-04
2.141781878890469670e-04 3.039379604160785675e-03 -1.539809978567063808e-03 -1.165453111752867699e-03 -6.490143732662545517e-06 3.479824808891862631e-04 1.559006865136325359e-03 -2.893111901357769966e-03 -9.765538852661848068e-04 -1.970259938389062881e-03
1.259233686141669750e-03 -5.989950732327997684e-04 2.834768500179052353e-03 -2.338803606107831001e-03 1.051280880346894264e-03 -3.011014079675078392e-03 -1.741721644066274166e-03 -2.724413061514496803e-03 -2.769935876131057739e-03 2.996273105964064598e-04
-3.121690533589571714e-04 -8.326491806656122208e-04 -3.364238073118031025e-04 -1.381054520606994629e-03 -4.420607350766658783e-03 -1.193496515043079853e-03 2.494856307748705149e-04 -3.263781545683741570e-03 -1.518107717856764793e-03 -5.858104210346937180e-03
-2.098153810948133469e-03 3.928235732018947601e-03 3.827461332548409700e-04 6.880420842207968235e-04 -1.659739995375275612e-03 2.203298208769410849e-05 -4.511178121902048588e-04 -1.424510148353874683e-03 1.151807839050889015e-03 -2.052722033113241196e-03
-4.557418636977672577e-03 -1.935978885740041733e-03 3.988691605627536774e-04 -1.973526377696543932e-04 2.326499437913298607e-03 -4.311969038099050522e-03 1.072713275789283216e-04 -5.212581716477870941e-03 5.733292200602591038e-04 1.337362802587449551e-03
-4.094741307199001312e-03 2.715120557695627213e-03 -2.265760675072669983e-03 3.823277307674288750e-03 -2.169628394767642021e-03 1.976848114281892776e-03 -3.174952231347560883e-03 -2.985380822792649269e-03 1.889306004159152508e-03 -7.279855781234800816e-04
-3.656995249912142754e-04 -1.380018540658056736e-03 1.875593676231801510e-03 -2.974456219817511737e-05 -5.413820035755634308e-03 -2.814622363075613976e-03 1.920550828799605370e-03 -4.389564506709575653e-03 1.527263957541435957e-04 -5.443923175334930420e-03
-3.451578959356993437e-04 -3.902686061337590218e-03 -3.098265267908573151e-03 -4.194632172584533691e-03 -3.881523385643959045e-03 -9.900369914248585701e-04 -5.219063023105263710e-04 1.020512543618679047e-03 9.241046500392258167e-04 5.881870747543871403e-04
-2.314597368240356445e-03 2.620923100039362907e-03 -9.553381823934614658e-04 1.503512146882712841e-03 -7.631907355971634388e-04 2.063453663140535355e-03 2.129395492374897003e-03 -1.064998097717761993e-03 -1.880428520962595940e-03 -6.655981997027993202e-04
-2.428775624139234424e-04 7.251478265970945358e-03 -4.098828649148344994e-04 -7.256548269651830196e-04 -4.426543891895562410e-04 -5.370998987928032875e-04 -5.900395335629582405e-04 -5.873164627701044083e-04 -9.130500257015228271e-04 -5.389088182710111141e-04
-2.552199177443981171e-03 1.364690368063747883e-03 1.672796934144571424e-04 8.177405106835067272e-04 -7.242052815854549408e-04 -2.523898612707853317e-03 3.035825444385409355e-03 -9.929409716278314590e-04 -2.841074950993061066e-03 9.531128453090786934e-04
-2.455862471833825111e-03 2.454723697155714035e-03 -1.494599506258964539e-03 -1.840113895013928413e-03 1.425772090442478657e-03 -1.037036185152828693e-03 -2.749468432739377022e-03 2.619596663862466812e-03 -7.177119259722530842e-04 2.113481983542442322e-03
-3.230466274544596672e-03 -2.178352558985352516e-03 -4.010784439742565155e-03 -9.116944856941699982e-04 1.908559119328856468e-03 -7.587959989905357361e-04 -4.985120613127946854e-03 1.077833352610468864e-03 1.351104350760579109e-03 8.695109281688928604e-04
-7.988292491063475609e-04 6.125251762568950653e-03 2.243836788693442941e-04 7.990762242116034031e-04 -1.021047588437795639e-03 -1.254119095392525196e-03 -1.331453560851514339e-03 -1.018848619423806667e-03 -6.022864254191517830e-04 -1.225405489094555378e-03
6.812895298935472965e-04 -3.847232321277260780e-03 -1.214637071825563908e-03 -4.934687167406082153e-04 -5.038955248892307281e-03 5.176174090593121946e-05 -8.087596506811678410e-04 -2.460349816828966141e-03 1.500662328908219934e-04 -4.821694921702146530e-03
-1.152182696387171745e-03 -4.977747332304716110e-03 -2.449325751513242722e-03 1.383352791890501976e-03 -2.993900307046715170e-05 -1.886067329905927181e-03 -2.368822460994124413e-03 9.942627511918544769e-04 -3.682254347950220108e-03 -1.925031188875436783e-03
-2.251078840345144272e-03 -2.522613212931901217e-04 1.001975731924176216e-03 -2.680923789739608765e-03 -1.062338706105947495e-03 -1.930367783643305302e-03 1.311494852416217327e-03 1.017600763589143753e-03 7.788959774188697338e-04 -9.203780209645628929e-04
3.286044229753315449e-04 1.343291136436164379e-03 -1.509320922195911407e-03 -1.466404995881021023e-03 -4.967977292835712433e-04 -5.821513477712869644e-04 2.312863478437066078e-03 -5.420305533334612846e-04 -2.284974791109561920e-03 -9.613379952497780323e-04
-2.656686352565884590e-03 -7.359313312917947769e-04 -2.958457684144377708e-03 1.314221532084047794e-03 -7.873166468925774097e-04 1.281145261600613594e-03 -1.229262212291359901e-03 1.722412183880805969e-03 8.199212024919688702e-04 1.448957715183496475e-03
7.840667967684566975e-04 6.169271655380725861e-04 -2.381407102802768350e-04 -1.314633293077349663e-03 8.622100576758384705e-04 -8.559371926821768284e-04 -3.235930344089865685e-03 -3.613623324781656265e-03 -2.122544916346669197e-03 -1.965190749615430832e-03
-1.151129486970603466e-03 2.193466061726212502e-03 -1.018265844322741032e-03 -1.317010144703090191e-03 -4.655671364162117243e-04 -1.657688175328075886e-03 -1.357605098746716976e-03 3.935880027711391449e-03 -1.835853327065706253e-03 1.719280029647052288e-03
1.250518253073096275e-03 -2.196786226704716682e-03 -4.925770219415426254e-03 -5.825948901474475861e-03 2.939515688922256231e-04 -2.648215740919113159e-04 -1.151875476352870464e-03 -9.900375735014677048e-04 -9.255024488084018230e-04 7.049140549497678876e-05
1.033081673085689545e-03 -3.376584500074386597e-03 -4.329366143792867661e-03 5.801571533083915710e-04 -1.234774128533899784e-03 5.733454236178658903e-05 -1.249143271706998348e-03 -2.295207232236862183e-03 -1.235349685885012150e-03 -2.915310906246304512e-03
-2.104124985635280609e-03 2.849233336746692657e-03 -2.703898819163441658e-03 -1.840791315771639347e-03 2.554872844484634697e-05 -2.747192047536373138e-04 -2.295057987794280052e-03 2.530816243961453438e-03 6.127005908638238907e-04 8.894031052477657795e-04
-2.185641787946224213e-03 -3.058062866330146790e-03 -4.964037798345088959e-04 2.138912212103605270e-03 -1.344882184639573097e-03 4.365379281807690859e-04 -1.037055044434964657e-03 4.315612022764980793e-04 -6.103459600126370788e-05 -1.389123266562819481e-03
1.439972314983606339e-03 -9.535053977742791176e-04 1.073030754923820496e-03 3.490443341434001923e-04 -6.720386911183595657e-03 5.600850563496351242e-04 -2.813813742250204086e-03 -5.070951767265796661e-03 3.653146559372544289e-04 -6.188164465129375458e-03
-8.159863064065575600e-04 -1.924923621118068695e-03 -6.153249414637684822e-04 9.768335148692131042e-04 4.107789427507668734e-04 1.009214087389409542e-03 1.855243899626657367e-04 -3.934802021831274033e-03 -3.679737565107643604e-04 -5.915539804846048355e-04
-4.445912782102823257e-04 -4.197788890451192856e-03 1.308410312049090862e-03 2.456834481563419104e-04 -5.553839728236198425e-04 -5.374560598284006119e-03 -5.839191377162933350e-03 1.743905013427138329e-03 -2.445789868943393230e-04 -1.034585293382406235e-03
2.307177986949682236e-03 1.256266492418944836e-03 3.787168534472584724e-04 3.167224640492349863e-04 -3.869707230478525162e-03 4.514175234362483025e-04 -8.870814344845712185e-04 -3.655623644590377808e-03 -1.500986167229712009e-03 -3.816488198935985565e-03
-2.186719095334410667e-03 2.331707859411835670e-03 -2.396767493337392807e-03 -2.265830757096409798e-03 2.205938566476106644e-03 -2.049869654001668096e-04 -2.512791194021701813e-03 1.428411225788295269e-03 1.129861338995397091e-03 1.386420102789998055e-03
1.050779712386429310e-03 -2.225124510005116463e-03 -7.814964628778398037e-04 -5.502146668732166290e-04 -6.390852387994527817e-03 -9.769194293767213821e-04 -8.766732062213122845e-04 -3.079606685787439346e-03 -7.320360746234655380e-04 -2.469650062266737223e-04
-4.231741651892662048e-03 1.319996430538594723e-03 2.487893914803862572e-03 -2.964123850688338280e-03 -1.384005765430629253e-03 -4.765842459164559841e-04 -4.091297741979360580e-03 1.086483593098819256e-03 2.152659930288791656e-03 -1.493697869591414928e-03
-3.626982215791940689e-04 7.336557377129793167e-03 -8.735043811611831188e-04 -9.992148261517286301e-04 -6.051610107533633709e-04 -5.149442004039883614e-04 -7.416640873998403549e-04 -6.239888025447726250e-04 -9.175236336886882782e-04 -7.198826642706990242e-04
-2.377711003646254539e-03 -4.291494842618703842e-03 1.901476935017853975e-04 6.927210488356649876e-04 -6.801218842156231403e-04 -3.502096980810165405e-03 6.357402889989316463e-04 -5.528766632778570056e-05 -2.427884377539157867e-03 -2.076067496091127396e-03
-6.113109178841114044e-03 -2.794617321342229843e-04 1.706229173578321934e-03 -2.881176071241497993e-03 1.235800329595804214e-03 -3.051084000617265701e-03 -5.454524653032422066e-04 -4.885711707174777985e-03 1.957960193976759911e-03 -2.559605054557323456e-04
1.560914912261068821e-03 -4.947496578097343445e-03 -4.549633711576461792e-03 1.543990103527903557e-03 -2.542594214901328087e-03 1.093555707484483719e-03 -6.540135946124792099e-03 -3.851113724522292614e-04 8.262750925496220589e-04 -1.415459788404405117e-03
-4.012241843156516552e-04 2.932506380602717400e-03 -2.184628741815686226e-03 -2.978995209559798241e-03 4.360265738796442747e-04 1.538295036880299449e-04 8.427671855315566063e-05 1.410541881341487169e-04 -1.240055775269865990e-03 -3.373142390046268702e-04
-3.753343844437040389e-05 -6.319576641544699669e-04 1.349781057797372341e-03 -2.355328295379877090e-03 -1.549403765238821507e-03 -3.040269482880830765e-03 3.628824371844530106e-03 -5.490572075359523296e-04 -3.225667634978890419e-03 9.628630359657108784e-04
-3.555016592144966125e-03 -6.328567396849393845e-04 -3.470546798780560493e-03 -5.687167868018150330e-04 3.491763491183519363e-04 -9.089116938412189484e-04 -4.270368255674839020e-03 2.406575251370668411e-03 1.887466059997677803e-03 1.009792438708245754e-03
1.971459016203880310e-03 -4.887344315648078918e-03 -3.381910501047968864e-03 -1.002096687443554401e-03 -2.891045296564698219e-03 5.640595336444675922e-04 -5.942373070865869522e-03 1.798197627067565918e-03 -1.192289404571056366e-03 2.157579176127910614e-03
5.818018689751625061e-04 -2.588832052424550056e-03 3.694143961183726788e-04 -1.218093326315283775e-03 1.097564119845628738e-03 1.660003617871552706e-04 -3.147875191643834114e-03 -4.609060008078813553e-03 -2.635120647028088570e-03 -4.063965287059545517e-03
-1.344784745015203953e-03 6.687316345050930977e-04 -1.406626426614820957e-03 -8.680361788719892502e-04 -7.590839522890746593e-04 -2.229729434475302696e-03 1.822656486183404922e-03 2.197262598201632500e-03 -2.405013889074325562e-03 -2.794890315271914005e-04
2.375162206590175629e-03 -2.475185785442590714e-03 -1.221664948388934135e-03 -4.021948669105768204e-03 -6.883544847369194031e-04 -8.230353705585002899e-04 -2.098999684676527977e-03 -3.377581713721156120e-03 -9.226918336935341358e-05 1.227031694725155830e-03
-7.124498370103538036e-04 2.727929968386888504e-03 -9.573876741342246532e-04 -1.099076587706804276e-03 -6.274865154409781098e-05 -1.058429479598999023e-03 -9.497576975263655186e-04 2.746504265815019608e-03 -1.598432427272200584e-03 1.056121662259101868e-03
-1.792953116819262505e-03 -1.329089165665209293e-03 2.244368894025683403e-03 -1.775628537870943546e-03 6.812271312810480595e-04 5.075822264188900590e-05 1.605264027602970600e-03 -4.234972409904003143e-03 2.869430500140879303e-05 -7.927979459054768085e-04
-1.013054046779870987e-03 -1.656926004216074944e-03 -4.509359132498502731e-03 1.303472206927835941e-03 -9.089366649277508259e-04 1.953971572220325470e-03 -1.783880405128002167e-03 -4.992899950593709946e-03 2.076753415167331696e-03 -3.031158121302723885e-04
-3.167738672345876694e-03 2.241019625216722488e-03 1.553868060000240803e-04 -4.176667891442775726e-03 -1.085625845007598400e-03 -1.550485496409237385e-03 3.141675377264618874e-03 -8.920704713091254234e-04 1.495781354606151581e-03 -1.041841460391879082e-03
-9.553820127621293068e-04 2.398814394837245345e-04 2.089004265144467354e-03 -1.342943753115832806e-03 -4.395944415591657162e-05 -1.894405111670494080e-03 7.768133655190467834e-04 -3.375760279595851898e-03 -1.313301851041615009e-03 -1.325884601101279259e-03
-1.531659159809350967e-03 2.602500608190894127e-03 -1.551142777316272259e-03 -1.745274290442466736e-03 1.246791915036737919e-03 -1.183912041597068310e-03 -1.878881826996803284e-03 2.712093759328126907e-03 -1.609094790183007717e-03 1.185283297672867775e-03
1.353564206510782242e-03 6.032569217495620251e-04 -4.337893798947334290e-03 3.522666520439088345e-04 -7.686636672588065267e-05 1.128591597080230713e-03 1.293228939175605774e-03 -1.658523688092827797e-03 -3.341212635859847069e-03 -1.878763199783861637e-03
-1.625073025934398174e-03 -4.774502012878656387e-03 5.525838932953774929e-04 -3.128818236291408539e-03 1.627344405278563499e-03 -1.485631684772670269e-03 1.211422728374600410e-03 1.453628065064549446e-04 -6.321048364043235779e-03 9.385493467561900616e-04
-2.670577028766274452e-03 9.219680214300751686e-04 2.367808017879724503e-03 1.348307589069008827e-03 -2.619422506541013718e-03 -8.908247691579163074e-04 -1.615076325833797455e-03 1.533653819933533669e-03 1.363574294373393059e-03 -2.510128309950232506e-03
-2.197864378103986382e-04 -1.475090743042528629e-03 -1.027474994771182537e-03 1.296500791795551777e-03 -4.371259827166795731e-03 -2.684799022972583771e-03 -4.713627044111490250e-03 1.995395869016647339e-03 -4.317723214626312256e-03 -9.005013853311538696e-04
-1.383655238896608353e-03 -3.386047203093767166e-03 -2.588456845842301846e-04 -2.742969430983066559e-03 3.948873374611139297e-03 -1.455405959859490395e-03 6.221273797564208508e-04 2.137698698788881302e-03 -3.701656358316540718e-03 -5.215225974097847939e-04
