5.103141069412231445e-03 -9.203032590448856354e-03
4.677573684602975845e-03 -1.074735168367624283e-02
5.403505638241767883e-03 -8.790973573923110962e-03
5.212345160543918610e-03 -9.432624094188213348e-03
4.776973277330398560e-03 -9.558870457112789154e-03
-8.707892149686813354e-03 5.062350537627935410e-03
-9.702790528535842896e-03 5.148088559508323669e-03
-9.817536920309066772e-03 5.164735484868288040e-03
-9.638602845370769501e-03 5.255001131445169449e-03
-1.001506578177213669e-02 4.597057588398456573e-03
