-1.316695511341094971e-01
6.313959956169128418e-01
7.566763758659362793e-01
4.656596481800079346e-01
1.035983443260192871e+00
6.137067675590515137e-01
9.132856130599975586e-02
5.944202542304992676e-01
4.059089124202728271e-01
4.126599729061126709e-01
1.202822625637054443e-01
-1.874573975801467896e-01
4.240111708641052246e-01
3.429489433765411377e-01
4.906195998191833496e-01
4.293870627880096436e-01
9.970003366470336914e-02
4.749218225479125977e-01
6.896349787712097168e-01
7.480438351631164551e-01
4.881945252418518066e-01
4.470900595188140869e-01
7.732027173042297363e-01
1.279101967811584473e-01
4.101815819740295410e-01
2.229359000921249390e-01
8.882907032966613770e-01
7.402282953262329102e-02
3.034537136554718018e-01
1.282290518283843994e-01
8.373336493968963623e-02
5.332859754562377930e-01
4.318821430206298828e-01
2.169912904500961304e-01
1.840122491121292114e-01
4.363431036472320557e-01
6.566257476806640625e-01
5.913823843002319336e-01
3.578932583332061768e-01
3.750119805335998535e-01
6.997598409652709961e-01
7.326779365539550781e-01
5.215945243835449219e-01
3.625032603740692139e-01
3.504471778869628906e-01
3.155329227447509766e-01
7.653889656066894531e-01
-6.363468766212463379e-01
4.484512507915496826e-01
6.026051640510559082e-01
3.525194823741912842e-01
6.212142705917358398e-01
3.864579796791076660e-01
4.945493042469024658e-01
-1.122739817947149277e-02
4.115186929702758789e-01
1.344524979591369629e+00
2.706947922706604004e-02
7.972050309181213379e-01
6.321719884872436523e-01
1.262035071849822998e-01
4.882501661777496338e-01
2.490310668945312500e-01
2.645456492900848389e-01
5.792196393013000488e-01
3.518802225589752197e-01
2.983870208263397217e-01
4.958275258541107178e-01
6.737303137779235840e-01
5.173609256744384766e-01
8.875357359647750854e-02
3.022849559783935547e-01
1.815445572137832642e-01
-2.199360430240631104e-01
1.330276131629943848e+00
5.520833730697631836e-01
1.156659841537475586e+00
9.962620139122009277e-01
2.817713022232055664e+00
-5.148910284042358398e-01
7.937275767326354980e-01
3.121654987335205078e-01
5.642574429512023926e-01
3.471377193927764893e-01
5.076891183853149414e-01
2.803225815296173096e-01
3.739339411258697510e-01
-1.320223063230514526e-01
6.783455014228820801e-01
4.256362915039062500e-01
-2.608771324157714844e-01
-4.287153854966163635e-02
1.454846262931823730e-01
3.764759302139282227e-01
7.526714801788330078e-01
2.717621922492980957e-01
1.502105891704559326e-01
8.511675596237182617e-01
1.376329958438873291e-01
1.052073955535888672e+00
4.312560856342315674e-01
2.505067586898803711e-01
4.652130007743835449e-01
2.677713632583618164e-01
5.547012686729431152e-01
4.698383212089538574e-01
2.269684076309204102e-01
4.952546060085296631e-01
3.223766386508941650e-01
7.080264091491699219e-01
3.439711034297943115e-01
1.541694551706314087e-01
4.862121939659118652e-01
3.523931503295898438e-01
3.596501052379608154e-01
5.030851960182189941e-01
6.874681115150451660e-01
9.437788724899291992e-01
8.545815944671630859e-01
4.553732573986053467e-01
2.483623325824737549e-01
5.795990824699401855e-01
2.577474415302276611e-01
5.715964436531066895e-01
1.342657566070556641e+00
3.668344318866729736e-01
3.983711302280426025e-01
-1.231748014688491821e-01
-2.738099992275238037e-01
3.399665355682373047e-01
4.650205373764038086e-01
6.687211245298385620e-02
1.002005040645599365e-01
3.806425929069519043e-01
1.809941232204437256e-01
7.331455945968627930e-01
5.186846256256103516e-01
3.356903195381164551e-01
3.971990197896957397e-02
-3.712990880012512207e-02
5.280271768569946289e-01
3.295966982841491699e-01
5.952509641647338867e-01
2.011013507843017578e+00
4.239566326141357422e-01
5.002142190933227539e-01
5.523487925529479980e-01
3.341311514377593994e-01
3.760067820549011230e-01
4.484001994132995605e-01
4.945727884769439697e-01
1.800051480531692505e-01
-8.888793736696243286e-02
9.211016893386840820e-01
1.120005026459693909e-01
4.830378890037536621e-01
2.726674377918243408e-01
3.375895619392395020e-01
6.784877181053161621e-01
-5.586236715316772461e-01
2.089150100946426392e-01
6.716113686561584473e-01
2.237082004547119141e+00
8.051225543022155762e-01
2.169033885002136230e-02
8.228000402450561523e-01
5.529576539993286133e-02
7.690228819847106934e-01
1.915644407272338867e-01
3.165830969810485840e-01
4.766473472118377686e-01
3.554598391056060791e-01
3.768076300621032715e-01
1.815677732229232788e-01
4.066130891442298889e-02
5.218691229820251465e-01
2.627339363098144531e-01
3.961967527866363525e-01
8.591361045837402344e-01
4.934386312961578369e-01
8.042451143264770508e-01
3.774587512016296387e-01
2.998040616512298584e-01
-8.013192564249038696e-03
1.609473675489425659e-02
1.870010495185852051e-01
-2.539547085762023926e-01
3.764614164829254150e-01
4.158887565135955811e-01
2.621134817600250244e-01
5.049864649772644043e-01
5.098420977592468262e-01
5.154640674591064453e-01
2.335631102323532104e-01
5.033049583435058594e-01
5.561649799346923828e-01
3.091211318969726562e-01
2.807057797908782959e-01
6.393407285213470459e-02
1.032331347465515137e+00
3.574175238609313965e-01
6.872010231018066406e-01
1.310501813888549805e+00
2.980890572071075439e-01
9.018235802650451660e-01
2.756386101245880127e-01
2.390221834182739258e+00
3.483492434024810791e-01
3.809781670570373535e-01
4.427019953727722168e-01
1.003084659576416016e+00
1.120502203702926636e-01
6.840765476226806641e-01
-1.177433848381042480e+00
2.944820523262023926e-01
4.965173006057739258e-01
-5.868548154830932617e-02
2.153052985668182373e-01
4.134182333946228027e-01
1.260961592197418213e-01
6.508193016052246094e-01
4.330902993679046631e-01
4.734959304332733154e-01
5.848855376243591309e-01
2.132842391729354858e-01
4.337323904037475586e-01
-8.255460113286972046e-02
-4.448987543582916260e-01
5.913743376731872559e-01
1.465156823396682739e-01
-9.485445022583007812e-01
5.312373638153076172e-01
5.891768336296081543e-01
4.583805799484252930e-02
2.002756148576736450e-01
1.507666707038879395e+00
3.408552110195159912e-01
4.495467543601989746e-01
-6.783957481384277344e-01
-8.285252749919891357e-02
6.126515865325927734e-01
5.159037709236145020e-01
1.687369048595428467e-01
7.117744088172912598e-01
3.859256207942962646e-01
4.429740309715270996e-01
4.200838804244995117e-01
4.368396997451782227e-01
1.545258164405822754e-01
4.318826794624328613e-01
2.864149510860443115e-01
7.350503206253051758e-01
4.248396158218383789e-01
9.158037304878234863e-01
1.792442083358764648e+00
1.168932318687438965e-01
6.561419367790222168e-02
2.961632013320922852e-01
4.314942955970764160e-01
5.826970934867858887e-01
1.079250931739807129e+00
5.040234923362731934e-01
1.425105094909667969e+00
2.961891889572143555e-01
2.851730585098266602e-01
6.102256178855895996e-01
1.574020832777023315e-01
4.196258187294006348e-01
3.228100240230560303e-01
5.166632533073425293e-01
5.347839593887329102e-01
8.440931141376495361e-02
4.103941619396209717e-01
5.569574832916259766e-01
1.423391461372375488e+00
9.959033131599426270e-01
1.157642126083374023e+00
8.432018756866455078e-01
8.880220055580139160e-01
1.597392559051513672e-01
5.156697034835815430e-01
2.929028682410717010e-02
9.345959872007369995e-02
2.237034887075424194e-01
2.565601170063018799e-01
3.901564180850982666e-01
9.831227064132690430e-01
8.559265732765197754e-01
-5.686926245689392090e-01
-6.061790883541107178e-02
5.634557604789733887e-01
2.584501802921295166e-01
1.556613743305206299e-01
2.405362576246261597e-01
9.300482273101806641e-01
1.504414558410644531e+00
9.627174735069274902e-01
5.451519489288330078e-01
6.367249488830566406e-01
5.579376816749572754e-01
1.102592349052429199e+00
2.264312058687210083e-01
2.710914909839630127e-01
3.005329370498657227e-01
-6.723538041114807129e-02
4.461128413677215576e-01
5.794095396995544434e-01
1.556120812892913818e-02
6.579406261444091797e-01
6.311503648757934570e-01
5.753496289253234863e-01
5.671383738517761230e-01
-9.666506052017211914e-01
-4.815129041671752930e-01
1.072540640830993652e+00
4.879927635192871094e-01
-5.055589675903320312e-01
1.274746060371398926e-01
3.692156672477722168e-01
2.923399507999420166e-01
1.811654418706893921e-01
-1.055785641074180603e-01
2.538170814514160156e-01
3.304482102394104004e-01
-2.444070100784301758e+00
4.943325817584991455e-01
8.257670402526855469e-01
1.483708769083023071e-01
4.521099030971527100e-01
6.103020906448364258e-01
2.324866801500320435e-01
1.293448805809020996e-01
4.366549253463745117e-01
2.668254673480987549e-01
2.530440390110015869e-01
5.197561383247375488e-01
1.674152463674545288e-01
9.009543061256408691e-01
1.376413464546203613e+00
1.400914490222930908e-01
5.154875516891479492e-01
4.341898858547210693e-01
-6.978586316108703613e-02
3.378294706344604492e-01
3.709983229637145996e-01
5.480121970176696777e-01
-4.090452194213867188e-01
1.589018106460571289e-01
4.609606266021728516e-01
8.478866815567016602e-01
3.044368028640747070e-01
4.735611379146575928e-01
1.305833458900451660e-01
1.337824583053588867e+00
4.945507645606994629e-01
2.272773683071136475e-01
2.648013830184936523e-01
2.406629323959350586e-01
8.964942693710327148e-01
3.350390493869781494e-01
7.655813694000244141e-01
5.560007318854331970e-02
2.204283475875854492e-01
4.906231462955474854e-01
-7.178450226783752441e-01
5.963951945304870605e-01
6.777945160865783691e-01
-1.102960944175720215e+00
-3.820230662822723389e-01
1.087672591209411621e+00
7.289069294929504395e-01
3.361707627773284912e-01
5.699144005775451660e-01
3.969221115112304688e-01
1.961694061756134033e-01
1.314025282859802246e+00
8.376505225896835327e-02
-1.178989291191101074e+00
4.334850609302520752e-01
2.742626070976257324e-01
-1.140014454722404480e-02
-4.111671075224876404e-02
-3.581455945968627930e-01
4.851195514202117920e-01
1.872777789831161499e-01
2.432015724480152130e-03
8.506555557250976562e-01
7.829140424728393555e-01
1.063906773924827576e-01
5.863491296768188477e-01
8.774555325508117676e-01
7.304775714874267578e-01
3.700987100601196289e-01
2.827887535095214844e-01
9.497071504592895508e-01
4.723020195960998535e-01
2.613911032676696777e-01
1.170167177915573120e-01
3.752503395080566406e-01
2.557186186313629150e-01
