-4.410035312175750732e-01
-3.067461848258972168e-01
-1.475796699523925781e-01
-1.775829046964645386e-01
5.409647896885871887e-02
-1.474526673555374146e-01
-8.588939160108566284e-02
-6.015888601541519165e-02
-2.613000869750976562e-01
-1.958836913108825684e-01
-3.932303786277770996e-01
-5.531548261642456055e-01
-2.588326632976531982e-01
-7.898917049169540405e-02
-7.468735426664352417e-02
-1.581390649080276489e-01
-4.144691228866577148e-01
-2.177756875753402710e-01
-2.215495705604553223e-01
-8.777125738561153412e-03
-1.508202254772186279e-01
-2.649703323841094971e-01
-1.243754550814628601e-01
-4.321064352989196777e-01
-8.525013923645019531e-02
-2.279311567544937134e-01
1.649274956434965134e-03
-3.080994784832000732e-01
-1.121169924736022949e-01
-3.496450185775756836e-01
-4.317694902420043945e-01
-7.641287893056869507e-02
-3.121309876441955566e-01
-2.759580910205841064e-01
-2.553791403770446777e-01
-4.217893779277801514e-01
-2.499747872352600098e-01
-1.162934452295303345e-01
-2.794046998023986816e-01
-2.917100489139556885e-01
-1.844862252473831177e-01
-2.992740832269191742e-02
-3.439322710037231445e-01
-2.673477232456207275e-01
-5.725168064236640930e-02
-2.589437551796436310e-02
-1.733608692884445190e-01
-4.015525877475738525e-01
-3.348206281661987305e-01
-2.422418445348739624e-01
-1.023838147521018982e-01
-5.003750324249267578e-02
-5.508536100387573242e-01
-1.701781451702117920e-01
-1.855346411466598511e-01
-2.343059927225112915e-01
5.538602471351623535e-01
-2.311556935310363770e-01
-5.180784687399864197e-02
-1.596846878528594971e-01
-3.482396602630615234e-01
-2.301635295152664185e-01
-3.405894339084625244e-01
-1.997644156217575073e-01
-1.784379035234451294e-01
-3.503254055976867676e-01
-1.725942939519882202e-01
-2.645069360733032227e-01
-1.227803453803062439e-01
-1.702134907245635986e-01
-4.750205576419830322e-01
-4.171018004417419434e-01
-3.990893065929412842e-01
-2.524168789386749268e-01
1.662475913763046265e-01
-1.448522806167602539e-01
3.583908453583717346e-02
-1.268381774425506592e-01
3.322322845458984375e+00
-7.627255320549011230e-01
-1.712583750486373901e-01
-3.508231639862060547e-01
-1.684163659811019897e-01
-2.960644662380218506e-01
-3.485188484191894531e-01
-3.325963914394378662e-01
-2.190775573253631592e-01
-3.375493884086608887e-01
-2.720558643341064453e-02
-2.418838590383529663e-01
-7.774384617805480957e-01
-5.333783030509948730e-01
-2.543739974498748779e-01
-2.958693206310272217e-01
-9.158310294151306152e-02
-1.895709335803985596e-01
-3.735309839248657227e-01
-1.180587057024240494e-02
-3.962031900882720947e-01
-4.886001348495483398e-02
-9.260588884353637695e-02
-3.877566158771514893e-01
2.321717794984579086e-03
-2.768795490264892578e-01
-2.038770169019699097e-01
-2.466496825218200684e-01
-3.147719800472259521e-01
-1.683266162872314453e-01
-2.360737174749374390e-01
-1.031433790922164917e-01
-2.963750064373016357e-01
-2.634912431240081787e-01
-1.915888339281082153e-01
-2.921743392944335938e-01
-2.113809436559677124e-01
-1.853428333997726440e-01
-8.895517326891422272e-03
-3.774591535329818726e-02
-2.851730212569236755e-02
-3.113901317119598389e-01
-2.440216392278671265e-01
-2.097374200820922852e-01
-3.157451748847961426e-01
-1.820924878120422363e-01
5.000682175159454346e-02
-3.275190591812133789e-01
-9.231264889240264893e-02
-4.690974056720733643e-01
-6.518036723136901855e-01
-3.318299055099487305e-01
-3.032960891723632812e-01
-3.529929220676422119e-01
-3.342175781726837158e-01
-2.861001789569854736e-01
-4.009215235710144043e-01
-1.237436234951019287e-01
-1.674560010433197021e-01
-3.188344240188598633e-01
-4.673154354095458984e-01
-4.912448823451995850e-01
-1.131200939416885376e-01
-4.334276914596557617e-01
-1.574687808752059937e-01
1.298041820526123047e+00
-2.301295548677444458e-01
-2.057547122240066528e-01
-1.119323894381523132e-01
-2.873435020446777344e-01
-1.863223612308502197e-01
-2.285010740160942078e-02
-2.272372841835021973e-01
-2.656691968441009521e-01
-6.722552329301834106e-02
-9.660544246435165405e-02
-4.174085557460784912e-01
-2.711090147495269775e-01
-2.388726323843002319e-01
-1.481779664754867554e-01
-2.209521681070327759e-01
-4.855756163597106934e-01
-3.712155222892761230e-01
-1.667226254940032959e-01
3.892874121665954590e-01
-8.609103411436080933e-02
-2.887164652347564697e-01
-2.072276771068572998e-01
-1.783149093389511108e-01
-1.110799089074134827e-01
-3.882138729095458984e-01
-2.707494199275970459e-01
-1.874005049467086792e-01
-2.048506885766983032e-01
-3.032623827457427979e-01
-2.009518891572952271e-01
-3.617900013923645020e-01
-1.347801685333251953e-01
-1.248348653316497803e-01
-1.411425024271011353e-01
-2.802905254065990448e-02
-3.712540566921234131e-01
-6.512118875980377197e-02
-1.070760563015937805e-01
-2.307169288396835327e-01
-2.681234180927276611e-01
-4.374714195728302002e-01
-2.459753304719924927e-01
-4.180073440074920654e-01
-3.347298800945281982e-01
-1.657763868570327759e-01
-4.462055861949920654e-01
-1.021159142255783081e-01
-2.191847860813140869e-01
-2.537961602210998535e-01
-4.770118594169616699e-01
-4.959465265274047852e-01
-1.202301774173974991e-02
-2.872194349765777588e-01
-1.461583822965621948e-01
-4.562459886074066162e-01
3.750317171216011047e-02
-2.711752057075500488e-01
-9.570197016000747681e-02
7.393138855695724487e-02
-3.285267651081085205e-01
-2.139677479863166809e-02
4.747381210327148438e-01
2.067688703536987305e+00
-3.575946092605590820e-01
-9.869991242885589600e-02
-1.086798012256622314e-01
-1.430469304323196411e-01
-3.541316688060760498e-01
-9.113925695419311523e-02
-8.499440550804138184e-01
-3.921442031860351562e-01
-2.668172121047973633e-01
-5.087230801582336426e-01
-3.684164583683013916e-01
-1.838067024946212769e-01
-3.829109370708465576e-01
-2.869403064250946045e-01
-2.145281583070755005e-01
-2.247069925069808960e-01
-1.299771945923566818e-02
-1.588768959045410156e-01
-1.826794445514678955e-01
-2.044807672500610352e-01
-7.279156446456909180e-01
-1.653624325990676880e-01
-1.292666792869567871e-01
-9.541316628456115723e-01
-3.514859080314636230e-01
-1.479093432426452637e-01
-2.733013927936553955e-01
-4.122443497180938721e-01
5.370620489120483398e-01
-6.902085989713668823e-02
-2.087541222572326660e-01
-7.424208521842956543e-01
-4.409581720829010010e-01
-2.436247766017913818e-01
-1.087586060166358948e-01
-4.795358777046203613e-01
-5.480646342039108276e-02
-2.483989596366882324e-01
-2.042878717184066772e-01
-2.657291293144226074e-01
-2.112009078264236450e-01
-4.432827234268188477e-01
7.905112579464912415e-03
-4.265868663787841797e-01
-1.870566010475158691e-01
-2.464685887098312378e-01
-1.975835300981998444e-02
3.990742564201354980e-01
-3.576042056083679199e-01
-3.606824576854705811e-01
-1.949911415576934814e-01
-2.098959684371948242e-01
-2.335448414087295532e-01
9.947900474071502686e-02
-2.601870596408843994e-01
1.066652163863182068e-01
-1.766245216131210327e-01
-2.729243040084838867e-01
-2.328355014324188232e-01
-2.518218457698822021e-01
-2.826895415782928467e-01
-3.707903325557708740e-01
-1.807142943143844604e-01
-2.563596367835998535e-01
-3.014272749423980713e-01
-5.552051588892936707e-02
-3.526313230395317078e-02
1.882160902023315430e-01
4.294589161872863770e-02
4.825743660330772400e-02
4.321752861142158508e-02
4.660434275865554810e-02
-5.351957082748413086e-01
-2.732426524162292480e-01
-2.975490987300872803e-01
-2.575292289257049561e-01
-1.429490894079208374e-01
-3.334183394908905029e-01
-5.605208128690719604e-02
7.384768128395080566e-02
-7.483817636966705322e-02
-8.885326981544494629e-01
-5.948550105094909668e-01
-2.428929209709167480e-01
-2.369417995214462280e-01
-5.177132487297058105e-01
-2.454732954502105713e-01
7.244732230901718140e-02
3.877983391284942627e-01
-4.582100082188844681e-03
-2.638994753360748291e-01
-2.026452571153640747e-01
-2.640286274254322052e-02
-1.591861993074417114e-01
-2.983732819557189941e-01
-2.451187223196029663e-01
-1.898591667413711548e-01
-5.450162291526794434e-01
-2.796860039234161377e-01
-6.133996881544589996e-03
-3.342024385929107666e-01
-1.589220464229583740e-01
-1.635277718305587769e-01
-1.998473852872848511e-01
-6.447337567806243896e-02
-1.048633217811584473e+00
-9.455251097679138184e-01
1.289856247603893280e-02
-2.706505060195922852e-01
-7.437886595726013184e-01
-3.698490560054779053e-01
-2.551593780517578125e-01
-3.713221848011016846e-01
-3.000791966915130615e-01
-9.700640290975570679e-02
-1.981578916311264038e-01
-1.791425794363021851e-01
-3.050075054168701172e+00
-1.392926424741744995e-01
-2.857136167585849762e-02
-2.275928556919097900e-01
-1.757214218378067017e-01
-1.931536346673965454e-01
-3.430216908454895020e-01
-2.770678699016571045e-01
-1.414150148630142212e-01
-2.739996910095214844e-01
-7.137605547904968262e-01
-2.241898179054260254e-01
-2.817333340644836426e-01
-1.995621435344219208e-02
3.711833432316780090e-02
-4.807815253734588623e-01
-1.513279229402542114e-01
-2.183343172073364258e-01
-5.907866954803466797e-01
-3.302429616451263428e-01
-2.720843255519866943e-01
1.531249284744262695e-02
-7.865672707557678223e-01
-3.015374541282653809e-01
-1.627980023622512817e-01
-1.154138669371604919e-01
-3.052321672439575195e-01
-2.399245053529739380e-01
-3.090918958187103271e-01
1.728042811155319214e-01
-1.346831023693084717e-01
-3.201408386230468750e-01
-2.998387813568115234e-01
-1.909071356058120728e-01
-1.760196313261985779e-02
-2.737713754177093506e-01
-8.376672863960266113e-02
-4.133355021476745605e-01
-4.212282299995422363e-01
-2.593130171298980713e-01
-3.891225755214691162e-01
-1.493019014596939087e-01
-7.917250692844390869e-02
-1.132531166076660156e+00
-5.912099480628967285e-01
3.580890223383903503e-02
-8.461828529834747314e-02
-4.089578092098236084e-01
-2.495500892400741577e-01
-2.671842277050018311e-01
-1.975669711828231812e-01
2.244140505790710449e-01
-4.421380758285522461e-01
-1.949311256408691406e+00
-1.392259597778320312e-01
-1.399509310722351074e-01
-9.738948941230773926e-02
-3.287086486816406250e-01
-6.562836766242980957e-01
-7.731356890872120857e-04
-3.875344395637512207e-01
-3.748477697372436523e-01
-2.440831810235977173e-02
-1.356990039348602295e-01
-2.943770885467529297e-01
-5.121074989438056946e-02
-7.929631322622299194e-02
-1.816651970148086548e-02
-1.822914630174636841e-01
-2.906242311000823975e-01
-5.272900685667991638e-02
-1.682988852262496948e-01
-4.002448916435241699e-01
-3.713106811046600342e-01
-2.374149560928344727e-01
-1.122124046087265015e-01
