-1.368515044450759888e-01
-1.290427744388580322e-01
-1.302510052919387817e-01
-1.272695958614349365e-01
-1.357786059379577637e-01
-1.266194581985473633e-01
-1.328095048666000366e-01
-1.364067643880844116e-01
-1.319238543510437012e-01
-1.335832029581069946e-01
-1.347887665033340454e-01
-1.334236562252044678e-01
-1.319086104631423950e-01
-1.384391337633132935e-01
-1.346533596515655518e-01
-1.324025541543960571e-01
-1.294157505035400391e-01
-1.313952207565307617e-01
-1.370668709278106689e-01
-1.295946538448333740e-01
-1.337483525276184082e-01
-1.265819668769836426e-01
-1.281029284000396729e-01
-1.332475244998931885e-01
-1.296486407518386841e-01
-1.338303089141845703e-01
-1.274296194314956665e-01
-1.318271756172180176e-01
-1.290237009525299072e-01
-1.402161419391632080e-01
-1.274063736200332642e-01
-1.286011338233947754e-01
-1.326269656419754028e-01
-1.198469251394271851e-01
-1.397676914930343628e-01
-1.357101947069168091e-01
-1.359616667032241821e-01
-1.535022705793380737e-01
-1.359909772872924805e-01
-1.412939280271530151e-01
-1.513230055570602417e-01
-1.589954942464828491e-01
-1.529116183519363403e-01
-1.632794588804244995e-01
-1.572477966547012329e-01
-1.630722880363464355e-01
-1.474799513816833496e-01
-1.422003656625747681e-01
-1.369674801826477051e-01
-1.310550570487976074e-01
-1.295221000909805298e-01
-1.297567337751388550e-01
-1.310045123100280762e-01
-1.285781264305114746e-01
-1.355301439762115479e-01
-1.327532082796096802e-01
-1.337534785270690918e-01
-1.301697343587875366e-01
-1.279478222131729126e-01
-1.343832165002822876e-01
-1.281939446926116943e-01
-1.352553516626358032e-01
-1.307337582111358643e-01
-1.308651417493820190e-01
-1.546710282564163208e-01
-1.720916032791137695e-01
-1.650282293558120728e-01
-1.687155365943908691e-01
-1.451507061719894409e-01
-1.714453250169754028e-01
-1.853588968515396118e-01
-1.696004718542098999e-01
-1.562876999378204346e-01
-2.219994515180587769e-01
-1.844227910041809082e-01
-1.669684797525405884e-01
-1.447669267654418945e-01
-1.563740223646163940e-01
-1.469059288501739502e-01
-1.395232826471328735e-01
-1.316588968038558960e-01
-1.232547461986541748e-01
-1.360347718000411987e-01
-1.370221525430679321e-01
-1.287145614624023438e-01
-1.325356215238571167e-01
-1.301927119493484497e-01
-1.313665360212326050e-01
-1.287200897932052612e-01
-1.279682219028472900e-01
-1.435902267694473267e-01
-1.518097668886184692e-01
-1.787393391132354736e-01
-2.149202376604080200e-01
-2.322419881820678711e-01
-2.254258096218109131e-01
-2.456374913454055786e-01
-1.578098088502883911e-01
-2.261482030153274536e-01
-2.284383624792098999e-01
-1.795248687267303467e-01
-2.198862284421920776e-01
-1.547944545745849609e-01
-2.303108423948287964e-01
-1.929069757461547852e-01
-1.517815142869949341e-01
-1.850085109472274780e-01
-1.751987636089324951e-01
-1.473363786935806274e-01
-1.340681761503219604e-01
-1.314902007579803467e-01
-1.318879574537277222e-01
-1.360653340816497803e-01
-1.301000267267227173e-01
-1.278326362371444702e-01
-1.319888830184936523e-01
-1.257218718528747559e-01
-1.515430063009262085e-01
-1.539157480001449585e-01
-1.696435213088989258e-01
-2.003237307071685791e-01
-2.580456733703613281e-01
-2.320340573787689209e-01
-2.517372667789459229e-01
-2.276147603988647461e-01
-2.880557179450988770e-01
-2.064102590084075928e-01
-1.604157686233520508e-01
-1.748759299516677856e-01
-1.205408424139022827e-01
-1.241123527288436890e-01
-1.127201914787292480e-01
-1.475490778684616089e-01
-1.806025058031082153e-01
-1.822285503149032593e-01
-1.984146088361740112e-01
-1.567850857973098755e-01
-1.354794651269912720e-01
-1.389075517654418945e-01
-1.346712857484817505e-01
-1.321895718574523926e-01
-1.300254762172698975e-01
-1.300615370273590088e-01
-1.382870078086853027e-01
-1.506477743387222290e-01
-1.595526784658432007e-01
-1.545371264219284058e-01
-2.342509478330612183e-01
-1.922013312578201294e-01
-1.614200025796890259e-01
-1.587749719619750977e-01
-5.508413910865783691e-02
-6.701981276273727417e-02
-4.469167906790971756e-03
3.300679475069046021e-02
-2.079032734036445618e-02
-8.661869168281555176e-02
-2.002059482038021088e-03
4.496915265917778015e-02
-4.543140158057212830e-02
-7.558441907167434692e-02
-1.774745136499404907e-01
-2.017372697591781616e-01
-1.808282583951950073e-01
-2.032882571220397949e-01
-1.527477651834487915e-01
-1.374290287494659424e-01
-1.384214311838150024e-01
-1.311487406492233276e-01
-1.303101181983947754e-01
-1.310811489820480347e-01
-1.429010927677154541e-01
-1.632262915372848511e-01
-1.738028377294540405e-01
-2.422146499156951904e-01
-2.065536528825759888e-01
-1.948636025190353394e-01
-4.194973781704902649e-02
-6.136831641197204590e-02
-5.431444942951202393e-02
2.185306139290332794e-02
-1.239805947989225388e-02
9.905986487865447998e-02
3.103443887084722519e-03
9.724251180887222290e-02
-3.558392450213432312e-02
-1.069557145237922668e-01
-8.537951111793518066e-02
-2.827325835824012756e-02
-9.222414344549179077e-02
-1.601332724094390869e-01
-1.646345406770706177e-01
-1.724089235067367554e-01
-1.613985300064086914e-01
-1.205493509769439697e-01
-1.351266205310821533e-01
-1.307954490184783936e-01
-1.367487311363220215e-01
-1.462036818265914917e-01
-1.527137309312820435e-01
-1.547720134258270264e-01
-2.098834812641143799e-01
-2.173995524644851685e-01
-2.173850983381271362e-01
-1.399125009775161743e-01
-8.728618733584880829e-03
5.305618792772293091e-02
4.439019598066806793e-03
8.143369853496551514e-02
7.875438034534454346e-02
6.537519395351409912e-02
8.447495102882385254e-02
6.309452932327985764e-03
-1.977925747632980347e-02
2.667083637788891792e-03
-1.174981296062469482e-01
-2.153048664331436157e-02
-1.354100853204727173e-01
-1.323541849851608276e-01
-1.350803971290588379e-01
-1.455076634883880615e-01
-1.937138438224792480e-01
-1.568759530782699585e-01
-1.427826285362243652e-01
-1.292275041341781616e-01
-1.418348848819732666e-01
-1.429642438888549805e-01
-1.347883194684982300e-01
-1.728931367397308350e-01
-2.277065515518188477e-01
-1.888830214738845825e-01
-1.741244345903396606e-01
-1.465229243040084839e-01
-4.296874627470970154e-02
-6.444432307034730911e-03
4.681971669197082520e-02
7.334273308515548706e-02
3.362452983856201172e-02
-4.225969314575195312e-02
-5.536245554685592651e-02
9.663514792919158936e-02
-1.132317259907722473e-01
3.505716472864151001e-02
7.573810406029224396e-03
-4.604284465312957764e-02
-2.662102878093719482e-02
-1.069394126534461975e-01
-2.277813255786895752e-01
-1.364441663026809692e-01
-1.497406214475631714e-01
-1.460207551717758179e-01
-1.312793344259262085e-01
-1.335564404726028442e-01
-1.364917159080505371e-01
-1.510077118873596191e-01
-1.560669392347335815e-01
-1.695406883955001831e-01
-1.725190579891204834e-01
-2.186244875192642212e-01
-1.412276923656463623e-01
-1.496569961309432983e-01
-9.428951144218444824e-02
7.033928297460079193e-03
4.850823059678077698e-02
-3.642687201499938965e-02
-1.466150730848312378e-01
-3.744803369045257568e-02
-7.569541223347187042e-03
-4.612391814589500427e-03
-1.068948954343795776e-02
-1.102120876312255859e-01
4.052624851465225220e-02
5.253176018595695496e-02
-1.172652095556259155e-01
-1.242678984999656677e-01
-1.606933921575546265e-01
-1.371040642261505127e-01
-1.251419931650161743e-01
-1.335932165384292603e-01
-1.479244977235794067e-01
-1.336920708417892456e-01
-1.296932250261306763e-01
-1.292637586593627930e-01
-1.378903388977050781e-01
-1.820389628410339355e-01
-1.886600852012634277e-01
-2.070936858654022217e-01
-1.248517036437988281e-01
-1.160391196608543396e-01
-9.997257962822914124e-03
8.233922719955444336e-02
-8.028063923120498657e-03
1.445428840816020966e-02
-7.575497776269912720e-02
-1.020007878541946411e-01
-5.579541996121406555e-02
-6.113731488585472107e-02
-2.685534022748470306e-02
-9.729094803333282471e-02
2.416410949081182480e-03
-2.690674364566802979e-02
-1.124742329120635986e-01
-1.206677407026290894e-01
-1.779104918241500854e-01
-1.425192356109619141e-01
-1.247417107224464417e-01
-1.261554509401321411e-01
-1.354739069938659668e-01
-1.382831484079360962e-01
-1.378637850284576416e-01
-1.457728147506713867e-01
-1.570103466510772705e-01
-1.813992857933044434e-01
-1.989712268114089966e-01
-1.757040321826934814e-01
-8.352191001176834106e-02
-1.401497274637222290e-01
-9.278725087642669678e-02
-1.743664965033531189e-02
-7.587265968322753906e-02
3.414550423622131348e-02
-2.114184573292732239e-02
-3.358724340796470642e-02
-1.751541346311569214e-02
-9.751686453819274902e-02
-8.141123503446578979e-02
-5.252654105424880981e-02
-6.096092611551284790e-02
-3.644336760044097900e-02
-1.187295466661453247e-01
-1.167342513799667358e-01
-1.356127113103866577e-01
-1.456135213375091553e-01
-1.166718825697898865e-01
-1.224028170108795166e-01
-1.424245834350585938e-01
-1.303235739469528198e-01
-1.380285173654556274e-01
-1.328362971544265747e-01
-1.626452356576919556e-01
-1.939151138067245483e-01
-2.304524034261703491e-01
-1.843965351581573486e-01
-7.196298241615295410e-02
-1.895829290151596069e-02
-2.289957925677299500e-02
2.216131426393985748e-02
-2.624725177884101868e-02
1.581169292330741882e-02
1.397104468196630478e-02
-5.639118328690528870e-02
-7.923793978989124298e-03
-1.914466172456741333e-02
-4.372154548764228821e-02
-1.160518452525138855e-02
4.657722543925046921e-03
-1.177414953708648682e-01
-1.035632342100143433e-01
-1.045168712735176086e-01
-1.504793167114257812e-01
-1.152749508619308472e-01
-1.348045021295547485e-01
-1.327392011880874634e-01
-1.296717822551727295e-01
-1.364521831274032593e-01
-1.385684758424758911e-01
-1.456329822540283203e-01
-1.843048483133316040e-01
-2.340898215770721436e-01
-2.594233155250549316e-01
-2.145176529884338379e-01
-1.595916301012039185e-01
-1.113549247384071350e-01
-2.605115994811058044e-02
-5.802834406495094299e-02
-6.750252097845077515e-03
7.607376575469970703e-02
-4.548623412847518921e-02
-1.118852570652961731e-01
7.440517842769622803e-02
8.518652617931365967e-02
6.600502878427505493e-02
8.207931369543075562e-02
-1.122285611927509308e-02
-9.753020107746124268e-02
-1.248852536082267761e-01
-1.718649119138717651e-01
-2.315983325242996216e-01
-1.940058618783950806e-01
-1.590929478406906128e-01
-1.361943781375885010e-01
-1.289336681365966797e-01
-1.303176134824752808e-01
-1.431420892477035522e-01
-1.325596719980239868e-01
-1.727345734834671021e-01
-2.230750322341918945e-01
-2.377495616674423218e-01
-2.341577261686325073e-01
-1.676504909992218018e-01
-8.645158261060714722e-02
-7.051049731671810150e-03
4.328688234090805054e-02
3.089757263660430908e-02
-2.077528089284896851e-02
5.782468244433403015e-02
6.526662409305572510e-02
-4.353547841310501099e-02
-7.551166415214538574e-02
6.681388616561889648e-02
-6.914319843053817749e-02
-4.571989923715591431e-02
-1.262602508068084717e-01
-1.152349188923835754e-01
-1.030237749218940735e-01
-1.884457916021347046e-01
-1.699719280004501343e-01
-1.748608946800231934e-01
-1.517378985881805420e-01
-1.375735253095626831e-01
-1.270848065614700317e-01
-1.328672319650650024e-01
-1.455976366996765137e-01
-1.794117093086242676e-01
-2.104410231113433838e-01
-2.377314120531082153e-01
-1.702571958303451538e-01
-1.676595062017440796e-01
-3.272792324423789978e-02
-3.339451178908348083e-02
-8.071455359458923340e-02
-4.164032265543937683e-02
1.631326600909233093e-02
-1.390661448240280151e-01
4.513127729296684265e-02
-1.346938610076904297e-01
-4.093360900878906250e-02
-1.696229539811611176e-02
1.921585015952587128e-02
-6.476332992315292358e-02
-1.029129400849342346e-01
-1.078538373112678528e-01
-1.452889740467071533e-01
-1.860766559839248657e-01
-2.100166827440261841e-01
-1.911686807870864868e-01
-1.400362998247146606e-01
-1.292726844549179077e-01
-1.249276921153068542e-01
-1.315057724714279175e-01
-1.435062140226364136e-01
-1.762752979993820190e-01
-2.545319497585296631e-01
-2.713054120540618896e-01
-1.183606386184692383e-01
-1.521533541381359100e-02
3.599887713789939880e-04
-5.628392472863197327e-02
2.172322943806648254e-03
-7.147254049777984619e-02
5.498366430401802063e-02
3.158139809966087341e-02
2.090679667890071869e-02
6.369622051715850830e-02
-1.386684598401188850e-04
7.606706768274307251e-02
-1.253731995820999146e-01
-5.086495354771614075e-02
-1.557679381221532822e-02
-1.471113711595535278e-01
-2.105716913938522339e-01
-2.122211307287216187e-01
-2.304691821336746216e-01
-1.789170056581497192e-01
-1.447373926639556885e-01
-1.365663111209869385e-01
-1.296421289443969727e-01
-1.308904439210891724e-01
-1.424739807844161987e-01
-1.802100986242294312e-01
-2.559492886066436768e-01
-2.411025166511535645e-01
-1.395450830459594727e-01
-1.773712635040283203e-01
-5.729581415653228760e-02
-5.570683255791664124e-02
-3.470259532332420349e-02
7.388848811388015747e-02
3.355684131383895874e-02
3.689664183184504509e-03
8.543149381875991821e-02
-8.353342302143573761e-03
8.222921192646026611e-02
1.758651882410049438e-01
-2.492785640060901642e-02
4.937224090099334717e-02
-6.619740277528762817e-02
-1.059938818216323853e-01
-1.776370555162429810e-01
-1.545311659574508667e-01
-1.682017445564270020e-01
-1.830385774374008179e-01
-1.540976315736770630e-01
-1.423872113227844238e-01
-1.341002881526947021e-01
-1.383141130208969116e-01
-1.357794106006622314e-01
-1.908428966999053955e-01
-2.499210387468338013e-01
-2.332351207733154297e-01
-1.442462354898452759e-01
-1.819467172026634216e-02
-1.340060085058212280e-01
-7.282508164644241333e-02
-6.356027722358703613e-02
-5.986247211694717407e-02
-5.523743107914924622e-02
8.228430524468421936e-03
-1.755052804946899414e-02
1.884668692946434021e-02
-3.189967200160026550e-02
-6.682449579238891602e-02
5.826400220394134521e-02
-7.465759664773941040e-02
-1.386756300926208496e-01
-7.958006858825683594e-02
-8.768942207098007202e-02
-1.691216826438903809e-01
-1.483912467956542969e-01
-1.574679166078567505e-01
-1.525293588638305664e-01
-1.362074613571166992e-01
-1.364709734916687012e-01
-1.380137056112289429e-01
-1.395556330680847168e-01
-1.958424448966979980e-01
-2.018721103668212891e-01
-2.450684010982513428e-01
-1.312021464109420776e-01
-1.097493842244148254e-01
-8.419287949800491333e-02
1.957010477781295776e-02
-3.572614118456840515e-02
-7.153703365474939346e-03
-4.186743870377540588e-03
3.082523494958877563e-02
1.288019493222236633e-02
-7.695385813713073730e-02
-2.690583281219005585e-02
4.230327904224395752e-02
-2.976655587553977966e-02
-3.740993887186050415e-02
-2.210833132266998291e-01
-9.787747263908386230e-02
-2.436945587396621704e-01
-1.797479242086410522e-01
-1.789122819900512695e-01
-1.753045171499252319e-01
-1.401704698801040649e-01
-1.349254995584487915e-01
-1.320792436599731445e-01
-1.377914845943450928e-01
-1.404573470354080200e-01
-1.777400523424148560e-01
-1.652664542198181152e-01
-1.998784542083740234e-01
-1.639834493398666382e-01
-6.306037306785583496e-02
-6.382480263710021973e-02
-5.691149458289146423e-02
4.209154844284057617e-02
-1.237150803208351135e-01
7.487227767705917358e-02
4.658849537372589111e-02
9.582993388175964355e-02
-7.040648162364959717e-02
-4.636777564883232117e-03
1.860600151121616364e-02
-1.332854852080345154e-02
-6.468717753887176514e-02
-1.454101800918579102e-01
-1.755251735448837280e-01
-2.607969641685485840e-01
-1.809630990028381348e-01
-2.131825387477874756e-01
-1.540345102548599243e-01
-1.344257295131683350e-01
-1.306363791227340698e-01
-1.375266313552856445e-01
-1.303240209817886353e-01
-1.454212218523025513e-01
-1.699219644069671631e-01
-1.972602903842926025e-01
-2.308976203203201294e-01
-1.526623815298080444e-01
-1.533571332693099976e-01
-3.785035572946071625e-03
1.268593408167362213e-02
-7.090802490711212158e-02
4.248822107911109924e-02
8.202350884675979614e-02
-1.537913177162408829e-02
6.614298559725284576e-03
1.950944308191537857e-03
-8.034285157918930054e-02
-5.995634943246841431e-02
-1.930706575512886047e-02
-1.781092137098312378e-01
-1.934594959020614624e-01
-2.195172011852264404e-01
-2.424031794071197510e-01
-2.112189680337905884e-01
-1.565104573965072632e-01
-1.532412320375442505e-01
-1.326033025979995728e-01
-1.331524252891540527e-01
-1.301462650299072266e-01
-1.316881626844406128e-01
-1.517926603555679321e-01
-1.218720749020576477e-01
-1.746799945831298828e-01
-1.615840345621109009e-01
-1.275733560323715210e-01
-1.459513455629348755e-01
-2.122119069099426270e-01
-3.616565372794866562e-04
8.593627810478210449e-02
-6.341486424207687378e-02
-7.572608441114425659e-02
-1.627932861447334290e-02
1.388459093868732452e-02
-7.346346229314804077e-02
-2.677256427705287933e-02
-7.746596634387969971e-02
-6.252995878458023071e-02
-1.449002176523208618e-01
-1.398495882749557495e-01
-2.060671448707580566e-01
-1.917775571346282959e-01
-2.123416513204574585e-01
-1.524541974067687988e-01
-1.458904892206192017e-01
-1.349000632762908936e-01
-1.316342800855636597e-01
-1.338881403207778931e-01
-1.305473148822784424e-01
-1.371100097894668579e-01
-1.640647947788238525e-01
-1.784796267747879028e-01
-1.420944333076477051e-01
-6.888437271118164062e-02
-7.963380962610244751e-02
-7.919105887413024902e-02
4.342720378190279007e-03
-6.569877266883850098e-02
1.072486955672502518e-02
-2.918004989624023438e-03
5.243889242410659790e-02
9.498380869626998901e-02
-1.242518983781337738e-02
-4.424310848116874695e-02
-6.685510277748107910e-02
-1.081449761986732483e-01
-2.005448490381240845e-01
-2.412905246019363403e-01
-2.017200738191604614e-01
-1.856095939874649048e-01
-1.978515684604644775e-01
-1.536531597375869751e-01
-1.270017027854919434e-01
-1.385448575019836426e-01
-1.316812932491302490e-01
-1.347183585166931152e-01
-1.356607377529144287e-01
-1.382816731929779053e-01
-1.329089701175689697e-01
-1.581471860408782959e-01
-1.690735369920730591e-01
-1.488116830587387085e-01
-8.765186369419097900e-02
-1.030512079596519470e-01
-5.903812125325202942e-02
-2.160944975912570953e-02
-7.710251957178115845e-02
-1.322167515754699707e-01
-3.157275542616844177e-02
-2.699140831828117371e-02
3.358650952577590942e-02
-5.925136804580688477e-02
-7.315425574779510498e-02
-1.017120629549026489e-01
-1.784896105527877808e-01
-1.711860299110412598e-01
-1.548007875680923462e-01
-1.595694869756698608e-01
-1.380755305290222168e-01
-1.347620636224746704e-01
-1.396802961826324463e-01
-1.287920325994491577e-01
-1.339611262083053589e-01
-1.269869655370712280e-01
-1.342349350452423096e-01
-1.329053789377212524e-01
-1.316571235656738281e-01
-1.459898948669433594e-01
-1.553437858819961548e-01
-1.279827952384948730e-01
-1.555672883987426758e-01
-1.988602876663208008e-01
-1.853607147932052612e-01
-1.761045008897781372e-01
-1.519506424665451050e-01
-1.676867753267288208e-01
-2.105009108781814575e-01
-1.297377794981002808e-01
-9.305050224065780640e-02
-1.412850767374038696e-01
-1.638959944248199463e-01
-1.535672843456268311e-01
-1.881759166717529297e-01
-1.851281970739364624e-01
-1.599295586347579956e-01
-1.418463438749313354e-01
-1.364410668611526489e-01
-1.375759094953536987e-01
-1.263677626848220825e-01
-1.295982748270034790e-01
-1.308886557817459106e-01
-1.292124390602111816e-01
-1.290868818759918213e-01
-1.328726857900619507e-01
-1.293379068374633789e-01
-1.433427333831787109e-01
-1.498344838619232178e-01
-1.405054926872253418e-01
-1.339598447084426880e-01
-1.343725174665451050e-01
-1.360120028257369995e-01
-9.172898530960083008e-02
-1.621578335762023926e-01
-2.335121482610702515e-01
-1.899317204952239990e-01
-1.490028500556945801e-01
-1.505517214536666870e-01
-1.314676403999328613e-01
-1.372123956680297852e-01
-1.622216552495956421e-01
-1.779685765504837036e-01
-1.679633706808090210e-01
-1.586387306451797485e-01
-1.426423937082290649e-01
-1.360090076923370361e-01
-1.273258477449417114e-01
-1.350298374891281128e-01
-1.301451623439788818e-01
-1.284132450819015503e-01
-1.376670449972152710e-01
-1.353432685136795044e-01
-1.350098997354507446e-01
-1.358727067708969116e-01
-1.329285651445388794e-01
-1.397155523300170898e-01
-1.402211338281631470e-01
-1.396758854389190674e-01
-1.514874547719955444e-01
-1.586186885833740234e-01
-1.637514978647232056e-01
-1.546183973550796509e-01
-1.555330455303192139e-01
-1.502303779125213623e-01
-1.600650995969772339e-01
-1.594149768352508545e-01
-1.616779714822769165e-01
-1.663139164447784424e-01
-1.454447060823440552e-01
-1.349285840988159180e-01
-1.478504687547683716e-01
-1.364940255880355835e-01
-1.403413861989974976e-01
-1.350807398557662964e-01
-1.248832717537879944e-01
-1.353479176759719849e-01
-1.282597929239273071e-01
-1.332784146070480347e-01
