2.109725028276443481e-01 -2.238798141479492188e-01 1.128103509545326233e-01 -1.476352959871292114e-01 -4.093504250049591064e-01 -2.806458771228790283e-01 -1.582666933536529541e-01 7.178415358066558838e-02 -6.112255156040191650e-02 1.588636636734008789e-01
2.761897444725036621e-01 -5.851440429687500000e-01 -1.820167154073715210e-01 -4.869094491004943848e-01 1.599260047078132629e-02 1.740071326494216919e-01 4.706811532378196716e-02 1.173496767878532410e-01 3.329887390136718750e-01 -5.648967996239662170e-02
-2.676354721188545227e-02 -3.606786131858825684e-01 1.449954658746719360e-01 -4.917726516723632812e-01 1.026969552040100098e-01 -2.944470643997192383e-01 1.278084963560104370e-01 -6.791037321090698242e-01 1.651850491762161255e-01 2.160947322845458984e-01
-3.756725490093231201e-01 1.762327924370765686e-02 -4.714123308658599854e-01 -3.231562376022338867e-01 4.520960152149200439e-01 -7.502990961074829102e-01 5.398932695388793945e-01 8.817997574806213379e-02 -4.944906532764434814e-01 -5.935636535286903381e-02
-8.787094056606292725e-02 1.181126534938812256e-01 1.961259096860885620e-01 -3.613725677132606506e-02 1.859888248145580292e-02 2.596786320209503174e-01 -7.363491505384445190e-02 -3.481169790029525757e-02 2.357046902179718018e-01 -3.431865572929382324e-01
-2.494042664766311646e-01 4.170943498611450195e-01 4.720887169241905212e-02 7.446141541004180908e-02 -2.694028317928314209e-01 -2.889364361763000488e-01 -2.499883025884628296e-01 -2.184724658727645874e-01 2.971067279577255249e-02 -1.729922592639923096e-01
-4.036063551902770996e-01 1.181065142154693604e-01 -4.327817261219024658e-02 -4.579011499881744385e-01 8.148016780614852905e-02 -3.282632306218147278e-02 2.162458142265677452e-03 4.222035408020019531e-02 2.775020599365234375e-01 -2.834401726722717285e-01
6.178843602538108826e-02 -4.196958243846893311e-02 1.243159398436546326e-01 -2.173930108547210693e-01 -2.658160626888275146e-01 -1.429064422845840454e-01 1.860310435295104980e-01 -4.202855527400970459e-01 2.047413885593414307e-01 -5.556750893592834473e-01
6.413853913545608521e-02 7.811426371335983276e-02 -4.299909174442291260e-01 -8.093998581171035767e-02 9.669046103954315186e-02 2.559318244457244873e-01 -1.868928968906402588e-01 3.678110837936401367e-01 1.299689412117004395e-01 -1.090273335576057434e-01
-2.816608874127268791e-03 8.512577414512634277e-02 9.520454704761505127e-02 1.063328608870506287e-02 2.446562945842742920e-01 1.071111932396888733e-01 -2.240679264068603516e-01 -2.838626131415367126e-02 -2.687212526798248291e-01 -2.407394945621490479e-01
-1.825187802314758301e-01 3.659754991531372070e-01 -4.582687020301818848e-01 -2.609799504280090332e-01 1.812514960765838623e-01 2.434691786766052246e-01 -2.381711155176162720e-01 2.488531172275543213e-01 -3.035964667797088623e-01 1.410628259181976318e-01
-2.005695700645446777e-01 1.792736500501632690e-01 1.546837687492370605e-01 6.176176294684410095e-02 2.001647651195526123e-01 -9.843641519546508789e-02 -3.189789876341819763e-02 -5.666133482009172440e-03 -1.251079440116882324e-01 -8.823562413454055786e-02
-4.139321297407150269e-02 -6.550537049770355225e-02 -3.527693748474121094e-01 8.009369671344757080e-02 9.910508245229721069e-02 3.100610971450805664e-01 -1.274160295724868774e-01 -1.357651948928833008e-01 1.467377692461013794e-01 1.005162745714187622e-01
1.318593695759773254e-02 1.875138133764266968e-01 -5.109051987528800964e-02 -2.721955776214599609e-01 2.367621064186096191e-01 2.817599177360534668e-01 -1.619957834482192993e-01 -2.992818653583526611e-01 -2.259747982025146484e-01 -3.421577215194702148e-01
-3.755879700183868408e-01 1.103821322321891785e-01 -2.169674485921859741e-01 -9.246941655874252319e-02 -2.452758885920047760e-02 -4.541797041893005371e-01 -3.980146050453186035e-01 3.025401234626770020e-01 -1.926357001066207886e-01 3.755153119564056396e-01
-8.849965780973434448e-02 -1.789067685604095459e-02 4.832374751567840576e-01 5.328091382980346680e-01 -3.077987134456634521e-01 -1.890854984521865845e-01 -2.761505544185638428e-01 3.971348106861114502e-01 -6.240777373313903809e-01 -7.542476654052734375e-01
-1.280477344989776611e-01 -1.885078847408294678e-01 -4.701405167579650879e-01 6.820228695869445801e-02 -1.216358840465545654e-01 2.267964929342269897e-01 2.142023593187332153e-01 -1.256785094738006592e-01 4.242792353034019470e-02 -1.418092846870422363e-01
-1.726679056882858276e-01 3.523409664630889893e-01 -4.038681834936141968e-02 2.142920196056365967e-01 4.493101686239242554e-02 6.800626963376998901e-02 -2.153411358594894409e-01 -9.673143178224563599e-02 6.989287585020065308e-02 8.354827761650085449e-02
-5.055926442146301270e-01 6.545714288949966431e-02 -5.597003102302551270e-01 2.556592226028442383e-01 1.970760226249694824e-01 2.836035788059234619e-01 -1.581443250179290771e-01 -1.371882855892181396e-01 4.982540849596261978e-03 -4.787831008434295654e-02
-1.099319234490394592e-01 3.554641008377075195e-01 -3.864672407507896423e-02 -1.859682798385620117e-01 -1.919959485530853271e-01 3.078133165836334229e-01 -6.359982490539550781e-02 2.450386062264442444e-02 -7.374763488769531250e-02 -7.582498341798782349e-02
-7.633123546838760376e-02 -4.114377796649932861e-01 -1.985953450202941895e-01 3.545971214771270752e-01 6.580857560038566589e-03 -1.532158255577087402e-01 -3.726857900619506836e-01 -3.038321137428283691e-01 -4.458297789096832275e-01 -1.690932512283325195e-01
-6.455692648887634277e-01 1.290053874254226685e-01 3.567185997962951660e-01 4.198347330093383789e-01 -6.555684208869934082e-01 -9.128076583147048950e-02 1.269098669290542603e-01 1.129601448774337769e-01 -3.914808928966522217e-01 -6.838686466217041016e-01
1.516461372375488281e-01 1.186428591609001160e-01 -6.234057620167732239e-02 -7.866237312555313110e-02 -1.707784384489059448e-01 -2.059040218591690063e-01 3.866036236286163330e-02 3.384683430194854736e-01 -4.813039898872375488e-01 -5.864081531763076782e-02
-1.966456919908523560e-01 -9.091103076934814453e-02 4.591538310050964355e-01 -2.345908731222152710e-01 -4.555179923772811890e-02 -6.048232316970825195e-01 -9.451171010732650757e-02 1.349145919084548950e-01 4.782861471176147461e-01 -3.411417901515960693e-01
1.028489246964454651e-01 -8.407495170831680298e-02 -8.312639780342578888e-03 -1.275152564048767090e-01 -5.507099255919456482e-02 -5.015298724174499512e-01 5.840409919619560242e-02 -1.280439943075180054e-01 -1.855653524398803711e-01 8.829733729362487793e-02
6.583240628242492676e-02 -2.977305352687835693e-01 -2.656463980674743652e-01 1.034553498029708862e-01 -1.208969354629516602e-01 -1.495775878429412842e-01 6.846390664577484131e-02 -6.469587236642837524e-02 -4.617135564330965281e-04 -2.564814388751983643e-01
1.241176202893257141e-01 2.778555452823638916e-01 -4.345234334468841553e-01 -2.945770621299743652e-01 1.074684262275695801e-01 -2.446699701249599457e-02 3.765286803245544434e-01 -3.612408936023712158e-01 2.612551748752593994e-01 2.778976559638977051e-01
-1.624061018228530884e-01 -3.373475074768066406e-01 3.048475682735443115e-01 -4.291597306728363037e-01 5.748651027679443359e-01 -2.434229850769042969e-01 3.658026456832885742e-01 -3.040525019168853760e-01 -6.154398918151855469e-01 -8.604590296745300293e-01
-1.407751441001892090e-01 3.773058056831359863e-01 4.545757547020912170e-02 -2.250932529568672180e-02 -2.749182097613811493e-02 -1.837802231311798096e-01 -8.499819040298461914e-02 -1.301678121089935303e-01 -8.209058642387390137e-02 -1.651195287704467773e-01
-1.372196618467569351e-02 -1.105083674192428589e-01 1.210924610495567322e-01 2.751246839761734009e-02 -2.117889374494552612e-01 2.051305919885635376e-01 -4.614868164062500000e-01 -1.413658857345581055e-01 2.226716652512550354e-02 -4.548897743225097656e-01
-9.757801890373229980e-02 -1.340332776308059692e-01 2.819407032802700996e-03 1.597158163785934448e-01 -2.855160832405090332e-01 -1.975815296173095703e-01 1.374585628509521484e-01 -7.995225489139556885e-02 -3.198848664760589600e-01 3.692809641361236572e-01
-4.455031156539916992e-01 1.407837569713592529e-01 2.570036053657531738e-01 1.488700360059738159e-01 -2.568174898624420166e-01 -3.489479050040245056e-02 -3.423046171665191650e-01 1.418942213058471680e-01 1.924822479486465454e-01 -5.133940577507019043e-01
6.874942779541015625e-02 6.797397136688232422e-02 -1.487147994339466095e-02 1.921164840459823608e-01 7.703708857297897339e-02 -3.462032973766326904e-01 -7.184816151857376099e-02 3.427880629897117615e-02 -1.318818330764770508e-02 3.831880986690521240e-01
-4.438265562057495117e-01 9.995651245117187500e-02 9.841195493936538696e-02 7.822632044553756714e-02 -3.603951632976531982e-01 -1.414923369884490967e-01 -2.978462874889373779e-01 1.741265058517456055e-01 -5.960895214229822159e-03 3.827437162399291992e-01
-1.288285106420516968e-01 4.847452938556671143e-01 1.132000144571065903e-02 1.294030249118804932e-01 -1.861131377518177032e-02 -2.472865879535675049e-01 -1.754063218832015991e-01 -5.968125164508819580e-02 6.641446799039840698e-02 -6.788566708564758301e-02
-3.196457326412200928e-01 1.669445335865020752e-01 -8.315054327249526978e-02 -1.648117452859878540e-01 3.246275484561920166e-01 -2.231252789497375488e-01 -3.492596149444580078e-01 3.144392371177673340e-01 -1.722432971000671387e-01 7.121669501066207886e-02
-1.935286223888397217e-01 1.997474133968353271e-01 -4.283429980278015137e-01 1.391429454088211060e-02 1.139728445559740067e-02 2.001606076955795288e-01 -8.417563885450363159e-02 8.051688224077224731e-02 1.146615594625473022e-01 1.784023344516754150e-01
4.418134316802024841e-02 1.447078138589859009e-01 -5.945091247558593750e-01 2.538751065731048584e-01 7.126481272280216217e-03 -9.132175892591476440e-02 3.544444143772125244e-01 -1.036969721317291260e-01 4.835345596075057983e-02 3.742085397243499756e-02
-3.782047703862190247e-02 -2.143227756023406982e-01 -1.104432195425033569e-01 5.818542465567588806e-02 3.725655972957611084e-01 -1.086612716317176819e-01 2.044311612844467163e-01 -3.799622505903244019e-02 -2.562032938003540039e-01 -6.582900881767272949e-02
-2.244012504816055298e-01 3.657295405864715576e-01 -2.823401987552642822e-01 -5.727134412154555321e-04 -9.848740696907043457e-02 -3.747297078371047974e-02 -2.646160870790481567e-02 -9.639240801334381104e-02 -4.577346146106719971e-02 -1.911410391330718994e-01
-2.399974167346954346e-01 1.446021199226379395e-01 -1.169256344437599182e-01 -2.324938774108886719e-01 2.262020260095596313e-01 -3.423526287078857422e-01 -2.359496206045150757e-01 3.304061293601989746e-01 -3.577578067779541016e-01 3.217715024948120117e-02
-4.186500236392021179e-02 2.388212084770202637e-01 -4.651009291410446167e-02 -4.615236073732376099e-02 -5.902597680687904358e-02 -5.276131033897399902e-01 -1.193822622299194336e-01 2.218750268220901489e-01 -1.113690808415412903e-01 2.220569700002670288e-01
9.456344693899154663e-02 3.706004843115806580e-02 -2.876457273960113525e-01 -4.144917428493499756e-01 3.257391154766082764e-01 1.844740509986877441e-01 1.373726278543472290e-01 1.861564256250858307e-02 1.687963157892227173e-01 -1.687980443239212036e-01
-2.718816697597503662e-01 -2.596555948257446289e-01 7.657583057880401611e-02 -5.717200040817260742e-02 6.258951425552368164e-01 -1.371414065361022949e-01 -1.681256443262100220e-01 -1.875932216644287109e-01 -1.173022314906120300e-01 -5.939631462097167969e-01
-2.421611100435256958e-01 -3.644027113914489746e-01 2.803188562393188477e-01 -1.711211353540420532e-01 3.361220061779022217e-01 -1.942842900753021240e-01 -4.299832284450531006e-01 -4.075229465961456299e-01 5.281099304556846619e-02 2.123047709465026855e-01
-2.479186058044433594e-01 2.385260611772537231e-01 1.364285945892333984e-01 -2.132143676280975342e-01 1.351744979619979858e-01 4.014982655644416809e-02 -1.116791740059852600e-01 1.480640619993209839e-01 -1.668017059564590454e-01 -1.322626173496246338e-01
-6.936978083103895187e-03 -1.875393837690353394e-01 2.673291862010955811e-01 1.015926823019981384e-01 -7.830201834440231323e-02 6.418260186910629272e-02 -1.674795150756835938e-01 5.732120200991630554e-02 -2.775280773639678955e-01 -8.227357268333435059e-02
-8.293976187705993652e-01 -5.406359955668449402e-02 -2.859429121017456055e-01 2.994205355644226074e-01 1.578009128570556641e-01 5.378482341766357422e-01 -6.058183908462524414e-01 3.838179633021354675e-03 -2.794137001037597656e-01 -1.654588431119918823e-01
-1.864798516035079956e-01 4.509544372558593750e-01 1.206926628947257996e-02 -1.072477400302886963e-01 3.200117498636245728e-02 2.428355254232883453e-02 -1.471899896860122681e-01 1.614018380641937256e-01 -1.233512535691261292e-01 -5.577912926673889160e-02
-5.142975971102714539e-02 -3.163418173789978027e-01 -8.912974596023559570e-02 -1.380743384361267090e-01 -9.490697830915451050e-02 -3.136917352676391602e-01 -2.389911413192749023e-01 -5.015129446983337402e-01 4.078123867511749268e-01 -1.330325007438659668e-01
-3.347921073436737061e-01 -4.056694451719522476e-03 -1.302741467952728271e-01 -3.766743540763854980e-01 5.776423960924148560e-02 -8.225000649690628052e-02 -3.565539121627807617e-01 2.786359190940856934e-01 -5.535187125205993652e-01 2.884641848504543304e-02
2.547675073146820068e-01 -2.471124827861785889e-01 5.841919407248497009e-02 -4.316754043102264404e-01 -1.144901663064956665e-01 -7.047297358512878418e-01 3.211033642292022705e-01 -2.084124237298965454e-01 -1.603917032480239868e-01 -2.990182340145111084e-01
1.144171878695487976e-01 -4.000846445560455322e-01 -1.007936298847198486e-01 -1.242269650101661682e-01 5.472595095634460449e-01 -3.743413090705871582e-01 -6.420323252677917480e-01 2.146810591220855713e-01 4.164797663688659668e-01 -2.903250977396965027e-02
-1.980980485677719116e-01 -3.631114959716796875e-01 -5.141612887382507324e-01 -1.072378456592559814e-01 1.497502923011779785e-01 1.253131031990051270e-01 -2.408412992954254150e-01 1.887957155704498291e-01 2.652619183063507080e-01 2.135846018791198730e-02
6.213037297129631042e-03 -2.533541619777679443e-01 -1.981945931911468506e-01 -2.205062210559844971e-01 -4.561579525470733643e-01 -2.294250726699829102e-01 3.336731493473052979e-01 -2.374372929334640503e-01 -2.066970467567443848e-01 -2.523013949394226074e-01
3.584826886653900146e-01 -1.679440587759017944e-01 1.788884103298187256e-01 -1.844190247356891632e-02 -7.580531239509582520e-01 -5.947480201721191406e-01 1.423494517803192139e-01 -2.536005899310112000e-02 -3.238667175173759460e-02 7.102082669734954834e-02
-3.783004879951477051e-01 -5.992266163229942322e-02 1.268443018198013306e-01 1.622680872678756714e-01 -1.717517524957656860e-01 -1.149367541074752808e-01 -6.513568758964538574e-02 3.210566937923431396e-02 -2.417275160551071167e-01 -1.225922033190727234e-01
-4.247420430183410645e-01 2.070788443088531494e-01 -1.189849674701690674e-01 -3.111189305782318115e-01 7.477010786533355713e-02 -4.577456712722778320e-01 1.397341638803482056e-01 1.920923441648483276e-01 2.339690029621124268e-01 -7.312294095754623413e-02
-2.184648960828781128e-01 1.121581792831420898e-01 -3.414058983325958252e-01 -4.722288250923156738e-02 1.604044884443283081e-01 1.382860094308853149e-01 7.927165925502777100e-02 -2.072090506553649902e-01 -2.262784391641616821e-01 8.974936604499816895e-02
6.873397529125213623e-02 -1.934456378221511841e-01 -6.348975300788879395e-01 6.435974501073360443e-03 -1.341288834810256958e-01 -4.458554089069366455e-01 7.534568011760711670e-02 -1.106896474957466125e-01 -1.083941608667373657e-01 -5.760621745139360428e-03
-2.970121502876281738e-01 9.851715713739395142e-02 -5.210145711898803711e-01 6.542909145355224609e-02 -3.995820507407188416e-02 5.117362141609191895e-01 7.703434675931930542e-02 -2.815750837326049805e-01 1.147227361798286438e-01 -3.247181326150894165e-02
-3.331665992736816406e-01 2.202215371653437614e-03 -6.012288480997085571e-02 -3.025273084640502930e-01 1.405673027038574219e-01 -4.778212010860443115e-01 -3.381184339523315430e-01 4.246291518211364746e-01 -4.904124140739440918e-01 2.032030373811721802e-02
4.114257395267486572e-01 -2.520514130592346191e-01 2.146022766828536987e-01 -3.984202146530151367e-01 -3.333742022514343262e-01 -1.984883993864059448e-01 4.363269358873367310e-02 -3.841388821601867676e-01 -5.642284750938415527e-01 6.352538615465164185e-02
-1.257851868867874146e-01 1.313744336366653442e-01 3.127350211143493652e-01 1.073049157857894897e-01 2.652029395103454590e-01 -1.154941990971565247e-01 -1.761429309844970703e-01 -5.095382034778594971e-02 -2.326511740684509277e-01 -3.412855267524719238e-01
-3.610258996486663818e-01 -1.148452162742614746e-01 -9.788645803928375244e-02 -3.276996016502380371e-01 -1.275850534439086914e-01 3.682022392749786377e-01 3.221469521522521973e-01 3.411754593253135681e-02 -5.230116844177246094e-02 -2.478387504816055298e-01
-3.215256035327911377e-01 -3.036921098828315735e-02 -3.154533207416534424e-01 -1.929711848497390747e-01 3.426870405673980713e-01 -3.004066944122314453e-01 -1.311700344085693359e-01 3.238308131694793701e-01 -4.979089200496673584e-01 -3.203012049198150635e-01
-1.620919853448867798e-01 -1.496737450361251831e-01 -1.998932100832462311e-02 5.839852094650268555e-01 -1.195565313100814819e-01 -4.591789245605468750e-01 -1.801678240299224854e-01 -1.602151840925216675e-01 1.790490373969078064e-02 5.790311470627784729e-02
3.965992107987403870e-02 -1.161949709057807922e-01 -5.488787889480590820e-01 2.334326803684234619e-01 -3.641273081302642822e-01 1.647543907165527344e-01 -4.781420528888702393e-02 1.043636873364448547e-01 -6.158029288053512573e-02 -1.293086707592010498e-01
-8.264180272817611694e-02 7.632645219564437866e-02 -9.617143310606479645e-03 -2.101490348577499390e-01 -1.476143151521682739e-01 -2.923065721988677979e-01 -7.200174778699874878e-02 7.700440287590026855e-02 -3.795665502548217773e-02 3.322662115097045898e-01
-4.117721617221832275e-01 -7.579683512449264526e-02 -1.470397412776947021e-01 -6.016241908073425293e-01 -5.772603303194046021e-02 2.499079406261444092e-01 2.913958430290222168e-01 -5.548042058944702148e-01 2.716602683067321777e-01 -8.242854848504066467e-03
1.942173540592193604e-01 -3.180076479911804199e-01 1.459140703082084656e-02 -6.598441302776336670e-02 1.422338783740997314e-01 2.098801173269748688e-02 -2.179289907217025757e-01 1.312333792448043823e-01 9.512200020253658295e-03 -2.832721173763275146e-01
-4.414597526192665100e-02 1.256440728902816772e-01 -9.801230579614639282e-02 -9.124452620744705200e-02 1.204741448163986206e-01 2.414645105600357056e-01 4.594692960381507874e-02 1.428942009806632996e-02 -2.130414173007011414e-02 -1.976203173398971558e-03
-3.094587624073028564e-01 6.682149134576320648e-03 7.069423794746398926e-02 1.675375550985336304e-01 -1.782092154026031494e-01 2.174353227019309998e-02 -4.667902588844299316e-01 -1.389996707439422607e-01 -9.693073481321334839e-02 1.606948226690292358e-01
-1.296681910753250122e-01 2.600772678852081299e-01 2.418535389006137848e-02 1.104644909501075745e-01 5.573692172765731812e-02 -2.763513922691345215e-01 -9.920573234558105469e-02 3.164691105484962463e-02 5.536389350891113281e-02 1.888905093073844910e-02
6.466481089591979980e-02 -8.314281702041625977e-02 -1.913403905928134918e-02 -1.551024429500102997e-02 -2.519047260284423828e-01 -2.822504341602325439e-01 1.269195228815078735e-01 7.214506715536117554e-02 -1.730693578720092773e-01 -2.237144708633422852e-01
-1.146459504961967468e-01 -4.273546934127807617e-01 -1.661512553691864014e-01 2.462887465953826904e-01 -3.005704879760742188e-01 7.259994000196456909e-02 -4.105805754661560059e-01 2.535231411457061768e-01 -3.391627669334411621e-01 -3.926210999488830566e-01
-7.047366350889205933e-02 3.317288458347320557e-01 -3.431999823078513145e-03 7.214175909757614136e-02 -2.140477299690246582e-01 1.428643763065338135e-01 -2.156243771314620972e-01 -2.079857438802719116e-01 -2.584578469395637512e-02 -1.091799736022949219e-01
6.514362245798110962e-02 -1.096452102065086365e-01 -1.985645741224288940e-01 5.694501399993896484e-01 -3.999003171920776367e-01 -5.876770019531250000e-01 -3.547478914260864258e-01 2.650964856147766113e-01 1.591808348894119263e-02 5.409193038940429688e-01
-1.133733019232749939e-01 -9.927643835544586182e-02 1.281245797872543335e-02 1.542392969131469727e-01 -5.045873522758483887e-01 8.762908726930618286e-02 2.523723840713500977e-01 1.666311025619506836e-01 -3.584244847297668457e-01 9.133472107350826263e-03
-1.139899119734764099e-01 3.958194851875305176e-01 1.200935151427984238e-02 1.523064374923706055e-01 -2.008395940065383911e-01 -4.286576211452484131e-01 -2.010595500469207764e-01 -5.612043663859367371e-02 -3.173295855522155762e-01 -1.615349054336547852e-01
9.785435348749160767e-02 -1.499109715223312378e-01 -9.046815335750579834e-02 -5.212689042091369629e-01 -5.836552381515502930e-01 1.231344416737556458e-01 -1.568959951400756836e-01 1.375560760498046875e-01 2.951585650444030762e-01 2.208672091364860535e-02
-3.512847125530242920e-01 8.624537289142608643e-02 -2.221398204565048218e-01 -1.179780736565589905e-01 -6.977592408657073975e-02 2.239626199007034302e-01 -2.442418634891510010e-01 1.648162603378295898e-01 -4.668001830577850342e-01 2.569245994091033936e-01
4.499751031398773193e-01 -2.909499406814575195e-01 -1.657004468142986298e-02 -3.260307908058166504e-01 -4.107877016067504883e-01 -7.546340674161911011e-02 -3.560929000377655029e-02 1.254913657903671265e-01 -1.581435948610305786e-01 -1.256701946258544922e-01
-1.278216242790222168e-01 3.986542224884033203e-01 -8.935438841581344604e-02 -1.484098583459854126e-01 -9.556625038385391235e-02 -1.451114565134048462e-01 -1.327186077833175659e-01 -4.341721162199974060e-02 -2.193614691495895386e-01 -1.348863542079925537e-01
-3.323306441307067871e-01 2.658837735652923584e-01 -4.941752254962921143e-01 1.294112801551818848e-01 1.511444449424743652e-01 2.048513293266296387e-01 1.523692309856414795e-01 -1.286749243736267090e-01 -1.301402896642684937e-01 -8.861335366964340210e-02
-4.307111501693725586e-01 -5.194853246212005615e-02 -1.706892549991607666e-01 -7.381311804056167603e-02 5.876055955886840820e-01 -1.484580338001251221e-01 -1.969066560268402100e-01 1.773301362991333008e-01 -3.490823209285736084e-01 1.735043972730636597e-01
-2.515195608139038086e-01 2.143108993768692017e-01 -3.314305245876312256e-01 -1.035534664988517761e-01 -1.624785512685775757e-01 -5.527870655059814453e-01 4.940533638000488281e-01 2.025378346443176270e-01 -2.891201972961425781e-01 1.653587669134140015e-01
1.645133346319198608e-01 -6.282546371221542358e-02 -1.491601169109344482e-01 2.276534140110015869e-01 -5.683482289314270020e-01 1.724119782447814941e-01 -3.331416845321655273e-01 -2.675674259662628174e-01 -6.520342826843261719e-02 -3.456777334213256836e-01
-2.954955697059631348e-01 -3.103277087211608887e-01 4.114600718021392822e-01 -1.189860329031944275e-02 -1.194586232304573059e-01 -8.477959781885147095e-02 -2.505880594253540039e-02 -6.659530997276306152e-01 -1.226646453142166138e-01 -9.883305430412292480e-02
-3.864443302154541016e-01 -2.207532078027725220e-01 1.327071934938430786e-01 1.045981273055076599e-01 -1.698194295167922974e-01 2.084932290017604828e-02 -3.886594772338867188e-01 -2.218787968158721924e-01 -1.946965605020523071e-01 1.502347439527511597e-01
-1.275641769170761108e-01 1.812504827976226807e-01 5.539179220795631409e-02 -1.944485604763031006e-01 -3.531259000301361084e-01 -1.134412586688995361e-01 3.511681556701660156e-01 1.559564843773841858e-02 -1.685279905796051025e-01 -2.789071574807167053e-02
9.885566830635070801e-01 -2.100055515766143799e-01 -2.729515731334686279e-01 -5.626171827316284180e-01 3.741160500794649124e-03 -8.577241301536560059e-01 -3.533331155776977539e-01 3.427137136459350586e-01 -6.181597113609313965e-01 -3.002672791481018066e-01
-1.593964546918869019e-01 -1.322464346885681152e-01 -9.527486562728881836e-02 3.460012972354888916e-01 -3.226063847541809082e-01 -3.059723973274230957e-01 -5.287819728255271912e-02 2.904635667800903320e-01 -4.207450896501541138e-02 -3.634397089481353760e-01
-1.451219469308853149e-01 -5.904946476221084595e-02 -1.546351015567779541e-01 1.849779337644577026e-01 -1.559036504477262497e-02 1.946831941604614258e-01 1.209945976734161377e-01 -2.469215691089630127e-01 -3.266704082489013672e-01 2.704426944255828857e-01
-1.314971148967742920e-01 6.025567650794982910e-02 -1.501087471842765808e-02 2.089373320341110229e-01 -1.828942894935607910e-01 -3.833479881286621094e-01 -1.709041744470596313e-01 3.335127532482147217e-01 -2.097783684730529785e-01 1.763667166233062744e-01
-1.261758506298065186e-01 -2.313436269760131836e-01 -4.192879796028137207e-01 3.023254871368408203e-01 3.733361661434173584e-01 -4.335082173347473145e-01 -1.093364432454109192e-01 1.154160723090171814e-01 1.937168464064598083e-02 -1.165112107992172241e-01
-2.070776969194412231e-01 -1.213697791099548340e-01 2.878267131745815277e-02 -1.875642687082290649e-01 -8.847890049219131470e-02 -2.647157907485961914e-01 -2.498771622776985168e-02 -3.054389543831348419e-02 -6.716625690460205078e-01 1.133379191160202026e-01
-1.830302178859710693e-01 1.585192382335662842e-01 -1.150245070457458496e-01 -2.536004483699798584e-01 2.588865756988525391e-01 -2.615406513214111328e-01 -2.577165365219116211e-01 3.282149136066436768e-01 -5.084794163703918457e-01 2.198802977800369263e-01
-1.054811626672744751e-01 -1.358013153076171875e-01 2.900631353259086609e-02 1.655907556414604187e-02 -2.557441890239715576e-01 2.446100413799285889e-01 -1.393580138683319092e-01 7.762026041746139526e-02 -5.463137030601501465e-01 -5.832134187221527100e-02
2.079389244318008423e-01 -2.372648864984512329e-01 -5.423795804381370544e-02 5.624295473098754883e-01 2.188069373369216919e-02 1.618427634239196777e-01 -4.059507846832275391e-01 -3.831013292074203491e-02 -5.207713246345520020e-01 -3.044703602790832520e-01
9.568613022565841675e-02 -5.763610601425170898e-01 2.159380912780761719e-01 -5.654373019933700562e-02 -5.256580114364624023e-01 9.658921509981155396e-03 -1.180835962295532227e-01 -7.847146689891815186e-02 -2.523785270750522614e-02 9.491481631994247437e-02
4.875188469886779785e-01 -2.241335809230804443e-01 1.723670586943626404e-02 2.004994153976440430e-01 -6.604334712028503418e-01 -2.779675126075744629e-01 -6.130208969116210938e-01 2.029389292001724243e-01 1.733228377997875214e-02 1.199769675731658936e-01
9.321572631597518921e-02 -2.317681759595870972e-01 -3.169625103473663330e-01 -3.282546997070312500e-01 -5.525791645050048828e-02 3.382816612720489502e-01 -2.195595055818557739e-01 -2.673100531101226807e-01 2.883086800575256348e-01 3.139927750453352928e-03
-7.011022567749023438e-01 -1.013482511043548584e-01 3.787441924214363098e-02 -5.491365864872932434e-02 5.090166926383972168e-01 -1.839397698640823364e-01 5.245257616043090820e-01 -7.547195553779602051e-01 -8.345547318458557129e-02 7.440665364265441895e-01
-9.204324334859848022e-02 -2.051822096109390259e-02 -1.604470610618591309e-01 1.025237143039703369e-01 -2.669961005449295044e-02 6.059539690613746643e-02 2.057399973273277283e-02 6.166618689894676208e-02 -1.442753802984952927e-02 -2.257293015718460083e-01
-1.565434932708740234e-01 5.519397929310798645e-02 -6.790343672037124634e-02 -6.500703096389770508e-02 -2.976034879684448242e-01 -2.441932708024978638e-01 1.385726314038038254e-02 2.487540245056152344e-01 -2.953552901744842529e-01 4.370722174644470215e-01
-1.871130913496017456e-01 8.672167547047138214e-03 1.340762805193662643e-02 -6.508301496505737305e-01 -4.684021472930908203e-01 5.596129298210144043e-01 -3.069749288260936737e-02 -1.019949652254581451e-02 -2.230401933193206787e-01 -9.603009372949600220e-02
-6.779693067073822021e-02 -6.293096393346786499e-02 -2.221952229738235474e-01 -1.713972240686416626e-01 -4.846907258033752441e-01 2.962562143802642822e-01 1.603933125734329224e-01 -3.948384225368499756e-01 -1.939957439899444580e-01 -4.526042044162750244e-01
7.322067022323608398e-02 -3.736690878868103027e-01 -7.258830964565277100e-02 -8.924498409032821655e-02 -4.745497405529022217e-01 -1.855578720569610596e-01 -2.775372266769409180e-01 -1.091945394873619080e-01 2.341494709253311157e-01 -1.016736030578613281e-01
-1.654443442821502686e-01 2.614336013793945312e-01 1.448330879211425781e-01 -4.206174910068511963e-01 3.249660879373550415e-02 -1.703722402453422546e-02 1.118899434804916382e-01 -2.067488431930541992e-01 1.673015058040618896e-01 1.180009450763463974e-02
-1.686936318874359131e-01 2.557542324066162109e-01 -1.506447326391935349e-02 -3.252941370010375977e-02 1.655260175466537476e-01 3.125190734863281250e-01 1.197924371808767319e-02 1.643837690353393555e-01 1.380348298698663712e-02 -1.940473169088363647e-01
-2.095212638378143311e-01 8.416242897510528564e-02 3.682747017592191696e-03 -1.576799750328063965e-01 -2.209653705358505249e-02 -7.279728353023529053e-02 4.727829992771148682e-02 3.098483085632324219e-01 -1.288270503282546997e-01 6.973621994256973267e-02
-2.653366327285766602e-01 1.496865153312683105e-01 1.532047837972640991e-01 -1.483771111816167831e-02 1.574406474828720093e-01 1.155240833759307861e-01 -4.922891966998577118e-03 1.490252837538719177e-02 -1.424323171377182007e-01 -7.765880227088928223e-01
-2.596014738082885742e-01 2.562463283538818359e-01 3.738175332546234131e-02 2.340540736913681030e-01 2.500739693641662598e-01 -2.391131371259689331e-01 -6.831607967615127563e-02 -9.673523157835006714e-02 -1.078956574201583862e-01 -1.406377404928207397e-01
-2.029455453157424927e-01 -2.295019850134849548e-02 -3.750408887863159180e-01 7.454842329025268555e-02 -7.544155418872833252e-02 4.090778827667236328e-01 2.334535308182239532e-02 -2.409221418201923370e-02 1.236490309238433838e-01 2.816111315041780472e-03
-6.223103962838649750e-03 2.654208540916442871e-01 8.714368194341659546e-02 5.551847442984580994e-02 -8.824910968542098999e-02 -1.928125172853469849e-01 -2.030328363180160522e-01 -5.917485803365707397e-02 -1.768872588872909546e-01 3.019588626921176910e-02
-2.130807787179946899e-01 -5.080779269337654114e-02 1.103589609265327454e-01 -1.167838126420974731e-01 -2.534123957157135010e-01 1.395451277494430542e-01 -1.987578347325325012e-02 2.236382961273193359e-01 1.409625820815563202e-02 -2.667933106422424316e-01
-8.318933844566345215e-02 -1.576551422476768494e-02 1.013057231903076172e-01 -7.133996486663818359e-02 -1.203265413641929626e-01 -1.162011474370956421e-01 -1.536777913570404053e-01 -7.028177380561828613e-02 -4.831748083233833313e-02 -2.079686522483825684e-01
-5.064218491315841675e-02 -2.519698254764080048e-02 -2.521784007549285889e-01 -5.291502475738525391e-01 -3.904439136385917664e-02 1.015715226531028748e-01 2.749013304710388184e-01 -9.996593743562698364e-02 2.859295010566711426e-01 2.059475779533386230e-01
-1.294206082820892334e-01 2.032309174537658691e-01 1.443213522434234619e-01 -2.079600989818572998e-01 -1.210191324353218079e-01 -1.810597181320190430e-01 -1.301396042108535767e-01 -1.213288903236389160e-01 -2.000313252210617065e-01 -1.207139417529106140e-01
-2.653412520885467529e-01 7.054546475410461426e-02 -5.046681165695190430e-01 -1.022766605019569397e-01 8.522489666938781738e-02 3.614839613437652588e-01 -2.531063556671142578e-01 2.950624190270900726e-02 -5.846395343542098999e-02 -6.599557399749755859e-02
-2.165529690682888031e-02 8.102138340473175049e-02 1.710299402475357056e-01 4.248342663049697876e-02 -3.785801231861114502e-01 1.469483971595764160e-01 2.223836779594421387e-01 -4.576002359390258789e-01 -2.310272306203842163e-01 -6.485848426818847656e-01
6.052894145250320435e-02 9.474310278892517090e-02 -2.543581426143646240e-01 3.332391381263732910e-02 -1.985675543546676636e-01 2.918570041656494141e-01 -3.904083371162414551e-02 4.475514590740203857e-02 -2.013967558741569519e-02 2.865382730960845947e-01
4.113494753837585449e-01 7.142307609319686890e-02 -5.011610388755798340e-01 -1.750921159982681274e-01 -3.365686535835266113e-01 1.158609271049499512e+00 -4.406576752662658691e-01 6.420834362506866455e-02 -7.597014904022216797e-01 -1.017770394682884216e-01
-3.175285160541534424e-01 -7.281171157956123352e-03 2.593585848808288574e-01 -1.531655341386795044e-01 -9.824471920728683472e-02 3.806749731302261353e-02 -5.614332556724548340e-01 -4.095399379730224609e-02 -1.067675426602363586e-01 2.110451310873031616e-01
6.389093399047851562e-02 -4.283882379531860352e-01 -1.896986663341522217e-01 2.143956162035465240e-02 -5.373121239244937897e-03 -3.062833249568939209e-01 8.012606203556060791e-02 -4.381921142339706421e-02 -5.961965769529342651e-02 -1.736851409077644348e-02
4.564208164811134338e-02 1.754775345325469971e-01 -9.986573457717895508e-02 -1.636486649513244629e-01 5.866180732846260071e-02 2.686985433101654053e-01 -1.898029744625091553e-01 3.418159782886505127e-01 -1.985998898744583130e-01 -5.901077762246131897e-03
3.276230692863464355e-01 -1.038165912032127380e-01 -2.145002484321594238e-01 -1.355398297309875488e-01 -7.215269654989242554e-02 2.631202340126037598e-01 1.490806341171264648e-01 1.357100605964660645e-01 -2.586702704429626465e-01 1.471798121929168701e-01
-1.603609882295131683e-02 -1.349911279976367950e-02 3.761772811412811279e-02 -2.719928696751594543e-02 -1.178819760680198669e-01 -1.275417506694793701e-01 7.124499231576919556e-02 2.781626284122467041e-01 -1.191789582371711731e-01 -1.266918182373046875e-01
-1.143252849578857422e-01 -1.671051532030105591e-01 -5.006878077983856201e-02 -3.324482738971710205e-01 2.254766523838043213e-01 4.332174360752105713e-01 5.876912269741296768e-03 -1.963295638561248779e-01 3.299738466739654541e-01 -1.740984171628952026e-01
1.346547454595565796e-01 1.264976263046264648e-01 1.760974079370498657e-01 1.088566109538078308e-01 -7.786094546318054199e-01 -3.843352496623992920e-01 2.690075039863586426e-01 -5.563061833381652832e-01 9.943349659442901611e-02 -5.139759182929992676e-01
1.631436944007873535e-01 -4.667843580245971680e-01 1.819164603948593140e-01 -1.428282111883163452e-01 2.508013509213924408e-02 -4.511898756027221680e-01 1.322292834520339966e-01 -3.680243492126464844e-01 5.398448109626770020e-01 5.387143418192863464e-02
2.205323874950408936e-01 -4.092450439929962158e-01 2.108768075704574585e-01 -4.184850752353668213e-01 4.129164665937423706e-02 -4.711440205574035645e-01 6.317389756441116333e-02 8.774325251579284668e-02 -6.755149364471435547e-01 2.108486928045749664e-02
-2.747006118297576904e-01 4.495539665222167969e-01 -3.594658374786376953e-01 4.009971767663955688e-02 -4.674474243074655533e-03 4.717365801334381104e-01 -8.371337503194808960e-02 -2.899559736251831055e-01 6.631609983742237091e-03 1.681585758924484253e-01
-1.257899850606918335e-01 4.804983437061309814e-01 -1.349100023508071899e-01 -1.674233078956604004e-01 -9.481476992368698120e-02 -7.194159179925918579e-02 -7.818643748760223389e-02 -1.254688203334808350e-01 -2.366301566362380981e-01 -9.637323766946792603e-02
-1.217441037297248840e-01 3.642458021640777588e-01 -1.329193413257598877e-01 -8.979593962430953979e-02 -6.672406941652297974e-02 5.020463466644287109e-02 5.491472408175468445e-02 -1.700764596462249756e-01 1.447844654321670532e-01 -2.351877279579639435e-03
-4.616675376892089844e-01 1.978368125855922699e-02 -9.598129242658615112e-02 -8.986316621303558350e-02 5.691502690315246582e-01 -4.505350813269615173e-02 -3.490231335163116455e-01 -5.382353663444519043e-01 3.026130497455596924e-01 4.220977127552032471e-01
-1.842086762189865112e-01 2.856520712375640869e-01 -3.998220264911651611e-01 -2.070580124855041504e-01 5.289404094219207764e-02 4.909228906035423279e-02 -2.023497223854064941e-01 2.134214639663696289e-01 -2.569025158882141113e-01 1.717113703489303589e-01
8.971989899873733521e-02 -3.474554717540740967e-01 4.545201063156127930e-01 -6.052712202072143555e-01 -4.010914266109466553e-01 2.705145180225372314e-01 -3.537912070751190186e-01 -1.283678114414215088e-01 -3.574847579002380371e-01 -1.604390442371368408e-01
-3.047524094581604004e-01 -2.232126295566558838e-01 1.097722277045249939e-01 1.592530012130737305e-01 2.234775274991989136e-01 -2.759932875633239746e-01 7.648046314716339111e-02 -2.590297162532806396e-01 -5.415877327322959900e-02 -8.172160387039184570e-02
-2.057678848505020142e-01 -3.323729336261749268e-01 -1.411017924547195435e-01 -1.189298108220100403e-01 1.815586723387241364e-02 -2.460495382547378540e-01 9.013504534959793091e-02 -2.914686687290668488e-03 1.685839444398880005e-01 -1.472317427396774292e-01
2.058999389410018921e-01 -1.629370301961898804e-01 -3.290765583515167236e-01 -2.978034019470214844e-01 -1.165983229875564575e-01 -1.998623907566070557e-01 5.348247289657592773e-01 1.510071605443954468e-01 2.491343617439270020e-01 -4.502115026116371155e-02
-1.618198454380035400e-01 -5.609585717320442200e-02 -2.772417664527893066e-01 2.595738042145967484e-03 3.695666790008544922e-01 8.748590201139450073e-02 2.137964516878128052e-01 -4.334466755390167236e-01 -1.979473978281021118e-01 3.185009956359863281e-01
-4.240960180759429932e-01 -2.820456773042678833e-02 -3.177326619625091553e-01 3.818655610084533691e-01 -2.619427740573883057e-01 -8.875505626201629639e-02 -4.139572679996490479e-01 9.032292664051055908e-02 -5.875998139381408691e-01 2.848049700260162354e-01
-9.591677784919738770e-02 -9.780934080481529236e-03 -6.468467414379119873e-02 2.396610230207443237e-01 -3.774934709072113037e-01 7.700872141867876053e-03 1.079249009490013123e-01 -4.149052798748016357e-01 -1.989658027887344360e-01 -4.932653903961181641e-01
-1.355805695056915283e-01 -3.102047741413116455e-01 1.979088485240936279e-01 3.420570194721221924e-01 -1.683033406734466553e-01 2.502064034342765808e-02 -4.281494021415710449e-01 3.820632100105285645e-01 -1.861434429883956909e-01 -3.903265297412872314e-01
-1.186955198645591736e-01 3.248905241489410400e-01 -3.986423015594482422e-01 -2.344089448451995850e-01 1.509911119937896729e-01 3.076919913291931152e-01 -2.807208299636840820e-01 4.083040356636047363e-01 -3.398853242397308350e-01 6.258716434240341187e-02
-1.317309215664863586e-02 -3.113612718880176544e-02 -1.030419208109378815e-02 -2.805637121200561523e-01 6.849574297666549683e-02 5.613658949732780457e-02 1.825245618820190430e-01 8.017502725124359131e-02 6.096243858337402344e-02 -8.033151179552078247e-02
1.847626268863677979e-01 -3.113489970564842224e-02 2.766216695308685303e-01 -1.059623807668685913e-02 -3.984044194221496582e-01 -1.733539551496505737e-01 -1.234809234738349915e-01 -2.964647114276885986e-01 5.972112715244293213e-02 -4.130818545818328857e-01
3.108207285404205322e-01 -1.029075682163238525e-01 -4.729130566120147705e-01 2.428068369626998901e-01 -3.122631907463073730e-01 1.682646572589874268e-01 -4.460355639457702637e-01 2.200178354978561401e-01 -7.768373489379882812e-01 -3.784381747245788574e-01
1.044830530881881714e-01 -6.654317677021026611e-02 3.182207942008972168e-01 -1.250308007001876831e-01 5.326793994754552841e-03 -2.449954599142074585e-01 -9.109254181385040283e-02 7.771977782249450684e-02 -1.113427728414535522e-01 -1.324649006128311157e-01
1.964879631996154785e-01 3.694681078195571899e-02 -5.647529363632202148e-01 5.986653640866279602e-02 -3.634154796600341797e-01 9.970749169588088989e-02 2.055537253618240356e-01 -3.521173596382141113e-01 -1.150596067309379578e-01 4.966958761215209961e-01
-1.551629900932312012e-01 -5.091520771384239197e-02 -4.714776948094367981e-02 3.089562952518463135e-01 -3.449743092060089111e-01 -2.832302153110504150e-01 -2.980530858039855957e-01 1.713162064552307129e-01 2.179246097803115845e-01 -1.520404666662216187e-01
-4.676891863346099854e-01 -6.867112964391708374e-02 3.205918371677398682e-01 -1.493290513753890991e-01 -6.411455571651458740e-02 2.134650647640228271e-01 -6.978055834770202637e-01 -2.443410903215408325e-01 3.589264154434204102e-01 1.747154593467712402e-01
3.441064357757568359e-01 -2.901664674282073975e-01 -1.425487697124481201e-01 -3.337508141994476318e-01 -9.878175854682922363e-01 1.258840262889862061e-01 -4.462295770645141602e-01 5.878530442714691162e-02 -2.356762439012527466e-01 1.584446132183074951e-01
-2.038422971963882446e-01 2.110279202461242676e-01 9.421062469482421875e-02 -1.211555302143096924e-01 -3.915015608072280884e-02 5.847704038023948669e-02 2.807071506977081299e-01 -8.742574602365493774e-02 -1.605066359043121338e-01 -2.889555990695953369e-01
-4.107093214988708496e-01 1.580352522432804108e-02 2.476946264505386353e-01 -5.855391621589660645e-01 -1.910511590540409088e-02 -2.930458821356296539e-02 1.245904862880706787e-01 -3.485663533210754395e-01 2.966580688953399658e-01 7.621023803949356079e-02
-2.906102538108825684e-01 -7.828790694475173950e-02 -9.749384969472885132e-02 9.852908551692962646e-02 -4.360957071185112000e-02 1.527607720345258713e-02 1.179291382431983948e-01 -2.798705101013183594e-01 -2.410133779048919678e-01 -6.749491691589355469e-01
-2.827196419239044189e-01 -1.041796281933784485e-01 -1.029654294252395630e-01 -1.572257876396179199e-01 4.201601445674896240e-01 5.370085835456848145e-01 -1.024271771311759949e-01 9.681745618581771851e-02 -2.667464781552553177e-03 -3.627878725528717041e-01
3.237141966819763184e-01 -5.420164465904235840e-01 -5.953850969672203064e-02 -5.685545802116394043e-01 -2.474203556776046753e-01 1.480293869972229004e-01 -6.647643446922302246e-02 1.944798678159713745e-01 -4.624181091785430908e-01 -1.087393015623092651e-01
-5.954052880406379700e-02 -2.210184559226036072e-02 -2.054296433925628662e-01 -1.501658856868743896e-01 -2.512433826923370361e-01 1.146074086427688599e-01 -1.709791123867034912e-01 -4.576891660690307617e-01 1.994824707508087158e-01 2.527309395372867584e-02
1.616171002388000488e-01 -2.754553854465484619e-01 -3.296230733394622803e-02 -2.492152303457260132e-01 -1.956879496574401855e-01 -1.810668110847473145e-01 -1.460801959037780762e-01 2.381747514009475708e-01 -2.891090512275695801e-01 -5.011673569679260254e-01
-1.392570286989212036e-01 4.153095483779907227e-01 7.173278369009494781e-03 -4.432414099574089050e-02 -2.834556102752685547e-01 9.900403767824172974e-02 -3.310152515769004822e-02 -2.514666318893432617e-01 1.961282342672348022e-01 -1.596236079931259155e-01
-1.282973289489746094e-01 3.654685914516448975e-01 -2.908261492848396301e-02 -1.654990017414093018e-01 -1.042404472827911377e-01 -1.598306745290756226e-01 -9.833671152591705322e-02 -1.616904586553573608e-01 -2.062723040580749512e-01 -1.334488093852996826e-01
2.159883230924606323e-01 1.479129344224929810e-01 -5.016973614692687988e-01 -3.336773514747619629e-01 -2.137706577777862549e-01 3.669544160366058350e-01 2.007642537355422974e-01 -2.033848613500595093e-01 5.067072063684463501e-02 2.770142257213592529e-01
-1.393514573574066162e-01 4.071616232395172119e-01 1.095402985811233521e-01 -2.955531179904937744e-01 -1.942622661590576172e-01 -6.591597199440002441e-02 -1.161119341850280762e-01 -1.048681288957595825e-01 -2.565523684024810791e-01 -1.901136189699172974e-01
-7.407802343368530273e-02 -1.256836354732513428e-01 8.250824362039566040e-02 -1.379223316907882690e-01 -6.458944678306579590e-01 -2.181675434112548828e-01 -1.946980804204940796e-01 1.006839647889137268e-01 7.264140248298645020e-02 3.996371328830718994e-01
-1.247090622782707214e-01 2.189295887947082520e-01 1.019685044884681702e-01 -6.293468922376632690e-02 -1.525723189115524292e-01 -2.063245177268981934e-01 -1.962810903787612915e-01 -1.753218919038772583e-01 -3.038593530654907227e-01 -1.220927089452743530e-01
-1.279194802045822144e-01 6.834702938795089722e-02 1.929746121168136597e-01 4.104460775852203369e-01 -3.565611243247985840e-01 -5.872356891632080078e-01 -3.586255311965942383e-01 2.353334277868270874e-01 -1.685175746679306030e-01 2.463184744119644165e-01
-1.459718793630599976e-01 -3.290303349494934082e-01 1.013515666127204895e-01 -2.307041175663471222e-02 4.614718724042177200e-03 2.323480993509292603e-01 -9.819246828556060791e-02 -1.655281335115432739e-01 -4.041360020637512207e-01 -1.041649281978607178e-02
-7.973147928714752197e-02 -1.733283549547195435e-01 3.163120746612548828e-01 -1.800803393125534058e-01 1.126077845692634583e-01 -1.550395339727401733e-01 1.159123480319976807e-01 -5.429414510726928711e-01 4.825946092605590820e-01 1.509525179862976074e-01
-6.914312392473220825e-02 -8.285818248987197876e-02 2.006137371063232422e-01 3.492172360420227051e-01 -1.534793246537446976e-02 -2.013363987207412720e-01 -1.677848398685455322e-01 -2.969684600830078125e-01 -1.483340412378311157e-01 -1.728986650705337524e-01
-1.709625311195850372e-02 -1.376742571592330933e-01 -2.845730185508728027e-01 -5.838994383811950684e-01 8.789987862110137939e-02 -1.020825058221817017e-01 2.125459909439086914e-01 -4.291594028472900391e-01 -1.106499210000038147e-01 1.345679610967636108e-01
-7.969380170106887817e-02 -5.051251649856567383e-01 4.264171123504638672e-01 -3.727210462093353271e-01 3.804794549942016602e-01 -5.290459394454956055e-01 4.994738101959228516e-02 2.201151549816131592e-01 -5.521554946899414062e-01 2.507164143025875092e-03
1.075783446431159973e-01 -2.774440050125122070e-01 -3.848752379417419434e-01 -3.454648656770586967e-03 2.095699161291122437e-01 -1.663337647914886475e-01 -5.978752374649047852e-01 -1.142594814300537109e-01 1.827775537967681885e-01 -2.116428222507238388e-03
-3.095428943634033203e-01 -1.447069644927978516e-01 -3.238592296838760376e-02 -1.750035881996154785e-01 4.595835208892822266e-01 -4.258735477924346924e-01 1.407556533813476562e-01 -2.729899883270263672e-01 -3.869412243366241455e-01 9.072659611701965332e-01
-3.121539354324340820e-01 -6.809361279010772705e-02 -1.601335257291793823e-01 -8.741060644388198853e-02 -4.397235810756683350e-01 -4.503286778926849365e-01 -2.566036880016326904e-01 2.745066583156585693e-01 -2.085729539394378662e-01 3.983469009399414062e-01
-2.302942126989364624e-01 1.522557735443115234e-01 -1.419907957315444946e-01 6.974120158702135086e-03 4.235506802797317505e-02 -1.742167472839355469e-01 1.876284480094909668e-01 1.979914456605911255e-01 -1.173751428723335266e-01 -1.669910550117492676e-01
-1.647701300680637360e-02 -1.352489888668060303e-01 -1.150307282805442810e-01 3.728346899151802063e-02 4.497520029544830322e-01 2.620791494846343994e-01 -2.627474665641784668e-01 2.874616682529449463e-01 -1.672826558351516724e-01 -1.851651817560195923e-02
-2.538425624370574951e-01 -3.050879836082458496e-01 -3.790682554244995117e-01 1.281934082508087158e-01 6.547030061483383179e-03 -6.273890286684036255e-02 1.712791919708251953e-01 -3.104528784751892090e-01 1.329455822706222534e-01 -3.036911189556121826e-01
-1.760686784982681274e-01 2.310570329427719116e-01 -7.757592201232910156e-02 -2.685833275318145752e-01 -3.358253836631774902e-02 -3.236298859119415283e-01 -1.490549743175506592e-01 1.973119825124740601e-01 -3.504492938518524170e-01 5.552062764763832092e-02
-1.491492241621017456e-01 2.114513963460922241e-01 1.477222144603729248e-01 1.782229244709014893e-01 1.780965737998485565e-02 -1.632881462574005127e-01 -3.743976950645446777e-01 -8.019907400012016296e-03 -1.003653928637504578e-02 -9.561387449502944946e-02
8.671610802412033081e-02 -1.871048957109451294e-01 -1.069172471761703491e-01 -2.336109578609466553e-01 2.364248735830187798e-03 3.734557330608367920e-01 2.981154620647430420e-02 -1.574135273694992065e-01 3.173980712890625000e-01 -2.009508013725280762e-01
-3.706770837306976318e-01 9.280657023191452026e-02 3.559016287326812744e-01 -7.165570557117462158e-02 -2.585022747516632080e-01 2.020943909883499146e-01 -4.817723929882049561e-01 -1.598192006349563599e-01 -2.065497934818267822e-01 1.972568780183792114e-01
2.659076750278472900e-01 -2.751572430133819580e-02 -5.499112606048583984e-01 -4.853335022926330566e-02 -1.329818218946456909e-01 6.697139237076044083e-03 1.350840628147125244e-01 -3.051190972328186035e-01 -2.655699551105499268e-01 8.750580251216888428e-02
-1.282885819673538208e-01 4.404700398445129395e-01 -1.002903506159782410e-01 -1.621952652931213379e-01 -8.953852206468582153e-02 -9.869454801082611084e-02 -6.168511137366294861e-02 -1.472092270851135254e-01 -2.753653526306152344e-01 -1.149533912539482117e-01
-2.335508167743682861e-01 -2.773286700248718262e-01 8.336651138961315155e-03 -3.782944977283477783e-01 3.113202750682830811e-01 1.168230995535850525e-01 -4.856099784374237061e-01 3.327777087688446045e-01 -5.104687213897705078e-01 -3.895466029644012451e-01
1.483534742146730423e-02 1.417136341333389282e-01 -2.316742762923240662e-02 3.464747965335845947e-02 1.818969398736953735e-01 -8.012028038501739502e-02 1.348157525062561035e-01 -1.725932657718658447e-01 3.736339509487152100e-02 -3.578730225563049316e-01
1.122618317604064941e-01 -1.092625558376312256e-01 -5.951113104820251465e-01 1.961361467838287354e-01 -3.352420330047607422e-01 4.846491664648056030e-02 2.516318261623382568e-01 4.502220451831817627e-02 1.135534346103668213e-01 8.900608867406845093e-03
4.201351851224899292e-02 -1.810188442468643188e-01 -3.857452049851417542e-02 1.057294458150863647e-01 2.168598771095275879e-01 9.247108548879623413e-02 1.372264176607131958e-01 -3.484093248844146729e-01 -2.734894156455993652e-01 -4.565506577491760254e-01
-3.275435417890548706e-02 -1.405988484621047974e-01 8.635102771222591400e-03 -3.209486305713653564e-01 1.749592572450637817e-01 -2.089034169912338257e-01 1.721143573522567749e-01 -5.786253213882446289e-01 1.526662707328796387e-01 3.588499724864959717e-01
1.563911698758602142e-02 -2.568546310067176819e-02 -2.316168844699859619e-01 -2.953544855117797852e-01 -3.649549186229705811e-01 6.510938704013824463e-02 -8.420408517122268677e-02 -2.967350184917449951e-01 2.163951992988586426e-01 3.269124925136566162e-01
-1.925459206104278564e-01 6.453978363424539566e-03 4.631270468235015869e-02 -4.960729777812957764e-01 2.966690659523010254e-01 1.320165246725082397e-01 -3.345951810479164124e-02 -3.442569077014923096e-01 -2.183386683464050293e-01 -5.727952718734741211e-01
1.934413760900497437e-01 -1.412972062826156616e-01 -2.706311941146850586e-01 6.336075719445943832e-03 1.674502640962600708e-01 -2.741114199161529541e-01 -2.622163295745849609e-01 -3.658336997032165527e-01 -1.823875904083251953e-01 -1.615979522466659546e-01
-2.020779252052307129e-01 -1.080972030758857727e-01 -3.377552032470703125e-01 -4.781550168991088867e-02 -1.897139102220535278e-01 -3.030994832515716553e-01 4.456713497638702393e-01 -1.203630398958921432e-02 -4.787566363811492920e-01 -7.721725851297378540e-03
-9.671850204467773438e-01 8.463587611913681030e-02 -7.083885371685028076e-02 1.278608590364456177e-01 -1.040708571672439575e-01 2.867585122585296631e-01 -3.068466782569885254e-01 8.485028147697448730e-02 2.839047312736511230e-01 -1.220713183283805847e-01
-7.319177389144897461e-01 2.295067906379699707e-02 -2.430711686611175537e-01 -2.411903738975524902e-01 1.693294011056423187e-02 9.543774127960205078e-01 3.107911646366119385e-01 -7.039716094732284546e-02 -4.701319336891174316e-01 -1.523835808038711548e-01
-5.172501206398010254e-01 5.322148650884628296e-02 -8.485942333936691284e-02 6.294918712228536606e-03 -3.141741156578063965e-01 8.392435312271118164e-02 2.352553606033325195e-01 4.334715008735656738e-02 -3.465118706226348877e-01 -1.081279106438159943e-02
9.268034994602203369e-02 -3.386290967464447021e-01 4.618532657623291016e-01 -4.015825092792510986e-01 -3.160270154476165771e-01 -6.823103427886962891e-01 -1.973581165075302124e-01 3.042182922363281250e-01 -8.785700798034667969e-01 -1.858741641044616699e-01
-1.276055723428726196e-01 3.142564296722412109e-01 1.054899469017982483e-01 -4.418634250760078430e-02 1.460400223731994629e-01 -3.838131427764892578e-01 -2.620768547058105469e-01 2.089388519525527954e-01 1.071375608444213867e-01 -7.586433738470077515e-02
-4.290622193366289139e-03 -1.165355592966079712e-01 -3.279049098491668701e-01 -1.036654934287071228e-01 -1.539653092622756958e-01 4.231591522693634033e-01 1.765765845775604248e-01 -4.365887343883514404e-01 -1.677559912204742432e-01 -3.694350272417068481e-02
-1.897434443235397339e-01 -8.550115674734115601e-02 1.821261346340179443e-01 1.387396007776260376e-01 -3.309558844193816185e-03 -6.622466444969177246e-02 -3.310533761978149414e-01 -3.146800100803375244e-01 -3.093445003032684326e-01 1.452513933181762695e-01
-2.088644802570343018e-01 -1.613799780607223511e-01 -2.817617058753967285e-01 2.555262446403503418e-01 4.324802756309509277e-02 6.060691177845001221e-02 5.603060871362686157e-02 -7.671914994716644287e-02 -4.583872109651565552e-02 8.818370848894119263e-02
5.306182801723480225e-02 -3.443957567214965820e-01 -3.560292422771453857e-01 -6.301770806312561035e-01 2.830227911472320557e-01 6.572404503822326660e-01 3.640848696231842041e-01 -1.004256680607795715e-02 -4.933456778526306152e-01 -2.091295719146728516e-01
-1.328567564487457275e-01 3.300141096115112305e-01 1.716217249631881714e-01 -1.055649854242801666e-02 4.417666792869567871e-02 -4.510546922683715820e-01 -2.103088051080703735e-01 3.071082830429077148e-01 -4.210911318659782410e-02 -1.352302432060241699e-01
1.422266513109207153e-01 -8.927467465400695801e-02 1.422125697135925293e-01 -3.658159971237182617e-01 -1.396179497241973877e-01 3.306532204151153564e-01 3.988815546035766602e-01 -6.170803308486938477e-02 -1.234155744314193726e-01 8.501544594764709473e-02
-2.168505638837814331e-01 -4.417729973793029785e-01 -3.412618115544319153e-02 -3.900767117738723755e-02 -2.513674497604370117e-01 4.695838317275047302e-02 -4.821884632110595703e-01 -2.037125527858734131e-01 1.023766119033098221e-02 -2.493859231472015381e-01
-2.513230443000793457e-01 -4.250580072402954102e-02 6.672101467847824097e-02 -3.012384176254272461e-01 -3.712374269962310791e-01 3.838790953159332275e-02 2.617348432540893555e-01 -2.775864899158477783e-01 -1.975504457950592041e-01 -2.027184665203094482e-01
-8.396796137094497681e-02 8.317698538303375244e-02 -1.299077831208705902e-02 -1.883435249328613281e-01 4.923684895038604736e-01 -1.274651437997817993e-01 9.853742085397243500e-03 -9.535661339759826660e-02 1.615545004606246948e-01 -8.942809104919433594e-01
-1.381810158491134644e-01 -1.224228143692016602e-01 -5.045123100280761719e-01 5.739009380340576172e-01 -3.299177810549736023e-02 7.738415151834487915e-02 -1.304298788309097290e-01 -4.692923426628112793e-01 5.833564996719360352e-01 -2.876774035394191742e-02
-8.966509997844696045e-02 2.880377471446990967e-01 -2.554730474948883057e-01 -1.558124870061874390e-01 1.674404740333557129e-02 -2.266872860491275787e-02 2.821378409862518311e-01 7.618062198162078857e-02 1.396529227495193481e-01 -4.933498799800872803e-02
5.329372286796569824e-01 -2.057649642229080200e-01 4.860610663890838623e-01 2.166470140218734741e-01 -8.347790241241455078e-01 -1.252144724130630493e-01 -6.758290529251098633e-01 -7.554473727941513062e-02 -2.212186306715011597e-01 -7.788135409355163574e-01
4.139304906129837036e-02 -2.790613770484924316e-01 -3.402210772037506104e-01 -8.297433704137802124e-02 1.799961775541305542e-01 -1.477961521595716476e-02 3.175306320190429688e-01 8.550868183374404907e-02 -5.592178702354431152e-01 -1.668988727033138275e-02
2.096658796072006226e-01 -5.518858507275581360e-02 -5.684357509016990662e-02 1.089843735098838806e-01 1.445225775241851807e-01 1.032179519534111023e-01 1.056488603353500366e-01 -1.788632571697235107e-01 -2.689619660377502441e-01 1.328229717910289764e-02
-1.325937509536743164e-01 3.244012892246246338e-01 7.085674256086349487e-02 2.883433550596237183e-02 2.405812777578830719e-02 -3.510459959506988525e-01 -6.800558418035507202e-02 1.643972694873809814e-01 7.082244008779525757e-02 -4.837429523468017578e-02
7.025291323661804199e-01 -1.925082504749298096e-01 -4.934878945350646973e-01 -2.634857594966888428e-02 -3.940089344978332520e-01 -6.017146632075309753e-02 -3.111929595470428467e-01 6.826403141021728516e-01 -6.797603964805603027e-01 -6.626156568527221680e-01
1.880674362182617188e-01 -2.922534048557281494e-01 -3.368940204381942749e-02 -6.966343615204095840e-03 -1.160472854971885681e-01 -2.390326559543609619e-01 -2.350526303052902222e-01 -2.895880043506622314e-01 1.997030079364776611e-01 -4.711532592773437500e-01
-6.397683173418045044e-02 1.290968954563140869e-01 -3.392226099967956543e-01 1.865630596876144409e-01 -2.999483048915863037e-01 1.189244613051414490e-01 2.169976942241191864e-02 5.223090574145317078e-02 -2.282446995377540588e-02 2.189264297485351562e-01
2.892283163964748383e-02 1.843829602003097534e-01 2.446705251932144165e-01 -1.055201143026351929e-01 -2.195695936679840088e-01 2.573454082012176514e-01 -3.301650285720825195e-01 1.407301723957061768e-01 -2.774738073348999023e-01 5.714448913931846619e-02
-4.001626372337341309e-01 -3.305835723876953125e-01 -1.144782900810241699e-01 -5.257617216557264328e-03 2.331633716821670532e-01 1.172988489270210266e-02 -6.396636962890625000e-01 2.599807679653167725e-01 -1.053821444511413574e-01 1.167642399668693542e-01
4.037857353687286377e-01 -2.710460722446441650e-01 -1.869928538799285889e-01 -1.410215795040130615e-01 1.115134730935096741e-01 2.309864610433578491e-01 2.956227660179138184e-01 -2.174857556819915771e-01 -1.038958802819252014e-01 -1.819577962160110474e-01
-9.632065892219543457e-02 4.727092012763023376e-02 2.534371241927146912e-02 -6.004043817520141602e-01 -4.974326193332672119e-01 -1.144688203930854797e-01 2.393148094415664673e-01 -1.221932563930749893e-02 2.202707678079605103e-01 -1.273084282875061035e-01
5.692659616470336914e-01 -3.485248386859893799e-01 -5.696882009506225586e-01 2.696006298065185547e-01 -4.141858518123626709e-01 4.276572167873382568e-02 -7.015690803527832031e-01 1.186149492859840393e-01 4.472190141677856445e-02 1.886607706546783447e-01
-2.637771517038345337e-02 -7.215075939893722534e-02 -3.112241812050342560e-02 -4.750575125217437744e-02 -5.783555284142494202e-02 -5.881587043404579163e-02 -1.448352336883544922e-01 -2.178075164556503296e-01 -3.596875667572021484e-01 -2.104040384292602539e-01
-2.047729790210723877e-01 5.605635419487953186e-02 -2.322512865066528320e-02 -2.808192074298858643e-01 3.324522376060485840e-01 -2.540132999420166016e-01 -1.864504218101501465e-01 3.430998027324676514e-01 6.114184483885765076e-02 -3.179808259010314941e-01
