-2.063652267679572105e-03 -7.292956579476594925e-03 -8.472474291920661926e-03 2.564744092524051666e-03 -8.341019041836261749e-03 -8.580701425671577454e-03 -4.590986762195825577e-03 -3.992566689703380689e-06 1.392098609358072281e-02 6.012914702296257019e-03
3.275422146543860435e-03 2.599629806354641914e-03 5.892292596399784088e-03 3.837726777419447899e-03 9.351337328553199768e-03 -2.968876855447888374e-03 -6.754827219992876053e-03 -1.530781853944063187e-02 -7.949086837470531464e-03 -1.327981054782867432e-02
-1.021082885563373566e-02 1.048158737830817699e-03 -5.994874052703380585e-03 -4.710751120001077652e-03 -3.219736041501164436e-03 -6.744446698576211929e-03 1.531767752021551132e-02 -2.839935710653662682e-03 -9.451418183743953705e-03 4.688962828367948532e-03
-9.116669185459613800e-03 2.350833266973495483e-03 -8.728044107556343079e-03 -1.076641771942377090e-02 2.321101492270827293e-03 -5.022365134209394455e-03 -1.071309018880128860e-02 7.969067431986331940e-03 4.856251180171966553e-03 8.003225666470825672e-04
-9.194375947117805481e-03 1.933385385200381279e-03 -1.933825318701565266e-03 2.668080618605017662e-03 -2.334474818781018257e-03 -1.408366370014846325e-03 1.950106001459062099e-03 -2.420081989839673042e-03 -3.722442779690027237e-03 -6.653076270595192909e-04
2.656043134629726410e-02 -1.643121801316738129e-02 -1.807130314409732819e-02 -2.987239696085453033e-02 -3.604666143655776978e-02 -4.631703719496726990e-03 -1.007756311446428299e-02 1.925419643521308899e-02 8.512847125530242920e-04 3.291940316557884216e-02
4.573387559503316879e-03 -4.206337034702301025e-03 -6.760602816939353943e-03 -8.135563693940639496e-03 -1.426902483217418194e-03 8.681330364197492599e-04 2.073527686297893524e-02 -1.053408905863761902e-02 -8.633750840090215206e-04 -1.938970410265028477e-03
-8.199618197977542877e-03 -5.014620721340179443e-03 -8.085170760750770569e-03 -5.402844399213790894e-03 -1.424079178832471371e-03 -4.340569488704204559e-03 1.020410330966114998e-03 -7.368012302322313190e-05 -6.861038040369749069e-03 -6.469773361459374428e-04
-1.369091495871543884e-02 4.356463439762592316e-03 -1.782105304300785065e-02 2.404868602752685547e-03 3.030270803719758987e-03 -3.476670710369944572e-03 -6.651458796113729477e-03 1.367011759430170059e-02 -9.789620526134967804e-03 7.800751365721225739e-03
9.703108109533786774e-03 6.533869542181491852e-03 -1.754657551646232605e-02 1.102673541754484177e-02 -1.661569997668266296e-02 2.161592012271285057e-03 7.684907410293817520e-03 -2.183528617024421692e-02 2.205922640860080719e-02 -1.361824851483106613e-02
-5.125831812620162964e-03 1.429005991667509079e-02 3.122896887362003326e-04 -1.482261903584003448e-02 2.536186715587973595e-03 -4.260576330125331879e-03 -6.697329226881265640e-03 1.114127319306135178e-02 -5.693780258297920227e-03 -4.631780087947845459e-03
2.005641162395477295e-02 3.257791468058712780e-05 6.663658656179904938e-03 7.314967922866344452e-03 -1.486477162688970566e-02 -1.166902203112840652e-02 -1.404108945280313492e-02 -8.176508359611034393e-03 -3.770743263885378838e-03 -1.459419075399637222e-02
-1.599260978400707245e-02 -9.574923664331436157e-03 1.582476869225502014e-02 -2.408574521541595459e-02 1.384957344271242619e-03 -1.621641218662261963e-02 5.431266501545906067e-03 4.012254998087882996e-03 5.567001644521951675e-03 1.214602869004011154e-02
-8.196232840418815613e-03 -9.157070890069007874e-04 -3.912128973752260208e-03 -6.347139831632375717e-03 2.344784326851367950e-03 -7.856673561036586761e-03 -1.844223006628453732e-03 7.281184662133455276e-04 -1.073351968079805374e-02 3.004213329404592514e-03
1.096850913017988205e-02 -2.275918796658515930e-02 8.817090652883052826e-03 2.713985368609428406e-02 -6.572860293090343475e-03 -2.126275189220905304e-02 -1.142819528467953205e-03 1.270735543221235275e-02 -2.836845256388187408e-02 -2.099321410059928894e-02
-4.793233238160610199e-03 8.708055829629302025e-04 8.361428044736385345e-04 9.828243404626846313e-03 7.589279266539961100e-05 -6.570360157638788223e-03 -3.887589089572429657e-03 -1.977555919438600540e-03 -9.024964645504951477e-03 -1.686704903841018677e-02
-5.082473158836364746e-03 1.244064536876976490e-03 -7.462451234459877014e-03 -7.755605038255453110e-03 1.356723718345165253e-03 -6.901677697896957397e-03 -5.994031205773353577e-03 7.661170326173305511e-03 -8.385429158806800842e-03 2.121276222169399261e-03
-1.253577647730708122e-03 4.410882480442523956e-03 -3.486752277240157127e-03 -4.806286655366420746e-03 3.501009487081319094e-04 1.088736811652779579e-03 -3.643014933913946152e-03 6.131772883236408234e-03 -1.666130265220999718e-03 -1.739596715196967125e-03
-3.246959764510393143e-03 6.292842794209718704e-03 1.601116498932242393e-03 -8.109885267913341522e-03 -2.109780034516006708e-04 -2.735954010859131813e-03 3.298583906143903732e-04 -3.353128209710121155e-03 -1.057713944464921951e-02 -4.363611340522766113e-03
-5.908170249313116074e-03 -3.101017791777849197e-04 -4.160809330642223358e-03 4.508555866777896881e-03 -1.918460126034915447e-03 6.341698579490184784e-03 -3.602071665227413177e-03 -1.727520255371928215e-03 1.327283913269639015e-03 -2.181715797632932663e-03
-1.924807578325271606e-02 -2.373577654361724854e-02 1.987302489578723907e-02 -3.772021830081939697e-02 5.663737538270652294e-04 -2.193682827055454254e-02 2.660720236599445343e-02 -8.023982867598533630e-03 2.416958473622798920e-02 1.117706764489412308e-02
-2.034581080079078674e-02 2.439771080389618874e-03 -6.945867557078599930e-03 2.552274614572525024e-02 -1.776281744241714478e-02 -5.647859536111354828e-03 -1.130503695458173752e-02 3.683902695775032043e-02 -1.809534430503845215e-02 -2.502873353660106659e-02
-2.477470412850379944e-02 -2.125672623515129089e-02 -3.411297127604484558e-02 3.099414333701133728e-02 -6.661578081548213959e-03 2.939635142683982849e-02 1.577672548592090607e-03 -4.209454171359539032e-03 -4.117370117455720901e-03 8.443149738013744354e-03
-4.559810273349285126e-03 -3.677949309349060059e-03 -8.105969056487083435e-03 -8.464157581329345703e-03 -3.280594712123274803e-03 -8.023682981729507446e-03 2.780639333650469780e-04 1.330142607912421227e-03 -5.850551184266805649e-03 6.073569529689848423e-04
-1.669656485319137573e-02 -1.521642319858074188e-02 2.103436054312624037e-05 -2.529738470911979675e-02 5.058819055557250977e-02 2.851263061165809631e-02 3.557823970913887024e-02 -2.363977581262588501e-02 -2.001383528113365173e-02 -3.904187679290771484e-02
2.521870844066143036e-02 -1.221813913434743881e-02 -1.401715632528066635e-02 -2.861768752336502075e-02 -1.607686653733253479e-02 3.101720288395881653e-02 7.568337023258209229e-03 1.499963738024234772e-02 -2.278906106948852539e-02 -1.374976057559251785e-02
-6.907484028488397598e-03 -8.432937785983085632e-03 4.533381666988134384e-03 8.367318660020828247e-03 -2.110552042722702026e-02 -1.662163436412811279e-02 -1.298721134662628174e-02 2.944150380790233612e-02 -1.379271317273378372e-02 2.275839913636445999e-03
-1.523497886955738068e-02 -1.075938995927572250e-02 -2.082481607794761658e-02 -1.365629769861698151e-02 3.171031549572944641e-02 -1.539032906293869019e-02 1.813807338476181030e-02 2.577231451869010925e-02 -1.995720528066158295e-02 -2.086739800870418549e-02
1.748623885214328766e-02 -1.626999117434024811e-02 -1.540248561650514603e-02 -1.522928569465875626e-02 -3.946224600076675415e-02 -1.215224340558052063e-02 1.436283532530069351e-02 1.065367646515369415e-02 9.253234602510929108e-03 2.091256156563758850e-02
-2.021881006658077240e-02 -9.898596443235874176e-03 2.923600934445858002e-02 3.451003506779670715e-02 -2.057268843054771423e-02 -3.188602626323699951e-02 -1.366219948977231979e-02 -1.429460826329886913e-03 1.005544513463973999e-02 -8.724373765289783478e-03
1.991763943806290627e-03 2.031345851719379425e-03 -3.985261544585227966e-03 -3.227026667445898056e-03 -1.310840714722871780e-03 -6.120906909927725792e-04 9.079161100089550018e-04 -2.894289558753371239e-03 -1.214931253343820572e-03 8.744203369133174419e-04
1.248058583587408066e-02 -1.472161523997783661e-02 2.056936919689178467e-02 1.533799991011619568e-02 2.383386343717575073e-02 -3.496530279517173767e-02 1.655070483684539795e-02 -2.298069745302200317e-02 8.418907411396503448e-03 -4.861947521567344666e-02
-1.900584669783711433e-03 -4.319470841437578201e-03 -7.081823889166116714e-03 -2.299486426636576653e-03 5.994614213705062866e-03 1.010155212134122849e-02 -7.820316590368747711e-03 3.331723157316446304e-03 -3.007943276315927505e-03 -8.100457489490509033e-03
2.484144829213619232e-02 1.096271371352486312e-04 -1.848724298179149628e-02 2.795878238976001740e-02 -6.831061094999313354e-03 -1.547215972095727921e-02 -1.713392138481140137e-02 3.003168851137161255e-03 -2.213312871754169464e-02 -1.394831947982311249e-02
-6.326665636152029037e-03 4.941801354289054871e-02 -6.065739318728446960e-03 -6.207458674907684326e-03 -6.989380810409784317e-03 -9.810582734644412994e-03 -9.606716223061084747e-03 -9.061150252819061279e-03 -8.480197750031948090e-03 -6.216685753315687180e-03
-9.896744042634963989e-03 -2.241440350189805031e-03 2.664681524038314819e-02 3.335377573966979980e-02 -1.192134991288185120e-02 -2.101266570389270782e-02 -1.780942454934120178e-02 -7.073829881846904755e-03 -2.449415624141693115e-02 -1.182780973613262177e-02
-1.384758949279785156e-02 -6.782585754990577698e-03 -1.835629343986511230e-02 4.108109045773744583e-03 1.847185194492340088e-02 8.785072714090347290e-03 -1.579672098159790039e-02 6.275670137256383896e-03 -2.999494783580303192e-02 2.068561129271984100e-02
-2.822960540652275085e-02 2.830791054293513298e-03 -1.940481178462505341e-02 2.506593987345695496e-02 -9.853743016719818115e-03 3.086147084832191467e-02 -1.409900002181529999e-02 -5.451725795865058899e-03 2.537013031542301178e-02 -2.384321764111518860e-02
1.037270482629537582e-02 -1.511189062148332596e-02 4.134531691670417786e-02 -8.649124763906002045e-03 -1.770544052124023438e-02 -6.890134420245885849e-03 -1.407690253108739853e-02 -1.300298422574996948e-02 -1.934142783284187317e-02 -3.915367182344198227e-03
-3.056767396628856659e-02 -3.341083414852619171e-03 2.252377755939960480e-02 -9.086408652365207672e-03 1.830223016440868378e-02 -1.429531350731849670e-02 1.017425395548343658e-02 -1.190834306180477142e-02 1.948548294603824615e-02 -2.060041576623916626e-02
2.082651108503341675e-02 -9.282981976866722107e-03 1.956856809556484222e-02 -1.071725226938724518e-02 -8.669005706906318665e-03 -2.075204811990261078e-02 -1.307521667331457138e-02 1.061880029737949371e-02 -1.864095032215118408e-02 -1.075337361544370651e-02
5.187305621802806854e-03 -8.872048929333686829e-03 -3.710263408720493317e-03 -1.489554997533559799e-02 1.285782083868980408e-02 1.504743285477161407e-02 8.936212398111820221e-03 -3.593165427446365356e-02 -1.606559194624423981e-02 2.458926290273666382e-02
-5.538290366530418396e-03 2.633910998702049255e-02 1.614716090261936188e-02 5.909469444304704666e-03 -1.095379423350095749e-02 -1.157894078642129898e-02 7.658812217414379120e-03 -2.086395025253295898e-02 1.684881048277020454e-03 -2.672719024121761322e-02
2.513696253299713135e-02 -1.962752640247344971e-02 -8.784883655607700348e-03 -2.516447752714157104e-02 7.945098914206027985e-03 -1.697511970996856689e-02 -3.167025046423077583e-03 1.556676719337701797e-02 -1.950581185519695282e-02 -3.055083565413951874e-03
1.614931039512157440e-02 5.214054603129625320e-03 -9.101337753236293793e-03 4.001983441412448883e-03 -1.722797006368637085e-02 -2.617989433929324150e-03 -1.892102882266044617e-02 1.298730913549661636e-02 -4.551799967885017395e-03 -6.361384876072406769e-03
-9.886183543130755424e-04 -8.419380523264408112e-03 2.438031369820237160e-03 -8.261952549219131470e-03 -4.272736143320798874e-03 -4.807122983038425446e-03 -4.330222494900226593e-03 -3.241751110181212425e-03 -6.006635259836912155e-03 -1.928555197082459927e-03
-7.836802862584590912e-03 -5.300301127135753632e-04 3.111134050413966179e-03 1.586134894751012325e-03 1.513357646763324738e-02 -1.655948720872402191e-02 4.139802418649196625e-03 -2.373042143881320953e-02 6.875657942146062851e-03 1.197957433760166168e-03
-5.954473817837424576e-05 1.583088561892509460e-02 1.359162153676152229e-03 -1.114523969590663910e-02 -3.524241736158728600e-03 -3.190835472196340561e-03 -2.017919532954692841e-02 4.707638174295425415e-03 7.361426018178462982e-03 -1.108177285641431808e-02
-4.900850821286439896e-03 -4.788828082382678986e-03 -4.042797954753041267e-04 -5.652121268212795258e-03 -5.529158748686313629e-03 -6.017742678523063660e-03 -5.916383583098649979e-03 -1.580992597155272961e-03 -5.696828011423349380e-03 -2.884746063500642776e-03
4.681151360273361206e-03 -4.854098893702030182e-03 -5.176980514079332352e-03 -2.273755148053169250e-03 -4.800836089998483658e-03 -6.063611246645450592e-03 3.749439958482980728e-03 1.210301299579441547e-03 -5.052470136433839798e-03 2.008039737120270729e-03
-5.680914968252182007e-03 -6.519448477774858475e-03 -2.830097451806068420e-03 1.885445904918015003e-03 9.998695459216833115e-04 -1.331573585048317909e-03 -1.445841416716575623e-02 1.741819432936608791e-03 -4.335217643529176712e-03 4.381886101327836514e-04
-3.636155975982546806e-03 -4.760433919727802277e-03 -4.230683203786611557e-03 -2.671472495421767235e-03 -6.469548214226961136e-03 -5.996401421725749969e-03 -6.283647846430540085e-03 -2.721559489145874977e-03 -6.327295210212469101e-03 -3.829146968200802803e-03
9.544643573462963104e-03 -1.570289209485054016e-02 -1.417906768620014191e-02 6.939846556633710861e-03 -2.385785570368170738e-03 -2.154192654415965080e-03 -2.200466766953468323e-02 -4.232757724821567535e-03 1.228188443928956985e-02 -5.020140670239925385e-04
6.999593228101730347e-03 -2.096636965870857239e-02 -8.368516340851783752e-03 -7.195348385721445084e-03 6.952150259166955948e-03 -2.219201251864433289e-02 3.142845258116722107e-02 -1.835960865719243884e-04 -3.151554614305496216e-02 6.610450800508260727e-03
1.076748687773942947e-02 1.303066685795783997e-02 -2.146913297474384308e-02 -2.653237432241439819e-02 -2.630057511851191521e-03 5.963586736470460892e-03 1.345787383615970612e-02 -1.860417053103446960e-02 -8.653221651911735535e-03 2.292654477059841156e-02
-3.237061202526092529e-03 4.540298832580447197e-04 2.819642890244722366e-03 -5.881770048290491104e-03 -2.882583066821098328e-02 3.926235251128673553e-03 -6.493662949651479721e-03 1.200377475470304489e-02 -1.266495790332555771e-03 1.339058973826467991e-03
-5.831502843648195267e-03 2.241982705891132355e-02 -1.869215164333581924e-03 -2.506321994587779045e-03 -9.476766572333872318e-04 -3.348643658682703972e-04 -4.413852002471685410e-03 -4.811384715139865875e-03 -2.127538318745791912e-04 -1.060038246214389801e-02
4.546945169568061829e-02 -5.069106817245483398e-03 5.463213194161653519e-03 -1.792453788220882416e-02 -1.128901168704032898e-02 -2.440744265913963318e-02 -1.553554669953882694e-03 -2.639092737808823586e-03 -1.658555492758750916e-02 -8.439281955361366272e-03
-1.730023068375885487e-03 -7.131701335310935974e-03 2.341384999454021454e-03 -4.225119948387145996e-03 1.596180605702102184e-03 -6.601505447179079056e-03 -5.479988642036914825e-03 -9.186467155814170837e-03 -3.559985896572470665e-03 -3.322892589494585991e-03
-6.751133478246629238e-04 -4.967463202774524689e-03 5.371844745241105556e-04 -9.143142029643058777e-03 1.107361822505481541e-04 -4.717600066214799881e-03 -3.357784298714250326e-04 -4.153480287641286850e-03 -6.430701352655887604e-03 3.728418669197708368e-04
-2.439362742006778717e-02 6.680114194750785828e-03 -2.396065369248390198e-02 2.393447048962116241e-02 -2.925813384354114532e-02 -3.110613487660884857e-02 -1.854117028415203094e-02 2.322338521480560303e-02 1.037558820098638535e-02 2.535578981041908264e-02
-1.624223589897155762e-02 7.353054359555244446e-03 -5.154567770659923553e-03 -7.371925748884677887e-04 -6.322188768535852432e-03 -9.405155666172504425e-03 1.749305240809917450e-02 3.106831107288599014e-03 -1.418402139097452164e-02 4.607663489878177643e-03
-2.043773978948593140e-02 -1.417586207389831543e-02 2.485450729727745056e-02 1.819196529686450958e-02 -5.537385120987892151e-03 -7.936069741845130920e-03 -2.378556877374649048e-02 -9.137657471001148224e-03 -2.492458559572696686e-03 1.029973011463880539e-02
-6.822046823799610138e-03 1.187368854880332947e-02 -4.949063062667846680e-03 -1.689779013395309448e-02 5.927457939833402634e-03 -4.041239153593778610e-03 -1.389753771945834160e-03 1.358122192323207855e-02 -1.366914622485637665e-02 1.247059321030974388e-03
3.397228196263313293e-02 -1.551385875791311264e-02 9.050867520272731781e-04 -4.864190239459276199e-03 -3.950991202145814896e-03 -2.120702527463436127e-02 -1.758822053670883179e-02 2.913602860644459724e-03 -8.537824265658855438e-03 -8.992652408778667450e-03
4.790113307535648346e-03 -3.492752788588404655e-03 -1.739500835537910461e-02 1.963059976696968079e-02 -2.019490581005811691e-03 2.098312228918075562e-02 -1.053374353796243668e-02 -2.298756968230009079e-03 -3.348917141556739807e-02 -1.065881177783012390e-02
-1.515876129269599915e-02 4.684748128056526184e-03 -8.128238841891288757e-03 1.938997209072113037e-02 -2.872065454721450806e-02 -3.040852025151252747e-02 2.860190905630588531e-02 -1.322730910032987595e-02 -2.798999100923538208e-02 3.595007583498954773e-02
-1.357502862811088562e-02 -2.991664921864867210e-03 -1.239664386957883835e-03 1.242103026015684009e-04 2.231989055871963501e-03 -8.956379315350204706e-05 -5.392616149038076401e-04 -1.277149748057126999e-02 5.251687020063400269e-03 4.560870584100484848e-03
-1.242758356966078281e-03 2.190961968153715134e-03 -8.082817308604717255e-03 -1.226716442033648491e-03 1.302855648100376129e-02 7.491763215512037277e-03 -1.678368449211120605e-02 -8.214096538722515106e-03 -4.797509172931313515e-04 6.287006195634603500e-03
1.988044707104563713e-03 -2.437261166051030159e-03 5.202718311920762062e-04 -2.201022114604711533e-03 -1.489297603257000446e-03 -3.573692520149052143e-04 2.809198806062340736e-03 -5.272284150123596191e-03 -2.404983970336616039e-04 -1.555876806378364563e-03
-5.209521390497684479e-03 5.111256614327430725e-02 -6.748354528099298477e-03 -6.951664108783006668e-03 -6.141841411590576172e-03 -8.264115080237388611e-03 -7.810118608176708221e-03 -1.175817567855119705e-02 -7.593979127705097198e-03 -7.259488571435213089e-03
-7.420653942972421646e-03 5.561336874961853027e-03 -3.943486139178276062e-03 -7.191718555986881256e-03 -5.670822691172361374e-03 -6.743219215422868729e-03 -4.821903537958860397e-03 2.428685314953327179e-02 -5.198800005018711090e-03 -7.401050068438053131e-03
-1.822891412302851677e-03 -1.391202560625970364e-03 8.515936206094920635e-04 1.229740330018103123e-03 -1.043246011249721050e-03 -2.431408269330859184e-03 1.789392554201185703e-04 -1.509364228695631027e-03 -1.787848537787795067e-03 1.034463639371097088e-03
-2.579753752797842026e-03 -6.223039701581001282e-03 -5.161393433809280396e-03 -3.602227661758661270e-03 -5.179205443710088730e-03 -4.754168447107076645e-03 -3.096300177276134491e-03 -7.298282347619533539e-03 -6.172125227749347687e-03 -2.545185852795839310e-03
-9.121022187173366547e-03 1.839209726313129067e-04 -1.027050893753767014e-02 1.019422058016061783e-02 -1.315939472988247871e-03 8.136246469803154469e-04 -1.045168377459049225e-02 7.761406246572732925e-03 -1.572771184146404266e-02 4.377369303256273270e-03
-3.353056497871875763e-03 1.859596115536987782e-03 -2.251387108117341995e-03 -2.070371410809457302e-04 -7.896648603491485119e-04 -9.851582581177353859e-04 2.978776581585407257e-03 -5.977263790555298328e-04 -2.110324334353208542e-03 9.511736570857465267e-04
-3.119739936664700508e-03 -6.547605735249817371e-04 1.309223938733339310e-03 4.658994264900684357e-03 -3.428747178986668587e-03 -2.424697158858180046e-03 -1.281778910197317600e-03 3.825991880148649216e-04 -5.041051190346479416e-04 -2.561229281127452850e-03
4.697114229202270508e-03 4.760367330163717270e-03 -5.334362853318452835e-03 -1.410226151347160339e-02 2.431189408525824547e-03 5.962105933576822281e-03 1.100964751094579697e-02 -1.208356861025094986e-02 -9.392419829964637756e-03 -9.273194009438157082e-04
-1.329950895160436630e-02 1.267845073016360402e-04 -8.174020797014236450e-03 6.940932013094425201e-03 -1.345321908593177795e-02 -9.063644334673881531e-03 -8.092219009995460510e-03 2.632345631718635559e-02 4.896582569926977158e-03 -1.291883457452058792e-02
-2.741596847772598267e-02 3.193980781361460686e-03 1.621929369866847992e-02 -1.365766208618879318e-02 1.350452541373670101e-03 1.271641533821821213e-02 -2.289097383618354797e-02 4.528271500021219254e-03 1.465257816016674042e-02 -1.047073397785425186e-03
-1.019720174372196198e-02 2.233765088021755219e-02 -1.506062690168619156e-03 2.204094547778367996e-03 -2.990303328260779381e-03 -1.213665353134274483e-03 -6.993116810917854309e-03 -4.410137888044118881e-03 -3.062979318201541901e-03 -6.659728009253740311e-03
-8.649220690131187439e-03 -2.714131260290741920e-03 -9.835614822804927826e-03 -1.228321250528097153e-02 5.427049100399017334e-02 -1.211147382855415344e-02 -3.992776910308748484e-04 2.291648276150226593e-02 -1.949180476367473602e-02 -4.785657301545143127e-02
-1.357552874833345413e-02 -5.861946847289800644e-03 -3.212827490642666817e-03 -1.426822273060679436e-03 -2.186847152188420296e-03 1.668487326242029667e-03 5.952410356258042157e-05 -4.243602044880390167e-03 -1.770492875948548317e-03 -2.864412264898419380e-03
1.929061254486441612e-04 -7.459328509867191315e-03 -1.642073853872716427e-03 3.594745416194200516e-03 7.606710307300090790e-03 3.453418612480163574e-03 2.180445473641157150e-03 -2.043419331312179565e-02 -1.432207878679037094e-02 1.040882524102926254e-02
6.649902090430259705e-03 2.690195292234420776e-02 -1.568068005144596100e-02 -1.589896529912948608e-02 5.680614616721868515e-03 -9.665717370808124542e-04 1.568125747144222260e-02 -1.256841700524091721e-02 -1.619486510753631592e-02 -2.476362045854330063e-03
-1.381464302539825439e-02 -4.276965744793415070e-03 1.058154739439487457e-02 6.104995496571063995e-03 -1.585734076797962189e-02 1.720944046974182129e-02 -4.249895922839641571e-03 -1.954309176653623581e-03 -2.332123368978500366e-02 5.819194018840789795e-03
-4.166502505540847778e-03 3.888055682182312012e-02 -7.139826193451881409e-03 -1.629429124295711517e-02 1.759892562404274940e-03 -3.620927454903721809e-03 -1.091916952282190323e-02 3.423041664063930511e-03 -3.448878414928913116e-03 -9.204581379890441895e-03
-1.248934492468833923e-02 -1.747070578858256340e-03 -7.045223377645015717e-03 8.108260110020637512e-03 8.111969509627670050e-05 5.907954648137092590e-03 -6.689737085253000259e-03 -8.435895433649420738e-04 -3.753280034288764000e-03 8.919205516576766968e-03
2.171296955566504039e-06 -4.754366818815469742e-03 -1.087929401546716690e-02 -9.007083252072334290e-03 -1.973639987409114838e-02 -1.673838309943675995e-02 2.472433261573314667e-02 9.264865890145301819e-03 -1.022945716977119446e-02 4.809531383216381073e-03
1.061503961682319641e-02 -2.931410446763038635e-02 5.751284305006265640e-03 6.403214763849973679e-03 -7.810420356690883636e-03 6.642471998929977417e-03 2.295551821589469910e-03 2.904525725170969963e-03 3.724851645529270172e-03 -3.971942141652107239e-02
-1.551733165979385376e-02 -3.715752391144633293e-03 -7.572567556053400040e-03 5.453777848742902279e-04 -7.092495448887348175e-03 -1.324213691987097263e-03 -9.546550922095775604e-03 9.977258741855621338e-03 3.067003563046455383e-02 -7.296796888113021851e-03
-6.218299269676208496e-03 1.676104590296745300e-02 -4.225761629641056061e-03 -1.256649196147918701e-02 7.615206763148307800e-03 -9.031550725921988487e-04 -7.892423309385776520e-03 1.016838010400533676e-02 -5.909289233386516571e-03 -5.366167053580284119e-03
-1.380263827741146088e-02 3.934826236218214035e-03 -1.042323932051658630e-02 -1.567697152495384216e-03 1.049377024173736572e-02 -1.097434759140014648e-02 -4.230916500091552734e-03 3.897211514413356781e-03 -1.987990736961364746e-02 1.469270233064889908e-02
-7.134032435715198517e-03 -4.051628056913614273e-03 1.287838909775018692e-03 -4.158807452768087387e-03 -2.117238473147153854e-03 -3.811782924458384514e-03 -1.144385430961847305e-02 -7.570018060505390167e-04 -2.453681547194719315e-03 -9.186235838569700718e-04
1.073026563972234726e-02 -3.895317437127232552e-03 3.962142858654260635e-03 -9.077643975615501404e-03 -8.892778307199478149e-03 1.709937932901084423e-03 -1.168329152278602123e-03 2.614213852211833000e-03 -1.014066394418478012e-02 -5.119894631206989288e-03
8.868698962032794952e-03 -8.253689855337142944e-03 -1.694332575425505638e-03 -2.330614440143108368e-02 3.322335658594965935e-03 8.618230000138282776e-03 6.777151487767696381e-03 -2.406808361411094666e-02 1.048343721777200699e-02 1.243213098496198654e-02
-6.486202590167522430e-03 4.512000456452369690e-02 -2.963218605145812035e-03 -6.825466174632310867e-03 -8.717858232557773590e-03 -1.338614244014024734e-02 -1.154059451073408127e-02 -1.505447551608085632e-03 -7.557997480034828186e-03 -6.351536139845848083e-03
7.580426521599292755e-03 -7.671901956200599670e-03 7.559139281511306763e-03 7.195118814706802368e-03 -4.371622204780578613e-02 -4.734842106699943542e-03 4.411767236888408661e-03 -4.866703879088163376e-03 8.722705766558647156e-03 5.706629250198602676e-03
-1.112979184836149216e-02 4.055532626807689667e-03 1.020088791847229004e-03 1.721933251246809959e-03 -7.503688335418701172e-03 -2.418386982753872871e-03 -9.473289363086223602e-03 -3.854298964142799377e-03 -2.154019894078373909e-03 -5.583291873335838318e-03
-1.836051233112812042e-02 -6.617310922592878342e-03 1.699710823595523834e-02 -3.506708145141601562e-02 1.686674542725086212e-02 -1.918714493513107300e-02 1.543514337390661240e-02 -3.921515867114067078e-02 3.614844009280204773e-02 5.540119018405675888e-03
-2.171959914267063141e-02 4.308842588216066360e-03 -1.408580457791686058e-03 2.252738736569881439e-02 -2.466407790780067444e-02 -1.487794704735279083e-02 -1.330959890037775040e-02 3.608792647719383240e-02 -6.941315717995166779e-03 -2.442432567477226257e-02
1.483612600713968277e-02 -1.106254174374043941e-03 -1.081889495253562927e-02 -2.945759147405624390e-02 -1.644441671669483185e-02 3.918107971549034119e-02 2.688152343034744263e-02 -1.635774224996566772e-02 -1.873446814715862274e-02 -1.059453096240758896e-02
-5.835810210555791855e-03 -1.811861526221036911e-03 4.079285543411970139e-03 -8.018256165087223053e-03 1.112296959036029875e-04 -8.794230408966541290e-03 -9.784848429262638092e-03 3.073855070397257805e-03 -3.298209747299551964e-03 -6.761815748177468777e-04
-4.330327734351158142e-03 -3.493864322081208229e-03 -2.482440089806914330e-03 -5.586186423897743225e-03 -4.942600615322589874e-03 -6.696065422147512436e-03 1.172419404610991478e-03 -3.322410397231578827e-03 -9.283680468797683716e-03 -2.224813448265194893e-03
-7.106917444616556168e-03 -2.978669246658682823e-03 6.913849618285894394e-03 -1.006576325744390488e-02 8.751716231927275658e-04 -3.848288906738162041e-03 2.256747102364897728e-03 -3.414356382563710213e-03 -6.206115940585732460e-04 4.506381519604474306e-04
-9.144138544797897339e-03 -4.953575320541858673e-03 -5.613674293272197247e-04 4.229682381264865398e-04 -2.994389971718192101e-03 -1.780663966201245785e-03 -8.589504286646842957e-03 -1.146230730228126049e-03 -3.606023034080862999e-03 -2.889303024858236313e-03
2.257540822029113770e-02 -8.674776181578636169e-03 -2.775593660771846771e-02 3.610224276781082153e-02 -1.018593087792396545e-02 2.742004208266735077e-02 -2.405949681997299194e-02 -6.657201331108808517e-03 -3.306826949119567871e-02 -1.586730964481830597e-02
-7.224801462143659592e-03 -7.536514021921902895e-05 -1.487704692408442497e-03 -6.574407452717423439e-04 -4.059519618749618530e-03 -2.162083284929394722e-03 -2.852225952665321529e-05 6.598585285246372223e-03 2.215591724961996078e-03 -1.597798196598887444e-03
1.741806976497173309e-02 -1.664579845964908600e-02 -4.653998464345932007e-02 1.181746018119156361e-03 -4.262507334351539612e-02 1.742709800601005554e-02 -5.471729673445224762e-03 5.690530408173799515e-03 1.889203302562236786e-02 2.253811992704868317e-02
1.377467811107635498e-02 -2.975137671455740929e-03 -1.543482486158609390e-02 -1.782650314271450043e-02 -1.341823767870664597e-02 3.204890526831150055e-03 5.153118632733821869e-03 -9.325391612946987152e-03 1.677314285188913345e-04 1.741011440753936768e-02
-2.630750415846705437e-03 -1.051285769790410995e-03 -1.112053869292140007e-04 -1.038008369505405426e-03 -5.942508578300476074e-03 -4.647490568459033966e-03 -2.641821047291159630e-03 7.257355377078056335e-03 -2.724157413467764854e-03 1.161048858193680644e-04
2.322151558473706245e-03 -6.692567374557256699e-03 -5.529440939426422119e-03 -8.054028265178203583e-03 -5.863872356712818146e-03 -4.120181780308485031e-03 8.712145499885082245e-03 7.467871182598173618e-04 -2.743829973042011261e-03 -8.415717631578445435e-03
-1.979521475732326508e-02 -1.932461373507976532e-02 4.420769959688186646e-02 -1.755999587476253510e-02 -4.477964248508214951e-03 -1.074150856584310532e-02 -2.060214802622795105e-02 2.753870002925395966e-02 -1.488886307924985886e-02 -8.771768771111965179e-03
4.104632418602705002e-03 2.153665293008089066e-03 -1.704900874756276608e-03 4.057249752804636955e-04 -9.163883514702320099e-03 4.513186402618885040e-03 2.616091258823871613e-02 -1.726842671632766724e-02 -1.427380554378032684e-02 -1.741143874824047089e-02
-1.331116352230310440e-02 -1.172782573848962784e-02 1.452144607901573181e-02 4.336594417691230774e-02 -1.708664558827877045e-02 -2.426607161760330200e-02 -1.055035926401615143e-02 -7.037493865936994553e-03 -4.711419343948364258e-03 -9.942005388438701630e-03
-4.471282474696636200e-03 5.707272794097661972e-04 -2.031365642324090004e-03 -3.334590233862400055e-03 -5.931388121098279953e-03 -2.494421321898698807e-03 -1.060353964567184448e-02 -2.617057878524065018e-03 -5.664811003953218460e-03 -3.907976672053337097e-03
1.669007178861647844e-04 3.778886748477816582e-04 1.417231652885675430e-02 -7.208391092717647552e-03 -1.953659811988472939e-03 -4.133061971515417099e-03 -4.286002367734909058e-03 -4.193907137960195541e-03 -7.812495343387126923e-03 1.817078562453389168e-03
-1.668228954076766968e-02 1.925236545503139496e-02 -1.144674513489007950e-02 -1.214116066694259644e-02 -8.474874310195446014e-03 -1.432534586638212204e-02 -1.015596743673086166e-02 3.770712763071060181e-02 -2.121920883655548096e-02 1.258888863958418369e-03
5.054948851466178894e-03 -1.625366695225238800e-02 -3.052282892167568207e-02 6.574694067239761353e-03 1.819710060954093933e-02 -3.790517512243241072e-04 -3.804198279976844788e-02 1.133101806044578552e-02 2.041197568178176880e-02 7.216031197458505630e-03
8.522204123437404633e-03 -1.936416327953338623e-02 2.123061334714293480e-03 3.564274869859218597e-03 -2.437079139053821564e-02 -2.375903166830539703e-02 -2.844064310193061829e-02 -5.666806828230619431e-03 2.212182059884071350e-02 3.008148632943630219e-02
2.418215759098529816e-02 2.452568383887410164e-03 2.947051450610160828e-02 2.417086064815521240e-02 -3.110449528321623802e-03 -3.730156272649765015e-02 -2.845915220677852631e-02 -7.687759120017290115e-03 -3.948876634240150452e-02 -1.749054156243801117e-02
-1.583324774401262403e-04 1.181510649621486664e-02 9.050332941114902496e-03 1.704455004073679447e-03 2.218383597210049629e-04 -9.680532850325107574e-03 -2.136384602636098862e-03 -1.300893630832433701e-02 2.999240532517433167e-03 -1.974825188517570496e-02
5.158273503184318542e-03 -3.174605546519160271e-03 -7.013950031250715256e-03 9.695352055132389069e-03 -5.010419525206089020e-03 -2.514365594834089279e-03 -6.896256934851408005e-03 -2.519698813557624817e-03 -8.562627248466014862e-03 4.853175953030586243e-03
6.074158009141683578e-03 -7.603113539516925812e-03 -1.226656953804194927e-03 -2.420760225504636765e-03 4.572005011141300201e-03 1.515598036348819733e-03 4.865589551627635956e-03 -3.654011338949203491e-02 4.583519417792558670e-03 1.156445592641830444e-02
8.996065706014633179e-03 5.196226295083761215e-03 2.107904106378555298e-02 -4.745388403534889221e-02 -1.169489882886409760e-02 -2.161088772118091583e-02 5.909345578402280807e-03 -1.603906229138374329e-02 2.418904937803745270e-02 1.262942887842655182e-02
5.089186131954193115e-03 1.979288645088672638e-02 -2.230788394808769226e-02 2.376063913106918335e-02 -1.459951885044574738e-02 2.828337624669075012e-02 -2.469830028712749481e-02 1.748817972838878632e-03 -3.360995650291442871e-02 -1.727516762912273407e-02
-8.587341755628585815e-03 -8.896404324332252145e-05 1.904270960949361324e-03 -9.101464413106441498e-03 7.250917144119739532e-03 -3.015086986124515533e-03 -8.544170297682285309e-03 2.433345420286059380e-03 1.952980295754969120e-03 3.393447259441018105e-03
3.636645153164863586e-02 -5.260349716991186142e-03 2.434338815510272980e-02 7.664149161428213120e-03 -2.326297014951705933e-02 -2.644909359514713287e-02 -1.401477586477994919e-02 -1.597223244607448578e-02 -2.478982321918010712e-02 -1.425532344728708267e-02
-3.343983087688684464e-03 4.228428006172180176e-02 -5.149129312485456467e-03 -7.829998619854450226e-03 -4.511286038905382156e-03 -2.853642217814922333e-03 -5.600542295724153519e-03 -1.129969768226146698e-02 -6.166581995785236359e-03 -7.544489111751317978e-03
-5.769179668277502060e-03 -5.455358419567346573e-03 -2.024444751441478729e-03 -5.465805996209383011e-03 -9.975442662835121155e-04 -4.961318802088499069e-03 -1.220104517415165901e-03 -5.876663490198552608e-04 -9.203135035932064056e-03 -5.947765894234180450e-03
-1.277400832623243332e-02 -1.534532196819782257e-02 9.061284363269805908e-03 2.595530636608600616e-02 -2.263287641108036041e-02 -2.678642049431800842e-02 3.141994401812553406e-02 9.063052013516426086e-03 -2.941838465631008148e-02 -1.684817858040332794e-02
-1.024330686777830124e-02 -8.054565638303756714e-03 2.103653363883495331e-02 -1.134772878140211105e-02 -7.345065008848905563e-03 -9.965041652321815491e-03 -1.247732806950807571e-02 2.142728539183735847e-03 2.766732499003410339e-02 -2.937826560810208321e-03
-3.308630362153053284e-02 -6.536517757922410965e-03 -1.473458670079708099e-02 4.782081115990877151e-03 8.160341531038284302e-03 1.330190245062112808e-02 3.181660082191228867e-03 2.261894056573510170e-03 4.943232983350753784e-03 5.872222245670855045e-04
-1.693203672766685486e-02 -8.341797627508640289e-03 -7.694165688008069992e-03 6.556687876582145691e-04 -1.341428840532898903e-03 6.424752529710531235e-03 -6.257319822907447815e-03 1.484171021729707718e-02 2.247689478099346161e-02 -1.132273208349943161e-02
1.591774821281433105e-02 -2.195362001657485962e-02 5.305074620991945267e-03 1.201924216002225876e-02 -2.348186075687408447e-02 -1.436585374176502228e-02 4.345880821347236633e-03 -1.992431282997131348e-02 2.459025941789150238e-02 -1.807595975697040558e-02
-2.766965189948678017e-03 -1.729468349367380142e-03 -1.935290056280791759e-04 -1.141681219451129436e-03 -4.233996383845806122e-03 -5.527542904019355774e-03 -4.391105379909276962e-03 -8.362177759408950806e-03 -8.258530870079994202e-03 -5.061086732894182205e-03
-2.423881785944104195e-03 2.607628703117370605e-03 -1.480426173657178879e-03 -4.051283001899719238e-03 -2.538332249969244003e-03 -3.305988153442740440e-03 3.707084339112043381e-03 -5.078641697764396667e-03 -7.278731558471918106e-03 -2.208555117249488831e-03
-2.294725552201271057e-02 2.322340756654739380e-02 -1.870055869221687317e-02 1.204532478004693985e-02 -1.675714738667011261e-02 -5.244205240160226822e-03 4.078290238976478577e-02 -1.105283387005329132e-02 -2.198585867881774902e-02 -3.445618494879454374e-04
-1.076656673103570938e-02 -9.932483546435832977e-03 1.829622872173786163e-02 1.809385232627391815e-02 1.179761532694101334e-02 -1.228483486920595169e-02 -1.976785063743591309e-02 -1.180909108370542526e-03 -2.788815647363662720e-02 1.838660798966884613e-03
2.110536297550424933e-04 -1.921316236257553101e-02 4.138910677284002304e-03 6.425723899155855179e-03 6.240372546017169952e-03 -8.950119838118553162e-03 3.073856700211763382e-03 -3.183029964566230774e-02 5.011981818825006485e-03 9.270736947655677795e-03
-2.245348878204822540e-03 -6.856479216367006302e-03 -9.693416766822338104e-03 -4.345280583947896957e-03 1.020439714193344116e-02 2.475140849128365517e-03 -1.715330965816974640e-02 2.654207404702901840e-03 2.529264893382787704e-03 5.673049017786979675e-03
-1.883058995008468628e-02 -4.347985610365867615e-03 9.402057155966758728e-03 -1.854791678488254547e-02 7.253937888890504837e-03 -1.100270822644233704e-02 3.958180081099271774e-03 1.148642855696380138e-03 4.160127136856317520e-03 5.876285489648580551e-03
-6.248083896934986115e-03 4.303987324237823486e-02 -7.703036535531282425e-03 -8.419006131589412689e-03 -5.139879416674375534e-03 -9.232253767549991608e-03 -1.192312128841876984e-02 -3.177904000040143728e-04 -4.966183565557003021e-03 -5.834477953612804413e-03
-1.457774545997381210e-02 7.105165626853704453e-03 2.722864155657589436e-04 -1.833294518291950226e-02 -2.930203918367624283e-03 3.457098454236984253e-02 -1.338989846408367157e-02 -8.744168095290660858e-03 2.732497826218605042e-02 -1.179532520473003387e-02
-6.045138463377952576e-03 5.446993932127952576e-02 -6.887294352054595947e-03 -6.220472976565361023e-03 -8.134210482239723206e-03 -1.031301543116569519e-02 -1.046879868954420090e-02 -9.790495038032531738e-03 -9.909942746162414551e-03 -7.004898041486740112e-03
-1.147914025932550430e-02 -4.054516088217496872e-03 1.994247920811176300e-02 -2.722299844026565552e-02 8.291983976960182190e-03 -7.537126075476408005e-03 1.338712219148874283e-02 -4.217246547341346741e-02 2.350990101695060730e-02 1.937475427985191345e-02
8.413273608312010765e-04 2.094498602673411369e-03 -1.825270242989063263e-02 -2.816214691847562790e-03 4.396884236484766006e-03 1.489804312586784363e-02 -2.152079343795776367e-02 -1.244857790879905224e-03 5.930707789957523346e-03 -2.244448056444525719e-03
-6.090770009905099869e-03 -7.650354411453008652e-03 1.504278159700334072e-03 -4.252083133906126022e-03 1.184666901826858521e-02 -2.907938091084361076e-03 -1.049175625666975975e-03 -7.189384661614894867e-03 -1.024346705526113510e-02 -6.946865934878587723e-03
-1.456434652209281921e-02 -3.171810414642095566e-03 -6.820998620241880417e-03 2.059824531897902489e-03 -1.754302717745304108e-02 -1.236288435757160187e-02 -8.658565580844879150e-03 4.566533118486404419e-02 -1.433240436017513275e-02 -1.023695524781942368e-02
-4.747363738715648651e-03 3.669091034680604935e-03 3.887371858581900597e-03 -2.110308408737182617e-02 -3.090117359533905983e-03 -1.987074734643101692e-03 -3.245232626795768738e-03 2.995576243847608566e-03 -1.890694373287260532e-03 -2.047721529379487038e-03
-4.291357006877660751e-03 5.323888617567718029e-04 1.167454198002815247e-02 -8.635481819510459900e-03 7.828054949641227722e-03 -2.054677344858646393e-02 5.735699669457972050e-04 1.050789281725883484e-02 -2.488553896546363831e-02 -4.186405334621667862e-03
4.086204338818788528e-03 -7.126044481992721558e-03 -2.016317658126354218e-02 7.687305565923452377e-03 5.857474636286497116e-03 7.350274827331304550e-03 -8.748597610974684358e-05 -1.612683758139610291e-02 1.605141907930374146e-02 -8.544608019292354584e-03
4.339633975178003311e-03 -1.076703611761331558e-02 -3.045592457056045532e-02 3.182239457964897156e-02 -3.675395995378494263e-02 -1.204586867243051529e-02 -2.608698233962059021e-02 1.548207178711891174e-02 2.060729265213012695e-02 2.678906312212347984e-03
1.779743656516075134e-02 -1.757771894335746765e-02 2.138695120811462402e-02 1.714225113391876221e-02 -3.320195153355598450e-02 3.862889716401696205e-03 9.871041402220726013e-03 -1.841670460999011993e-02 -1.160137727856636047e-02 -3.372764214873313904e-02
-1.441666577011346817e-02 -1.094723865389823914e-02 1.882568001747131348e-02 2.848665602505207062e-02 -1.465755421668291092e-02 -2.859255112707614899e-02 -1.068799477070569992e-02 -8.666480891406536102e-03 2.695630118250846863e-02 -1.430586818605661392e-02
2.569821663200855255e-02 -8.420995436608791351e-03 -1.895577646791934967e-02 4.275942221283912659e-03 -1.739555597305297852e-02 -1.433239877223968506e-02 3.035027533769607544e-02 4.762420430779457092e-03 -1.871524006128311157e-02 -1.901257969439029694e-02
-3.208654001355171204e-03 7.714679464697837830e-03 -6.523788906633853912e-04 -1.013667136430740356e-02 4.065752495080232620e-03 -1.389202009886503220e-02 -3.822679165750741959e-03 8.821224793791770935e-03 -5.452702287584543228e-03 -3.004347672685980797e-03
-4.086608532816171646e-03 -6.101948209106922150e-03 -2.908064285293221474e-03 -2.430096268653869629e-03 -7.552114315330982208e-03 -4.038306418806314468e-03 -9.358617826364934444e-04 -3.448060713708400726e-03 -7.991296239197254181e-03 -3.147831419482827187e-03
-8.772376924753189087e-03 -1.117941085249185562e-02 -1.117138098925352097e-02 -1.009119022637605667e-02 1.223996654152870178e-02 -1.095627201721072197e-03 1.234062761068344116e-02 6.499816081486642361e-04 -7.960780523717403412e-03 -2.716954797506332397e-03
-2.345889341086149216e-03 -1.078400388360023499e-02 3.249676525592803955e-02 -6.666018161922693253e-03 -2.564198337495326996e-02 -1.300946157425642014e-02 3.286300599575042725e-02 -9.906150400638580322e-03 -2.696394175291061401e-02 -1.461344677954912186e-02
3.024981357157230377e-03 -8.458161610178649426e-04 -2.491328632459044456e-03 2.338871825486421585e-03 -3.201419953256845474e-03 -4.043531662318855524e-04 -2.558874664828181267e-03 -2.744096331298351288e-03 6.797518581151962280e-04 -3.151143668219447136e-03
2.127809450030326843e-02 2.004504576325416565e-02 -1.290874555706977844e-02 -2.142814733088016510e-02 -1.424717064946889877e-02 -1.341163832694292068e-02 -1.146449614316225052e-02 -7.996170781552791595e-03 3.639395907521247864e-02 -1.218478102236986160e-02
-3.808367997407913208e-03 -1.417273189872503281e-03 5.450277123600244522e-03 -4.996581468731164932e-03 -4.095018841326236725e-03 -7.133998442441225052e-04 2.662101760506629944e-04 7.991479360498487949e-04 -1.698593987384811044e-04 -4.802678595297038555e-04
-5.420736502856016159e-03 5.659623444080352783e-02 -6.657899357378482819e-03 -6.909914780408143997e-03 -8.087522350251674652e-03 -1.117572281509637833e-02 -1.010107249021530151e-02 -1.160682458430528641e-02 -1.014041621237993240e-02 -6.567015312612056732e-03
2.705206861719489098e-03 3.525072243064641953e-03 -1.312486454844474792e-02 -1.495475880801677704e-02 -1.322683785110712051e-02 3.777724876999855042e-02 4.991054069250822067e-03 -1.351744867861270905e-02 -6.662216503173112869e-03 -6.643882952630519867e-03
1.835479401051998138e-02 -1.471448782831430435e-02 -4.172681272029876709e-02 1.888612844049930573e-02 2.037238515913486481e-02 1.187815051525831223e-02 -1.665213331580162048e-02 -5.152318999171257019e-02 2.098501287400722504e-02 2.245524711906909943e-02
-1.035123784095048904e-02 -1.056158915162086487e-02 -2.155462279915809631e-02 -1.304892729967832565e-02 3.516820073127746582e-02 -1.764193177223205566e-02 -1.313346344977617264e-02 7.556201424449682236e-03 -3.036166355013847351e-02 3.253478929400444031e-02
-2.168657444417476654e-02 -9.282210841774940491e-03 -1.321907807141542435e-02 2.728245593607425690e-02 9.704096009954810143e-04 1.978015899658203125e-02 -1.535786129534244537e-02 -8.798559196293354034e-03 -2.836155472323298454e-03 1.558669493533670902e-03
-7.303657475858926773e-03 -2.632763935253024101e-03 3.711614059284329414e-03 -5.738059058785438538e-03 1.668500364758074284e-03 -2.734550274908542633e-03 4.786557110492140055e-04 -6.893606856465339661e-03 5.340367555618286133e-03 1.643411815166473389e-03
-1.913594827055931091e-02 8.516321890056133270e-03 4.067912232130765915e-03 1.239426806569099426e-02 -9.030609391629695892e-03 -1.608030684292316437e-02 1.405980251729488373e-02 -1.743720471858978271e-02 -1.372251100838184357e-02 1.814485527575016022e-02
1.091909594833850861e-02 -1.004646159708499908e-02 7.767050527036190033e-03 -1.321342773735523224e-02 2.627143403515219688e-03 2.639253216329962015e-04 -8.506921585649251938e-04 -3.853849833831191063e-03 -6.554820109158754349e-03 -1.428279187530279160e-02
-1.560919824987649918e-02 2.548774937167763710e-03 5.958741530776023865e-03 -7.833223789930343628e-03 -1.174424402415752411e-02 -1.118175499141216278e-02 -3.500544000416994095e-03 2.099486812949180603e-02 1.271692663431167603e-02 -1.330644637346267700e-02
3.255893662571907043e-02 -1.436000876128673553e-02 -9.256424382328987122e-03 -1.809676177799701691e-02 -3.673076257109642029e-02 -1.251855492591857910e-02 -2.169822342693805695e-02 2.087987028062343597e-02 -1.480348687618970871e-02 2.958980202674865723e-02
-1.115864515304565430e-02 1.522128470242023468e-03 -7.124991388991475105e-04 -9.319212404079735279e-04 -8.921437896788120270e-03 -2.540806075558066368e-03 -7.732364349067211151e-03 3.171313786879181862e-03 -2.454042434692382812e-03 -3.919433336704969406e-03
1.164405327290296555e-02 1.179931592196226120e-02 -4.071553051471710205e-02 9.376924484968185425e-03 -1.491939276456832886e-02 2.552189305424690247e-02 2.297222800552845001e-02 -1.810641400516033173e-02 -2.651555929332971573e-03 -2.153146639466285706e-02
-9.512200951576232910e-03 -9.587579988874495029e-04 -2.505277749150991440e-03 -2.088526263833045959e-03 -8.403873071074485779e-03 -2.917702542617917061e-03 -6.278024986386299133e-03 7.376297144219279289e-04 -2.522157970815896988e-03 -5.584630649536848068e-03
-1.365834660828113556e-02 4.850425757467746735e-03 -8.851761929690837860e-03 8.985579945147037506e-03 -1.412597298622131348e-02 -1.379392202943563461e-02 3.415985032916069031e-02 -7.396632805466651917e-03 -1.417255960404872894e-02 1.008235500194132328e-03
-1.188460085541009903e-02 1.268541347235441208e-02 -9.802393615245819092e-03 -1.015537045896053314e-02 9.239263454219326377e-05 -1.375176478177309036e-02 -9.205133654177188873e-03 2.625509537756443024e-02 -1.699124649167060852e-02 9.374677203595638275e-03
-3.286992898210883141e-03 4.591842647641897202e-03 4.793316125869750977e-03 7.068688981235027313e-03 -5.105272401124238968e-03 -3.218457568436861038e-03 2.938306890428066254e-03 -7.724026218056678772e-03 -6.955713499337434769e-03 -6.920717656612396240e-03
-2.419162355363368988e-02 -1.612105034291744232e-02 -2.554246224462985992e-02 3.047338686883449554e-02 6.415936630219221115e-03 3.539672121405601501e-02 -1.475462131202220917e-02 -1.440828293561935425e-02 -3.339095413684844971e-02 2.170501649379730225e-02
-7.944496348500251770e-03 -5.134238395839929581e-03 -3.547800704836845398e-03 -1.080443803220987320e-02 2.869336120784282684e-02 -1.734628714621067047e-02 -6.483187898993492126e-03 1.157711539417505264e-02 -2.080836147069931030e-02 -4.769261460751295090e-03
-8.182290941476821899e-03 3.374411026015877724e-03 -3.445786889642477036e-03 -1.270566717721521854e-03 9.244889952242374420e-04 1.940577407367527485e-03 4.646101035177707672e-03 -5.714112892746925354e-03 -2.127307932823896408e-03 -1.975520979613065720e-03
-6.729050073772668839e-03 5.425395444035530090e-03 2.558175241574645042e-03 -1.272931601852178574e-02 -3.395793493837118149e-03 3.330774139612913132e-03 -7.220518309623003006e-03 -1.078344299457967281e-03 6.721485871821641922e-03 -2.284571528434753418e-03
8.199973031878471375e-03 -1.239315420389175415e-02 -2.737294649705290794e-03 6.428110878914594650e-03 -2.000413835048675537e-02 -2.702146954834461212e-02 -1.124500762671232224e-02 -1.564807631075382233e-02 2.636596187949180603e-02 2.722695842385292053e-02
-7.358028087764978409e-03 1.491578482091426849e-02 3.813732042908668518e-02 -1.305608823895454407e-02 -5.705330055207014084e-03 -4.683276638388633728e-03 -1.985434675589203835e-03 -1.231291238218545914e-02 -1.884162239730358124e-02 -1.013395283371210098e-02
-7.705943426117300987e-04 -3.289356362074613571e-03 3.127553733065724373e-03 -6.155093200504779816e-03 -9.464180096983909607e-03 -7.119613699615001678e-03 -2.204834250733256340e-03 -2.469611354172229767e-03 -7.551488932222127914e-03 -2.629747614264488220e-03
-2.050395589321851730e-03 8.916915394365787506e-03 -1.481159939430654049e-03 -3.127202391624450684e-03 -2.053122967481613159e-03 4.171695560216903687e-03 -3.809519344940781593e-03 -1.267334818840026855e-02 -1.016057468950748444e-02 -7.602370344102382660e-03
-1.505441498011350632e-03 -7.979873567819595337e-03 -9.498783387243747711e-03 2.821779577061533928e-03 -1.516039716079831123e-03 -2.266253577545285225e-03 -1.826533814892172813e-03 -1.371137797832489014e-02 6.098746089264750481e-04 4.498613998293876648e-03
-3.039842005819082260e-03 1.291393861174583435e-02 -8.159993216395378113e-03 -8.054921403527259827e-03 -3.448052098974585533e-03 -6.219558883458375931e-03 1.930243917740881443e-03 1.131369359791278839e-02 -5.319050047546625137e-03 -6.746513303369283676e-03
1.113266684114933014e-03 -4.465425387024879456e-03 -5.046343896538019180e-03 -5.855489056557416916e-03 -3.614797256886959076e-03 -2.710693050175905228e-03 -6.153080030344426632e-04 -9.125975891947746277e-03 -7.536557968705892563e-03 1.554784947074949741e-03
-1.479667983949184418e-02 -1.369081437587738037e-03 3.053975850343704224e-02 1.205315161496400833e-02 -1.395861152559518814e-03 -1.312653068453073502e-02 -2.098203077912330627e-02 -6.081862840801477432e-03 -7.462788373231887817e-03 -2.060509985312819481e-03
-4.342590924352407455e-03 -6.688059307634830475e-03 -6.109749432653188705e-03 4.816591273993253708e-03 -1.926290453411638737e-03 4.408010747283697128e-03 -2.693141577765345573e-03 -2.463349141180515289e-03 -6.912413518875837326e-03 7.666243473067879677e-04
4.511023685336112976e-02 -1.191209815442562103e-02 -6.090098526328802109e-03 -1.360629964619874954e-02 -2.364352159202098846e-02 -1.221764180809259415e-02 -1.831290125846862793e-02 4.209779202938079834e-02 -2.040167897939682007e-02 -3.319986164569854736e-02
-1.198987103998661041e-02 3.294635564088821411e-02 1.495887245982885361e-02 8.697531186044216156e-03 -1.436813082545995712e-02 -1.681989058852195740e-02 -9.114493615925312042e-03 -1.446061860769987106e-02 2.797844354063272476e-03 -1.614852808415889740e-02
6.374207325279712677e-03 1.717309787636622787e-04 -5.056866910308599472e-03 -4.751905798912048340e-03 -1.617210172116756439e-02 4.966626409441232681e-03 5.943025927990674973e-03 6.560739129781723022e-04 -3.361081471666693687e-03 -5.218771751970052719e-03
-9.866890497505664825e-03 1.648558862507343292e-02 -8.494097739458084106e-03 -1.238673832267522812e-02 1.893232576549053192e-02 -6.722514051944017410e-03 -7.367196958512067795e-03 2.171892672777175903e-02 -1.505384035408496857e-02 -1.281646639108657837e-02
-1.247519161552190781e-02 -4.660905338823795319e-03 -1.373241282999515533e-02 3.945850767195224762e-03 -1.726625300943851471e-02 -2.347274310886859894e-02 -1.149173919111490250e-02 2.731407806277275085e-02 2.000722847878932953e-02 -2.680086297914385796e-03
4.508487472776323557e-05 6.653919816017150879e-03 4.802077542990446091e-03 -1.000352296978235245e-02 6.211054977029561996e-03 1.434702519327402115e-02 -2.133143320679664612e-02 -9.019008837640285492e-03 7.029685191810131073e-03 -1.326435804367065430e-02
3.115806262940168381e-03 -5.652337800711393356e-03 4.235522821545600891e-03 1.624491414986550808e-03 -1.163778826594352722e-03 -2.143825986422598362e-04 -8.781585842370986938e-03 -6.106044631451368332e-03 -1.224684063345193863e-02 -9.388266131281852722e-03
-5.618161521852016449e-03 4.533881694078445435e-02 2.064470667392015457e-03 -7.472028490155935287e-03 -8.880731649696826935e-03 -1.124346721917390823e-02 -5.114882718771696091e-03 -1.259716041386127472e-02 -6.405473221093416214e-03 -8.802500553429126740e-03
3.866896731778979301e-03 -1.035206718370318413e-03 3.736502025276422501e-03 1.111778989434242249e-02 -1.797924377024173737e-02 -2.410019002854824066e-02 -4.089653957635164261e-03 -2.976209216285496950e-04 -2.554168365895748138e-02 1.615422032773494720e-02
-5.125758238136768341e-03 3.565541235730051994e-03 -9.626353275962173939e-04 3.173088189214468002e-03 -8.071160409599542618e-04 -3.249693196266889572e-03 2.910836832597851753e-03 -2.482256386429071426e-03 -4.134402610361576080e-03 1.774710952304303646e-03
-2.182406745851039886e-02 2.526741102337837219e-02 3.815590636804699898e-03 3.854974359273910522e-02 -1.136418245732784271e-02 -8.109624497592449188e-03 -1.863575354218482971e-02 -7.229125127196311951e-03 -2.394213899970054626e-02 -7.868479005992412567e-03
-2.097766613587737083e-03 2.233210485428571701e-03 -2.989901229739189148e-03 -7.315495051443576813e-03 1.893571764230728149e-02 1.209453446790575981e-03 -3.340100636705756187e-03 8.173758164048194885e-03 -1.118599530309438705e-02 -1.626627519726753235e-02
-1.526187360286712646e-02 -4.764837212860584259e-04 -2.051400579512119293e-02 -7.302925921976566315e-03 -1.168978866189718246e-02 -7.865031249821186066e-03 5.923110246658325195e-02 -6.427873391658067703e-03 -8.088725619018077850e-03 -7.419225759804248810e-03
-5.613084416836500168e-03 1.435343001503497362e-04 3.525323700159788132e-03 -1.328361779451370239e-02 -3.882936667650938034e-03 -9.794166311621665955e-03 4.079862032085657120e-03 -1.943096402101218700e-03 -7.924419827759265900e-03 2.388663124293088913e-03
-2.741506788879632950e-03 6.186625687405467033e-04 -1.542982412502169609e-03 -1.878079376183450222e-03 -9.408937767148017883e-04 1.265039318241178989e-03 -1.963837537914514542e-03 9.606351377442479134e-04 2.778400434181094170e-03 9.879229037323966622e-05
-1.022470649331808090e-02 -3.090698970481753349e-03 -8.476312272250652313e-03 -2.156995004042983055e-03 4.920446872711181641e-02 -1.542853470891714096e-02 1.931631937623023987e-03 -4.574651538860052824e-04 -2.292184904217720032e-02 -2.295896038413047791e-02
-2.719376469030976295e-03 1.684575923718512058e-03 -1.384450355544686317e-03 -3.523326595313847065e-04 -3.532035509124398232e-03 -3.227344481274485588e-03 3.276385832577943802e-03 1.119429594837129116e-03 -3.090909449383616447e-03 8.520516566932201385e-04
-4.119777586311101913e-03 -5.748588126152753830e-03 1.454697176814079285e-02 -4.767304752022027969e-03 -1.013442967087030411e-02 -5.160694476217031479e-03 -4.345111083239316940e-03 7.780641317367553711e-04 -4.218768328428268433e-03 -4.776088055223226547e-03
-9.330264292657375336e-04 -2.475749002769589424e-03 -5.974077153950929642e-03 3.312536980956792831e-03 -2.253324259072542191e-03 -9.810629300773143768e-03 -7.892887806519865990e-04 -9.295469149947166443e-03 7.641883101314306259e-03 2.329885493963956833e-03
-1.815374381840229034e-02 -2.802718430757522583e-03 -9.692644700407981873e-03 8.628902025520801544e-03 -1.153761637397110462e-03 1.049138512462377548e-02 1.742111053317785263e-03 8.300181478261947632e-03 -1.736521348357200623e-02 2.175970934331417084e-03
-1.745593547821044922e-02 3.709081793203949928e-03 -2.118088677525520325e-02 -2.502776682376861572e-03 -1.924310997128486633e-02 -5.384310614317655563e-03 6.181719899177551270e-02 -7.580718491226434708e-03 -1.006097439676523209e-02 -1.010903716087341309e-02
1.688523031771183014e-02 1.147705595940351486e-03 8.116799406707286835e-03 8.174874819815158844e-03 -1.397478207945823669e-02 -1.670251041650772095e-02 -1.481595076620578766e-02 1.023816037923097610e-02 -2.201246283948421478e-02 -1.711237616837024689e-02
-5.923360586166381836e-03 -8.673531934618949890e-03 -4.891164135187864304e-03 8.431339520029723644e-04 -1.509956549853086472e-03 -1.412244513630867004e-03 -2.945097396150231361e-03 -1.748561044223606586e-03 -8.931059390306472778e-03 9.654802852310240269e-05
2.370117232203483582e-03 4.268424119800329208e-03 -1.850268221460282803e-03 -5.511971190571784973e-03 -3.528658766299486160e-03 -2.897225786000490189e-03 -6.272745784372091293e-03 -4.994912073016166687e-03 5.430432036519050598e-03 -1.234806142747402191e-02
-3.728259354829788208e-03 -2.210512990131974220e-03 -5.221465136855840683e-03 -3.139782696962356567e-03 -3.644451964646577835e-03 -5.548385903239250183e-03 -1.180232968181371689e-02 -8.742110803723335266e-04 -3.926638979464769363e-03 -1.747019588947296143e-03
7.239121943712234497e-03 -5.989255383610725403e-03 2.240212261676788330e-02 -1.441150717437267303e-02 -1.506718527525663376e-02 -1.598753407597541809e-02 -1.069537643343210220e-02 2.870355546474456787e-02 -2.081302553415298462e-02 -1.541692391037940979e-02
1.094208564609289169e-02 3.822191618382930756e-03 -3.233450278639793396e-02 -2.824962325394153595e-02 -2.047719620168209076e-02 2.823733352124691010e-02 2.878664433956146240e-02 6.746295839548110962e-03 -1.142283342778682709e-02 -7.812533527612686157e-03
9.185224189423024654e-04 -2.762352302670478821e-02 8.961884304881095886e-03 8.431132882833480835e-03 -3.785982262343168259e-03 -1.151872333139181137e-02 -1.831875555217266083e-02 1.031731162220239639e-02 -1.263176370412111282e-02 -4.161767195910215378e-03
-1.194416638463735580e-02 -1.032322086393833160e-02 -1.078297477215528488e-02 -2.443722682073712349e-03 3.115969523787498474e-02 -1.476486865431070328e-02 -1.399752032011747360e-02 -7.547320798039436340e-03 -2.133004181087017059e-02 3.200003877282142639e-02
-1.586799696087837219e-02 -9.336353279650211334e-03 -1.492390967905521393e-02 -1.156853139400482178e-02 2.171438187360763550e-02 -1.838182099163532257e-02 -1.575186103582382202e-02 1.255410350859165192e-02 -2.615232206881046295e-02 3.616774454712867737e-02
-2.895603701472282410e-02 5.416692234575748444e-03 -1.355946343392133713e-02 2.509610913693904877e-02 -4.320584703236818314e-03 3.494541347026824951e-02 -1.929903030395507812e-02 -1.190617028623819351e-02 2.906537614762783051e-02 -2.270134352147579193e-02
-1.356273307465016842e-03 -1.703302492387592793e-03 -4.216713830828666687e-03 1.733378856442868710e-03 -1.386419869959354401e-03 -9.130288381129503250e-04 -5.574072711169719696e-03 2.209558151662349701e-03 8.657332509756088257e-04 -3.169014962622895837e-05
-1.340404711663722992e-02 7.224883418530225754e-03 1.318008638918399811e-03 -7.394774816930294037e-03 -1.142374705523252487e-02 -1.124891568906605244e-03 2.948439447209239006e-03 2.321632765233516693e-02 -7.586674299091100693e-03 -1.577587425708770752e-02
