2.569938898086547852e-01
6.251890063285827637e-01
1.480849981307983398e-01
1.127621829509735107e-01
1.514375954866409302e-01
3.197236955165863037e-01
2.116520255804061890e-01
-9.403112530708312988e-02
2.020971477031707764e-01
2.297804802656173706e-01
1.229231655597686768e-01
-4.019923135638237000e-02
1.533022969961166382e-01
4.813129603862762451e-01
4.091540575027465820e-01
3.656130731105804443e-01
4.417391121387481689e-02
1.759425699710845947e-01
3.665145039558410645e-01
1.077606081962585449e-01
-4.928744398057460785e-03
2.336370646953582764e-01
1.988295912742614746e-01
5.393370389938354492e-01
5.431306958198547363e-01
