-9.969085454940795898e-02
-1.000368222594261169e-01
-9.948054701089859009e-02
-9.965296089649200439e-02
-9.960051625967025757e-02
-9.957368671894073486e-02
-9.933878481388092041e-02
-1.011828780174255371e-01
-1.001698970794677734e-01
-9.986136853694915771e-02
-9.978922456502914429e-02
-9.962420910596847534e-02
-9.954888373613357544e-02
-9.941592812538146973e-02
-9.987036138772964478e-02
-9.934689104557037354e-02
-9.959593415260314941e-02
-1.010882630944252014e-01
-1.000952646136283875e-01
-9.996765106916427612e-02
-1.002826616168022156e-01
-9.998673945665359497e-02
-9.965475648641586304e-02
-9.938161075115203857e-02
-1.001888141036033630e-01
-9.970884770154953003e-02
-9.977779537439346313e-02
-9.988916665315628052e-02
-9.783673286437988281e-02
-1.002693399786949158e-01
-9.966100007295608521e-02
-9.887905418872833252e-02
-9.960944205522537231e-02
-1.005463451147079468e-01
-9.801159799098968506e-02
-9.494055807590484619e-02
-9.628950804471969604e-02
-9.390202909708023071e-02
-9.063950926065444946e-02
-9.149745106697082520e-02
-9.383725374937057495e-02
-9.492908418178558350e-02
-9.543712437152862549e-02
-9.584627300500869751e-02
-9.349904954433441162e-02
-9.429351240396499634e-02
-9.532116353511810303e-02
-9.678530693054199219e-02
-9.816938638687133789e-02
-9.856300055980682373e-02
-9.813560545444488525e-02
-9.847637265920639038e-02
-9.925651550292968750e-02
-9.995000064373016357e-02
-9.956821054220199585e-02
-9.951908886432647705e-02
-9.936326742172241211e-02
-9.974833577871322632e-02
-9.991071373224258423e-02
-9.915670752525329590e-02
-9.799484908580780029e-02
-9.960053861141204834e-02
-9.465713798999786377e-02
-8.521936833858489990e-02
-8.232276141643524170e-02
-7.640507072210311890e-02
-7.349728047847747803e-02
-8.519533276557922363e-02
-1.010136976838111877e-01
-1.161402985453605652e-01
-1.249674409627914429e-01
-1.214873120188713074e-01
-1.167802512645721436e-01
-1.159795820713043213e-01
-1.144944652915000916e-01
-1.128434315323829651e-01
-1.022959798574447632e-01
-9.500598907470703125e-02
-9.419076144695281982e-02
-9.311269223690032959e-02
-9.696861356496810913e-02
-9.904162585735321045e-02
-9.947393089532852173e-02
-1.003102883696556091e-01
-9.856725484132766724e-02
-9.987130761146545410e-02
-1.001919582486152649e-01
-9.909918904304504395e-02
-9.821412712335586548e-02
-9.317884594202041626e-02
-8.440521359443664551e-02
-7.281566411256790161e-02
-6.534764170646667480e-02
-6.043104454874992371e-02
-6.452092528343200684e-02
-7.594422996044158936e-02
-1.016985327005386353e-01
-1.291501075029373169e-01
-1.305238455533981323e-01
-1.205140575766563416e-01
-1.162417382001876831e-01
-1.176560074090957642e-01
-1.217947006225585938e-01
-1.192404702305793762e-01
-1.125010773539543152e-01
-1.046824082732200623e-01
-9.437783062458038330e-02
-8.965585380792617798e-02
-9.128921478986740112e-02
-9.645574539899826050e-02
-9.868578612804412842e-02
-1.000618040561676025e-01
-1.001426503062248230e-01
-9.985222667455673218e-02
-9.876103699207305908e-02
-9.761183708906173706e-02
-9.256870299577713013e-02
-8.933392167091369629e-02
-8.183192461729049683e-02
-6.780618429183959961e-02
-5.900433287024497986e-02
-4.522220790386199951e-02
-4.680401459336280823e-02
-6.116150692105293274e-02
-9.323413670063018799e-02
-1.122298613190650940e-01
-1.135337576270103455e-01
-1.171907186508178711e-01
-1.295635998249053955e-01
-1.430038511753082275e-01
-1.526943892240524292e-01
-1.508298069238662720e-01
-1.296867728233337402e-01
-1.082158163189888000e-01
-9.697821736335754395e-02
-8.866164088249206543e-02
-8.562751859426498413e-02
-8.874710649251937866e-02
-9.722878783941268921e-02
-9.984831511974334717e-02
-9.984544664621353149e-02
-9.969915449619293213e-02
-9.962834417819976807e-02
-9.657388925552368164e-02
-8.932463824748992920e-02
-8.673711121082305908e-02
-7.561195641756057739e-02
-6.098701432347297668e-02
-5.019395798444747925e-02
-4.080904275178909302e-02
-5.410855636000633240e-02
-8.582952618598937988e-02
-1.199698224663734436e-01
-1.370717734098434448e-01
-1.396935880184173584e-01
-1.419371366500854492e-01
-1.551688462495803833e-01
-1.591671705245971680e-01
-1.544613689184188843e-01
-1.401503980159759521e-01
-1.119462996721267700e-01
-9.697651118040084839e-02
-1.016567274928092957e-01
-1.128007397055625916e-01
-1.040840074419975281e-01
-9.300976991653442383e-02
-9.224873036146163940e-02
-9.939835965633392334e-02
-9.941907972097396851e-02
-9.953892230987548828e-02
-9.726351499557495117e-02
-9.166090935468673706e-02
-8.963210135698318481e-02
-8.064942061901092529e-02
-6.867463886737823486e-02
-6.394212692975997925e-02
-6.029075011610984802e-02
-6.667821109294891357e-02
-8.760774135589599609e-02
-1.168295145034790039e-01
-1.364066451787948608e-01
-1.475066840648651123e-01
-1.669546365737915039e-01
-1.718109995126724243e-01
-1.582782268524169922e-01
-1.338675022125244141e-01
-1.119874417781829834e-01
-9.236176311969757080e-02
-6.918557733297348022e-02
-6.671474874019622803e-02
-8.880583941936492920e-02
-1.149805039167404175e-01
-1.142042279243469238e-01
-9.447766095399856567e-02
-8.883351087570190430e-02
-9.628957509994506836e-02
-1.005188673734664917e-01
-9.871970117092132568e-02
-9.154938161373138428e-02
-8.819729089736938477e-02
-8.195217698812484741e-02
-6.792905926704406738e-02
-5.500295758247375488e-02
-5.469142645597457886e-02
-5.635908246040344238e-02
-6.621725112199783325e-02
-8.854107558727264404e-02
-1.073395982384681702e-01
-1.117836236953735352e-01
-1.280257105827331543e-01
-1.580516397953033447e-01
-1.512969881296157837e-01
-1.134485155344009399e-01
-7.540156692266464233e-02
-4.955559968948364258e-02
-2.503156103193759918e-02
-1.177354250103235245e-02
-2.656495384871959686e-02
-6.773649156093597412e-02
-1.044240742921829224e-01
-1.040522381663322449e-01
-8.722987025976181030e-02
-8.242515474557876587e-02
-9.701790660619735718e-02
-1.014807894825935364e-01
-9.220097213983535767e-02
-8.775735646486282349e-02
-8.347567915916442871e-02
-7.146662473678588867e-02
-5.000769719481468201e-02
-3.842329606413841248e-02
-3.934637829661369324e-02
-3.891271352767944336e-02
-5.744504928588867188e-02
-8.985951542854309082e-02
-1.033495441079139709e-01
-1.111276522278785706e-01
-1.343691945075988770e-01
-1.442213505506515503e-01
-1.224730908870697021e-01
-6.756789982318878174e-02
-2.787270769476890564e-02
2.652332186698913574e-03
2.900060825049877167e-02
3.527304902672767639e-02
4.914470948278903961e-03
-4.300726205110549927e-02
-8.527406305074691772e-02
-8.894571661949157715e-02
-7.983001321554183960e-02
-7.995805889368057251e-02
-9.696496278047561646e-02
-1.003076508641242981e-01
-9.279355406761169434e-02
-8.722579479217529297e-02
-7.739916443824768066e-02
-5.794294178485870361e-02
-3.936602175235748291e-02
-2.213968150317668915e-02
-2.138861082494258881e-02
-3.795888647437095642e-02
-6.033390387892723083e-02
-9.953258186578750610e-02
-1.087008714675903320e-01
-1.256961375474929810e-01
-1.273021996021270752e-01
-1.001537814736366272e-01
-5.329733341932296753e-02
-1.574058784171938896e-03
1.910983026027679443e-02
3.822137042880058289e-02
5.673884972929954529e-02
5.492398887872695923e-02
2.816009894013404846e-02
-2.370979078114032745e-02
-6.257220357656478882e-02
-7.248723506927490234e-02
-7.581394165754318237e-02
-8.109797537326812744e-02
-9.654890000820159912e-02
-1.003116369247436523e-01
-9.390164911746978760e-02
-8.700078725814819336e-02
-7.654555141925811768e-02
-5.773832648992538452e-02
-3.589212894439697266e-02
-1.092725247144699097e-02
-1.473133452236652374e-02
-3.092809952795505524e-02
-6.721236556768417358e-02
-8.998242020606994629e-02
-1.072156131267547607e-01
-1.047393158078193665e-01
-8.478813618421554565e-02
-5.809228122234344482e-02
-1.862282864749431610e-03
2.607636526226997375e-02
2.087434381246566772e-02
3.206609189510345459e-02
4.034162685275077820e-02
3.995399177074432373e-02
2.176609635353088379e-02
-1.801035739481449127e-02
-5.193053558468818665e-02
-6.724014878273010254e-02
-7.357698678970336914e-02
-8.282837271690368652e-02
-9.666476398706436157e-02
-9.984990209341049194e-02
-9.496975690126419067e-02
-9.219589084386825562e-02
-7.796235382556915283e-02
-5.353074148297309875e-02
-2.706999517977237701e-02
-1.418143417686223984e-02
-5.037503782659769058e-03
-3.427091613411903381e-02
-4.453631490468978882e-02
-7.344743609428405762e-02
-8.297380059957504272e-02
-6.769181787967681885e-02
-6.265334039926528931e-02
-3.481671214103698730e-02
1.288568042218685150e-02
1.159199513494968414e-02
-5.835942458361387253e-03
-4.701052326709032059e-03
3.944500349462032318e-03
9.756549261510372162e-03
1.899030059576034546e-03
-9.444313123822212219e-03
-4.113085195422172546e-02
-5.764251202344894409e-02
-7.516042888164520264e-02
-8.827883005142211914e-02
-9.863794595003128052e-02
-9.792549908161163330e-02
-9.589059650897979736e-02
-9.309565275907516479e-02
-8.075665682554244995e-02
-5.198009312152862549e-02
-1.371757779270410538e-02
-3.135930048301815987e-03
-1.532275229692459106e-02
-1.374003197997808456e-02
-2.807309664785861969e-02
-5.671966820955276489e-02
-5.322709307074546814e-02
-5.240911990404129028e-02
-5.495676398277282715e-02
-2.174696326255798340e-02
-2.852860605344176292e-03
-2.140072174370288849e-02
-4.027477651834487915e-02
-3.433587029576301575e-02
-2.083875611424446106e-02
-1.681726984679698944e-02
-4.697741474956274033e-03
-1.379716303199529648e-02
-2.243528887629508972e-02
-5.097559466958045959e-02
-7.457177340984344482e-02
-9.204765409231185913e-02
-9.879542142152786255e-02
-1.000855863094329834e-01
-9.815503656864166260e-02
-9.284106642007827759e-02
-7.863548398017883301e-02
-4.739668592810630798e-02
-2.223675884306430817e-02
5.704063922166824341e-03
-1.174360979348421097e-02
1.054104068316519260e-03
-2.262410148978233337e-02
-4.341390728950500488e-02
-4.370722547173500061e-02
-4.404953494668006897e-02
-3.612793609499931335e-02
-2.523589879274368286e-02
-3.559201210737228394e-02
-5.560147389769554138e-02
-6.353114545345306396e-02
-4.239070415496826172e-02
-3.039593994617462158e-02
-2.701466158032417297e-02
-1.918991096317768097e-02
-1.187476608902215958e-02
-1.911585219204425812e-02
-3.354860469698905945e-02
-7.156498730182647705e-02
-9.148599207401275635e-02
-9.827965497970581055e-02
-1.006609648466110229e-01
-9.885842353105545044e-02
-9.559607505798339844e-02
-7.522664219141006470e-02
-4.662640392780303955e-02
-1.357223372906446457e-02
8.678548038005828857e-03
2.551699243485927582e-02
1.164221763610839844e-02
-1.523871533572673798e-02
-3.009117394685745239e-02
-2.665239945054054260e-02
-1.605996675789356232e-02
-1.623214222490787506e-02
-3.429035469889640808e-02
-5.825676396489143372e-02
-6.835349649190902710e-02
-6.492558866739273071e-02
-4.611252620816230774e-02
-2.980891056358814240e-02
-2.251132391393184662e-02
-1.123447436839342117e-02
-1.075953990221023560e-02
-1.607600226998329163e-02
-2.727049216628074646e-02
-6.767939031124114990e-02
-9.288895875215530396e-02
-9.981977939605712891e-02
-1.001888066530227661e-01
-9.919757395982742310e-02
-9.625844657421112061e-02
-7.413173466920852661e-02
-4.695732519030570984e-02
-3.676145104691386223e-03
2.610607631504535675e-02
3.430358693003654480e-02
6.748893298208713531e-03
-2.269139327108860016e-02
-2.838801778852939606e-02
-1.582362689077854156e-02
-1.169582828879356384e-02
-3.505040332674980164e-02
-6.464997678995132446e-02
-7.653328031301498413e-02
-7.204496860504150391e-02
-6.368727236986160278e-02
-4.007827490568161011e-02
-2.489170804619789124e-02
-1.633722521364688873e-02
-6.787261925637722015e-03
-5.365752149373292923e-03
-1.212112884968519211e-02
-3.269720822572708130e-02
-7.043360918760299683e-02
-9.109492599964141846e-02
-9.796252846717834473e-02
-1.006499379873275757e-01
-1.004770398139953613e-01
-9.428922832012176514e-02
-7.724139839410781860e-02
-5.981780216097831726e-02
-1.047822297550737858e-04
3.846419230103492737e-02
3.501001372933387756e-02
-5.924765951931476593e-03
-3.551457822322845459e-02
-3.770947083830833435e-02
-3.201311454176902771e-02
-4.084486886858940125e-02
-7.545710355043411255e-02
-9.839390963315963745e-02
-9.169567376375198364e-02
-7.447298616170883179e-02
-6.480106711387634277e-02
-4.209680482745170593e-02
-2.530270256102085114e-02
-1.429846137762069702e-02
-4.098923411220312119e-03
-9.578695520758628845e-03
-2.436177805066108704e-02
-3.839807584881782532e-02
-8.115617185831069946e-02
-9.308633208274841309e-02
-9.893513470888137817e-02
-1.003216132521629333e-01
-9.919409453868865967e-02
-9.335612505674362183e-02
-8.964690566062927246e-02
-7.894398272037506104e-02
-1.501939166337251663e-02
2.757633291184902191e-02
1.629602350294589996e-02
-2.039822004735469818e-02
-4.858465865254402161e-02
-4.967496916651725769e-02
-5.419263616204261780e-02
-7.311614602804183960e-02
-1.001866906881332397e-01
-1.170180886983871460e-01
-9.574900567531585693e-02
-7.731244713068008423e-02
-6.813586503267288208e-02
-4.632014781236648560e-02
-2.616618759930133820e-02
-8.569605648517608643e-03
2.506637829355895519e-04
-1.015136484056711197e-02
-2.225205488502979279e-02
-5.009352788329124451e-02
-9.257272630929946899e-02
-9.508750587701797485e-02
-9.772035479545593262e-02
-9.922639280557632446e-02
-1.007695943117141724e-01
-9.522005170583724976e-02
-9.893339872360229492e-02
-9.584461897611618042e-02
-4.420445486903190613e-02
-8.844933472573757172e-03
-1.312538888305425644e-02
-3.572838008403778076e-02
-4.372654110193252563e-02
-4.650929197669029236e-02
-5.138193815946578979e-02
-7.018017023801803589e-02
-8.872257918119430542e-02
-9.567154943943023682e-02
-8.150029927492141724e-02
-7.375420629978179932e-02
-5.986582487821578979e-02
-3.225821256637573242e-02
-9.578682482242584229e-03
7.499156519770622253e-03
1.574907079339027405e-02
3.662376431748270988e-03
-2.170305885374546051e-02
-6.608009338378906250e-02
-9.702239930629730225e-02
-9.379463642835617065e-02
-9.856605529785156250e-02
-9.925653040409088135e-02
-9.922621399164199829e-02
-9.850483387708663940e-02
-1.086308360099792480e-01
-9.942030161619186401e-02
-6.770326197147369385e-02
-4.183330386877059937e-02
-3.902619704604148865e-02
-3.451743721961975098e-02
-3.050342760980129242e-02
-2.342405356466770172e-02
-2.040950767695903778e-02
-1.866581477224826813e-02
-3.000538796186447144e-02
-5.021028593182563782e-02
-5.582898855209350586e-02
-4.792193695902824402e-02
-2.943390607833862305e-02
-3.394976258277893066e-03
1.733424142003059387e-02
3.120764531195163727e-02
3.290926292538642883e-02
5.572678986936807632e-03
-3.971690312027931213e-02
-8.142223954200744629e-02
-9.964221715927124023e-02
-9.446385502815246582e-02
-9.924709051847457886e-02
-9.967250376939773560e-02
-9.766480326652526855e-02
-9.839767962694168091e-02
-1.126476302742958069e-01
-9.767297655344009399e-02
-7.585483044385910034e-02
-5.551487952470779419e-02
-5.134689435362815857e-02
-4.170700535178184509e-02
-2.129576727747917175e-02
4.121660254895687103e-03
3.021858260035514832e-02
4.286394268274307251e-02
1.767585799098014832e-02
-1.189682539552450180e-02
-2.466140873730182648e-02
-1.738272234797477722e-02
1.767887501046061516e-03
2.341405116021633148e-02
3.170474246144294739e-02
3.851683065295219421e-02
2.528769895434379578e-02
-1.271830312907695770e-02
-5.591341108083724976e-02
-9.030735492706298828e-02
-9.764698892831802368e-02
-9.399639070034027100e-02
-9.964907169342041016e-02
-9.971287101507186890e-02
-9.784211218357086182e-02
-9.659707546234130859e-02
-1.092688813805580139e-01
-1.039525046944618225e-01
-8.443654328584671021e-02
-6.578802317380905151e-02
-5.751855671405792236e-02
-5.380376428365707397e-02
-2.430236339569091797e-02
1.509512495249509811e-02
4.537460952997207642e-02
5.331385880708694458e-02
2.777967788279056549e-02
-6.383864092640578747e-05
-1.968674734234809875e-02
-1.557907089591026306e-02
7.238801103085279465e-03
1.633471995592117310e-02
5.786839872598648071e-03
8.626416092738509178e-04
-1.445753592997789383e-02
-4.026858136057853699e-02
-7.105006277561187744e-02
-9.128452092409133911e-02
-9.271018207073211670e-02
-9.787014871835708618e-02
-1.011729761958122253e-01
-9.982058405876159668e-02
-1.004310175776481628e-01
-9.565741568803787231e-02
-1.042414680123329163e-01
-1.088438034057617188e-01
-1.000190079212188721e-01
-9.196475893259048462e-02
-9.094150364398956299e-02
-9.492715448141098022e-02
-7.987515628337860107e-02
-4.236632958054542542e-02
-1.209919154644012451e-02
-8.978884667158126831e-03
-2.028687112033367157e-02
-3.852467983961105347e-02
-4.752308130264282227e-02
-3.841892629861831665e-02
-2.067760378122329712e-02
-2.802037633955478668e-02
-4.536418616771697998e-02
-5.349231511354446411e-02
-5.654990673065185547e-02
-6.998614966869354248e-02
-8.221472799777984619e-02
-8.965681493282318115e-02
-9.313619881868362427e-02
-9.888157993555068970e-02
-1.003535091876983643e-01
-9.987377375364303589e-02
-9.965641051530838013e-02
-9.750382602214813232e-02
-9.728375077247619629e-02
-1.069898530840873718e-01
-1.144595891237258911e-01
-1.246009320020675659e-01
-1.387175023555755615e-01
-1.620601415634155273e-01
-1.683985292911529541e-01
-1.509011834859848022e-01
-1.304631233215332031e-01
-1.145419329404830933e-01
-9.808087348937988281e-02
-8.822783082723617554e-02
-8.288079500198364258e-02
-8.294609934091567993e-02
-6.907095015048980713e-02
-6.432387977838516235e-02
-7.468207180500030518e-02
-8.560670167207717896e-02
-8.713151514530181885e-02
-8.301189541816711426e-02
-8.324132859706878662e-02
-8.581563085317611694e-02
-9.403103590011596680e-02
-1.006358638405799866e-01
-9.917998313903808594e-02
-1.002591475844383240e-01
-9.949915111064910889e-02
-9.880068898200988770e-02
-9.612638503313064575e-02
-9.749409556388854980e-02
-1.111178472638130188e-01
-1.339165121316909790e-01
-1.560497879981994629e-01
-1.802409291267395020e-01
-1.902427822351455688e-01
-1.855083405971527100e-01
-1.759406030178070068e-01
-1.708027422428131104e-01
-1.510619074106216431e-01
-1.260610222816467285e-01
-1.159733682870864868e-01
-9.808205068111419678e-02
-8.434564620256423950e-02
-7.527567446231842041e-02
-8.073798567056655884e-02
-8.252826333045959473e-02
-7.969204336404800415e-02
-7.729306817054748535e-02
-8.036252856254577637e-02
-8.943025022745132446e-02
-9.792566299438476562e-02
-9.865550696849822998e-02
-9.967192262411117554e-02
-9.913231432437896729e-02
-9.932730346918106079e-02
-9.893735498189926147e-02
-9.753340482711791992e-02
-9.232721477746963501e-02
-9.365312010049819946e-02
-1.067891269922256470e-01
-1.194977089762687683e-01
-1.390670090913772583e-01
-1.518430411815643311e-01
-1.558414846658706665e-01
-1.618831306695938110e-01
-1.587888896465301514e-01
-1.534731835126876831e-01
-1.362254917621612549e-01
-1.277028322219848633e-01
-1.134837269783020020e-01
-9.772663563489913940e-02
-9.054659307003021240e-02
-8.436387777328491211e-02
-8.224100619554519653e-02
-8.397763967514038086e-02
-8.396572619676589966e-02
-8.878047764301300049e-02
-9.667167812585830688e-02
-9.936302900314331055e-02
-9.893973171710968018e-02
-9.997360408306121826e-02
-9.996026009321212769e-02
-9.988328069448471069e-02
-1.001603305339813232e-01
-9.942325949668884277e-02
-9.630092978477478027e-02
-8.984891325235366821e-02
-8.906969428062438965e-02
-9.112654626369476318e-02
-9.496466815471649170e-02
-1.014493554830551147e-01
-1.129840686917304993e-01
-1.198703423142433167e-01
-1.250535994768142700e-01
-1.220528408885002136e-01
-1.161796525120735168e-01
-1.112895607948303223e-01
-1.053673997521400452e-01
-1.032079979777336121e-01
-9.444288164377212524e-02
-8.473445475101470947e-02
-8.018070459365844727e-02
-8.674092590808868408e-02
-9.209127724170684814e-02
-9.761022031307220459e-02
-1.001861840486526489e-01
-9.980314224958419800e-02
-1.004357635974884033e-01
-9.955167025327682495e-02
-9.990788251161575317e-02
-9.884872287511825562e-02
-9.994962811470031738e-02
-1.007957831025123596e-01
-9.915387630462646484e-02
-9.841561317443847656e-02
-9.770575910806655884e-02
-9.273829311132431030e-02
-9.202237427234649658e-02
-9.180083870887756348e-02
-8.885893225669860840e-02
-9.094846248626708984e-02
-9.236206114292144775e-02
-9.284763038158416748e-02
-9.461893886327743530e-02
-9.547286480665206909e-02
-9.468472748994827271e-02
-9.316327422857284546e-02
-9.129380434751510620e-02
-9.277700632810592651e-02
-9.439130872488021851e-02
-9.821536391973495483e-02
-9.794435650110244751e-02
-9.947117418050765991e-02
-1.000436395406723022e-01
-1.001444831490516663e-01
-9.988180547952651978e-02
-9.997309744358062744e-02
