-3.113634884357452393e-01
-3.054543733596801758e-01
-3.109089434146881104e-01
-3.113634586334228516e-01
-3.127270936965942383e-01
-3.154543936252593994e-01
-3.049998283386230469e-01
-3.081816434860229492e-01
-3.127271234989166260e-01
-3.059089183807373047e-01
-3.113634586334228516e-01
-3.127270936965942383e-01
-3.097752630710601807e-01
-3.100711405277252197e-01
-3.105238974094390869e-01
-3.099837899208068848e-01
-3.122725784778594971e-01
-3.154543936252593994e-01
-3.081816732883453369e-01
-3.140907287597656250e-01
-3.077270984649658203e-01
-3.109089136123657227e-01
-3.049998283386230469e-01
-3.118180036544799805e-01
-3.127271234989166260e-01
-3.077271282672882080e-01
-3.095452785491943359e-01
-3.140907585620880127e-01
-3.095452785491943359e-01
-3.109089136123657227e-01
-3.140907585620880127e-01
-3.077271282672882080e-01
-3.181531429290771484e-01
-3.126290738582611084e-01
-3.114311993122100830e-01
-3.146273195743560791e-01
-3.046807646751403809e-01
-3.045203089714050293e-01
-2.991389930248260498e-01
-3.019499480724334717e-01
-2.991104125976562500e-01
-3.036629557609558105e-01
-3.041050136089324951e-01
-3.002851605415344238e-01
-3.010249137878417969e-01
-3.050675690174102783e-01
-3.073047101497650146e-01
-3.121941089630126953e-01
-3.065327405929565430e-01
-3.095791935920715332e-01
-3.105382025241851807e-01
-3.105310201644897461e-01
-3.072725832462310791e-01
-3.154543638229370117e-01
-3.113634586334228516e-01
-3.154543936252593994e-01
-3.104543983936309814e-01
-3.081816732883453369e-01
-3.121584653854370117e-01
-3.081299364566802979e-01
-3.152226209640502930e-01
-3.163064122200012207e-01
-3.070479631423950195e-01
-3.018876314163208008e-01
-2.975737154483795166e-01
-2.892904579639434814e-01
-2.738250792026519775e-01
-2.577183842658996582e-01
-2.397967278957366943e-01
-2.315471768379211426e-01
-2.218751162290573120e-01
-1.988573074340820312e-01
-2.021816968917846680e-01
-2.090980708599090576e-01
-2.143956422805786133e-01
-2.428020238876342773e-01
-2.599304616451263428e-01
-2.787271142005920410e-01
-2.946006059646606445e-01
-3.086219727993011475e-01
-3.098269104957580566e-01
-3.165256381034851074e-01
-3.113634586334228516e-01
-3.159089088439941406e-01
-3.118180036544799805e-01
-3.109089434146881104e-01
-3.101085722446441650e-01
-3.100087344646453857e-01
-3.135541677474975586e-01
-3.074454963207244873e-01
-2.993101477622985840e-01
-2.893652021884918213e-01
-2.689251601696014404e-01
-2.388609796762466431e-01
-2.090159654617309570e-01
-1.884793341159820557e-01
-1.811246126890182495e-01
-1.612726300954818726e-01
-1.493529528379440308e-01
-1.356594413518905640e-01
-1.426114439964294434e-01
-1.483421325683593750e-01
-1.677609980106353760e-01
-1.773885339498519897e-01
-2.031050771474838257e-01
-2.261192947626113892e-01
-2.594992518424987793e-01
-2.938466370105743408e-01
-2.982047796249389648e-01
-3.127092719078063965e-01
-3.092458248138427734e-01
-3.063634634017944336e-01
-3.113634586334228516e-01
-3.081139326095581055e-01
-3.121691942214965820e-01
-3.117074668407440186e-01
-3.101228475570678711e-01
-2.906541824340820312e-01
-2.658270299434661865e-01
-2.335721999406814575e-01
-2.006417512893676758e-01
-1.745827645063400269e-01
-1.559856235980987549e-01
-1.276522725820541382e-01
-1.089232414960861206e-01
-9.844011068344116211e-02
-8.534918725490570068e-02
-7.895519584417343140e-02
-7.211384922266006470e-02
-8.342052251100540161e-02
-8.011388778686523438e-02
-1.017431095242500305e-01
-1.292799264192581177e-01
-1.603297293186187744e-01
-1.908518821001052856e-01
-2.366487681865692139e-01
-2.705221474170684814e-01
-2.979054152965545654e-01
-3.087770342826843262e-01
-3.110336959362030029e-01
-3.104543685913085938e-01
-3.072725534439086914e-01
-3.153955638408660889e-01
-3.143064081668853760e-01
-3.020997047424316406e-01
-2.569409906864166260e-01
-2.147078067064285278e-01
-1.824189722537994385e-01
-1.488910764455795288e-01
-1.288750320672988892e-01
-1.034294143319129944e-01
-8.184096962213516235e-02
-6.110477447509765625e-02
-5.205655097961425781e-02
-4.002255573868751526e-02
-2.625067904591560364e-02
-2.606535144150257111e-02
-2.099410444498062134e-02
-3.008514083921909332e-02
-4.155577346682548523e-02
-6.152030080556869507e-02
-1.056700721383094788e-01
-1.350194960832595825e-01
-1.701692044734954834e-01
-2.141621410846710205e-01
-2.691780626773834229e-01
-3.055523633956909180e-01
-3.142886161804199219e-01
-3.104543685913085938e-01
-3.086361885070800781e-01
-3.064792752265930176e-01
-2.957432568073272705e-01
-2.653477191925048828e-01
-2.226666063070297241e-01
-1.834953874349594116e-01
-1.428091675043106079e-01
-1.208501458168029785e-01
-1.018821001052856445e-01
-8.044357597827911377e-02
-5.567505583167076111e-02
-3.954657912254333496e-02
-1.231649890542030334e-02
-1.676478423178195953e-03
1.353922113776206970e-02
-4.229034297168254852e-03
5.637197755277156830e-03
-4.758668597787618637e-03
-2.090316265821456909e-02
-4.629369452595710754e-02
-6.967712193727493286e-02
-1.097716465592384338e-01
-1.454669684171676636e-01
-1.851051300764083862e-01
-2.478127479553222656e-01
-2.907610237598419189e-01
-3.163866400718688965e-01
-3.104543983936309814e-01
-3.039142787456512451e-01
-3.015452921390533447e-01
-2.885954678058624268e-01
-2.370391339063644409e-01
-1.885614842176437378e-01
-1.510462015867233276e-01
-1.264596581459045410e-01
-9.756308048963546753e-02
-7.258246093988418579e-02
-5.676947906613349915e-02
-2.895294502377510071e-02
-1.117742434144020081e-02
-1.161281485110521317e-03
1.479778811335563660e-02
1.535214483737945557e-02
1.435394305735826492e-02
1.190114580094814301e-02
4.466098267585039139e-03
-3.348678350448608398e-03
-3.473567962646484375e-02
-5.640440061688423157e-02
-9.726361930370330811e-02
-1.386559158563613892e-01
-1.805078834295272827e-01
-2.292048484086990356e-01
-2.861139774322509766e-01
-3.171228170394897461e-01
-3.069891333580017090e-01
-3.069444894790649414e-01
-2.967413961887359619e-01
-2.526347041130065918e-01
-2.117414474487304688e-01
-1.645221859216690063e-01
-1.344525665044784546e-01
-1.058000922203063965e-01
-8.311727643013000488e-02
-6.243624910712242126e-02
-4.100643098354339600e-02
-1.525232754647731781e-02
2.050795592367649078e-03
4.093615338206291199e-03
2.236202359199523926e-03
8.939309045672416687e-04
2.036576624959707260e-03
2.255318686366081238e-04
2.685381565243005753e-03
-1.097782514989376068e-04
-2.287819981575012207e-02
-5.382667481899261475e-02
-1.008483171463012695e-01
-1.403100639581680298e-01
-1.835097968578338623e-01
-2.324101179838180542e-01
-2.893279790878295898e-01
-3.038964271545410156e-01
-3.090800344944000244e-01
-3.047681450843811035e-01
-2.847344577312469482e-01
-2.456381320953369141e-01
-1.993564516305923462e-01
-1.486967653036117554e-01
-1.273296475410461426e-01
-1.029551550745964050e-01
-7.158958166837692261e-02
-4.888888448476791382e-02
-3.199926763772964478e-02
-5.063338670879602432e-03
5.694234278053045273e-03
-1.562487613409757614e-02
-1.239680964499711990e-02
-2.497076243162155151e-02
-1.313469558954238892e-02
-6.851217243820428848e-03
1.122035784646868706e-03
-7.603534031659364700e-03
-2.936132065951824188e-02
-6.650407612323760986e-02
-1.076503992080688477e-01
-1.471157968044281006e-01
-1.953903287649154663e-01
-2.470159232616424561e-01
-2.948892712593078613e-01
-3.105755746364593506e-01
-3.079231679439544678e-01
-3.080479204654693604e-01
-2.946362495422363281e-01
-2.454795390367507935e-01
-1.993884742259979248e-01
-1.640213280916213989e-01
-1.155774965882301331e-01
-9.938997030258178711e-02
-6.940239667892456055e-02
-4.935767874121665955e-02
-1.994758658111095428e-02
-5.056292284280061722e-03
-1.247348263859748840e-02
-2.559653669595718384e-02
-3.913133218884468079e-02
-3.471421450376510620e-02
-2.826843410730361938e-02
-1.703667640686035156e-02
-8.491223677992820740e-03
-7.309474050998687744e-03
-3.651644662022590637e-02
-7.398713380098342896e-02
-1.058928817510604858e-01
-1.471781581640243530e-01
-2.059410661458969116e-01
-2.686239480972290039e-01
-2.982778549194335938e-01
-3.096023201942443848e-01
-3.136433064937591553e-01
-3.021353483200073242e-01
-2.916700839996337891e-01
-2.587092518806457520e-01
-2.138305753469467163e-01
-1.610784232616424561e-01
-1.256646662950515747e-01
-9.299084544181823730e-02
-6.360555440187454224e-02
-3.436479717493057251e-02
-1.600641570985317230e-02
-7.958281785249710083e-03
-2.814203128218650818e-02
-3.938630968332290649e-02
-4.304043203592300415e-02
-3.927386924624443054e-02
-2.170515246689319611e-02
-8.694420568645000458e-03
-3.403841517865657806e-03
-9.437875822186470032e-03
-4.689970239996910095e-02
-8.054345101118087769e-02
-1.130496636033058167e-01
-1.573332548141479492e-01
-2.102940380573272705e-01
-2.809482812881469727e-01
-3.051977157592773438e-01
-3.132707476615905762e-01
-3.106665015220642090e-01
-3.062618970870971680e-01
-2.968679964542388916e-01
-2.746881544589996338e-01
-2.217718064785003662e-01
-1.728911995887756348e-01
-1.157521009445190430e-01
-8.371265232563018799e-02
-5.017951503396034241e-02
-2.359114028513431549e-02
-1.507769711315631866e-02
-1.897439174354076385e-02
-3.609213605523109436e-02
-3.887640312314033508e-02
-3.131483122706413269e-02
-1.788872480392456055e-02
3.084580413997173309e-03
8.796533802524209023e-04
-3.976005129516124725e-03
-2.246821112930774689e-02
-5.302103608846664429e-02
-8.146141469478607178e-02
-1.173670664429664612e-01
-1.496521830558776855e-01
-2.058555781841278076e-01
-2.936451435089111328e-01
-3.029623329639434814e-01
-3.083528280258178711e-01
-3.153973221778869629e-01
-3.123153746128082275e-01
-3.012441098690032959e-01
-2.886398434638977051e-01
-2.293492406606674194e-01
-1.610551923513412476e-01
-1.080390363931655884e-01
-7.585525512695312500e-02
-4.170711711049079895e-02
-2.273907512426376343e-02
-2.401354163885116577e-02
-2.833978831768035889e-02
-2.871773764491081238e-02
-1.459644921123981476e-02
-1.099026203155517578e-02
1.236986927688121796e-02
8.922509849071502686e-03
1.366938836872577667e-02
2.040026709437370300e-03
-2.767143398523330688e-02
-6.838814914226531982e-02
-8.926358819007873535e-02
-1.261192113161087036e-01
-1.464223712682723999e-01
-1.942726224660873413e-01
-2.845810353755950928e-01
-3.025132715702056885e-01
-3.066557943820953369e-01
-3.127271234989166260e-01
-3.104186654090881348e-01
-3.057466745376586914e-01
-2.898661494255065918e-01
-2.272387742996215820e-01
-1.547809243202209473e-01
-1.106218770146369934e-01
-7.753618061542510986e-02
-4.399054870009422302e-02
-1.812409982085227966e-02
-1.394943892955780029e-02
-2.645565755665302277e-02
-1.827738061547279358e-02
-1.578482333570718765e-03
2.494678832590579987e-03
1.684052869677543640e-02
1.320778392255306244e-02
7.573138922452926636e-03
-2.116859657689929008e-03
-3.824360668659210205e-02
-6.292481720447540283e-02
-9.021186828613281250e-02
-1.104419231414794922e-01
-1.411924660205841064e-01
-1.871263831853866577e-01
-2.701355516910552979e-01
-3.047092258930206299e-01
-3.079445958137512207e-01
-3.031691908836364746e-01
-3.090907335281372070e-01
-3.046165406703948975e-01
-2.881888747215270996e-01
-2.147147506475448608e-01
-1.481391191482543945e-01
-1.044436916708946228e-01
-7.424032688140869141e-02
-4.389785602688789368e-02
-1.613841205835342407e-02
-1.871059276163578033e-02
-1.929876580834388733e-02
-9.011733345687389374e-03
-1.195188146084547043e-03
1.081914268434047699e-02
1.084052212536334991e-02
1.258205994963645935e-02
1.323440112173557281e-02
-1.505632232874631882e-02
-3.388543054461479187e-02
-6.236858665943145752e-02
-8.352023363113403320e-02
-1.080140471458435059e-01
-1.424117088317871094e-01
-1.912726014852523804e-01
-2.606682777404785156e-01
-3.067628443241119385e-01
-3.087805509567260742e-01
-3.058376312255859375e-01
-3.138572573661804199e-01
-3.023528158664703369e-01
-2.796614468097686768e-01
-1.967094838619232178e-01
-1.347716897726058960e-01
-8.928325772285461426e-02
-6.559493392705917358e-02
-4.966792464256286621e-02
-3.022932633757591248e-02
-2.591738477349281311e-02
-2.190661989152431488e-02
-1.172297075390815735e-02
-1.353212632238864899e-02
-2.433033660054206848e-04
3.487509442493319511e-03
3.925998229533433914e-03
-3.439496736973524094e-03
-2.340395748615264893e-02
-3.933991119265556335e-02
-6.079635024070739746e-02
-8.510669320821762085e-02
-1.099428236484527588e-01
-1.410746127367019653e-01
-1.952067017555236816e-01
-2.595205307006835938e-01
-3.041674792766571045e-01
-3.089784681797027588e-01
-3.090907335281372070e-01
-3.088322877883911133e-01
-3.038234412670135498e-01
-2.740266919136047363e-01
-1.885524392127990723e-01
-1.257983446121215820e-01
-9.749355167150497437e-02
-6.911373138427734375e-02
-4.288191348314285278e-02
-3.784976899623870850e-02
-3.622408583760261536e-02
-3.661258518695831299e-02
-1.974797807633876801e-02
-1.985129155218601227e-02
-8.291527628898620605e-03
-7.885076105594635010e-03
-9.334319271147251129e-03
-1.581204682588577271e-02
-2.724173292517662048e-02
-4.329181835055351257e-02
-6.027767062187194824e-02
-8.437757939100265503e-02
-1.146235689520835876e-01
-1.446202546358108521e-01
-1.914027929306030273e-01
-2.564990520477294922e-01
-2.990480661392211914e-01
-3.076166212558746338e-01
-3.052511811256408691e-01
-3.008429706096649170e-01
-2.989391088485717773e-01
-2.565953433513641357e-01
-1.686701625585556030e-01
-1.165008023381233215e-01
-9.244896471500396729e-02
-7.171625643968582153e-02
-5.684452876448631287e-02
-3.993356972932815552e-02
-4.038986191153526306e-02
-4.094950482249259949e-02
-2.401183918118476868e-02
-1.466417126357555389e-02
-2.061622217297554016e-03
-4.200607072561979294e-03
-8.685483597218990326e-03
-2.281740866601467133e-02
-2.382818423211574554e-02
-4.135950282216072083e-02
-6.095679849386215210e-02
-8.334909379482269287e-02
-1.143617555499076843e-01
-1.472922563552856445e-01
-1.989624947309494019e-01
-2.589018046855926514e-01
-2.986236810684204102e-01
-3.064276278018951416e-01
-3.077003955841064453e-01
-3.060800135135650635e-01
-2.982796728610992432e-01
-2.433190792798995972e-01
-1.571834981441497803e-01
-1.107216626405715942e-01
-8.108346164226531982e-02
-6.901389360427856445e-02
-4.770896583795547485e-02
-4.716347903013229370e-02
-3.749313578009605408e-02
-2.674802951514720917e-02
-2.220075204968452454e-02
-8.093724958598613739e-03
-4.018806386739015579e-03
5.300296004861593246e-03
7.263241568580269814e-04
-1.775140687823295593e-02
-2.900647744536399841e-02
-4.840946570038795471e-02
-6.551294773817062378e-02
-9.352562576532363892e-02
-1.327681243419647217e-01
-1.573920547962188721e-01
-2.080837041139602661e-01
-2.646970450878143311e-01
-3.037753701210021973e-01
-3.090889453887939453e-01
-3.122725486755371094e-01
-3.023153841495513916e-01
-2.937396466732025146e-01
-2.371924668550491333e-01
-1.623529046773910522e-01
-1.093546003103256226e-01
-7.020650804042816162e-02
-6.137220561504364014e-02
-4.508504644036293030e-02
-3.710635751485824585e-02
-3.036834672093391418e-02
-2.049302123486995697e-02
-9.528626687824726105e-04
9.553451091051101685e-03
8.006250485777854919e-03
8.218370378017425537e-03
-2.826247364282608032e-03
-1.762847974896430969e-02
-4.504924640059471130e-02
-6.210111454129219055e-02
-8.743461966514587402e-02
-1.071370542049407959e-01
-1.374955028295516968e-01
-1.733279079198837280e-01
-2.170213460922241211e-01
-2.732046544551849365e-01
-2.992209494113922119e-01
-3.070925474166870117e-01
-3.181245923042297363e-01
-3.093616664409637451e-01
-3.006753921508789062e-01
-2.518661618232727051e-01
-1.758324652910232544e-01
-1.124490350484848022e-01
-7.640791684389114380e-02
-4.752901941537857056e-02
-3.268216922879219055e-02
-2.008486352860927582e-02
-1.558213867247104645e-02
5.498793907463550568e-04
6.706804037094116211e-03
2.383875846862792969e-02
1.750542595982551575e-02
-4.696059506386518478e-03
-2.222556807100772858e-02
-4.399218037724494934e-02
-6.757167726755142212e-02
-8.032783120870590210e-02
-1.050835847854614258e-01
-1.340713202953338623e-01
-1.657218337059020996e-01
-2.035758048295974731e-01
-2.456203103065490723e-01
-2.847503721714019775e-01
-3.067199289798736572e-01
-3.112939596176147461e-01
-3.126718699932098389e-01
-3.135310113430023193e-01
-2.995292246341705322e-01
-2.678306996822357178e-01
-2.023795098066329956e-01
-1.431673467159271240e-01
-8.914070576429367065e-02
-5.081606656312942505e-02
-3.681950643658638000e-02
-2.164644002914428711e-02
1.606799662113189697e-03
2.908165100961923599e-03
1.309006568044424057e-02
6.296861916780471802e-03
-4.647949710488319397e-03
-3.911687061190605164e-02
-5.236293748021125793e-02
-7.115638256072998047e-02
-9.013335406780242920e-02
-1.150033921003341675e-01
-1.322137713432312012e-01
-1.620872169733047485e-01
-1.990605145692825317e-01
-2.246879339218139648e-01
-2.762726545333862305e-01
-2.994863986968994141e-01
-3.080569207668304443e-01
-3.094169497489929199e-01
-3.136362135410308838e-01
-3.113634586334228516e-01
-3.105273544788360596e-01
-2.900764346122741699e-01
-2.416363507509231567e-01
-1.974615603685379028e-01
-1.499553322792053223e-01
-9.684302657842636108e-02
-6.609066575765609741e-02
-4.481242224574089050e-02
-2.719902805984020233e-02
-4.450286272913217545e-03
-7.377153728157281876e-03
-1.771231926977634430e-02
-3.893342986702919006e-02
-6.242369487881660461e-02
-8.284445852041244507e-02
-9.987315535545349121e-02
-1.193207278847694397e-01
-1.454579532146453857e-01
-1.768468171358108521e-01
-2.081801146268844604e-01
-2.346594333648681641e-01
-2.702654600143432617e-01
-2.923046052455902100e-01
-3.096201121807098389e-01
-3.119624257087707520e-01
-3.140907287597656250e-01
-3.099998235702514648e-01
-3.172725439071655273e-01
-3.041175007820129395e-01
-3.052439987659454346e-01
-2.864259183406829834e-01
-2.466309368610382080e-01
-2.109482288360595703e-01
-1.607682108879089355e-01
-1.254848390817642212e-01
-9.265401214361190796e-02
-7.505491375923156738e-02
-5.420997366309165955e-02
-5.634720250964164734e-02
-6.614582985639572144e-02
-9.010308235883712769e-02
-1.073455885052680969e-01
-1.296522021293640137e-01
-1.346292495727539062e-01
-1.591637283563613892e-01
-1.841658353805541992e-01
-2.162085920572280884e-01
-2.550820708274841309e-01
-2.695594429969787598e-01
-2.942636907100677490e-01
-3.061746656894683838e-01
-3.078126609325408936e-01
-3.111887574195861816e-01
-3.122725486755371094e-01
-3.131816387176513672e-01
-3.104543685913085938e-01
-3.056665360927581787e-01
-3.076611161231994629e-01
-3.041174709796905518e-01
-2.981729507446289062e-01
-2.636060118675231934e-01
-2.293188571929931641e-01
-1.884671747684478760e-01
-1.655633002519607544e-01
-1.359428912401199341e-01
-1.120105534791946411e-01
-1.140585839748382568e-01
-1.257289499044418335e-01
-1.399643421173095703e-01
-1.514634191989898682e-01
-1.625883430242538452e-01
-1.806470751762390137e-01
-1.988396197557449341e-01
-2.251051068305969238e-01
-2.611762881278991699e-01
-2.862083613872528076e-01
-2.928341925144195557e-01
-3.020371496677398682e-01
-3.087877631187438965e-01
-3.082547187805175781e-01
-3.052690029144287109e-01
-3.136361837387084961e-01
-3.086361885070800781e-01
-3.068180084228515625e-01
-3.090907633304595947e-01
-3.072725534439086914e-01
-3.148215711116790771e-01
-2.953064143657684326e-01
-2.945328950881958008e-01
-2.632387280464172363e-01
-2.350943982601165771e-01
-2.130907028913497925e-01
-1.964919418096542358e-01
-1.670712083578109741e-01
-1.707254499197006226e-01
-1.746952980756759644e-01
-1.871585845947265625e-01
-2.000695019960403442e-01
-2.099125981330871582e-01
-2.267950028181076050e-01
-2.498519718647003174e-01
-2.718590199947357178e-01
-2.909856438636779785e-01
-3.002816438674926758e-01
-3.076290488243103027e-01
-3.141549229621887207e-01
-3.090354800224304199e-01
-3.153491914272308350e-01
-3.104543685913085938e-01
-3.159089088439941406e-01
-3.054544031620025635e-01
-3.095452785491943359e-01
-3.095453083515167236e-01
-3.118180036544799805e-01
-3.101834654808044434e-01
-3.065203428268432617e-01
-3.103046417236328125e-01
-3.090372979640960693e-01
-3.017182052135467529e-01
-2.984865903854370117e-01
-2.933171689510345459e-01
-2.907218933105468750e-01
-2.901925146579742432e-01
-2.818357646465301514e-01
-2.857950627803802490e-01
-2.856577932834625244e-01
-2.881282269954681396e-01
-2.935791313648223877e-01
-3.014580607414245605e-01
-3.030230402946472168e-01
-3.083153367042541504e-01
-3.102083504199981689e-01
-3.123634755611419678e-01
-3.115969598293304443e-01
-3.068180084228515625e-01
-3.059089183807373047e-01
-3.086361885070800781e-01
-3.154543638229370117e-01
