-2.373985387384891510e-02
-1.170619111508131027e-02
-2.364724129438400269e-02
-5.648371297866106033e-03
-2.366303838789463043e-02
-1.551703363656997681e-02
-8.084949105978012085e-03
-2.371645346283912659e-02
-2.353203296661376953e-02
-2.369548194110393524e-02
-2.369181811809539795e-02
-1.364957727491855621e-02
-2.332741953432559967e-02
-1.016997545957565308e-02
-3.767394227907061577e-03
-2.970199100673198700e-03
-2.055407036095857620e-03
-2.367166243493556976e-02
-2.689930843189358711e-03
-9.223803877830505371e-03
-2.366779744625091553e-02
-2.329744026064872742e-02
-2.370128780603408813e-02
-1.128032244741916656e-02
-1.109190843999385834e-02
-2.373234555125236511e-02
-2.364610321819782257e-02
-2.375224418938159943e-02
-2.374330163002014160e-02
-1.202712208032608032e-02
-2.357277646660804749e-02
-1.212561689317226410e-02
-2.370588295161724091e-02
-5.232383031398057938e-03
-3.481567138805985451e-03
-1.144596468657255173e-02
-2.367324382066726685e-02
-2.356633171439170837e-02
-1.096613705158233643e-02
-6.530305836349725723e-03
-8.874570019543170929e-03
-2.371251583099365234e-02
-2.332331426441669464e-02
-4.592566285282373428e-03
-2.357113547623157501e-02
-2.215411700308322906e-02
-6.773955188691616058e-03
-1.404206454753875732e-02
-2.368983440101146698e-02
-1.017256733030080795e-02
-1.577826589345932007e-02
-2.372987195849418640e-02
-2.357573248445987701e-02
-1.322178915143013000e-02
-2.362926676869392395e-02
-7.339655887335538864e-03
-9.037116542458534241e-03
-2.104817889630794525e-02
-1.836242713034152985e-02
-1.227977592498064041e-02
-1.595094427466392517e-02
-8.386943489313125610e-03
-2.369222790002822876e-02
-2.361790835857391357e-02
-2.362055703997612000e-02
-1.434941869229078293e-02
-2.372202835977077484e-02
-2.345459535717964172e-02
-2.369603328406810760e-02
-2.357650361955165863e-02
-1.133705209940671921e-02
-1.805451512336730957e-02
-2.372091263532638550e-02
-2.372596785426139832e-02
-1.325418334454298019e-02
-1.567394286394119263e-02
-1.801533252000808716e-02
-2.372964657843112946e-02
-2.351205796003341675e-02
-2.370436303317546844e-02
-2.323989942669868469e-02
-9.110976941883563995e-03
-1.070082280784845352e-02
-2.367011830210685730e-02
-2.368701435625553131e-02
-2.368369884788990021e-02
-1.519781816750764847e-02
-2.322918549180030823e-02
-1.132794469594955444e-02
-2.346505038440227509e-02
-5.995971150696277618e-03
-3.063365118578076363e-03
-2.358805388212203979e-02
-2.255559340119361877e-02
-1.844743825495243073e-02
-8.277752436697483063e-03
-1.065939199179410934e-02
-2.370009385049343109e-02
-2.367991581559181213e-02
-2.364808134734630585e-02
-2.362328208982944489e-02
-1.189007703214883804e-02
-2.356512285768985748e-02
-6.981327664107084274e-03
-2.370605617761611938e-02
-5.984072573482990265e-03
-1.715840585529804230e-02
2.638994483277201653e-03
-2.355491369962692261e-02
-2.338433265686035156e-02
-2.364778518676757812e-02
-2.370687760412693024e-02
-1.646779105067253113e-02
-6.025877781212329865e-03
-2.374623902142047882e-02
-7.174058817327022552e-03
-2.359850518405437469e-02
-2.366655692458152771e-02
-2.370331250131130219e-02
-2.367313951253890991e-02
-2.370431087911128998e-02
-1.944307051599025726e-02
-1.175313536077737808e-02
-2.368397079408168793e-02
-2.113066241145133972e-02
-2.374455891549587250e-02
-1.396570261567831039e-02
-2.369972318410873413e-02
-1.154158264398574829e-02
-2.368959225714206696e-02
-2.373107336461544037e-02
-2.339683473110198975e-02
-1.487153209745883942e-02
-8.490160107612609863e-03
-2.369601279497146606e-02
-1.744625903666019440e-02
-2.360392361879348755e-02
-2.337362244725227356e-02
-2.332026883959770203e-02
-4.749494604766368866e-03
-2.305939048528671265e-02
-2.368005178868770599e-02
-1.236207690089941025e-02
-4.229922778904438019e-03
-2.299101836979389191e-02
-2.355667576193809509e-02
-1.193143706768751144e-02
-1.204705331474542618e-02
-2.371824905276298523e-02
-1.737126335501670837e-02
-2.352919615805149078e-02
-2.371657080948352814e-02
-1.344476919621229172e-02
-2.370031923055648804e-02
-1.024812087416648865e-02
-2.328380569815635681e-02
-1.844270899891853333e-02
-3.288890002295374870e-03
-2.369687892496585846e-02
-1.118811964988708496e-02
-2.124584279954433441e-02
-2.372967079281806946e-02
-7.189254742115736008e-03
-1.104798540472984314e-02
-2.363040111958980560e-02
-2.109837159514427185e-02
-1.713726110756397247e-02
-6.099440623074769974e-03
-1.634098589420318604e-02
-2.366695180535316467e-02
-2.094166725873947144e-02
-1.110631134361028671e-02
-2.366503514349460602e-02
-1.992579363286495209e-02
-2.371453307569026947e-02
-1.891326718032360077e-02
-2.302386797964572906e-02
-2.369096316397190094e-02
-2.314017899334430695e-02
-1.786067895591259003e-02
-2.238763496279716492e-02
-2.366868592798709869e-02
-1.423665694892406464e-02
-1.940807141363620758e-02
-2.360044419765472412e-02
-2.372162230312824249e-02
-9.742069058120250702e-03
-1.968584954738616943e-02
-2.358216047286987305e-02
-2.371988259255886078e-02
-5.277526099234819412e-03
-5.727704847231507301e-04
-1.574817113578319550e-03
-2.023954875767230988e-02
-2.369472198188304901e-02
-2.371782995760440826e-02
-1.383587718009948730e-02
-2.350133098661899567e-02
-2.331471256911754608e-02
-8.502421900629997253e-03
-1.436933409422636032e-02
-2.304551750421524048e-02
-2.367181517183780670e-02
-1.595921441912651062e-02
-4.271461162716150284e-03
-7.427773904055356979e-03
-2.333134785294532776e-02
-3.031692234799265862e-03
-6.535570602864027023e-03
-2.369800955057144165e-02
-2.368337474763393402e-02
-3.674272447824478149e-03
-2.362877316772937775e-02
-4.441140685230493546e-03
-2.360200136899948120e-02
-2.374543808400630951e-02
-2.346309088170528412e-02
-4.868090152740478516e-03
-1.073704753071069717e-02
-6.420854013413190842e-03
-1.200519502162933350e-02
-1.304561924189329147e-02
-9.645725600421428680e-03
-3.533641574904322624e-03
-2.370788343250751495e-02
-2.364881336688995361e-02
-2.347352541983127594e-02
-7.652274332940578461e-03
-2.313837595283985138e-02
1.137398555874824524e-02
-2.374012023210525513e-02
-2.350059896707534790e-02
-2.358923852443695068e-02
-2.372176200151443481e-02
-2.325400710105895996e-02
-2.360149286687374115e-02
-2.223598957061767578e-02
-2.201789058744907379e-02
-2.340713515877723694e-02
-2.198108844459056854e-02
-1.077576261013746262e-02
-1.198159158229827881e-02
-9.023405611515045166e-03
-2.370253950357437134e-02
-2.367850020527839661e-02
-5.499940831214189529e-03
-2.029020339250564575e-02
-2.367784269154071808e-02
-2.371603809297084808e-02
-2.365871891379356384e-02
-2.370890974998474121e-02
-2.371576800942420959e-02
-2.344061806797981262e-02
-2.362757548689842224e-02
-2.369277365505695343e-02
-2.355490997433662415e-02
-2.359693497419357300e-02
-2.363613620400428772e-02
-2.364531159400939941e-02
-2.372358366847038269e-02
-2.276105806231498718e-02
-1.258291210979223251e-02
-2.318666130304336548e-02
-2.353139407932758331e-02
-2.370852045714855194e-02
-6.269920617341995239e-03
-2.370361797511577606e-02
-2.186947502195835114e-02
-2.353279292583465576e-02
-6.399816367775201797e-03
-2.848133910447359085e-03
-2.340110391378402710e-02
-2.348648570477962494e-02
-2.345160394906997681e-02
-2.370688132941722870e-02
-1.697677187621593475e-03
-2.373245172202587128e-02
-9.341772645711898804e-03
-2.361223660409450531e-02
-2.360168099403381348e-02
-1.906270347535610199e-02
-2.514436142519116402e-03
-2.098859474062919617e-02
-1.391542609781026840e-02
-7.908533327281475067e-03
-1.059775892645120621e-02
-5.783730652183294296e-03
-8.886947296559810638e-03
-1.386318635195493698e-02
-8.548644371330738068e-03
-2.371541038155555725e-02
-2.352576516568660736e-02
-1.496273558586835861e-02
-2.367711625993251801e-02
-2.080391161143779755e-02
-2.352919429540634155e-02
-2.365048229694366455e-02
-1.951676607131958008e-02
-2.371641807258129120e-02
-8.656000718474388123e-03
-1.850651018321514130e-02
-2.369849197566509247e-02
-1.775294728577136993e-02
-2.366019599139690399e-02
-1.789495907723903656e-02
-1.844012923538684845e-02
-2.371543459594249725e-02
-2.365218661725521088e-02
-3.934048116207122803e-03
-1.911618560552597046e-02
-8.837913163006305695e-03
-2.358232624828815460e-02
-2.365529164671897888e-02
-1.911214739084243774e-02
-2.367252856492996216e-02
-1.310214679688215256e-02
-2.375593967735767365e-02
-8.668819442391395569e-03
-2.374135516583919525e-02
-8.877992513589560986e-04
-2.354761585593223572e-02
-4.000442568212747574e-03
-1.052429620176553726e-02
-1.058352179825305939e-02
-1.181259658187627792e-02
-1.731572672724723816e-02
-2.360782027244567871e-02
-1.713547296822071075e-02
-1.349694002419710159e-02
-2.357414178550243378e-02
-2.356196194887161255e-02
-2.365828678011894226e-02
-1.166710630059242249e-02
-8.468752726912498474e-03
-1.078345999121665955e-02
-2.025991491973400116e-02
-3.898176597431302071e-03
-2.344939298927783966e-02
-2.237527072429656982e-02
-2.362932264804840088e-02
-2.368288673460483551e-02
-1.076297089457511902e-02
-1.568537950515747070e-02
-7.143734488636255264e-03
-2.319737151265144348e-02
-2.375331893563270569e-02
-2.331514284014701843e-02
-2.369065955281257629e-02
-2.373118884861469269e-02
-1.061849389225244522e-02
-5.686064250767230988e-03
-1.133004855364561081e-02
-2.360037714242935181e-02
-8.457800373435020447e-03
-2.358908765017986298e-02
-2.369731664657592773e-02
-2.337348833680152893e-02
-6.571731064468622208e-03
-3.714984050020575523e-04
-1.554367784410715103e-02
-2.123034372925758362e-02
-2.264113537967205048e-02
-2.295577526092529297e-02
6.845700554549694061e-03
-2.359743043780326843e-02
-2.373061142861843109e-02
-7.001746445894241333e-03
-2.362827956676483154e-02
-2.361085638403892517e-02
-2.363791503012180328e-02
-2.370196394622325897e-02
-7.418710738420486450e-03
-2.370302565395832062e-02
-2.373901195824146271e-02
-2.368062548339366913e-02
-2.360720001161098480e-02
-9.470844641327857971e-03
-2.369730919599533081e-02
-2.373157627880573273e-02
-2.326988242566585541e-02
-4.737057723104953766e-03
-1.967909745872020721e-02
-6.686146836727857590e-03
-2.366066165268421173e-02
-3.560111392289400101e-03
-1.234615687280893326e-02
-2.371273376047611237e-02
-2.354313246905803680e-02
-2.369479089975357056e-02
-1.958485506474971771e-02
-1.954596489667892456e-02
-2.368967235088348389e-02
-1.876898854970932007e-02
2.419551834464073181e-03
-2.373850345611572266e-02
-1.140372548252344131e-02
-2.373379096388816833e-02
-2.357453852891921997e-02
-2.342721261084079742e-02
-2.375914715230464935e-02
