-1.341235786676406860e-01
-1.335881352424621582e-01
-1.329777985811233521e-01
-1.336327493190765381e-01
-1.321418136358261108e-01
-1.338915228843688965e-01
-1.328089684247970581e-01
-1.327700614929199219e-01
-1.337416470050811768e-01
-1.354008764028549194e-01
-1.347883641719818115e-01
-1.325141042470932007e-01
-1.320149004459381104e-01
-1.343854069709777832e-01
-1.333266496658325195e-01
-1.334075480699539185e-01
-1.330517828464508057e-01
-1.332129687070846558e-01
-1.334299296140670776e-01
-1.350487917661666870e-01
-1.337480396032333374e-01
-1.338543146848678589e-01
-1.335571110248565674e-01
-1.341561973094940186e-01
-1.351028531789779663e-01
-1.329203248023986816e-01
-1.328835934400558472e-01
-1.336451172828674316e-01
-1.344777494668960571e-01
-1.347611844539642334e-01
-1.328603625297546387e-01
-1.313279271125793457e-01
-1.337065547704696655e-01
-1.339852362871170044e-01
-1.399277746677398682e-01
-1.381126046180725098e-01
-1.416047513484954834e-01
-1.448885202407836914e-01
-1.462401896715164185e-01
-1.543555408716201782e-01
-1.504419296979904175e-01
-1.546489447355270386e-01
-1.554605513811111450e-01
-1.527618020772933960e-01
-1.543061882257461548e-01
-1.596491485834121704e-01
-1.512299329042434692e-01
-1.426666527986526489e-01
-1.442822962999343872e-01
-1.333573013544082642e-01
-1.309727877378463745e-01
-1.341091543436050415e-01
-1.328223645687103271e-01
-1.331231147050857544e-01
-1.337115615606307983e-01
-1.354797780513763428e-01
-1.346617639064788818e-01
-1.347146332263946533e-01
-1.322679519653320312e-01
-1.339692771434783936e-01
-1.302182972431182861e-01
-1.328267455101013184e-01
-1.340311318635940552e-01
-1.438486278057098389e-01
-1.597723364830017090e-01
-1.610682308673858643e-01
-1.820472478866577148e-01
-1.715134829282760620e-01
-1.792499274015426636e-01
-1.740191429853439331e-01
-1.889560371637344360e-01
-2.019136548042297363e-01
-1.692184805870056152e-01
-1.874393969774246216e-01
-1.993854939937591553e-01
-1.645689159631729126e-01
-1.508056819438934326e-01
-1.454033553600311279e-01
-1.570873260498046875e-01
-1.464855819940567017e-01
-1.337155103683471680e-01
-1.308622658252716064e-01
-1.333068609237670898e-01
-1.342942863702774048e-01
-1.332592070102691650e-01
-1.325350701808929443e-01
-1.331761628389358521e-01
-1.319150179624557495e-01
-1.359066367149353027e-01
-1.334687620401382446e-01
-1.442992389202117920e-01
-1.532851010560989380e-01
-1.735806167125701904e-01
-2.186241298913955688e-01
-2.448050379753112793e-01
-2.215324789285659790e-01
-2.307209670543670654e-01
-2.046331912279129028e-01
-2.115994393825531006e-01
-2.037247419357299805e-01
-2.389439642429351807e-01
-2.050943374633789062e-01
-1.898640245199203491e-01
-2.424209862947463989e-01
-2.071883231401443481e-01
-1.720778048038482666e-01
-1.874929368495941162e-01
-1.747564524412155151e-01
-1.533213555812835693e-01
-1.349518597126007080e-01
-1.331689953804016113e-01
-1.337054222822189331e-01
-1.333378255367279053e-01
-1.330977827310562134e-01
-1.332330554723739624e-01
-1.333038955926895142e-01
-1.359708011150360107e-01
-1.482731252908706665e-01
-1.608922034502029419e-01
-2.059322148561477661e-01
-2.265983074903488159e-01
-2.964988648891448975e-01
-2.670961022377014160e-01
-2.302327752113342285e-01
-1.868809014558792114e-01
-2.628726661205291748e-01
-1.909211874008178711e-01
-2.399526834487915039e-01
-1.918289214372634888e-01
-1.727448850870132446e-01
-1.087154150009155273e-01
-1.240610554814338684e-01
-1.655203849077224731e-01
-2.117615044116973877e-01
-1.939324438571929932e-01
-2.045963406562805176e-01
-1.552233248949050903e-01
-1.487728208303451538e-01
-1.391781270503997803e-01
-1.341574192047119141e-01
-1.340069621801376343e-01
-1.345703154802322388e-01
-1.345353126525878906e-01
-1.391992270946502686e-01
-1.625115871429443359e-01
-1.788997501134872437e-01
-1.931826621294021606e-01
-2.396126687526702881e-01
-2.049107551574707031e-01
-1.970918476581573486e-01
-1.274455785751342773e-01
-8.191221952438354492e-02
-4.992369189858436584e-02
-2.957347221672534943e-02
-2.108857966959476471e-03
-4.490048438310623169e-02
-3.251489624381065369e-02
-9.424190968275070190e-03
5.034387111663818359e-03
-3.927999362349510193e-02
-6.910429149866104126e-02
-1.304767429828643799e-01
-1.669666916131973267e-01
-1.848491877317428589e-01
-2.000973969697952271e-01
-1.611284464597702026e-01
-1.422305852174758911e-01
-1.318218857049942017e-01
-1.347843110561370850e-01
-1.340209841728210449e-01
-1.373978108167648315e-01
-1.451677232980728149e-01
-1.862351596355438232e-01
-2.315212339162826538e-01
-2.482251822948455811e-01
-2.135229557752609253e-01
-1.797016263008117676e-01
-9.379012137651443481e-02
-6.506335735321044922e-02
-2.804614789783954620e-02
2.831310033798217773e-02
-2.872309461236000061e-02
7.340496778488159180e-02
3.509527444839477539e-02
1.555863954126834869e-02
-1.761328987777233124e-02
-4.566527530550956726e-02
-6.866208463907241821e-02
-3.754087537527084351e-02
-8.637836575508117676e-02
-1.237057372927665710e-01
-1.886454522609710693e-01
-1.773535013198852539e-01
-1.739188730716705322e-01
-1.379571259021759033e-01
-1.397001445293426514e-01
-1.353406906127929688e-01
-1.377676576375961304e-01
-1.436538249254226685e-01
-1.605209112167358398e-01
-1.780413240194320679e-01
-1.979865878820419312e-01
-2.352920025587081909e-01
-2.107932418584823608e-01
-1.493109166622161865e-01
-6.147592514753341675e-02
-3.164544701576232910e-02
1.962961442768573761e-02
9.490195661783218384e-02
3.605038672685623169e-02
4.214332625269889832e-02
5.828807875514030457e-02
4.039682447910308838e-02
-4.963808506727218628e-02
1.133982185274362564e-02
-3.509847819805145264e-02
-6.418533623218536377e-02
-1.077432483434677124e-01
-1.157878786325454712e-01
-1.385529041290283203e-01
-1.755463778972625732e-01
-1.686691939830780029e-01
-1.501660495996475220e-01
-1.400653868913650513e-01
-1.334301680326461792e-01
-1.454063206911087036e-01
-1.532773524522781372e-01
-1.475651562213897705e-01
-2.122693806886672974e-01
-2.393999993801116943e-01
-1.995533555746078491e-01
-1.662173271179199219e-01
-7.574354112148284912e-02
-5.550239607691764832e-02
-3.474742546677589417e-02
1.724305376410484314e-02
7.138086110353469849e-02
9.070513769984245300e-03
-6.088862568140029907e-02
9.566633962094783783e-03
6.758911162614822388e-02
-6.526470929384231567e-02
-4.034493863582611084e-02
2.568395063281059265e-02
-3.496194630861282349e-02
-4.260862618684768677e-02
-1.088117659091949463e-01
-2.028080970048904419e-01
-1.771318763494491577e-01
-1.513271629810333252e-01
-1.469120085239410400e-01
-1.344697773456573486e-01
-1.372565180063247681e-01
-1.364053487777709961e-01
-1.573958843946456909e-01
-1.647233664989471436e-01
-2.154554277658462524e-01
-1.977911740541458130e-01
-2.379293143749237061e-01
-1.178883686661720276e-01
-7.178729772567749023e-02
-8.139442652463912964e-03
-2.898844890296459198e-03
3.641121834516525269e-02
1.189659442752599716e-02
-8.280405402183532715e-02
-4.161579906940460205e-02
-3.565904870629310608e-02
-2.529394626617431641e-02
-1.042324956506490707e-02
-5.148201808333396912e-02
-3.006938286125659943e-02
-2.787759341299533844e-02
-1.199938952922821045e-01
-1.358866393566131592e-01
-1.306439936161041260e-01
-1.260275244712829590e-01
-1.386956274509429932e-01
-1.443875730037689209e-01
-1.388113647699356079e-01
-1.379698514938354492e-01
-1.423485279083251953e-01
-1.420123279094696045e-01
-1.758160889148712158e-01
-2.112868726253509521e-01
-2.060467600822448730e-01
-1.752971261739730835e-01
-1.157117187976837158e-01
-7.563451677560806274e-02
9.300760924816131592e-03
4.627818614244461060e-02
4.837656393647193909e-03
6.981723476201295853e-03
-7.339789718389511108e-02
-2.859573625028133392e-02
-3.298926725983619690e-02
-4.262069612741470337e-02
6.427465006709098816e-03
-3.792286664247512817e-02
-2.324851602315902710e-02
-7.872737199068069458e-02
-5.824425816535949707e-02
-1.189893633127212524e-01
-1.163884699344635010e-01
-1.646899580955505371e-01
-1.484203785657882690e-01
-1.388820707798004150e-01
-1.368319392204284668e-01
-1.357267946004867554e-01
-1.480486989021301270e-01
-1.563288420438766479e-01
-1.718912273645401001e-01
-1.972178071737289429e-01
-2.145040333271026611e-01
-1.796037852764129639e-01
-1.043396666646003723e-01
-5.367798730731010437e-02
-6.017726287245750427e-02
-1.861474709585309029e-03
-2.982984855771064758e-02
1.890880428254604340e-02
-6.008932366967201233e-02
-3.300537914037704468e-02
-7.313719391822814941e-02
-6.027276068925857544e-02
2.120489813387393951e-02
7.635708898305892944e-02
2.169128507375717163e-03
-2.568999491631984711e-02
-1.021674871444702148e-01
-1.187812313437461853e-01
-1.444579362869262695e-01
-1.717131733894348145e-01
-1.427430361509323120e-01
-1.309905052185058594e-01
-1.373117268085479736e-01
-1.339023858308792114e-01
-1.484202146530151367e-01
-1.485649943351745605e-01
-1.777753829956054688e-01
-2.095693498849868774e-01
-2.509659230709075928e-01
-1.892203688621520996e-01
-1.204810440540313721e-01
-5.882534757256507874e-02
-3.080326505005359650e-02
5.262805148959159851e-02
-7.535944879055023193e-02
-5.876910686492919922e-02
-2.719069458544254303e-02
-2.814511209726333618e-02
-6.765868165530264378e-04
2.975546754896640778e-03
4.842359945178031921e-02
-1.788774877786636353e-02
-3.473940119147300720e-02
-1.119219511747360229e-01
-7.472289353609085083e-02
-1.244920939207077026e-01
-1.875592917203903198e-01
-1.675027459859848022e-01
-1.452956497669219971e-01
-1.392375975847244263e-01
-1.331900805234909058e-01
-1.338384598493576050e-01
-1.424859017133712769e-01
-1.520601958036422729e-01
-1.855669170618057251e-01
-2.471417337656021118e-01
-2.687387168407440186e-01
-2.327070832252502441e-01
-1.233437210321426392e-01
-5.610288307070732117e-02
-2.563409134745597839e-02
8.527450263500213623e-03
-5.055781081318855286e-02
-2.600814029574394226e-02
-3.375734761357307434e-02
-4.110171273350715637e-02
1.182981301099061966e-02
9.409390389919281006e-03
-4.698904231190681458e-03
3.844231367111206055e-02
-6.774977594614028931e-02
-7.197039574384689331e-02
-9.621934592723846436e-02
-1.354947984218597412e-01
-2.181791514158248901e-01
-1.993132382631301880e-01
-1.635528206825256348e-01
-1.426429152488708496e-01
-1.356106102466583252e-01
-1.324347108602523804e-01
-1.342396140098571777e-01
-1.432435363531112671e-01
-1.748694032430648804e-01
-2.249287962913513184e-01
-2.604228258132934570e-01
-2.185537368059158325e-01
-1.413699835538864136e-01
-5.101390555500984192e-02
3.835380077362060547e-02
-2.516242302954196930e-02
2.266956865787506104e-02
-2.392719313502311707e-02
-2.416552416980266571e-02
-4.648154973983764648e-02
1.327547710388898849e-02
3.117318497970700264e-03
4.337562620639801025e-02
-3.404250368475914001e-03
2.733612433075904846e-02
-1.133774369955062866e-01
-1.049077063798904419e-01
-8.342015743255615234e-02
-2.045525312423706055e-01
-1.895259022712707520e-01
-1.673169583082199097e-01
-1.437657773494720459e-01
-1.342719495296478271e-01
-1.340431123971939087e-01
-1.326599717140197754e-01
-1.420604735612869263e-01
-1.630723923444747925e-01
-2.312753945589065552e-01
-2.188153266906738281e-01
-1.567497551441192627e-01
-1.046379506587982178e-01
8.164650062099099159e-04
-1.736567541956901550e-02
-5.581028293818235397e-03
-2.916270308196544647e-02
-4.578002169728279114e-02
-9.734158962965011597e-02
-2.929093688726425171e-02
4.708964843302965164e-03
2.425920963287353516e-02
1.918267644941806793e-02
-5.026407167315483093e-02
-1.880924403667449951e-02
-7.731735706329345703e-02
-7.970900088548660278e-02
-1.175671592354774475e-01
-2.052821516990661621e-01
-2.414534538984298706e-01
-1.715956777334213257e-01
-1.412979215383529663e-01
-1.366484314203262329e-01
-1.342498213052749634e-01
-1.336692273616790771e-01
-1.446180343627929688e-01
-1.701467484235763550e-01
-2.345536798238754272e-01
-2.561217546463012695e-01
-1.266285777091979980e-01
-4.053264483809471130e-02
-4.088997095823287964e-02
-9.098159521818161011e-02
-3.906071558594703674e-02
-3.878785297274589539e-02
-3.284246893599629402e-03
-3.825907409191131592e-02
1.713358238339424133e-02
3.037954680621623993e-02
-9.245308116078376770e-03
2.091465704143047333e-02
-4.952663183212280273e-02
-1.662185788154602051e-02
-7.019921392202377319e-02
-1.114013865590095520e-01
-1.479769647121429443e-01
-2.373937666416168213e-01
-2.434990108013153076e-01
-1.844819784164428711e-01
-1.460202485322952271e-01
-1.367796510457992554e-01
-1.332782357931137085e-01
-1.345368772745132446e-01
-1.427765935659408569e-01
-1.881276965141296387e-01
-2.488546222448348999e-01
-2.643890380859375000e-01
-1.299844086170196533e-01
-9.831064194440841675e-02
-8.689835667610168457e-02
-3.562393411993980408e-02
-3.816348314285278320e-02
-2.461014874279499054e-02
-8.832054212689399719e-03
-4.542648792266845703e-02
3.411167114973068237e-02
-3.729902207851409912e-02
-1.269179023802280426e-02
1.240578517317771912e-01
-6.968355178833007812e-02
-3.283056616783142090e-02
-7.329372316598892212e-02
-8.353123813867568970e-02
-1.740011125802993774e-01
-1.914217174053192139e-01
-1.942579299211502075e-01
-1.899367272853851318e-01
-1.488705277442932129e-01
-1.346399188041687012e-01
-1.352976560592651367e-01
-1.345738172531127930e-01
-1.490620821714401245e-01
-1.792886704206466675e-01
-2.557713389396667480e-01
-2.189035564661026001e-01
-1.359157711267471313e-01
-6.979343295097351074e-02
-6.971558183431625366e-02
1.571447588503360748e-02
-9.878173470497131348e-02
-7.031320594251155853e-03
-2.015698514878749847e-02
-6.107094697654247284e-03
-6.529074907302856445e-02
2.296735346317291260e-02
7.225958164781332016e-03
-3.626514971256256104e-02
-1.173635199666023254e-02
-5.786922201514244080e-02
-8.257027715444564819e-02
-1.262369900941848755e-01
-1.350122839212417603e-01
-2.024368494749069214e-01
-1.935569494962692261e-01
-1.817708015441894531e-01
-1.426929533481597900e-01
-1.372838467359542847e-01
-1.328878402709960938e-01
-1.367904394865036011e-01
-1.453876197338104248e-01
-2.131895273923873901e-01
-2.194974273443222046e-01
-2.194389700889587402e-01
-1.317195445299148560e-01
-7.178302854299545288e-02
-7.898275554180145264e-02
-2.718833088874816895e-02
-8.691257983446121216e-02
-1.298610679805278778e-02
-3.361615166068077087e-02
2.888577990233898163e-02
-2.190136723220348358e-02
-7.829123735427856445e-02
2.797085791826248169e-03
6.412160582840442657e-04
1.734209060668945312e-02
-8.849278837442398071e-02
-1.215914562344551086e-01
-1.081562861800193787e-01
-2.115701287984848022e-01
-1.916942447423934937e-01
-2.119072079658508301e-01
-1.760599166154861450e-01
-1.434105932712554932e-01
-1.363690942525863647e-01
-1.348059922456741333e-01
-1.372208297252655029e-01
-1.467209011316299438e-01
-1.929664909839630127e-01
-1.730877757072448730e-01
-2.146487832069396973e-01
-1.583226472139358521e-01
-3.862027078866958618e-02
-5.948848277330398560e-02
-4.516050219535827637e-02
3.135748207569122314e-02
-2.801827713847160339e-02
1.492151990532875061e-02
-5.316544324159622192e-03
8.590719848871231079e-02
-3.856451809406280518e-02
-2.955224132165312767e-03
-4.419304430484771729e-02
-2.847273275256156921e-02
-8.990480005741119385e-02
-8.324655145406723022e-02
-1.403028666973114014e-01
-2.051105499267578125e-01
-1.881034970283508301e-01
-2.075996100902557373e-01
-1.546081751585006714e-01
-1.423751860857009888e-01
-1.340689212083816528e-01
-1.333228349685668945e-01
-1.348083019256591797e-01
-1.533955186605453491e-01
-1.758360266685485840e-01
-1.956240534782409668e-01
-2.239170372486114502e-01
-1.687978208065032959e-01
-1.473722457885742188e-01
-3.811923414468765259e-02
-4.041890427470207214e-02
-3.785303235054016113e-02
3.143949061632156372e-02
3.713822737336158752e-02
2.945357561111450195e-02
1.065352465957403183e-03
-2.929458580911159515e-02
-4.676072299480438232e-02
-1.616676338016986847e-02
-4.730952158570289612e-02
-8.054193109273910522e-02
-1.585077494382858276e-01
-2.156233936548233032e-01
-2.583925724029541016e-01
-2.090869247913360596e-01
-1.676727235317230225e-01
-1.535975039005279541e-01
-1.361642926931381226e-01
-1.318900883197784424e-01
-1.332040727138519287e-01
-1.332276910543441772e-01
-1.484020352363586426e-01
-1.542889177799224854e-01
-1.816240847110748291e-01
-1.834770441055297852e-01
-1.135989278554916382e-01
-1.248012259602546692e-01
-9.521543979644775391e-02
-4.185847565531730652e-02
2.798636816442012787e-02
-2.870970591902732849e-02
-1.574534550309181213e-02
-3.895449265837669373e-02
-4.113250598311424255e-02
1.274627074599266052e-02
-1.448724698275327682e-02
-7.463733851909637451e-02
-7.491976022720336914e-02
-1.565258651971817017e-01
-1.964627206325531006e-01
-2.467654496431350708e-01
-2.223372161388397217e-01
-2.051540613174438477e-01
-1.489278823137283325e-01
-1.429129689931869507e-01
-1.318408548831939697e-01
-1.317515224218368530e-01
-1.347967982292175293e-01
-1.360017210245132446e-01
-1.428635418415069580e-01
-1.497469097375869751e-01
-1.782401204109191895e-01
-1.818952560424804688e-01
-1.174973770976066589e-01
-4.700704663991928101e-02
-5.348809808492660522e-02
1.192519208416342735e-03
-6.325612217187881470e-02
6.385501474142074585e-02
1.677866280078887939e-02
5.051707476377487183e-02
6.827838718891143799e-02
3.323344141244888306e-02
-2.619884721934795380e-02
-1.356610842049121857e-02
-1.173288375139236450e-01
-1.901524960994720459e-01
-1.964059025049209595e-01
-1.958517581224441528e-01
-2.057446092367172241e-01
-1.843926757574081421e-01
-1.419913917779922485e-01
-1.360137462615966797e-01
-1.353610455989837646e-01
-1.325898170471191406e-01
-1.338088512420654297e-01
-1.338417083024978638e-01
-1.391939520835876465e-01
-1.365625560283660889e-01
-1.608379334211349487e-01
-1.723205596208572388e-01
-1.468398272991180420e-01
-7.377998530864715576e-02
-4.311575368046760559e-02
-1.966649852693080902e-02
-3.128969296813011169e-02
-4.558187723159790039e-02
-5.467857420444488525e-02
-4.553524032235145569e-02
-5.096780881285667419e-02
-5.817598477005958557e-02
-7.056738436222076416e-02
-8.273751288652420044e-02
-1.351809948682785034e-01
-1.851277500391006470e-01
-2.177778631448745728e-01
-1.865650415420532227e-01
-1.779540777206420898e-01
-1.485065817832946777e-01
-1.427898108959197998e-01
-1.323108375072479248e-01
-1.316395550966262817e-01
-1.339606195688247681e-01
-1.324411183595657349e-01
-1.333252340555191040e-01
-1.347623318433761597e-01
-1.390183568000793457e-01
-1.518648266792297363e-01
-1.556067615747451782e-01
-1.494083255529403687e-01
-1.531074941158294678e-01
-2.023614794015884399e-01
-2.045582085847854614e-01
-1.737446337938308716e-01
-1.933478564023971558e-01
-1.946635246276855469e-01
-1.796451210975646973e-01
-1.757486611604690552e-01
-1.375316977500915527e-01
-1.722334474325180054e-01
-1.871723979711532593e-01
-1.863983124494552612e-01
-2.189243584871292114e-01
-2.017593979835510254e-01
-1.878147870302200317e-01
-1.574784070253372192e-01
-1.460591405630111694e-01
-1.428126841783523560e-01
-1.338216066360473633e-01
-1.332698911428451538e-01
-1.327063739299774170e-01
-1.355753093957901001e-01
-1.336316764354705811e-01
-1.337814927101135254e-01
-1.338828355073928833e-01
-1.449393182992935181e-01
-1.506931185722351074e-01
-1.416211277246475220e-01
-1.471716612577438354e-01
-1.571385711431503296e-01
-1.635341495275497437e-01
-1.446843296289443970e-01
-1.664110422134399414e-01
-1.859116554260253906e-01
-1.748192757368087769e-01
-1.453413367271423340e-01
-1.662453263998031616e-01
-1.620412915945053101e-01
-1.726701855659484863e-01
-1.859542876482009888e-01
-1.824601590633392334e-01
-1.737240105867385864e-01
-1.575291752815246582e-01
-1.540855765342712402e-01
-1.370174288749694824e-01
-1.303843557834625244e-01
-1.342626959085464478e-01
-1.328718662261962891e-01
-1.329583674669265747e-01
-1.331210732460021973e-01
-1.344337016344070435e-01
-1.359183490276336670e-01
-1.349628567695617676e-01
-1.345541030168533325e-01
-1.357043087482452393e-01
-1.439244896173477173e-01
-1.440033763647079468e-01
-1.494297981262207031e-01
-1.574808210134506226e-01
-1.539649069309234619e-01
-1.570142358541488647e-01
-1.506305634975433350e-01
-1.467255502939224243e-01
-1.776550412178039551e-01
-1.666444391012191772e-01
-1.734204590320587158e-01
-1.549552828073501587e-01
-1.531234681606292725e-01
-1.408570259809494019e-01
-1.456753164529800415e-01
-1.381621658802032471e-01
-1.376384198665618896e-01
-1.338572800159454346e-01
-1.339738070964813232e-01
-1.344382613897323608e-01
-1.346230357885360718e-01
-1.350959390401840210e-01
