-1.195452082902193069e-02
-1.172725204378366470e-02
-1.190906483680009842e-02
-1.204542815685272217e-02
-1.268178783357143402e-02
-1.154542993754148483e-02
-1.268178876489400864e-02
-1.149997860193252563e-02
-1.190906390547752380e-02
-1.204542629420757294e-02
-1.222724374383687973e-02
-1.181815750896930695e-02
-1.139070466160774231e-02
-1.264382153749465942e-02
-1.314328238368034363e-02
-1.218018587678670883e-02
-1.281815487891435623e-02
-1.268178783357143402e-02
-1.159088406711816788e-02
-1.199997588992118835e-02
-1.195452082902193069e-02
-1.168179139494895935e-02
-1.227269787341356277e-02
-1.240906212478876114e-02
-1.318178512156009674e-02
-1.222724653780460358e-02
-1.177270431071519852e-02
-1.222724281251430511e-02
-1.195451803505420685e-02
-1.140906754881143570e-02
-1.209088321775197983e-02
-1.236360520124435425e-02
-1.267608907073736191e-02
-1.348035689443349838e-02
-1.116539444774389267e-02
-1.300888415426015854e-02
-1.274363696575164795e-02
-1.144417654722929001e-02
-1.312866341322660446e-02
-1.151155028492212296e-02
-1.110263727605342865e-02
-1.089550927281379700e-02
-1.168837957084178925e-02
-1.246359478682279587e-02
-1.082919817417860031e-02
-1.047358848154544830e-02
-1.094970945268869400e-02
-1.094275340437889099e-02
-1.262777578085660934e-02
-1.184988301247358322e-02
-1.217769272625446320e-02
-1.151530630886554718e-02
-1.181815657764673233e-02
-1.127270236611366272e-02
-1.163634005934000015e-02
-1.263633463531732559e-02
-1.195451803505420685e-02
-1.177270710468292236e-02
-1.229534018784761429e-02
-1.112368330359458923e-02
-1.139979995787143707e-02
-1.242813933640718460e-02
-1.334025058895349503e-02
-1.409033220261335373e-02
-1.437287125736474991e-02
-1.269783917814493179e-02
-1.329355873167514801e-02
-1.632849313318729401e-02
-1.968499831855297089e-02
-2.029712311923503876e-02
-1.977485790848731995e-02
-1.801833696663379669e-02
-1.812530495226383209e-02
-2.007537335157394409e-02
-1.990425772964954376e-02
-1.717074029147624969e-02
-1.343685761094093323e-02
-1.161815226078033447e-02
-1.104274392127990723e-02
-1.203686557710170746e-02
-1.221066340804100037e-02
-1.190621312707662582e-02
-1.299996767193078995e-02
-1.377269160002470016e-02
-1.263633277267217636e-02
-1.168179977685213089e-02
-1.165808457881212234e-02
-1.225308794528245926e-02
-1.299604773521423340e-02
-1.548035722225904465e-02
-1.501867268234491348e-02
-1.309694629162549973e-02
-1.731513999402523041e-02
-1.988552510738372803e-02
-2.384293079376220703e-02
-2.714828029274940491e-02
-2.618214488029479980e-02
-2.861424721777439117e-02
-2.489427663385868073e-02
-2.177627757191658020e-02
-2.400373667478561401e-02
-2.259641513228416443e-02
-2.396487444639205933e-02
-2.307608351111412048e-02
-2.337465621531009674e-02
-2.084736712276935577e-02
-1.601243950426578522e-02
-1.243152841925621033e-02
-1.128767151385545731e-02
-1.210139598697423935e-02
-1.303098350763320923e-02
-1.159088406711816788e-02
-1.236360706388950348e-02
-1.172047294676303864e-02
-1.226503401994705200e-02
-1.249123550951480865e-02
-1.469977758824825287e-02
-1.529888994991779327e-02
-1.574400626122951508e-02
-2.110319957137107849e-02
-2.447985485196113586e-02
-3.506737574934959412e-02
-3.288359567523002625e-02
-3.661331906914710999e-02
-3.428390994668006897e-02
-3.742794692516326904e-02
-3.171170875430107117e-02
-3.248282149434089661e-02
-3.308088332414627075e-02
-3.012224473059177399e-02
-2.802010253071784973e-02
-2.318410947918891907e-02
-2.657003700733184814e-02
-2.562191709876060486e-02
-2.200923487544059753e-02
-2.042598277330398560e-02
-1.127697527408599854e-02
-1.072082854807376862e-02
-1.244274713099002838e-02
-1.313829049468040466e-02
-1.309087499976158142e-02
-1.236360892653465271e-02
-1.256699394434690475e-02
-1.286787725985050201e-02
-1.750155165791511536e-02
-1.838768273591995239e-02
-1.985882036387920380e-02
-2.723919227719306946e-02
-2.683972381055355072e-02
-3.191030770540237427e-02
-3.020014427602291107e-02
-2.706552669405937195e-02
-2.799046970903873444e-02
-2.311203069984912872e-02
-1.319828070700168610e-02
-1.822483725845813751e-02
-9.365830570459365845e-03
-1.294321753084659576e-02
-1.281916908919811249e-02
-2.060597762465476990e-02
-1.797856576740741730e-02
-2.531600184738636017e-02
-2.440248057246208191e-02
-1.998555287718772888e-02
-1.876163482666015625e-02
-1.249373424798250198e-02
-1.202598959207534790e-02
-1.130033098161220551e-02
-1.131815928965806961e-02
-1.154079753905534744e-02
-1.308089029043912888e-02
-1.340851746499538422e-02
-1.972137577831745148e-02
-2.539464086294174194e-02
-2.884276956319808960e-02
-2.720213308930397034e-02
-3.099820576608181000e-02
-2.684933692216873169e-02
-2.761168591678142548e-02
-2.507137320935726166e-02
-2.875497378408908844e-02
-2.207580767571926117e-02
-1.486792042851448059e-02
-1.493300590664148331e-02
-1.786524243652820587e-02
-1.319822575896978378e-02
-1.710252091288566589e-02
-2.275336347520351410e-02
-2.155180647969245911e-02
-2.837572060525417328e-02
-2.640372700989246368e-02
-2.764972485601902008e-02
-2.348447777330875397e-02
-1.707251369953155518e-02
-1.175182871520519257e-02
-1.181601826101541519e-02
-1.145452447235584259e-02
-1.155024580657482147e-02
-1.293044071644544601e-02
-1.534061133861541748e-02
-2.218075282871723175e-02
-2.706487290561199188e-02
-3.097929060459136963e-02
-3.078213892877101898e-02
-2.807143144309520721e-02
-2.824447304010391235e-02
-2.902913279831409454e-02
-2.528988942503929138e-02
-1.667969487607479095e-02
-1.943619921803474426e-02
-1.515951845794916153e-02
-7.544375490397214890e-03
-9.260769933462142944e-03
-1.065365597605705261e-02
-1.243423670530319214e-02
-2.151804603636264801e-02
-1.819366030395030975e-02
-2.724163793027400970e-02
-2.742384560406208038e-02
-2.840479649603366852e-02
-2.581479586660861969e-02
-2.142548188567161560e-02
-1.135505083948373795e-02
-1.185647863894701004e-02
-1.170835178345441818e-02
-1.438319869339466095e-02
-1.167555246502161026e-02
-1.362565252929925919e-02
-2.302351221442222595e-02
-2.925615198910236359e-02
-3.111033700406551361e-02
-2.752742357552051544e-02
-2.526177093386650085e-02
-2.509597130119800568e-02
-3.016348741948604584e-02
-1.974063552916049957e-02
-1.851320825517177582e-02
-1.037896890193223953e-02
-1.627683080732822418e-02
-1.728075370192527771e-02
-5.342244636267423630e-03
-1.786862127482891083e-02
-1.980909891426563263e-02
-1.997650973498821259e-02
-2.186280861496925354e-02
-2.653665654361248016e-02
-3.013721667230129242e-02
-3.295616060495376587e-02
-2.966222167015075684e-02
-2.148891612887382507e-02
-1.293525937944650650e-02
-1.220781262964010239e-02
-1.114793121814727783e-02
-1.242421846836805344e-02
-1.308160740882158279e-02
-1.759854704141616821e-02
-2.428787574172019958e-02
-2.245221100747585297e-02
-3.075202554464340210e-02
-2.720155194401741028e-02
-2.661025896668434143e-02
-2.212841250002384186e-02
-1.987421885132789612e-02
-1.847095228731632233e-02
-1.376649923622608185e-02
-1.391891855746507645e-02
-1.336776837706565857e-02
-1.242017466574907303e-02
-1.308808289468288422e-02
-9.044939652085304260e-03
-1.578969135880470276e-02
-2.030736207962036133e-02
-2.135193161666393280e-02
-2.820831723511219025e-02
-2.866716682910919189e-02
-2.990942820906639099e-02
-2.748857624828815460e-02
-2.043152227997779846e-02
-1.180280745029449463e-02
-1.259693689644336700e-02
-1.184489391744136810e-02
-1.193081028759479523e-02
-1.280602253973484039e-02
-1.898801513016223907e-02
-2.034399472177028656e-02
-2.524151466786861420e-02
-2.961190603673458099e-02
-3.057784028351306915e-02
-2.682739123702049255e-02
-1.675533317029476166e-02
-8.187389932572841644e-03
-9.058327414095401764e-03
-1.035066973417997360e-02
-2.117900736629962921e-02
-1.560648530721664429e-02
-9.453714825212955475e-03
-1.422910671681165695e-02
-1.355957798659801483e-02
-2.407133206725120544e-02
-2.403693832457065582e-02
-2.519899792969226837e-02
-2.509565837681293488e-02
-2.430744096636772156e-02
-2.804007381200790405e-02
-2.444436587393283844e-02
-1.550708152353763580e-02
-1.029213052242994308e-02
-1.232367474585771561e-02
-1.211013179272413254e-02
-1.256895065307617188e-02
-1.302759069949388504e-02
-1.711317524313926697e-02
-1.920033991336822510e-02
-2.685594931244850159e-02
-3.181066364049911499e-02
-3.229175135493278503e-02
-2.501560002565383911e-02
-2.401343360543251038e-02
-1.298649236559867859e-02
-1.024193689227104187e-02
-1.814907975494861603e-02
-1.965888030827045441e-02
-1.574000343680381775e-02
-1.771967299282550812e-02
-1.596975885331630707e-02
-2.487400546669960022e-02
-1.975813694298267365e-02
-2.433073334395885468e-02
-2.437155880033969879e-02
-2.557568624615669250e-02
-2.395950257778167725e-02
-2.283991314470767975e-02
-2.419231832027435303e-02
-1.126449648290872574e-02
-1.086699403822422028e-02
-1.185006182640790939e-02
-1.132778823375701904e-02
-1.317144837230443954e-02
-1.392099447548389435e-02
-1.432296726852655411e-02
-1.984206028282642365e-02
-2.850604988634586334e-02
-3.619978576898574829e-02
-3.348692879080772400e-02
-2.543235011398792267e-02
-1.738881506025791168e-02
-1.499344501644372940e-02
-1.846885308623313904e-02
-2.241344563663005829e-02
-1.844819448888301849e-02
-2.322731725871562958e-02
-2.031804248690605164e-02
-1.536173280328512192e-02
-1.668130233883857727e-02
-2.296312153339385986e-02
-2.063944190740585327e-02
-2.600883692502975464e-02
-2.769693545997142792e-02
-2.887448482215404510e-02
-2.725308388471603394e-02
-2.190996520221233368e-02
-1.129142567515373230e-02
-1.154382154345512390e-02
-1.307269558310508728e-02
-1.235219929367303848e-02
-1.174008101224899292e-02
-1.247751340270042419e-02
-1.495114434510469437e-02
-2.052831649780273438e-02
-3.175116330385208130e-02
-3.785770386457443237e-02
-3.148353844881057739e-02
-1.948101446032524109e-02
-1.651733368635177612e-02
-1.832677610218524933e-02
-2.062038704752922058e-02
-1.844907924532890320e-02
-2.286849729716777802e-02
-2.293726801872253418e-02
-2.516096271574497223e-02
-2.633028104901313782e-02
-2.017414197325706482e-02
-1.711997948586940765e-02
-2.000025659799575806e-02
-2.765269763767719269e-02
-2.590833604335784912e-02
-2.823223918676376343e-02
-3.257877007126808167e-02
-2.214349620044231415e-02
-1.457733195275068283e-02
-1.162616815418004990e-02
-1.221262942999601364e-02
-1.184863783419132233e-02
-1.219052728265523911e-02
-1.456323917955160141e-02
-1.595789380371570587e-02
-1.858288608491420746e-02
-3.461210802197456360e-02
-3.734470531344413757e-02
-3.560739383101463318e-02
-2.242948859930038452e-02
-1.132054999470710754e-02
-1.860806532204151154e-02
-2.358188107609748840e-02
-2.274103090167045593e-02
-2.486384101212024689e-02
-2.494830824434757233e-02
-2.336218766868114471e-02
-9.080543182790279388e-03
-1.553885173052549362e-02
-1.703532412648200989e-02
-1.740131154656410217e-02
-2.790724486112594604e-02
-2.617087960243225098e-02
-2.742116898298263550e-02
-2.889498509466648102e-02
-2.540390193462371826e-02
-1.469337381422519684e-02
-1.155771501362323761e-02
-1.155737508088350296e-02
-1.220496278256177902e-02
-1.245968602597713470e-02
-1.276128459721803665e-02
-1.375951245427131653e-02
-2.187377586960792542e-02
-3.323830291628837585e-02
-3.470814600586891174e-02
-3.103968314826488495e-02
-2.188207954168319702e-02
-1.531289052218198776e-02
-1.564766280353069305e-02
-1.974087953567504883e-02
-2.620737068355083466e-02
-2.187325060367584229e-02
-1.450318749994039536e-02
-1.235685218125581741e-02
-1.327879074960947037e-02
-6.359898485243320465e-03
-1.138523966073989868e-02
-1.765640079975128174e-02
-2.406783774495124817e-02
-2.434521354734897614e-02
-3.177606686949729919e-02
-3.431940451264381409e-02
-2.664240822196006775e-02
-1.462154928594827652e-02
-1.230620872229337692e-02
-1.228695828467607498e-02
-1.221298426389694214e-02
-1.279782969504594803e-02
-1.263525988906621933e-02
-1.411637384444475174e-02
-2.453207597136497498e-02
-3.019250370562076569e-02
-3.492297977209091187e-02
-2.957656607031822205e-02
-2.932020835578441620e-02
-2.857565693557262421e-02
-2.381932735443115234e-02
-2.120969817042350769e-02
-1.882908493280410767e-02
-1.816667430102825165e-02
-1.299947779625654221e-02
-1.012122258543968201e-02
-1.768716610968112946e-02
-1.530109532177448273e-02
-1.212231349200010300e-02
-1.793535798788070679e-02
-2.675340510904788971e-02
-2.963094413280487061e-02
-2.953595854341983795e-02
-3.479212895035743713e-02
-2.821173518896102905e-02
-1.806020736694335938e-02
-1.163330115377902985e-02
-1.154293678700923920e-02
-1.172724831849336624e-02
-1.275986153632402420e-02
-1.186272036284208298e-02
-1.589623093605041504e-02
-2.693886309862136841e-02
-3.526610508561134338e-02
-3.674519807100296021e-02
-3.088745661079883575e-02
-2.831187471747398376e-02
-2.670240961015224457e-02
-2.555727772414684296e-02
-2.386868745088577271e-02
-1.465246826410293579e-02
-1.551038492470979691e-02
-1.369966473430395126e-02
-1.983815990388393402e-02
-1.724100857973098755e-02
-8.690929040312767029e-03
-2.226457931101322174e-02
-2.005818486213684082e-02
-2.580545656383037567e-02
-2.953882329165935516e-02
-3.392508998513221741e-02
-3.513651341199874878e-02
-2.888643369078636169e-02
-2.188785001635551453e-02
-1.320139039307832718e-02
-1.167501695454120636e-02
-1.328873541206121445e-02
-1.133812218904495239e-02
-1.260994561016559601e-02
-1.614490151405334473e-02
-2.887450717389583588e-02
-3.486000746488571167e-02
-3.471403568983078003e-02
-2.870351076126098633e-02
-3.516906499862670898e-02
-2.487406693398952484e-02
-2.994071319699287415e-02
-2.649669535458087921e-02
-1.652733422815799713e-02
-9.803079999983310699e-03
-2.080571092665195465e-02
-1.678434386849403381e-02
-1.261409930884838104e-02
-1.462248340249061584e-02
-1.101127546280622482e-02
-2.169953286647796631e-02
-2.793414331972599030e-02
-3.137979283928871155e-02
-3.807947784662246704e-02
-3.652011975646018982e-02
-2.692870050668716431e-02
-1.912474259734153748e-02
-1.299783028662204742e-02
-1.197947654873132706e-02
-1.127003319561481476e-02
-1.106111798435449600e-02
-1.267500687390565872e-02
-2.211617864668369293e-02
-3.068323805928230286e-02
-3.975203260779380798e-02
-3.243342041969299316e-02
-2.961402386426925659e-02
-2.642274834215641022e-02
-2.780438214540481567e-02
-2.928221970796585083e-02
-2.141894027590751648e-02
-1.881965994834899902e-02
-1.935582049190998077e-02
-2.028024382889270782e-02
-1.683405973017215729e-02
-1.191997714340686798e-02
-1.139432098716497421e-02
-1.592483371496200562e-02
-2.903162501752376556e-02
-3.164432570338249207e-02
-2.917839214205741882e-02
-3.567269444465637207e-02
-3.111478127539157867e-02
-2.494329772889614105e-02
-1.894754543900489807e-02
-1.399762742221355438e-02
-1.236111298203468323e-02
-1.204542815685272217e-02
-1.226431597024202347e-02
-1.301510911434888840e-02
-1.890389807522296906e-02
-2.587896026670932770e-02
-3.515454009175300598e-02
-3.491298854351043701e-02
-2.958745695650577545e-02
-2.952466532588005066e-02
-2.503607980906963348e-02
-1.948134787380695343e-02
-1.679434627294540405e-02
-7.711441256105899811e-03
-1.456365548074245453e-02
-1.017343532294034958e-02
-1.669305004179477692e-02
-1.267095841467380524e-02
-1.928097009658813477e-02
-1.515727303922176361e-02
-2.407497912645339966e-02
-2.807462401688098907e-02
-3.225826099514961243e-02
-3.167892992496490479e-02
-2.517415210604667664e-02
-2.447396144270896912e-02
-1.737464219331741333e-02
-1.340334303677082062e-02
-1.145505718886852264e-02
-1.248856075108051300e-02
-1.253989618271589279e-02
-1.213221997022628784e-02
-2.044132538139820099e-02
-2.646526508033275604e-02
-2.978108264505863190e-02
-3.121422976255416870e-02
-2.997996658086776733e-02
-2.395459450781345367e-02
-1.761896349489688873e-02
-1.551875285804271698e-02
-8.523368276655673981e-03
-9.580211713910102844e-03
-1.320515666157007217e-02
-9.212654083967208862e-03
-1.377023663371801376e-02
-1.806472241878509521e-02
-1.707668974995613098e-02
-1.911540515720844269e-02
-2.675822563469409943e-02
-2.990012057125568390e-02
-3.435239195823669434e-02
-2.897840738296508789e-02
-2.724403515458106995e-02
-2.018321305513381958e-02
-1.533970516175031662e-02
-1.350263133645057678e-02
-1.244061347097158432e-02
-1.180710457265377045e-02
-1.316075213253498077e-02
-1.345718000084161758e-02
-1.698536798357963562e-02
-2.305097877979278564e-02
-2.371281944215297699e-02
-2.833864092826843262e-02
-2.355592139065265656e-02
-2.266337908804416656e-02
-1.670097187161445618e-02
-1.405262295156717300e-02
-1.479484327137470245e-02
-1.341817528009414673e-02
-1.402140501886606216e-02
-1.671676710247993469e-02
-1.190555188804864883e-02
-1.474124006927013397e-02
-2.250916697084903717e-02
-2.226481959223747253e-02
-2.871352061629295349e-02
-3.349089995026588440e-02
-3.190588206052780151e-02
-2.788235433399677277e-02
-2.293561585247516632e-02
-1.519837696105241776e-02
-1.423205249011516571e-02
-1.303846575319766998e-02
-1.106522046029567719e-02
-1.127270609140396118e-02
-1.218179054558277130e-02
-1.182153541594743729e-02
-1.213152613490819931e-02
-1.990248821675777435e-02
-2.287433296442031860e-02
-1.966753229498863220e-02
-1.908818632364273071e-02
-1.598924398422241211e-02
-9.044838137924671173e-03
-1.356084551662206650e-02
-1.396671589463949203e-02
-1.517204102128744125e-02
-1.349415257573127747e-02
-1.974622718989849091e-02
-1.598387025296688080e-02
-1.208120770752429962e-02
-1.694431900978088379e-02
-2.449069544672966003e-02
-3.418694064021110535e-02
-3.160300850868225098e-02
-2.817004546523094177e-02
-2.328590862452983856e-02
-1.609926857054233551e-02
-1.561797130852937698e-02
-1.321707013994455338e-02
-1.051709428429603577e-02
-1.077271159738302231e-02
-1.113634463399648666e-02
-1.122725009918212891e-02
-1.239498145878314972e-02
-1.129586901515722275e-02
-1.277518551796674728e-02
-1.560978218913078308e-02
-1.905149221420288086e-02
-1.847057975828647614e-02
-1.672351546585559845e-02
-1.576536707580089569e-02
-1.804506778717041016e-02
-1.798156090080738068e-02
-2.219972759485244751e-02
-2.132310718297958374e-02
-2.342988550662994385e-02
-2.352526783943176270e-02
-2.238018438220024109e-02
-2.557574026286602020e-02
-2.742494083940982819e-02
-2.672333456575870514e-02
-2.672653086483478546e-02
-2.206877805292606354e-02
-1.778089627623558044e-02
-1.341565046459436417e-02
-1.349549461156129837e-02
-1.313312165439128876e-02
-1.109498832374811172e-02
-1.218179054558277130e-02
-1.231815479695796967e-02
-1.186361070722341537e-02
-1.237554755061864853e-02
-1.212296821177005768e-02
-1.126664225012063980e-02
-1.007661968469619751e-02
-1.012868247926235199e-02
-1.597625389695167542e-02
-2.024899795651435852e-02
-2.624028548598289490e-02
-2.656539157032966614e-02
-2.596592158079147339e-02
-2.755275554955005646e-02
-3.049408644437789917e-02
-2.534313313663005829e-02
-2.075060829520225525e-02
-2.248089015483856201e-02
-1.936629042029380798e-02
-1.993243210017681122e-02
-1.971440948545932770e-02
-1.880743727087974548e-02
-1.553491223603487015e-02
-1.476538646966218948e-02
-1.291421987116336823e-02
-1.361475791782140732e-02
-1.196913607418537140e-02
-1.100835856050252914e-02
-1.295451819896697998e-02
-1.068180333822965622e-02
-1.209088135510683060e-02
-1.186360977590084076e-02
-1.277269702404737473e-02
-1.156004704535007477e-02
-1.250459533184766769e-02
-9.863607585430145264e-03
-1.338319759815931320e-02
-1.567733287811279297e-02
-1.666486822068691254e-02
-1.641693338751792908e-02
-1.874382793903350830e-02
-1.844241470098495483e-02
-2.165525965392589569e-02
-1.856237836182117462e-02
-1.776292175054550171e-02
-1.721246726810932159e-02
-1.490177772939205170e-02
-1.372101251035928726e-02
-1.208322681486606598e-02
-1.192741841077804565e-02
-1.164043601602315903e-02
-1.448908727616071701e-02
-1.234596222639083862e-02
-1.235255878418684006e-02
-1.202439703047275543e-02
-1.227269880473613739e-02
-1.118179783225059509e-02
-1.213633362203836441e-02
-1.181815564632415771e-02
-1.163633912801742554e-02
-1.127270609140396118e-02
-1.235612295567989349e-02
-1.200941670686006546e-02
-1.205843687057495117e-02
-1.149443816393613815e-02
-1.088499650359153748e-02
-1.202830020338296890e-02
-1.179781649261713028e-02
-1.113579142838716507e-02
-1.185789052397012711e-02
-1.201047189533710480e-02
-1.163061987608671188e-02
-1.089729368686676025e-02
-1.157643366605043411e-02
-1.035896968096494675e-02
-1.157359499484300613e-02
-1.361992862075567245e-02
-1.489853020757436752e-02
-1.302777510136365891e-02
-1.112190075218677521e-02
-1.126575935631990433e-02
-1.268178597092628479e-02
-1.159088313579559326e-02
-1.177270151674747467e-02
-1.213633827865123749e-02
