-3.723363578319549561e-02
-3.153180330991744995e-02
-3.866755589842796326e-02
3.430281206965446472e-02
-3.885762766003608704e-02
4.925898276269435883e-03
-3.313248977065086365e-02
-3.636752814054489136e-02
-3.591672331094741821e-02
-3.784753754734992981e-02
-4.763143509626388550e-02
-4.595839977264404297e-02
-4.011595249176025391e-02
-3.434843569993972778e-02
-5.209629610180854797e-02
-3.759839013218879700e-02
-3.830611705780029297e-02
1.336049567908048630e-02
-4.021959751844406128e-02
-4.433993250131607056e-02
-4.118843004107475281e-02
-4.547828808426856995e-02
-3.235557302832603455e-02
-3.649785742163658142e-02
8.617811836302280426e-03
-3.392776101827621460e-02
-3.523446246981620789e-02
-1.290977839380502701e-02
-3.875341266393661499e-02
-3.523559495806694031e-02
2.235467359423637390e-02
-4.656716808676719666e-02
-4.862894862890243530e-02
-3.005506284534931183e-02
-5.082660913467407227e-02
-4.241685196757316589e-02
-1.676977053284645081e-02
-3.774192184209823608e-02
-2.826672792434692383e-02
9.818179532885551453e-03
-4.838336259126663208e-02
-4.413372278213500977e-02
-1.714470982551574707e-02
-3.859988972544670105e-02
-2.346832118928432465e-02
-3.527317568659782410e-02
-4.912751168012619019e-02
5.020363023504614830e-04
-4.665747284889221191e-02
-4.126052930951118469e-02
-4.412078857421875000e-02
-2.974674105644226074e-02
-4.460624977946281433e-02
-3.487253561615943909e-02
-3.929464146494865417e-02
-3.442747145891189575e-02
-3.502885624766349792e-02
-4.134804382920265198e-02
-8.249821141362190247e-03
-4.841982945799827576e-02
6.386591703630983829e-04
1.925824023783206940e-02
-3.561800345778465271e-02
-2.717411331832408905e-02
-4.422612488269805908e-02
-3.771198540925979614e-02
-2.401934377849102020e-02
-4.523928090929985046e-02
-2.761730737984180450e-02
-5.270515009760856628e-02
-4.058768227696418762e-02
-4.924151673913002014e-02
-4.546167701482772827e-02
-4.837516695261001587e-02
-4.537120088934898376e-02
-4.460568726062774658e-02
-4.322580620646476746e-02
-4.080684110522270203e-02
-3.139346092939376831e-02
-4.206889867782592773e-02
-3.521955385804176331e-02
-4.772008210420608521e-02
-3.858879581093788147e-02
-3.902110084891319275e-02
-3.442933037877082825e-02
-4.424834623932838440e-02
-3.532357141375541687e-02
-2.915932424366474152e-02
-4.469117149710655212e-02
-4.200697690248489380e-02
-3.782838582992553711e-02
-3.368986770510673523e-02
-4.522858932614326477e-02
-6.419692933559417725e-02
-3.112978860735893250e-02
-4.031476005911827087e-02
-5.273884534835815430e-02
-3.037647902965545654e-02
-1.420729234814643860e-02
-3.865542635321617126e-02
