-9.749752283096313477e-02 -1.769627779722213745e-01 -9.307012706995010376e-02 -1.653114408254623413e-01 -1.859331429004669189e-01 -5.170364677906036377e-02 -1.255885660648345947e-01 -1.380009800195693970e-01 -6.730043888092041016e-02 -1.067319437861442566e-01
-8.441454172134399414e-02 1.514202635735273361e-02 -5.131419375538825989e-02 -1.294606775045394897e-01 1.110750287771224976e-01 -1.525692790746688843e-01 -1.037207022309303284e-01 5.440863221883773804e-02 1.375415129587054253e-03 -5.970447510480880737e-02
3.057204373180866241e-02 -1.236901059746742249e-02 -2.081350423395633698e-02 3.444385714828968048e-03 2.078297920525074005e-02 -5.796457827091217041e-02 -4.269684851169586182e-02 -5.173737928271293640e-02 -1.710079014301300049e-01 -8.215130120515823364e-02
4.572428166866302490e-01 -6.976087391376495361e-02 -2.424925863742828369e-01 1.428302228450775146e-01 -5.342182889580726624e-02 4.108394682407379150e-01 1.658472120761871338e-01 -2.437221556901931763e-01 1.667291671037673950e-01 -8.547206968069076538e-02
-7.949866354465484619e-02 -1.249469444155693054e-01 -1.331232935190200806e-01 -4.732393473386764526e-02 -1.859614402055740356e-01 -1.723540276288986206e-01 -1.517968922853469849e-01 -1.525814831256866455e-01 -8.490660041570663452e-02 -1.864545978605747223e-02
-9.021480381488800049e-02 1.417526155710220337e-01 -7.022280991077423096e-02 2.038363926112651825e-02 -1.006847713142633438e-02 -8.341891318559646606e-02 -1.328908652067184448e-01 -1.043677423149347305e-02 -1.826843619346618652e-01 -3.309275256469845772e-03
-8.542554825544357300e-02 3.035322763025760651e-02 6.730804592370986938e-02 9.790744632482528687e-03 3.572415094822645187e-03 -4.667406156659126282e-02 -9.792076796293258667e-02 8.055606856942176819e-03 2.197859063744544983e-02 -1.103871762752532959e-01
8.847834169864654541e-02 -6.270107813179492950e-03 -1.637951135635375977e-01 -5.010134726762771606e-02 -1.132963970303535461e-01 -9.392618387937545776e-02 -1.148867830634117126e-01 -2.569223009049892426e-02 -1.304946988821029663e-01 -1.812791824340820312e-01
-1.389474421739578247e-01 -1.520663648843765259e-01 4.118469543755054474e-03 -1.138875856995582581e-01 -1.550756692886352539e-01 6.770578771829605103e-02 -5.574398860335350037e-02 3.902483964338898659e-03 -1.206298172473907471e-01 7.929330691695213318e-03
8.504984527826309204e-02 7.586518675088882446e-02 -1.858838647603988647e-01 -1.236062273383140564e-01 -1.390133649110794067e-01 -2.055215276777744293e-02 -2.086545675992965698e-01 -5.402927845716476440e-02 -3.140025585889816284e-02 -1.706784814596176147e-01
-1.786170899868011475e-01 -1.172703653573989868e-01 -7.335899025201797485e-02 -2.132241800427436829e-02 -2.972939796745777130e-02 -3.636687994003295898e-02 -5.428267270326614380e-02 -6.392810493707656860e-03 -6.285222619771957397e-02 1.445648074150085449e-01
-1.155105680227279663e-01 -1.749495603144168854e-02 -2.791490405797958374e-02 -2.633506990969181061e-02 5.502517521381378174e-02 -6.854955106973648071e-02 6.200753152370452881e-02 -1.753608137369155884e-01 -3.201615810394287109e-02 -2.096684277057647705e-01
-7.900910824537277222e-02 -1.169393807649612427e-01 -5.794823169708251953e-02 2.803734317421913147e-02 -1.474363058805465698e-01 -4.803610593080520630e-02 -1.288897246122360229e-01 -1.632489114999771118e-01 -1.371892541646957397e-01 -5.671280249953269958e-02
-1.832594871520996094e-01 -1.416882127523422241e-01 2.440119720995426178e-02 -6.373834609985351562e-02 -1.751931011676788330e-01 -3.003084659576416016e-02 4.531229287385940552e-02 -2.500327676534652710e-02 -1.345353126525878906e-01 1.368250697851181030e-01
-8.138339966535568237e-02 -1.152972504496574402e-01 -4.158705472946166992e-02 -1.215771287679672241e-01 -1.083367690443992615e-01 -1.059600040316581726e-01 -7.313393801450729370e-02 2.564416639506816864e-02 -1.180059090256690979e-01 -1.178442388772964478e-01
-7.854655385017395020e-02 -6.619640439748764038e-02 -1.658715605735778809e-01 -1.026233434677124023e-01 -1.314808875322341919e-01 -1.280968487262725830e-01 -1.168738603591918945e-01 -1.000534370541572571e-01 -9.119022637605667114e-02 -5.746616423130035400e-02
-5.173686519265174866e-02 1.047953665256500244e-01 -1.703541725873947144e-01 1.651993021368980408e-02 -1.367628425359725952e-01 -1.296861916780471802e-01 -5.335897579789161682e-02 -3.923800960183143616e-02 8.778254687786102295e-02 -1.536068599671125412e-02
-1.575957834720611572e-01 -4.148463252931833267e-03 -5.446589738130569458e-02 3.947352245450019836e-02 1.099245622754096985e-01 -6.583334505558013916e-02 8.847430348396301270e-02 -8.797185122966766357e-02 -1.622205078601837158e-01 2.111281827092170715e-02
4.352321103215217590e-02 -7.569648325443267822e-02 -7.334496825933456421e-02 -9.004968404769897461e-02 -1.487396061420440674e-01 -1.486801207065582275e-01 -9.893111884593963623e-02 -1.704634577035903931e-01 -9.687215834856033325e-02 -1.176440864801406860e-01
-6.372365355491638184e-02 2.797637134790420532e-02 -1.757329553365707397e-01 -3.869302570819854736e-02 -6.738793849945068359e-02 2.696530334651470184e-02 -1.168089061975479126e-01 2.101635187864303589e-02 -9.483777731657028198e-02 2.327661402523517609e-02
-3.199363499879837036e-02 -2.874290198087692261e-02 -1.832103729248046875e-01 4.353553429245948792e-02 -5.724169686436653137e-02 -6.418063491582870483e-02 -1.004508137702941895e-01 -1.508423537015914917e-01 -9.252836555242538452e-02 -2.018026411533355713e-01
-1.348108649253845215e-01 -4.660245776176452637e-02 -1.411741366609930992e-03 1.212281524203717709e-03 6.481292843818664551e-02 -1.544145345687866211e-01 -1.341779250651597977e-02 -1.355464905500411987e-01 -8.552388846874237061e-02 -3.477336093783378601e-02
2.744516357779502869e-02 -2.503320574760437012e-02 -1.862385869026184082e-01 -5.171755328774452209e-03 -1.129466816782951355e-01 -9.242179244756698608e-02 -1.178579851984977722e-01 -1.924417018890380859e-01 -1.586235910654067993e-01 -1.827505379915237427e-01
-9.963371604681015015e-02 -1.753717474639415741e-02 -2.490149810910224915e-02 -1.252791732549667358e-01 -1.790983229875564575e-01 -1.489036530256271362e-01 -1.736367493867874146e-01 -9.467711299657821655e-02 -1.116457954049110413e-01 5.296770483255386353e-02
-6.142036989331245422e-02 -1.082681715488433838e-01 4.638200700283050537e-01 -1.251712590456008911e-01 -6.418094038963317871e-02 -1.932337731122970581e-01 6.503798812627792358e-02 9.406906366348266602e-02 -9.191031008958816528e-02 -1.661981791257858276e-01
-7.001850008964538574e-02 -1.273005362600088120e-02 -1.178101301193237305e-01 -1.598116010427474976e-01 -3.410000726580619812e-02 -1.624408662319183350e-01 -1.196066960692405701e-01 7.819037139415740967e-02 -1.361758261919021606e-01 -6.014541909098625183e-02
-5.385347455739974976e-02 -3.788154944777488708e-02 -1.764629334211349487e-01 -1.797042638063430786e-01 -1.669893860816955566e-01 -8.259803056716918945e-02 -1.074837744235992432e-01 -1.092599630355834961e-01 -1.022620722651481628e-01 -1.623660027980804443e-01
-9.921018779277801514e-02 -5.120693519711494446e-02 -7.472033053636550903e-02 -3.077661246061325073e-02 -1.583004891872406006e-01 -7.559453696012496948e-02 7.268420606851577759e-02 5.415579304099082947e-03 5.246089026331901550e-02 -4.560099914669990540e-03
-1.235480830073356628e-01 -1.593699306249618530e-01 -1.321825385093688965e-01 -1.803692877292633057e-01 1.196005381643772125e-02 4.887393862009048462e-02 -1.154393702745437622e-01 -1.424824744462966919e-01 -4.556214064359664917e-02 -1.700656116008758545e-01
-1.559875011444091797e-01 -1.243338882923126221e-01 -1.294522359967231750e-02 -3.738569468259811401e-02 7.450117915868759155e-02 -2.400849014520645142e-02 -3.452636674046516418e-02 8.108518086373806000e-03 -9.787152707576751709e-02 -4.701817780733108521e-02
-8.643957786262035370e-03 2.778591960668563843e-02 -8.168725669384002686e-02 -1.031982749700546265e-01 5.313891451805830002e-03 -9.983460605144500732e-02 -6.334342062473297119e-02 -6.231842190027236938e-02 -2.483167126774787903e-02 5.914869159460067749e-02
-1.366548687219619751e-01 -1.324569284915924072e-01 2.747558988630771637e-02 -8.188786357641220093e-02 -7.928146421909332275e-02 -1.259555220603942871e-01 1.125037521123886108e-01 -1.819060742855072021e-01 -1.065833717584609985e-01 4.380334913730621338e-02
-1.803032867610454559e-02 2.310442505404353142e-03 -3.717476129531860352e-02 -4.523728787899017334e-02 -1.875454038381576538e-01 -1.796521097421646118e-01 -1.541533414274454117e-02 -1.759068369865417480e-01 -1.043811291456222534e-01 4.123576357960700989e-02
-5.095397308468818665e-02 1.053143572062253952e-02 -1.800026446580886841e-01 8.085465990006923676e-03 -5.511699616909027100e-02 -8.995480090379714966e-02 -7.345460355281829834e-02 -2.090364247560501099e-01 -1.214699894189834595e-01 -1.599778234958648682e-01
-1.220975592732429504e-01 -4.309952259063720703e-02 -1.964284032583236694e-01 -1.821080595254898071e-01 -3.543274849653244019e-02 4.352413862943649292e-02 -1.464757472276687622e-01 8.297750353813171387e-02 -3.848327323794364929e-02 -1.631247103214263916e-01
-9.048157185316085815e-02 -1.848083138465881348e-01 -4.702300205826759338e-02 -1.533427536487579346e-01 -1.421505063772201538e-01 -1.452181786298751831e-01 -9.463368356227874756e-02 -1.118764132261276245e-01 -7.908941805362701416e-02 -9.737911075353622437e-02
8.078619092702865601e-02 1.471920777112245560e-02 -1.868833154439926147e-01 -1.033439189195632935e-01 -2.891845628619194031e-02 6.908734329044818878e-03 -1.416626870632171631e-01 -1.361897885799407959e-01 -1.755611039698123932e-02 -1.533371508121490479e-01
-9.216567873954772949e-02 -1.877503097057342529e-01 -1.794963181018829346e-01 -1.661227047443389893e-01 -1.484608352184295654e-01 -5.085058510303497314e-02 -1.033884435892105103e-01 -8.036456257104873657e-02 -5.534329265356063843e-02 -1.619453877210617065e-01
-1.162370964884757996e-01 -1.976926326751708984e-01 -4.735000431537628174e-02 -1.632532477378845215e-01 -1.287079788744449615e-02 -2.796782553195953369e-02 -7.954245060682296753e-02 -7.461467385292053223e-02 2.597068063914775848e-02 -1.658221632242202759e-01
-8.808413892984390259e-02 1.652394887059926987e-03 -2.634858153760433197e-02 -1.101486086845397949e-01 -5.527143925428390503e-02 -5.637298151850700378e-02 -3.518192097544670105e-02 5.635122209787368774e-02 -1.960427500307559967e-03 3.509945422410964966e-02
-7.367785274982452393e-02 -3.541797399520874023e-02 -7.662273943424224854e-02 -1.211089938879013062e-01 -3.559379279613494873e-02 -8.391169458627700806e-02 -5.173644050955772400e-03 -1.591414064168930054e-01 -8.244261890649795532e-02 7.002653926610946655e-02
-1.101623475551605225e-01 -1.409906744956970215e-01 -6.804404314607381821e-03 -6.755869835615158081e-02 -3.415905311703681946e-02 -1.570943742990493774e-01 -5.754118412733078003e-02 -2.869736403226852417e-02 -1.116554364562034607e-01 4.846364632248878479e-02
-9.703005105257034302e-02 -1.525508984923362732e-02 -2.003544569015502930e-01 -1.972003281116485596e-02 -1.233252733945846558e-01 -4.044367372989654541e-02 6.640100479125976562e-02 -7.515311241149902344e-02 8.191657066345214844e-02 -1.705674231052398682e-01
-7.962035387754440308e-02 -1.296800822019577026e-01 -2.586786076426506042e-02 -1.721718758344650269e-01 -1.866153329610824585e-01 -1.626807600259780884e-01 -1.056206598877906799e-01 -1.500296294689178467e-01 -8.179210871458053589e-02 -4.784280434250831604e-02
-1.213338598608970642e-01 -5.246406421065330505e-02 6.769300252199172974e-02 5.454265326261520386e-02 -7.489618659019470215e-02 -9.387698769569396973e-02 -1.643833518028259277e-01 -1.545783877372741699e-01 -1.481194049119949341e-01 1.606812328100204468e-01
-2.568072266876697540e-02 -6.520693004131317139e-02 -5.412475205957889557e-03 1.160334097221493721e-03 -4.668815433979034424e-02 -2.098429016768932343e-02 -7.887646555900573730e-02 -1.570092439651489258e-01 -1.350433379411697388e-01 -9.430932253599166870e-02
-1.748652756214141846e-01 2.475339360535144806e-02 -4.436412081122398376e-02 7.931336760520935059e-02 -8.104174584150314331e-02 -1.528697162866592407e-01 -1.560305152088403702e-02 4.582942649722099304e-02 -6.819315254688262939e-02 -3.028417937457561493e-02
-1.332729402929544449e-02 -1.077108904719352722e-01 -1.338094919919967651e-01 -2.011885307729244232e-02 -2.606930769979953766e-02 -2.832784876227378845e-02 -2.834076061844825745e-02 4.189867153763771057e-02 1.839851774275302887e-02 -1.265261918306350708e-01
-1.462855339050292969e-01 -1.757936030626296997e-01 -3.101361542940139771e-02 -9.581633657217025757e-02 3.077265433967113495e-02 -1.387976855039596558e-02 -7.886501960456371307e-03 -6.420879811048507690e-02 -3.848805651068687439e-02 -1.377235073596239090e-02
5.089453235268592834e-02 -1.147236377000808716e-01 -6.215062364935874939e-02 -3.324596956372261047e-02 -8.550240099430084229e-02 -1.288067251443862915e-01 -6.626660376787185669e-02 -9.344701468944549561e-02 -1.325573474168777466e-01 -9.097261354327201843e-04
-9.356837719678878784e-02 -3.893537446856498718e-02 8.702979236841201782e-02 -1.576043665409088135e-01 -1.675011366605758667e-01 -1.659068316221237183e-01 -1.331409066915512085e-01 -1.009525880217552185e-01 -9.939832240343093872e-02 -1.354765892028808594e-01
-2.037653513252735138e-02 -5.436024814844131470e-02 -5.460302159190177917e-02 -9.543493390083312988e-02 -3.927835822105407715e-02 -6.824374198913574219e-02 -7.621176540851593018e-02 -6.643437594175338745e-02 -8.209827542304992676e-02 -1.347371041774749756e-01
-1.074226126074790955e-01 -1.875234395265579224e-01 -5.203101783990859985e-02 -1.840248703956604004e-01 -1.262486279010772705e-01 -5.486242473125457764e-02 -1.337407622486352921e-02 -1.704727858304977417e-01 -7.106182724237442017e-02 -1.069688145071268082e-02
-2.750618010759353638e-02 -3.425181657075881958e-02 -1.911236196756362915e-01 -1.017490774393081665e-02 -2.011343240737915039e-01 -1.326767057180404663e-01 -1.519320458173751831e-01 6.961285322904586792e-02 1.722872816026210785e-02 -6.963165849447250366e-02
-1.144327893853187561e-01 -1.781025677919387817e-01 -1.350670754909515381e-01 -1.654293537139892578e-01 -1.024847850203514099e-01 -1.739278063178062439e-02 -7.930497825145721436e-02 2.575044520199298859e-02 -2.199345082044601440e-02 -1.588677465915679932e-01
-1.400057226419448853e-01 -1.450449377298355103e-01 -4.333982244133949280e-02 -1.634874045848846436e-01 1.113038137555122375e-01 5.257653445005416870e-02 -2.504372969269752502e-02 -2.267938852310180664e-02 -1.826541684567928314e-02 -1.774639636278152466e-01
-3.787713870406150818e-02 -7.479343563318252563e-02 -2.043266892433166504e-01 -9.036897867918014526e-02 -1.634590625762939453e-01 -4.544148594141006470e-02 -6.330967694520950317e-02 -1.926518082618713379e-01 4.225115105509757996e-02 -1.126166358590126038e-01
-3.622144460678100586e-02 -9.307483583688735962e-02 -6.405190378427505493e-02 1.233720406889915466e-02 -6.935649365186691284e-02 -1.573764085769653320e-01 -1.382050961256027222e-01 -4.652099311351776123e-02 -1.054792627692222595e-01 -1.870140992105007172e-02
-6.285875290632247925e-02 -7.087250798940658569e-02 -2.076802775263786316e-03 1.532202865928411484e-02 5.215363949537277222e-02 -9.966310113668441772e-02 2.146648615598678589e-02 -4.962377995252609253e-02 1.206711493432521820e-02 3.772248327732086182e-02
-1.294251829385757446e-01 2.993449755012989044e-02 -2.448685094714164734e-02 1.934252865612506866e-02 3.846930339932441711e-02 -4.225683957338333130e-02 -3.812237456440925598e-02 -1.432158201932907104e-01 -5.866579338908195496e-02 -1.288889721035957336e-02
-8.569418638944625854e-02 -1.572580076754093170e-02 5.100156366825103760e-02 -1.599819213151931763e-02 2.030275296419858932e-03 2.578509598970413208e-02 -6.175341457128524780e-02 7.639744784682989120e-03 -1.304427981376647949e-01 -6.459379941225051880e-02
-1.992454528808593750e-01 -9.625478088855743408e-02 -6.574884802103042603e-02 -4.606612399220466614e-02 -1.051811967045068741e-03 -3.160454332828521729e-02 -1.080059558153152466e-01 1.789528876543045044e-01 2.880704961717128754e-02 5.514962598681449890e-02
-2.819532528519630432e-02 5.975695326924324036e-02 -1.289252936840057373e-01 -2.640772610902786255e-02 -8.038072288036346436e-02 -1.295978426933288574e-01 -5.269617214798927307e-02 -1.163856685161590576e-01 2.797294035553932190e-02 -7.254617661237716675e-02
8.795538544654846191e-02 -9.514610469341278076e-02 -1.740522831678390503e-01 -4.972565919160842896e-02 -4.982566833496093750e-02 -1.732814013957977295e-01 -1.067967414855957031e-01 -1.013490259647369385e-01 -1.356018241494894028e-02 -1.297439336776733398e-01
-1.927186921238899231e-02 -3.217492625117301941e-02 -1.776703894138336182e-01 -1.208932846784591675e-01 -1.275043375790119171e-02 -9.446755796670913696e-02 -1.188426241278648376e-01 -1.120910346508026123e-01 -8.569296449422836304e-02 -1.590327322483062744e-01
4.764474928379058838e-02 -1.703823953866958618e-01 -1.728850007057189941e-01 -3.679561614990234375e-02 -9.611238539218902588e-02 -1.883117668330669403e-02 -1.826758831739425659e-01 -1.529295593500137329e-01 -8.001031726598739624e-02 -4.618899896740913391e-02
-1.979965418577194214e-01 -6.575140357017517090e-02 8.693455159664154053e-02 -2.711256965994834900e-02 -6.196948513388633728e-02 2.999651804566383362e-02 -9.543848223984241486e-03 -2.670011483132839203e-02 7.372196018695831299e-02 -2.164251953363418579e-01
-1.083439737558364868e-01 -9.838014096021652222e-02 -1.081928983330726624e-01 -7.247958332300186157e-02 -1.230097413063049316e-01 -6.353272497653961182e-02 -1.220244467258453369e-01 -1.382106691598892212e-01 -8.985605835914611816e-02 5.628778133541345596e-03
-6.898874789476394653e-02 -1.053044199943542480e-01 -1.841562092304229736e-01 -1.613891273736953735e-01 -8.397427201271057129e-02 -1.672736257314682007e-01 -1.150500774383544922e-01 -1.800670921802520752e-01 -8.129025250673294067e-02 -1.605475395917892456e-01
-8.726467937231063843e-02 9.341771900653839111e-02 -2.013099789619445801e-01 -7.655723392963409424e-02 6.821634620428085327e-02 -8.899389207363128662e-02 -7.235527783632278442e-02 -1.570712774991989136e-01 -4.040689393877983093e-02 -1.797757297754287720e-01
-2.373547852039337158e-02 2.947201579809188843e-02 -1.407923549413681030e-01 -1.600773334503173828e-01 -5.834258720278739929e-02 -1.306806206703186035e-01 -1.267234981060028076e-01 9.638988226652145386e-02 2.943108230829238892e-02 -1.369808614253997803e-01
1.520301960408687592e-02 -1.247070357203483582e-01 -8.373998850584030151e-02 -9.219390898942947388e-02 -1.815406829118728638e-01 -1.200087890028953552e-01 -1.193127706646919250e-01 -1.456590294837951660e-01 -8.546265959739685059e-02 -1.256764680147171021e-01
-9.614531695842742920e-02 -1.669033914804458618e-01 -1.888329833745956421e-01 -1.728735715150833130e-01 -9.980074316263198853e-02 1.980746723711490631e-02 -1.229696720838546753e-01 1.323774270713329315e-02 -6.827004998922348022e-02 -1.640611141920089722e-01
-4.053001757711172104e-03 -2.961804531514644623e-02 -7.595150172710418701e-02 -1.338455826044082642e-01 -1.973332613706588745e-01 -3.868240490555763245e-02 -7.099960744380950928e-02 2.852277085185050964e-02 -3.606602549552917480e-02 -1.149368211627006531e-01
6.184396892786026001e-02 -8.172827959060668945e-02 -1.811823993921279907e-01 -1.713898479938507080e-01 -1.939601153135299683e-01 -1.646635681390762329e-02 -1.074988171458244324e-01 -3.568147867918014526e-02 -7.684587687253952026e-02 -1.657369881868362427e-01
-9.741371870040893555e-02 -6.515807658433914185e-02 -1.559914555400609970e-02 -9.584008157253265381e-02 -1.219774782657623291e-02 4.782425239682197571e-02 -5.622335523366928101e-02 -1.646526157855987549e-01 -1.086174398660659790e-01 -1.356421709060668945e-01
-5.701570957899093628e-02 -4.988715797662734985e-02 -6.164925545454025269e-02 -2.484245412051677704e-02 -1.393058896064758301e-01 -1.217575445771217346e-01 -1.499119997024536133e-01 -6.225148588418960571e-02 -1.123224496841430664e-01 -1.158300712704658508e-01
-8.841906487941741943e-02 1.563183614052832127e-03 -9.288158267736434937e-02 -1.686288416385650635e-01 -9.033971279859542847e-02 2.856920659542083740e-02 -9.191805124282836914e-02 4.118989221751689911e-03 -6.811475008726119995e-02 -1.672205179929733276e-01
-6.978004425764083862e-02 -3.860419243574142456e-02 -5.544519424438476562e-02 -7.075200229883193970e-02 6.359776854515075684e-02 -1.105838492512702942e-01 8.518526330590248108e-03 4.048566799610853195e-03 4.475716874003410339e-02 -1.033143326640129089e-01
-1.014423072338104248e-01 -8.616035431623458862e-02 -1.284235119819641113e-01 -1.647572070360183716e-01 5.143781378865242004e-02 -8.789693564176559448e-02 -1.216130480170249939e-01 8.675622753798961639e-03 -1.719296723604202271e-02 -1.606717854738235474e-01
-6.889984011650085449e-02 -5.432355776429176331e-02 -1.507695615291595459e-01 -9.903173893690109253e-02 -6.902853399515151978e-02 -1.693460941314697266e-01 -7.356307655572891235e-02 -1.097504422068595886e-01 -7.739856839179992676e-02 -1.484423279762268066e-01
1.084759738296270370e-02 2.868650853633880615e-02 1.447268202900886536e-02 -8.609256707131862640e-03 -1.367283761501312256e-01 -1.781565248966217041e-01 -8.846677094697952271e-02 -1.107185408473014832e-01 -5.519955232739448547e-02 -5.559018626809120178e-02
4.751587659120559692e-02 -2.128322422504425049e-02 1.497751008719205856e-02 -1.471074670553207397e-01 -4.116145148873329163e-02 -9.698594361543655396e-02 -4.647981747984886169e-02 -5.279503390192985535e-02 2.189747616648674011e-02 -1.233399137854576111e-01
2.290734089910984039e-02 -9.480156749486923218e-02 -1.552091389894485474e-01 8.734442293643951416e-03 -1.194303259253501892e-01 -2.438517473638057709e-02 -1.366894245147705078e-01 -6.728130578994750977e-02 -1.728619486093521118e-01 -1.244270578026771545e-01
-1.156381592154502869e-01 -1.884445846080780029e-01 -1.419293135404586792e-01 -1.672811955213546753e-01 -1.086625009775161743e-01 -2.159147150814533234e-02 -1.133546009659767151e-01 -1.544071882963180542e-01 -3.258229792118072510e-02 -1.512052416801452637e-01
-2.435041964054107666e-02 -6.418149918317794800e-02 -1.909400671720504761e-01 -1.730460226535797119e-01 -1.802891045808792114e-01 -6.376887857913970947e-02 -1.080601066350936890e-01 2.469734847545623779e-02 -2.149059437215328217e-02 -1.603736281394958496e-01
-1.086114272475242615e-01 -1.184203252196311951e-01 -7.283053547143936157e-02 -7.777114957571029663e-02 -5.228645354509353638e-02 -7.021516561508178711e-02 -2.045678719878196716e-02 1.825623959302902222e-02 -5.028158426284790039e-02 -3.516210615634918213e-02
4.879859089851379395e-02 -5.521386489272117615e-02 -1.607755571603775024e-01 -8.530254662036895752e-02 -1.001106798648834229e-01 -1.566094309091567993e-01 -1.032529771327972412e-01 -6.186205148696899414e-02 -1.166003122925758362e-01 -1.431682556867599487e-01
-1.050365865230560303e-01 -1.339918673038482666e-01 -1.664935238659381866e-02 -1.204905137419700623e-01 9.193694591522216797e-02 -1.132420673966407776e-01 -5.199411883950233459e-02 -1.128555238246917725e-01 -3.034061007201671600e-02 -1.783832758665084839e-01
-7.244211737997829914e-04 2.052099676802754402e-03 -2.704930678009986877e-02 -3.375757858157157898e-02 -9.897617995738983154e-02 -8.475445955991744995e-02 -1.121009066700935364e-01 3.547625616192817688e-02 -1.216758564114570618e-01 -1.233270838856697083e-01
-3.583198413252830505e-02 5.478041619062423706e-02 -1.803923547267913818e-01 -5.692626535892486572e-02 -7.045309990644454956e-02 -3.427122533321380615e-02 -1.079599633812904358e-01 -6.490478664636611938e-02 -1.053634509444236755e-01 -1.657896935939788818e-01
-8.021284639835357666e-02 -5.255456268787384033e-02 -1.870117932558059692e-01 1.150863915681838989e-01 -6.672831624746322632e-02 -2.780182659626007080e-02 -1.739767491817474365e-01 -1.476315855979919434e-01 -4.262181743979454041e-02 -2.831187471747398376e-02
-1.792141236364841461e-02 -6.032621115446090698e-02 -1.673629432916641235e-01 -4.878177121281623840e-02 -1.735643595457077026e-01 -1.494654119014739990e-01 -8.070705085992813110e-02 4.610046371817588806e-02 -1.404376178979873657e-01 1.678848415613174438e-01
-9.613482654094696045e-02 9.186156839132308960e-02 -2.140625566244125366e-01 -1.596261560916900635e-01 -3.958189859986305237e-02 7.066499441862106323e-02 -1.563342213630676270e-01 1.277765780687332153e-01 4.557523876428604126e-02 -1.739729791879653931e-01
4.085191711783409119e-02 -1.423768885433673859e-02 -1.754192411899566650e-01 -4.688289016485214233e-02 -8.376360684633255005e-02 -4.094207659363746643e-02 -1.318696588277816772e-01 -1.938418745994567871e-01 -1.619185805320739746e-01 -1.763718724250793457e-01
-1.320824772119522095e-01 -1.926147192716598511e-01 -6.329707056283950806e-02 -1.798665821552276611e-01 -2.045004814863204956e-02 -1.248859800398349762e-02 -3.588838875293731689e-02 -1.148418411612510681e-01 -1.120264735072851181e-02 -5.794031172990798950e-02
-1.539351344108581543e-01 -1.977143995463848114e-02 -2.129103988409042358e-01 -4.825142771005630493e-02 2.150628119707107544e-01 -4.208864271640777588e-02 -1.140938624739646912e-01 -4.343860968947410583e-02 6.665060669183731079e-02 -1.749108582735061646e-01
9.746262803673744202e-03 -1.105934679508209229e-01 -1.820520758628845215e-01 -5.385472998023033142e-02 -1.759595125913619995e-01 -1.238991245627403259e-01 -9.304344654083251953e-02 -1.747703701257705688e-01 -9.397519379854202271e-02 -8.013183623552322388e-02
-4.549933969974517822e-02 -7.198002189397811890e-02 -1.317532174289226532e-02 -1.806431859731674194e-01 -1.540325582027435303e-01 6.608204450458288193e-03 -5.959212407469749451e-02 5.449353903532028198e-02 2.433602698147296906e-02 1.182717978954315186e-01
-8.187028020620346069e-02 -1.069068312644958496e-01 -1.631365716457366943e-01 -1.574248820543289185e-01 -9.936797618865966797e-02 -1.221603974699974060e-01 -1.096610426902770996e-01 -1.816092133522033691e-01 -8.654924482107162476e-02 -1.587125360965728760e-01
