2.429973799735307693e-03
2.872187085449695587e-02
-8.051157929003238678e-03
2.681210264563560486e-02
1.154429628513753414e-03
2.176518179476261139e-02
-2.723033353686332703e-02
2.853414416313171387e-02
4.618947952985763550e-02
4.191598668694496155e-02
2.268501184880733490e-02
5.274708196520805359e-02
4.945901309838518500e-05
3.119430877268314362e-02
1.495178043842315674e-02
8.232068270444869995e-03
2.490450441837310791e-02
1.917828060686588287e-02
2.966151013970375061e-02
1.839495450258255005e-02
1.186885498464107513e-02
5.225071799941360950e-04
1.619118452072143555e-02
8.504135534167289734e-03
3.836869448423385620e-02
3.584329411387443542e-02
1.651686988770961761e-02
3.488695248961448669e-03
6.034121033735573292e-04
1.518898177891969681e-03
2.727920189499855042e-02
2.512802556157112122e-02
5.993300583213567734e-03
4.044532030820846558e-02
-2.085920050740242004e-02
2.198718860745429993e-02
2.021895349025726318e-02
2.336861938238143921e-02
1.250508707016706467e-02
6.808133548474870622e-06
3.039224632084369659e-02
2.689245902001857758e-02
-1.105019240640103817e-03
2.585769630968570709e-02
3.496641665697097778e-02
2.220981381833553314e-02
2.589671313762664795e-02
1.336963102221488953e-02
8.392451331019401550e-03
3.187451511621475220e-04
1.949081942439079285e-02
1.274635177105665207e-02
2.324290387332439423e-02
8.112464274745434523e-05
2.727858722209930420e-02
9.733279235661029816e-03
1.068441942334175110e-02
-2.505701780319213867e-02
-3.285602666437625885e-03
1.735218800604343414e-02
4.638777114450931549e-03
9.486919268965721130e-03
7.686708122491836548e-04
1.468319352716207504e-02
1.116404426284134388e-03
1.672222092747688293e-02
1.450664736330509186e-02
4.925689427182078362e-05
1.637282967567443848e-02
8.171089924871921539e-03
8.072174750850535929e-07
3.627306595444679260e-02
4.388005658984184265e-02
7.854150608181953430e-03
1.913584885187447071e-03
2.721523679792881012e-02
2.466473914682865143e-02
8.318292908370494843e-03
4.301534499973058701e-03
2.627720870077610016e-02
2.233558893203735352e-02
2.674285694956779480e-02
1.650389283895492554e-02
-6.249036523513495922e-04
4.879728332161903381e-02
1.458730082958936691e-03
1.272079348564147949e-02
1.943957246840000153e-02
6.835055537521839142e-04
4.289363510906696320e-03
3.599233692511916161e-03
2.394156344234943390e-02
8.476706221699714661e-03
7.590630843878898304e-07
2.713890280574560165e-03
3.006408456712961197e-03
2.351639233529567719e-02
1.788476295769214630e-02
1.541910320520401001e-02
1.456989441066980362e-02
7.580218836665153503e-03
1.233068411238491535e-03
7.981065660715103149e-03
1.519963890314102173e-02
1.057755108922719955e-02
9.278501383960247040e-03
2.736418694257736206e-02
2.458004467189311981e-02
1.459554955363273621e-02
1.409866567701101303e-02
1.298511866480112076e-02
3.671607002615928650e-02
2.825107076205313206e-04
1.281770225614309311e-02
8.562611415982246399e-03
9.427198674529790878e-04
-6.042593624442815781e-03
-3.660802613012492657e-04
2.117054536938667297e-02
1.731964386999607086e-02
6.812074221670627594e-03
2.495485730469226837e-02
1.538373809307813644e-02
2.470180951058864594e-02
1.461686380207538605e-02
5.120271071791648865e-02
3.406084942980669439e-05
2.898501977324485779e-02
-2.758821099996566772e-02
2.353334100916981697e-03
2.204672247171401978e-02
2.341256244108080864e-03
-9.938853327184915543e-05
4.284997284412384033e-02
1.377653144299983978e-02
2.206857688724994659e-02
1.705932617187500000e-02
1.890434883534908295e-02
1.261372026056051254e-02
2.853924408555030823e-02
2.569485083222389221e-02
8.278264664113521576e-03
1.584373228251934052e-02
1.882046274840831757e-02
1.119020860642194748e-02
5.710133351385593414e-03
1.851828274084255099e-04
4.577147308737039566e-03
3.456167504191398621e-02
1.426471304148435593e-02
3.125673532485961914e-02
1.956189284101128578e-03
9.983726777136325836e-03
4.490434005856513977e-02
1.428655814379453659e-02
-1.160641622846014798e-04
-3.956699743866920471e-03
2.058155462145805359e-02
2.527314797043800354e-02
1.404164638370275497e-02
1.637264341115951538e-02
1.734683476388454437e-02
9.704366326332092285e-03
3.779452992603182793e-03
6.189279723912477493e-03
1.351136830635368824e-03
2.375678195676300675e-05
4.730320069938898087e-03
7.896416820585727692e-03
4.082355182617902756e-03
8.210744454117957503e-06
2.414643019437789917e-02
-1.971237175166606903e-02
3.053496778011322021e-02
8.136910386383533478e-03
3.421106189489364624e-02
2.286100201308727264e-02
1.223258953541517258e-02
8.666573558002710342e-04
3.495358396321535110e-03
3.166272863745689392e-02
5.665344651788473129e-03
1.748221926391124725e-02
1.686053723096847534e-02
1.668789051473140717e-02
-2.499298425391316414e-03
9.208871051669120789e-03
2.535203844308853149e-02
1.594096980988979340e-02
1.165191922336816788e-02
1.041860040277242661e-02
1.775895617902278900e-02
1.646605692803859711e-02
4.186755977571010590e-03
1.795714907348155975e-02
2.376419259235262871e-03
1.968595199286937714e-02
1.553490571677684784e-02
2.375504560768604279e-02
7.649072911590337753e-03
2.925850264728069305e-02
5.953089799731969833e-03
1.088949199765920639e-02
9.649938903748989105e-03
4.663481377065181732e-03
2.513176202774047852e-02
2.468664385378360748e-02
2.188799902796745300e-03
1.140581630170345306e-02
2.676606923341751099e-02
3.105788724496960640e-03
5.007555242627859116e-03
2.221069298684597015e-02
3.097558021545410156e-02
7.155512575991451740e-04
-1.495448872447013855e-02
7.147049065679311752e-03
2.651969552971422672e-04
5.707393866032361984e-03
1.148710027337074280e-02
1.690666936337947845e-02
2.161158248782157898e-02
9.867683053016662598e-03
3.068191464990377426e-03
1.051721256226301193e-02
-2.007595030590891838e-03
1.972335763275623322e-02
1.354300137609243393e-02
1.091019436717033386e-02
1.303851231932640076e-02
1.835268223658204079e-03
2.158793620765209198e-02
1.836472190916538239e-03
4.741430529975332320e-06
2.099491842091083527e-02
2.887680009007453918e-02
1.526887901127338409e-02
1.605288125574588776e-02
1.027590595185756683e-02
2.117013745009899139e-02
1.476044021546840668e-02
1.203091349452733994e-02
2.001430466771125793e-02
1.636649109423160553e-02
1.040175743401050568e-02
6.352076306939125061e-03
-8.774242363870143890e-03
-2.088653109967708588e-02
9.885961189866065979e-04
4.772057859980805006e-09
2.454333880450576544e-04
7.078904673107899725e-06
6.919793318957090378e-03
-6.121028680354356766e-03
4.059009253978729248e-03
1.499425154179334641e-02
8.986430242657661438e-03
2.159712091088294983e-02
2.347089163959026337e-02
1.765895634889602661e-02
-4.236921668052673340e-03
3.700662404298782349e-02
3.388988599181175232e-02
2.438592910766601562e-02
2.563074929639697075e-03
2.816324494779109955e-02
8.672780040797078982e-07
1.282672397792339325e-02
2.028198214247822762e-03
1.029260642826557159e-02
1.484213024377822876e-02
1.679077558219432831e-02
1.458372455090284348e-02
2.032046206295490265e-02
2.226750366389751434e-02
1.734182424843311310e-02
1.640590466558933258e-02
3.236991167068481445e-02
-8.686468005180358887e-03
1.937837339937686920e-02
1.947588846087455750e-02
3.018361143767833710e-02
3.141885995864868164e-02
2.461645193397998810e-02
1.484416425228118896e-02
-8.944921195507049561e-03
2.844964910764247179e-05
1.386785227805376053e-02
1.903589256107807159e-02
8.329796604812145233e-03
7.119981106370687485e-03
1.605799794197082520e-02
4.093519877642393112e-03
9.161013178527355194e-03
3.549626842141151428e-02
9.692215360701084137e-03
5.472955759614706039e-03
2.560939639806747437e-03
1.734695956110954285e-02
6.105269305408000946e-03
4.889827966690063477e-02
8.053593337535858154e-03
4.847040865570306778e-03
2.584954909980297089e-02
3.539726138114929199e-02
-2.546395990066230297e-04
9.326094761490821838e-03
3.267407417297363281e-02
2.659538760781288147e-03
6.718766875565052032e-03
1.325255446135997772e-02
6.514377426356077194e-03
3.663915675133466721e-03
1.539649721235036850e-02
-1.993913669139146805e-03
1.788460300303995609e-03
2.236722595989704132e-02
5.960661917924880981e-03
2.318422868847846985e-02
3.122957656159996986e-03
5.191676318645477295e-02
1.796593144536018372e-02
1.852201670408248901e-02
4.330950975418090820e-02
7.844599895179271698e-03
1.615116186439990997e-02
2.991498695337213576e-05
3.063511394429951906e-05
2.326689101755619049e-02
4.508209414780139923e-03
5.476279184222221375e-02
1.755146309733390808e-02
1.847541518509387970e-02
6.149363238364458084e-03
1.839494146406650543e-02
2.599603682756423950e-02
2.546330541372299194e-02
2.704951353371143341e-02
1.456888858228921890e-02
2.525239810347557068e-02
4.349309951066970825e-02
9.343298152089118958e-03
3.883624449372291565e-02
5.254969000816345215e-03
5.357604473829269409e-02
2.782383188605308533e-02
2.519144676625728607e-02
1.743207685649394989e-03
2.390988916158676147e-02
2.688925713300704956e-02
5.540306866168975830e-02
1.200003363192081451e-02
2.071288786828517914e-02
2.204384841024875641e-02
1.931525208055973053e-02
1.541173644363880157e-02
2.062605321407318115e-02
3.443464636802673340e-02
4.584512859582901001e-02
-5.075355526059865952e-03
3.150118887424468994e-02
-2.164538018405437469e-03
2.360313013195991516e-02
1.746535860002040863e-02
7.210674695670604706e-03
2.124186046421527863e-02
-5.341609357856214046e-04
1.765893772244453430e-02
2.706965617835521698e-02
4.132334142923355103e-02
1.887628968688659370e-05
5.831670016050338745e-03
3.466222435235977173e-02
4.534169286489486694e-02
5.359791684895753860e-04
1.209513191133737564e-02
1.573291979730129242e-02
9.703552350401878357e-03
6.870144046843051910e-03
-8.977251127362251282e-03
1.182945817708969116e-02
6.098351906985044479e-03
1.018155552446842194e-02
1.665033982135355473e-03
1.587232807651162148e-03
9.393836953677237034e-04
1.657875813543796539e-02
1.839814148843288422e-02
3.136678412556648254e-02
-1.482388563454151154e-02
1.941709779202938080e-02
5.272901151329278946e-03
-1.638103974983096123e-03
-7.039279676973819733e-03
4.837758839130401611e-03
3.353809192776679993e-02
-1.273674983531236649e-02
3.202616795897483826e-02
4.073828458786010742e-02
1.547493599355220795e-02
