8.716761589050292969e+00
1.059161090850830078e+01
9.189522743225097656e+00
9.901787757873535156e+00
1.036178588867187500e+01
1.025314617156982422e+01
1.062585926055908203e+01
1.018296623229980469e+01
1.048140239715576172e+01
9.658901214599609375e+00
1.014703083038330078e+01
9.360271453857421875e+00
9.882739067077636719e+00
8.732886314392089844e+00
7.855035781860351562e+00
9.118947029113769531e+00
8.623963356018066406e+00
1.039366149902343750e+01
1.011392211914062500e+01
5.959790706634521484e+00
1.030849838256835938e+01
8.752333641052246094e+00
9.624782562255859375e+00
1.020535087585449219e+01
1.040610980987548828e+01
9.466742515563964844e+00
7.062258243560791016e+00
9.103944778442382812e+00
1.040194034576416016e+01
1.018586826324462891e+01
1.030081081390380859e+01
1.000724124908447266e+01
1.035677909851074219e+01
8.954552650451660156e+00
9.723196983337402344e+00
1.014030075073242188e+01
9.492346763610839844e+00
9.343824386596679688e+00
5.277420997619628906e+00
1.041499233245849609e+01
9.377594947814941406e+00
6.070479393005371094e+00
9.208765029907226562e+00
9.222989082336425781e+00
9.033722877502441406e+00
6.141718864440917969e+00
1.045861148834228516e+01
1.017828655242919922e+01
1.026422405242919922e+01
9.908792495727539062e+00
9.706581115722656250e+00
1.026640033721923828e+01
1.035023880004882812e+01
9.596222877502441406e+00
9.911175727844238281e+00
9.615232467651367188e+00
1.024645233154296875e+01
8.357108116149902344e+00
1.029660129547119141e+01
5.103458404541015625e+00
7.766964912414550781e+00
7.105235576629638672e+00
1.006366539001464844e+01
9.786173820495605469e+00
1.046235561370849609e+01
1.025843524932861328e+01
5.425135612487792969e+00
9.791491508483886719e+00
1.044995594024658203e+01
8.742544174194335938e+00
9.641057968139648438e+00
9.215691566467285156e+00
9.936268806457519531e+00
7.792610168457031250e+00
1.030285835266113281e+01
8.920641899108886719e+00
8.570796966552734375e+00
1.027933979034423828e+01
9.103480339050292969e+00
9.549201011657714844e+00
9.694204330444335938e+00
9.412568092346191406e+00
1.021629810333251953e+01
1.059283351898193359e+01
1.056523895263671875e+01
8.928381919860839844e+00
9.150689125061035156e+00
9.568942070007324219e+00
8.888533592224121094e+00
6.397244930267333984e+00
9.811790466308593750e+00
9.978685379028320312e+00
8.249674797058105469e+00
1.002255630493164062e+01
5.548443794250488281e+00
7.023394107818603516e+00
5.268006324768066406e+00
9.872289657592773438e+00
9.617150306701660156e+00
8.491097450256347656e+00
