-1.304398328065872192e-01
-1.276339441537857056e-01
-1.277761012315750122e-01
-1.282421946525573730e-01
-1.280789673328399658e-01
-1.286180764436721802e-01
-1.297560483217239380e-01
-1.305539458990097046e-01
-1.290735304355621338e-01
-1.297648251056671143e-01
-1.278315186500549316e-01
-1.312437355518341064e-01
-1.310524940490722656e-01
-1.310259401798248291e-01
-1.312089115381240845e-01
-1.283205300569534302e-01
-1.279819011688232422e-01
-1.294120550155639648e-01
-1.261262297630310059e-01
-1.321434527635574341e-01
-1.303045749664306641e-01
-1.303387284278869629e-01
-1.319390535354614258e-01
-1.324280202388763428e-01
-1.307355463504791260e-01
-1.275034844875335693e-01
-1.298003345727920532e-01
-1.277049332857131958e-01
-1.299402266740798950e-01
-1.311825960874557495e-01
-1.289672553539276123e-01
-1.279003769159317017e-01
-1.313820630311965942e-01
-1.293238252401351929e-01
-1.311527043581008911e-01
-1.342069655656814575e-01
-1.329272091388702393e-01
-1.383791565895080566e-01
-1.317825019359588623e-01
-1.341047137975692749e-01
-1.376297026872634888e-01
-1.359341442584991455e-01
-1.406248211860656738e-01
-1.374535411596298218e-01
-1.289127767086029053e-01
-1.355169862508773804e-01
-1.354696899652481079e-01
-1.336214095354080200e-01
-1.306098997592926025e-01
-1.271042078733444214e-01
-1.275200247764587402e-01
-1.299440115690231323e-01
-1.280631721019744873e-01
-1.325545608997344971e-01
-1.309693008661270142e-01
-1.305331587791442871e-01
-1.279934048652648926e-01
-1.316377222537994385e-01
-1.266997903585433960e-01
-1.321317553520202637e-01
-1.283685714006423950e-01
-1.282330006361007690e-01
-1.332576721906661987e-01
-1.351725161075592041e-01
-1.501924395561218262e-01
-1.525419503450393677e-01
-1.676293015480041504e-01
-1.661697924137115479e-01
-1.695762276649475098e-01
-1.716345995664596558e-01
-1.624828279018402100e-01
-1.488446444272994995e-01
-1.544153988361358643e-01
-1.580335646867752075e-01
-1.808928102254867554e-01
-1.789042651653289795e-01
-1.529365479946136475e-01
-1.526203900575637817e-01
-1.541976183652877808e-01
-1.406325548887252808e-01
-1.312906444072723389e-01
-1.312658488750457764e-01
-1.308502256870269775e-01
-1.289979368448257446e-01
-1.308872997760772705e-01
-1.270626038312911987e-01
-1.232466697692871094e-01
-1.277066320180892944e-01
-1.299570202827453613e-01
-1.282182782888412476e-01
-1.353373080492019653e-01
-1.378885656595230103e-01
-1.655145883560180664e-01
-2.074621915817260742e-01
-2.370544821023941040e-01
-2.253499180078506470e-01
-2.324728816747665405e-01
-2.563119828701019287e-01
-2.255543917417526245e-01
-1.862295567989349365e-01
-2.138443440198898315e-01
-2.349872738122940063e-01
-2.643507122993469238e-01
-2.547659575939178467e-01
-2.420072108507156372e-01
-2.206771373748779297e-01
-1.972454190254211426e-01
-1.707012653350830078e-01
-1.532313078641891479e-01
-1.324081569910049438e-01
-1.301934868097305298e-01
-1.290375590324401855e-01
-1.315262913703918457e-01
-1.320887506008148193e-01
-1.311501264572143555e-01
-1.281839013099670410e-01
-1.322486698627471924e-01
-1.433899849653244019e-01
-1.662541776895523071e-01
-2.121734023094177246e-01
-2.559301257133483887e-01
-3.312758803367614746e-01
-3.111060261726379395e-01
-3.453864157199859619e-01
-3.460800945758819580e-01
-3.506915569305419922e-01
-2.746064960956573486e-01
-3.044672310352325439e-01
-3.369361758232116699e-01
-3.319302499294281006e-01
-3.215638101100921631e-01
-3.371919989585876465e-01
-3.489379882812500000e-01
-3.170764446258544922e-01
-2.679882943630218506e-01
-2.241974622011184692e-01
-1.770320683717727661e-01
-1.477447748184204102e-01
-1.308726966381072998e-01
-1.301399916410446167e-01
-1.287958472967147827e-01
-1.317606866359710693e-01
-1.258536428213119507e-01
-1.311284303665161133e-01
-1.450339853763580322e-01
-1.846702843904495239e-01
-2.218147814273834229e-01
-2.879344820976257324e-01
-3.072518408298492432e-01
-3.287880122661590576e-01
-3.235265612602233887e-01
-2.787142097949981689e-01
-1.923635452985763550e-01
-7.871055603027343750e-02
1.067956909537315369e-02
-6.567561533302068710e-03
-5.402178689837455750e-02
-1.722575724124908447e-01
-2.447815835475921631e-01
-2.716805040836334229e-01
-2.932650446891784668e-01
-3.375919759273529053e-01
-2.979483902454376221e-01
-2.546086609363555908e-01
-2.203039526939392090e-01
-1.544377058744430542e-01
-1.315908730030059814e-01
-1.293647140264511108e-01
-1.298338621854782104e-01
-1.297671943902969360e-01
-1.301081925630569458e-01
-1.346907615661621094e-01
-1.757367104291915894e-01
-2.415113151073455811e-01
-2.938645482063293457e-01
-3.215630054473876953e-01
-3.180158734321594238e-01
-3.238254785537719727e-01
-2.536119222640991211e-01
-1.463687717914581299e-01
-4.461676254868507385e-02
1.749693416059017181e-02
6.886941939592361450e-02
7.532083988189697266e-02
-1.159409526735544205e-02
-9.398028254508972168e-02
-2.388590872287750244e-01
-3.407067060470581055e-01
-3.828362226486206055e-01
-4.111354649066925049e-01
-3.488043844699859619e-01
-3.160410523414611816e-01
-2.235420793294906616e-01
-1.725963652133941650e-01
-1.310030668973922729e-01
-1.310148090124130249e-01
-1.320024132728576660e-01
-1.268849670886993408e-01
-1.373083144426345825e-01
-1.470088958740234375e-01
-1.928301900625228882e-01
-2.605811059474945068e-01
-3.274052441120147705e-01
-3.505383133888244629e-01
-3.469713032245635986e-01
-3.161136209964752197e-01
-1.869565248489379883e-01
-4.862887412309646606e-02
5.072825029492378235e-02
7.567105442285537720e-02
8.977805078029632568e-02
8.348570764064788818e-02
3.976797685027122498e-02
-2.078332379460334778e-02
-1.136042550206184387e-01
-2.171702533960342407e-01
-2.794063091278076172e-01
-3.798185586929321289e-01
-3.435631692409515381e-01
-3.084995150566101074e-01
-2.405419498682022095e-01
-1.805197149515151978e-01
-1.373576223850250244e-01
-1.305378675460815430e-01
-1.296391487121582031e-01
-1.329503953456878662e-01
-1.349379271268844604e-01
-1.531503796577453613e-01
-2.199679315090179443e-01
-2.958199381828308105e-01
-3.397346436977386475e-01
-3.341690599918365479e-01
-3.042197227478027344e-01
-2.262747734785079956e-01
-8.286734670400619507e-02
2.102370001375675201e-02
9.513666480779647827e-02
9.329088777303695679e-02
3.970119357109069824e-02
1.828807778656482697e-02
5.005494505167007446e-02
1.142220012843608856e-02
-3.407495841383934021e-02
-1.142849475145339966e-01
-2.013762742280960083e-01
-3.062765896320343018e-01
-2.991424798965454102e-01
-3.019758462905883789e-01
-2.303071767091751099e-01
-1.615416705608367920e-01
-1.349757015705108643e-01
-1.288796663284301758e-01
-1.361703574657440186e-01
-1.270902156829833984e-01
-1.387729942798614502e-01
-1.605548560619354248e-01
-2.180911451578140259e-01
-2.662245035171508789e-01
-3.519219756126403809e-01
-3.169650435447692871e-01
-2.706512510776519775e-01
-1.478603780269622803e-01
-1.389821246266365051e-02
6.888560205698013306e-02
8.152259141206741333e-02
4.218884278088808060e-03
-2.872854657471179962e-02
-4.986527189612388611e-02
-5.455408245325088501e-03
5.334811285138130188e-02
3.786538913846015930e-02
-2.696825750172138214e-02
-1.243040710687637329e-01
-2.544247210025787354e-01
-2.710296213626861572e-01
-2.780064940452575684e-01
-2.052606046199798584e-01
-1.546568274497985840e-01
-1.270821541547775269e-01
-1.285832822322845459e-01
-1.297113150358200073e-01
-1.348303705453872681e-01
-1.431445032358169556e-01
-1.607176214456558228e-01
-2.117492258548736572e-01
-2.832811474800109863e-01
-3.277438580989837646e-01
-2.904118895530700684e-01
-2.271441519260406494e-01
-1.027751415967941284e-01
3.884069994091987610e-02
7.706178724765777588e-02
3.430720791220664978e-02
-6.363238394260406494e-02
-7.111094892024993896e-02
-6.417729705572128296e-02
-2.859543450176715851e-02
4.635798186063766479e-02
2.884964272379875183e-02
-3.182456642389297485e-02
-1.250468492507934570e-01
-2.275879085063934326e-01
-2.565094828605651855e-01
-2.584522962570190430e-01
-2.216166704893112183e-01
-1.558575928211212158e-01
-1.234740391373634338e-01
-1.272542029619216919e-01
-1.320284008979797363e-01
-1.325318664312362671e-01
-1.310643404722213745e-01
-1.539155989885330200e-01
-2.183224111795425415e-01
-3.099004626274108887e-01
-3.311599195003509521e-01
-3.008686304092407227e-01
-2.345563769340515137e-01
-1.069985553622245789e-01
3.422325849533081055e-02
5.426626652479171753e-02
-1.867712289094924927e-02
-6.424057483673095703e-02
-5.801484361290931702e-02
-7.421818375587463379e-02
-2.390341833233833313e-02
2.460022829473018646e-02
5.176551267504692078e-02
-4.009180143475532532e-02
-1.432848721742630005e-01
-2.336616069078445435e-01
-2.769018411636352539e-01
-2.514520287513732910e-01
-2.279680371284484863e-01
-1.424907892942428589e-01
-1.195413246750831604e-01
-1.317851245403289795e-01
-1.294247955083847046e-01
-1.368777453899383545e-01
-1.352444291114807129e-01
-1.632710248231887817e-01
-2.381372451782226562e-01
-3.338423371315002441e-01
-3.429068922996520996e-01
-3.313083648681640625e-01
-2.611673176288604736e-01
-1.078277677297592163e-01
1.393504533916711807e-02
3.009171411395072937e-02
-6.246269214898347855e-03
-3.278445452451705933e-02
-6.112388521432876587e-02
-4.486885294318199158e-02
9.481832385063171387e-03
6.154426932334899902e-02
3.861227259039878845e-02
-6.559798121452331543e-02
-1.746502071619033813e-01
-2.504353821277618408e-01
-2.987039983272552490e-01
-2.847680449485778809e-01
-2.296092510223388672e-01
-1.335442364215850830e-01
-1.239326521754264832e-01
-1.291217356920242310e-01
-1.314963996410369873e-01
-1.342262327671051025e-01
-1.352903544902801514e-01
-1.668939739465713501e-01
-2.523879110813140869e-01
-3.337811529636383057e-01
-3.714691102504730225e-01
-3.397533297538757324e-01
-2.687838971614837646e-01
-1.105036437511444092e-01
-1.956017315387725830e-02
1.379435323178768158e-02
1.898949407041072845e-02
4.183096345514059067e-03
-4.036517813801765442e-03
-1.127436943352222443e-02
6.986049935221672058e-03
4.824005439877510071e-02
2.373562008142471313e-02
-9.775257855653762817e-02
-1.901025772094726562e-01
-2.566549181938171387e-01
-2.909871339797973633e-01
-2.998030483722686768e-01
-2.248807102441787720e-01
-1.536240279674530029e-01
-1.221624612808227539e-01
-1.295418292284011841e-01
-1.267599761486053467e-01
-1.273865401744842529e-01
-1.314507871866226196e-01
-1.571355611085891724e-01
-2.287649512290954590e-01
-3.550107777118682861e-01
-3.704273700714111328e-01
-3.611755073070526123e-01
-2.639475166797637939e-01
-9.809440374374389648e-02
-1.890429668128490448e-02
1.755640283226966858e-02
2.804470062255859375e-02
6.122546270489692688e-03
-6.835879292339086533e-03
7.000108249485492706e-03
8.018241822719573975e-02
7.643088698387145996e-02
3.656591288745403290e-03
-9.399591386318206787e-02
-1.957073658704757690e-01
-2.649952471256256104e-01
-2.915791571140289307e-01
-2.910637557506561279e-01
-2.449902594089508057e-01
-1.607938110828399658e-01
-1.300518959760665894e-01
-1.285057961940765381e-01
-1.319825649261474609e-01
-1.285627931356430054e-01
-1.287904083728790283e-01
-1.540681421756744385e-01
-2.541392743587493896e-01
-3.609865009784698486e-01
-3.799817264080047607e-01
-3.156301081180572510e-01
-2.307977676391601562e-01
-1.025479957461357117e-01
-1.621689833700656891e-02
2.380348369479179382e-02
-1.598077942617237568e-03
3.729036543518304825e-03
4.128537327051162720e-02
4.480342566967010498e-02
7.205304503440856934e-02
8.564910292625427246e-02
-1.455588079988956451e-02
-8.920826017856597900e-02
-1.800198554992675781e-01
-2.625017762184143066e-01
-3.290516138076782227e-01
-3.182811737060546875e-01
-2.592983841896057129e-01
-1.704817861318588257e-01
-1.336212009191513062e-01
-1.318797767162322998e-01
-1.291735619306564331e-01
-1.304312199354171753e-01
-1.266667395830154419e-01
-1.519662886857986450e-01
-2.646221220493316650e-01
-3.470024764537811279e-01
-3.863978683948516846e-01
-2.808010280132293701e-01
-2.142877727746963501e-01
-1.164982169866561890e-01
-3.889233618974685669e-02
-1.152216643095016479e-02
-6.632434204220771790e-03
-2.450581267476081848e-02
7.966423407196998596e-03
2.670273929834365845e-02
4.620493575930595398e-02
5.092709884047508240e-02
-9.908949956297874451e-03
-7.646404206752777100e-02
-1.982038468122482300e-01
-2.645993828773498535e-01
-3.156110346317291260e-01
-3.297798931598663330e-01
-2.570244371891021729e-01
-1.752050817012786865e-01
-1.342579871416091919e-01
-1.295612305402755737e-01
-1.294953525066375732e-01
-1.300460696220397949e-01
-1.275781393051147461e-01
-1.765763312578201294e-01
-2.815657854080200195e-01
-3.785296380519866943e-01
-3.751122355461120605e-01
-2.550788819789886475e-01
-1.585900634527206421e-01
-9.903177618980407715e-02
-6.144906952977180481e-02
-4.505392163991928101e-02
-2.303160168230533600e-02
-2.563885599374771118e-02
-1.300072483718395233e-02
-4.537172615528106689e-03
4.600323364138603210e-02
5.876404419541358948e-02
-3.449007123708724976e-02
-7.415749877691268921e-02
-1.721514910459518433e-01
-2.602567374706268311e-01
-3.214591145515441895e-01
-3.009854555130004883e-01
-2.414351701736450195e-01
-1.907943189144134521e-01
-1.321181952953338623e-01
-1.296036392450332642e-01
-1.271711587905883789e-01
-1.295235306024551392e-01
-1.385829150676727295e-01
-1.828112453222274780e-01
-2.935530543327331543e-01
-3.707495033740997314e-01
-3.570947647094726562e-01
-2.259746193885803223e-01
-1.568858623504638672e-01
-6.277586519718170166e-02
-6.280386447906494141e-02
-4.238976165652275085e-02
-3.972227126359939575e-02
3.372666658833622932e-03
-1.839344948530197144e-02
2.073735371232032776e-02
6.328950822353363037e-02
4.571831598877906799e-02
-1.603784225881099701e-02
-9.296633303165435791e-02
-1.946664303541183472e-01
-2.695670127868652344e-01
-3.157751858234405518e-01
-3.003374636173248291e-01
-2.223786860704421997e-01
-1.820843666791915894e-01
-1.350095719099044800e-01
-1.326279789209365845e-01
-1.294889301061630249e-01
-1.292485147714614868e-01
-1.360627412796020508e-01
-2.074486762285232544e-01
-3.032176494598388672e-01
-4.155729711055755615e-01
-3.535726070404052734e-01
-2.545517086982727051e-01
-1.533097773790359497e-01
-6.850916892290115356e-02
-3.147973492741584778e-02
-2.581661380827426910e-02
-1.912930421531200409e-02
-5.153877660632133484e-03
6.073422729969024658e-03
4.336159676313400269e-02
7.739483565092086792e-02
2.683004178106784821e-02
-4.986072704195976257e-02
-1.544825881719589233e-01
-2.393162250518798828e-01
-2.897893786430358887e-01
-3.172676265239715576e-01
-2.921581268310546875e-01
-2.241478264331817627e-01
-1.719235181808471680e-01
-1.315234601497650146e-01
-1.307077407836914062e-01
-1.292888820171356201e-01
-1.279307007789611816e-01
-1.337003111839294434e-01
-1.978384703397750854e-01
-2.789582312107086182e-01
-3.598143160343170166e-01
-3.517252802848815918e-01
-2.744868993759155273e-01
-2.032049298286437988e-01
-1.009398549795150757e-01
-1.827081292867660522e-02
-1.008017826825380325e-02
2.878473699092864990e-02
1.791393570601940155e-02
5.898765474557876587e-02
4.256769642233848572e-02
4.340897500514984131e-02
-3.347013890743255615e-02
-1.268376708030700684e-01
-2.205750048160552979e-01
-2.954806387424468994e-01
-3.082358241081237793e-01
-3.028827905654907227e-01
-2.441249936819076538e-01
-2.176690399646759033e-01
-1.525575369596481323e-01
-1.314046233892440796e-01
-1.307814866304397583e-01
-1.330318748950958252e-01
-1.255833953619003296e-01
-1.344839930534362793e-01
-1.931433528661727905e-01
-2.789392769336700439e-01
-3.259248137474060059e-01
-3.628107309341430664e-01
-3.548058867454528809e-01
-2.392651140689849854e-01
-1.165573820471763611e-01
-3.638051077723503113e-02
2.082189545035362244e-02
3.915137052536010742e-02
3.401637077331542969e-02
4.863508418202400208e-02
2.603045664727687836e-02
-1.957715302705764771e-02
-1.058933436870574951e-01
-1.847164630889892578e-01
-2.871117889881134033e-01
-3.121123015880584717e-01
-3.407230079174041748e-01
-2.791371941566467285e-01
-2.284210026264190674e-01
-1.702635437250137329e-01
-1.396120935678482056e-01
-1.312630623579025269e-01
-1.269221603870391846e-01
-1.319293975830078125e-01
-1.310950517654418945e-01
-1.301482319831848145e-01
-1.756049096584320068e-01
-2.286231368780136108e-01
-2.645890116691589355e-01
-3.249003291130065918e-01
-3.244062662124633789e-01
-2.685157954692840576e-01
-1.435460150241851807e-01
-5.057659000158309937e-02
-2.045938977971673012e-03
1.324725244194269180e-02
2.703551575541496277e-02
1.861687563359737396e-02
-1.269178837537765503e-02
-8.497178554534912109e-02
-1.718003153800964355e-01
-2.128574252128601074e-01
-2.876990437507629395e-01
-3.176155984401702881e-01
-2.835146784782409668e-01
-2.291164994239807129e-01
-2.090320885181427002e-01
-1.574368625879287720e-01
-1.333100348711013794e-01
-1.254181116819381714e-01
-1.287849992513656616e-01
-1.329196095466613770e-01
-1.313320547342300415e-01
-1.311554908752441406e-01
-1.458256393671035767e-01
-1.963675618171691895e-01
-2.289432585239410400e-01
-2.316207438707351685e-01
-2.268005758523941040e-01
-2.027038931846618652e-01
-1.103308647871017456e-01
-4.604763910174369812e-02
1.882656291127204895e-02
1.733020320534706116e-02
3.827505931258201599e-02
-7.765013258904218674e-03
-6.651585549116134644e-02
-1.328219622373580933e-01
-1.696391552686691284e-01
-2.119587510824203491e-01
-2.945812642574310303e-01
-2.629042565822601318e-01
-2.268264740705490112e-01
-2.061512768268585205e-01
-1.654281169176101685e-01
-1.443846225738525391e-01
-1.261301487684249878e-01
-1.263820827007293701e-01
-1.303194165229797363e-01
-1.297094821929931641e-01
-1.312485188245773315e-01
-1.305941939353942871e-01
-1.334101408720016479e-01
-1.542823314666748047e-01
-1.666354686021804810e-01
-1.732700020074844360e-01
-1.579125672578811646e-01
-1.321524530649185181e-01
-1.021650135517120361e-01
-4.807122796773910522e-02
-2.077245898544788361e-02
-2.478601597249507904e-02
-1.872112229466438293e-02
-7.190711051225662231e-02
-1.248296350240707397e-01
-1.550431996583938599e-01
-2.049793899059295654e-01
-2.174513190984725952e-01
-2.255932092666625977e-01
-2.112908661365509033e-01
-1.810483187437057495e-01
-1.665078401565551758e-01
-1.424365788698196411e-01
-1.380891948938369751e-01
-1.264960616827011108e-01
-1.242173090577125549e-01
-1.307388097047805786e-01
-1.295544058084487915e-01
-1.320262700319290161e-01
-1.270083487033843994e-01
-1.337682753801345825e-01
-1.424587965011596680e-01
-1.524523198604583740e-01
-1.619133353233337402e-01
-1.574380099773406982e-01
-1.888440251350402832e-01
-2.014106512069702148e-01
-1.840209364891052246e-01
-1.813918799161911011e-01
-1.767417788505554199e-01
-2.117188125848770142e-01
-2.222266346216201782e-01
-2.212502509355545044e-01
-2.556435763835906982e-01
-2.466913014650344849e-01
-2.130211293697357178e-01
-2.113990038633346558e-01
-1.853125989437103271e-01
-1.663046926259994507e-01
-1.512509733438491821e-01
-1.391008794307708740e-01
-1.355290114879608154e-01
-1.312095224857330322e-01
-1.314884126186370850e-01
-1.270934343338012695e-01
-1.329406350851058960e-01
-1.312008053064346313e-01
-1.283606439828872681e-01
-1.270661503076553345e-01
-1.364305913448333740e-01
-1.390749812126159668e-01
-1.322262585163116455e-01
-1.388273537158966064e-01
-1.522215455770492554e-01
-1.568976491689682007e-01
-1.411721110343933105e-01
-1.558589041233062744e-01
-1.533157229423522949e-01
-1.618253737688064575e-01
-1.582923233509063721e-01
-1.835902184247970581e-01
-1.984777897596359253e-01
-1.835213601589202881e-01
-1.746977865695953369e-01
-1.727159172296524048e-01
-1.635257750749588013e-01
-1.465787291526794434e-01
-1.395146846771240234e-01
-1.298541426658630371e-01
-1.307611465454101562e-01
-1.305111944675445557e-01
-1.326448023319244385e-01
-1.288681924343109131e-01
-1.323885619640350342e-01
-1.293083727359771729e-01
-1.270030736923217773e-01
-1.303205490112304688e-01
-1.309006810188293457e-01
-1.285358369350433350e-01
-1.346706002950668335e-01
-1.347541362047195435e-01
-1.393588483333587646e-01
-1.408845186233520508e-01
-1.422737985849380493e-01
-1.344464123249053955e-01
-1.430998444557189941e-01
-1.312442272901535034e-01
-1.559725254774093628e-01
-1.526978611946105957e-01
-1.541286855936050415e-01
-1.455599069595336914e-01
-1.444515883922576904e-01
-1.346417665481567383e-01
-1.378865242004394531e-01
-1.322550475597381592e-01
-1.265857219696044922e-01
-1.299614310264587402e-01
-1.304514855146408081e-01
-1.318158209323883057e-01
-1.308360844850540161e-01
-1.319138109683990479e-01
