-1.740684638207312673e-06
-1.545644067846296821e-06
-1.520437876934011001e-06
-1.444575332243402954e-06
-1.173150394606636837e-06
-1.436398406440275721e-06
-1.281199615732475650e-06
-1.429636768079944886e-06
-1.503258545199059881e-06
-1.332603119408304337e-06
-4.237507056359390845e-08
-4.354589577815204393e-08
-5.113563972258816648e-08
-4.138534137609894970e-08
-4.180677848353298032e-08
-5.073265896271550446e-08
-4.327946712123775796e-08
-4.349357496380434895e-08
-4.126936303805450734e-08
-4.558004818022709514e-08
-4.722904236587055493e-07
-4.710351788617117563e-07
-4.330954936904163333e-07
-4.957107080372225028e-07
-4.999158704777073581e-07
-5.581176765190321021e-07
-4.853991413256153464e-07
-4.939092832501046360e-07
-5.274151817502570339e-07
-5.220149432716425508e-07
-3.810143311966385227e-09
-3.859677466522271061e-09
-3.326084296872977575e-09
-3.930152203679426748e-09
-3.663986003488162169e-09
-3.741587040195781810e-09
-3.680577398412765433e-09
-3.503576762042825976e-09
-3.479871057976424709e-09
-3.546547056032522960e-09
-4.199439426884055138e-04
-4.210410406813025475e-04
-4.518712812568992376e-04
-4.300618311390280724e-04
-4.215564695186913013e-04
-4.211217164993286133e-04
-4.343958862591534853e-04
-3.713997721206396818e-04
-4.436534363776445389e-04
-4.180130781605839729e-04
-3.345016011735424399e-05
-4.229812475387006998e-05
-3.965066935052163899e-05
-4.053217708133161068e-05
-3.682168608065694571e-05
-4.252664803061634302e-05
-4.207500751363113523e-05
-3.364561780472286046e-05
-4.389097739476710558e-05
-3.661432492663152516e-05
-1.599599528390172054e-07
-2.098100821967818774e-07
-1.794205672922544181e-07
-2.084371004684726358e-07
-2.103091247818156262e-07
-1.946640679761912907e-07
-1.716141042606977862e-07
-1.994631020352244377e-07
-1.515172840527156950e-07
-1.973967158619416296e-07
-1.729850009724032134e-05
-1.922085539263207465e-05
-2.074561234621796757e-05
-1.967665411939378828e-05
-1.622980562387965620e-05
-1.437854371033608913e-05
-1.824773426051251590e-05
-1.505534328316571191e-05
-1.718205567158292979e-05
-1.750721821736078709e-05
-2.183057176807778887e-06
-1.936376520461635664e-06
-2.609848479551146738e-06
-2.351929197175195441e-06
-2.189713995903730392e-06
-1.855453660937200766e-06
-1.875498924164276104e-06
-1.694723891887406353e-06
-1.718107682791014668e-06
-2.283657522639259696e-06
-1.098883512895554304e-05
-1.145445548900170252e-05
-1.198637983179651201e-05
-1.005061585601652041e-05
-9.294453775510191917e-06
-1.108787455450510606e-05
-1.127780069509753957e-05
-1.248558510269504040e-05
-1.376145428366726264e-05
-1.139495634561171755e-05
