1.685229595750570297e-03
1.580485259182751179e-03
1.092407153919339180e-03
1.840269193053245544e-03
1.462112995795905590e-03
2.033874858170747757e-03
-2.986481413245201111e-04
5.740268970839679241e-04
1.571231870912015438e-03
-5.140095599927008152e-04
2.905984292738139629e-04
1.560339005663990974e-03
1.508298097178339958e-03
1.262587611563503742e-04
5.747274262830615044e-04
4.578014777507632971e-04
9.308157605119049549e-04
2.164573234040290117e-04
9.870016219792887568e-05
2.413477050140500069e-03
1.585675752721726894e-03
1.245842198841273785e-03
1.572004519402980804e-03
2.839214866980910301e-03
1.311424071900546551e-03
2.029541414231061935e-03
-3.016585833393037319e-04
1.966509968042373657e-03
7.400548201985657215e-04
1.502879429608583450e-03
1.512636663392186165e-03
-1.023083968902938068e-04
1.217778888531029224e-03
1.785461790859699249e-03
2.210654085502028465e-03
1.224807114340364933e-03
1.340310904197394848e-03
1.273229252547025681e-03
1.379021327011287212e-03
2.066465094685554504e-03
2.412173198536038399e-03
1.488980720750987530e-03
1.066850498318672180e-03
2.104010665789246559e-03
1.627375953830778599e-03
1.676605199463665485e-03
1.501086982898414135e-03
1.255327020771801472e-03
1.985098002478480339e-03
3.108056494966149330e-03
-3.782125131692737341e-04
-2.853053738363087177e-04
1.879756222479045391e-03
1.701709115877747536e-03
2.068837871775031090e-03
3.563069039955735207e-04
-6.733028567396104336e-05
1.654061721637845039e-03
1.229146961122751236e-03
1.469613052904605865e-03
1.613607746548950672e-03
1.250879955478012562e-03
1.626104814931750298e-03
7.683990988880395889e-04
2.599324332550168037e-03
1.024790457449853420e-03
9.446625481359660625e-04
1.206195214763283730e-03
1.914641936309635639e-03
1.047888770699501038e-03
1.609587576240301132e-03
1.180302118882536888e-03
8.067421731539070606e-04
1.770421979017555714e-03
1.487501431256532669e-03
1.751417294144630432e-03
9.020447032526135445e-05
2.325846871826797724e-04
8.085165754891932011e-04
1.403493457473814487e-03
1.195519580505788326e-03
2.062433166429400444e-03
2.657904697116464376e-04
1.932433340698480606e-03
1.998770516365766525e-03
1.008713850751519203e-03
1.491670496761798859e-03
1.234140712767839432e-03
1.466864487156271935e-03
1.789145520888268948e-03
1.186187728308141232e-03
1.335781882517039776e-03
1.620848081074655056e-03
1.025208854116499424e-03
9.805524023249745369e-04
8.446247666142880917e-04
9.347895975224673748e-04
1.085724798031151295e-03
1.273877918720245361e-03
1.787485321983695030e-03
1.186207169666886330e-03
2.547668525949120522e-03
1.591635169461369514e-03
1.221769838593900204e-03
8.496111840941011906e-04
9.945731144398450851e-04
9.772524936124682426e-04
1.044717966578900814e-03
-3.664740506792441010e-05
3.334113571327179670e-04
1.533331698738038540e-03
2.020410960540175438e-03
1.513971830718219280e-03
1.994718331843614578e-03
7.989754085429012775e-04
1.232303329743444920e-03
8.698067977093160152e-04
2.297489671036601067e-03
1.242327620275318623e-03
7.142209797166287899e-04
1.675861654803156853e-03
1.424534129910171032e-03
1.264633610844612122e-03
1.661361427977681160e-03
-1.664805313339456916e-04
1.663190079852938652e-03
1.167121692560613155e-03
8.817152702249586582e-04
-5.213629920035600662e-04
1.101887784898281097e-03
1.962483162060379982e-03
1.455522957257926464e-03
5.935666267760097980e-04
1.292221248149871826e-03
1.492799026891589165e-03
1.803848426789045334e-03
2.587700262665748596e-03
1.486685592681169510e-03
-9.886468760669231415e-04
8.552648359909653664e-04
2.079706027870997787e-04
2.663782564923167229e-03
2.117697848007082939e-03
1.235219300724565983e-03
1.112703117541968822e-03
5.747306277044117451e-04
5.181648302823305130e-04
1.239617005921900272e-03
7.524018292315304279e-04
6.847250624559819698e-04
2.308366354554891586e-03
-2.182204480050131679e-04
1.351300044916570187e-03
4.529852012638002634e-04
1.604421762749552727e-03
1.991698285564780235e-03
2.286784583702683449e-03
1.121557201258838177e-03
6.493651308119297028e-04
1.637518173083662987e-03
1.954617444425821304e-03
1.813172595575451851e-03
1.190368566312827170e-04
8.621318265795707703e-04
2.165001584216952324e-03
2.112005371600389481e-03
2.500965492799878120e-03
8.396654156967997551e-04
2.002744469791650772e-03
1.482170657254755497e-03
1.231244532391428947e-03
1.042014569975435734e-03
1.728602801449596882e-03
1.170742907561361790e-03
1.214442891068756580e-03
1.417749561369419098e-03
-3.228049026802182198e-04
2.166571095585823059e-03
4.834622959606349468e-04
4.577315121423453093e-04
5.562345613725483418e-04
2.161315409466624260e-03
6.982186459936201572e-04
1.218403107486665249e-03
1.765402499586343765e-03
6.281011737883090973e-04
2.529742196202278137e-03
9.095040149986743927e-04
1.301313051953911781e-03
9.742393158376216888e-04
1.224788022227585316e-03
1.120888860896229744e-03
1.722785877063870430e-03
1.570663414895534515e-03
1.289578038267791271e-03
1.362839364446699619e-03
1.378885237500071526e-03
2.763901371508836746e-03
1.546120620332658291e-03
3.781628911383450031e-04
-3.871067601721733809e-04
1.334829954430460930e-03
1.494055846706032753e-03
1.779775600880384445e-03
-3.323050041217356920e-04
1.895594992674887180e-03
1.063034520484507084e-03
1.409197575412690639e-03
2.236847765743732452e-03
1.729197218082845211e-03
5.479854298755526543e-04
-5.899230018258094788e-04
3.198682970833033323e-04
1.466179150156676769e-03
1.220820238813757896e-03
5.627300124615430832e-04
1.937978551723062992e-03
1.721512991935014725e-03
1.347748562693595886e-03
9.811788331717252731e-04
3.968307282775640488e-04
1.556556322611868382e-03
1.585237798281013966e-03
-1.037997135426849127e-04
7.703386363573372364e-04
