-8.510990883223712444e-04 1.258171047084033489e-03 2.172681270167231560e-03 -1.998873893171548843e-03 -1.074412139132618904e-03 -1.273920875973999500e-03 7.340726442635059357e-04 -6.630985299125313759e-04 -1.536578522063791752e-03 -1.499166828580200672e-03
-1.239454722963273525e-03 1.709995442070066929e-03 -1.890498097054660320e-03 -2.197748981416225433e-03 1.559158205054700375e-03 -8.627247298136353493e-04 -7.815691060386598110e-04 2.256539184600114822e-03 -2.542529255151748657e-03 -2.211187820648774505e-04
-1.192764728330075741e-03 2.772773616015911102e-03 -1.821939717046916485e-03 -1.964175375178456306e-03 5.627438076771795750e-04 -7.836425211280584335e-04 -1.355125685222446918e-03 2.186591736972332001e-03 -1.409063232131302357e-03 2.727966930251568556e-04
-2.050193288596346974e-04 8.579358691349625587e-04 -1.058331807143986225e-03 -2.417936921119689941e-03 -6.560360634466633201e-05 5.025191348977386951e-04 1.815716386772692204e-03 -3.416380612179636955e-03 -1.459649211028590798e-04 -5.932910717092454433e-04
-5.294704460538923740e-04 3.277604933828115463e-03 -9.069528314284980297e-04 -2.806484000757336617e-03 -2.752025611698627472e-04 3.010919317603111267e-04 5.798125639557838440e-04 -2.516904147341847420e-03 -3.358655958436429501e-04 -2.165085636079311371e-03
-1.571534667164087296e-04 -1.553549314849078655e-03 -4.337742924690246582e-03 1.265739439986646175e-03 -1.257066731341183186e-03 2.314139564987272024e-04 2.833293692674487829e-04 -2.644395455718040466e-03 -6.959940074011683464e-04 -1.103669055737555027e-03
-1.172390417195856571e-03 1.518738223239779472e-03 -2.045353874564170837e-03 -1.761787221767008305e-03 -4.856805899180471897e-04 -5.787737245555035770e-05 -1.611454878002405167e-03 1.103116781450808048e-03 -2.605496847536414862e-04 -2.831393794622272253e-04
-3.698855871334671974e-03 -2.375311451032757759e-03 1.849509892053902149e-03 6.951641989871859550e-04 -8.436203934252262115e-04 -3.774873213842511177e-03 5.674455896951258183e-04 -9.040994918905198574e-04 -2.957314718514680862e-04 -1.422964851371943951e-03
-2.797661349177360535e-03 1.553529873490333557e-03 3.471286501735448837e-03 -1.512298244051635265e-03 8.092494681477546692e-04 -1.774346339516341686e-03 3.905065124854445457e-03 -3.866689512506127357e-03 -3.084843512624502182e-03 -2.853096462786197662e-03
3.533471142873167992e-03 -2.767499245237559080e-04 -3.597373375669121742e-03 1.145277637988328934e-03 -2.525123534724116325e-03 3.520622383803129196e-03 -1.495619071647524834e-03 -2.569131320342421532e-03 -3.810139140114188194e-03 -3.145245369523763657e-03
6.300223176367580891e-04 -4.421176854521036148e-04 -2.797583816573023796e-03 -1.917632413096725941e-03 -1.190331997349858284e-03 8.988503395812585950e-05 4.634181677829474211e-04 -8.305974770337343216e-04 -1.284229336306452751e-03 7.704720483161509037e-04
-7.244787411764264107e-04 2.970802830532193184e-03 1.749076298438012600e-03 -2.004920737817883492e-03 -7.059273193590342999e-04 -2.236261061625555158e-04 8.455786155536770821e-04 -2.143194200471043587e-03 -1.389199751429259777e-03 -2.043755259364843369e-03
-2.021243562921881676e-03 -6.018886924721300602e-04 -2.315125428140163422e-03 -2.535933628678321838e-03 2.408965956419706345e-03 -1.174597418867051601e-03 2.107233973219990730e-03 1.762386993505060673e-03 -2.469447208568453789e-03 -7.265486055985093117e-04
-3.721196204423904419e-03 -5.390662117861211300e-04 2.829602919518947601e-03 -3.603398101404309273e-03 -1.905651181004941463e-03 -2.566705225035548210e-03 1.477279292885214090e-04 4.802235634997487068e-04 1.289631589315831661e-03 -8.950068149715662003e-04
6.632474833168089390e-04 -2.465415745973587036e-03 -5.431730765849351883e-03 2.336861070943996310e-04 -2.657188742887228727e-04 1.114339334890246391e-03 4.639253602363169193e-04 -5.664285272359848022e-03 7.134521147236227989e-04 -2.265251969220116735e-04
-2.000844338908791542e-03 2.101927762851119041e-03 -1.907116384245455265e-03 -2.074707066640257835e-03 9.901608573272824287e-04 -2.058769576251506805e-03 -1.748229144141077995e-03 3.743842709809541702e-03 -2.401109086349606514e-03 1.533801667392253876e-03
-1.092272112146019936e-03 -8.395715267397463322e-04 -3.163670888170599937e-03 3.310683532617986202e-04 -3.918801958207041025e-04 8.990214555524289608e-04 -2.382684033364057541e-03 3.036600537598133087e-04 1.033771841321140528e-04 -8.460332755930721760e-04
4.894350695394678041e-06 -2.527415286749601364e-03 8.084106957539916039e-04 -3.137886291369795799e-03 1.337181543931365013e-03 -9.813809301704168320e-04 9.877774864435195923e-04 -2.166895661503076553e-03 4.171778564341366291e-04 -2.148332307115197182e-03
-7.172811310738325119e-04 3.513535717502236366e-03 1.438843173673376441e-04 -5.714044091291725636e-04 -1.441657077521085739e-03 8.521189447492361069e-04 1.316743553616106510e-03 -2.572584664449095726e-03 -6.896875565871596336e-04 -2.389133907854557037e-03
-2.101464197039604187e-03 9.853945812210440636e-04 -2.068802481517195702e-03 -1.270338660106062889e-03 1.094448962248861790e-03 -1.601514290086925030e-03 -2.000066218897700310e-03 3.178887767717242241e-03 -2.195214154198765755e-03 3.046508878469467163e-03
-2.278869505971670151e-03 -6.417380645871162415e-04 2.078970428556203842e-03 -1.982757821679115295e-03 1.166116097010672092e-03 -1.486219698563218117e-04 -2.307206857949495316e-03 -2.082318998873233795e-03 -4.584767739288508892e-04 -7.839622558094561100e-04
-1.982503803446888924e-03 4.864878428634256124e-04 -2.863435773178935051e-03 -4.206643206998705864e-04 -3.959479799959808588e-04 3.602407407015562057e-03 2.470437902957201004e-03 -3.492704825475811958e-03 -1.234324183315038681e-03 -7.562973187305033207e-04
1.229542191140353680e-03 -7.219102117232978344e-04 -3.124052425846457481e-03 -4.038007464259862900e-03 1.534681417979300022e-03 7.163846166804432869e-04 -3.075073938816785812e-03 6.673317402601242065e-04 -1.908602076582610607e-03 2.158650662750005722e-03
-2.456698799505829811e-03 -1.787990448065102100e-03 2.563417190685868263e-03 -5.433381069451570511e-03 8.538273395970463753e-04 -3.808704670518636703e-03 1.406155643053352833e-03 -4.702033009380102158e-03 1.421267748810350895e-03 -2.881605760194361210e-04
-1.164983259513974190e-03 1.999960280954837799e-03 -1.622964045964181423e-03 -2.586364047601819038e-03 1.699888263829052448e-03 -4.380802274681627750e-04 -1.234292401932179928e-03 1.004430581815540791e-03 -1.426942530088126659e-03 -3.059155424125492573e-04
-1.717348000966012478e-03 3.407231764867901802e-03 -1.790357055142521858e-03 -1.686955569311976433e-03 -2.774558670353144407e-04 -1.737996353767812252e-03 -1.695109531283378601e-03 3.616519505158066750e-03 -1.885444740764796734e-03 1.108753145672380924e-03
5.709100514650344849e-04 -3.981534391641616821e-03 -5.415793508291244507e-03 8.618589490652084351e-04 -2.723613288253545761e-03 2.636043609527405351e-05 -2.714712871238589287e-03 -2.274609141750261188e-04 6.833207444287836552e-04 2.635220007505267859e-04
3.483462613075971603e-03 5.013262853026390076e-04 -1.131128985434770584e-03 -2.468338701874017715e-03 -2.327433787286281586e-03 -1.804702187655493617e-04 2.240823116153478622e-03 -2.185641555115580559e-03 -1.685103285126388073e-03 -3.227228298783302307e-03
1.375267282128334045e-03 -3.591969609260559082e-03 5.255536525510251522e-04 -9.755936480360105634e-05 -2.222345676273107529e-03 1.492251840318203904e-06 -7.067426107823848724e-03 -2.136208117008209229e-03 7.741840672679245472e-04 -2.560260007157921791e-03
1.120515516959130764e-03 -2.188435755670070648e-03 -1.931886072270572186e-03 -2.868202980607748032e-03 1.189431641250848770e-03 -4.504824464675039053e-04 1.752737094648182392e-03 -3.066575620323419571e-03 -7.195914513431489468e-04 6.884309113956987858e-04
-3.434184938669204712e-03 1.794997020624577999e-03 -1.511377166025340557e-03 -1.048819744028151035e-03 -1.546115032397210598e-03 -2.778713358566164970e-03 -2.855548635125160217e-03 3.725368762388825417e-03 4.787220386788249016e-04 1.119410619139671326e-03
2.235459163784980774e-03 -4.792331717908382416e-03 -2.905783185269683599e-04 -4.517566412687301636e-04 -1.671369420364499092e-03 -4.009430296719074249e-03 -1.390217687003314495e-03 5.742876091971993446e-04 -2.121098805218935013e-03 -9.061255259439349174e-04
-1.185497036203742027e-03 -2.818321343511343002e-03 -2.705575898289680481e-03 -9.266086271964013577e-04 2.186912111937999725e-03 3.334298962727189064e-04 5.996260733809322119e-05 -3.487307811155915260e-03 1.460981671698391438e-03 3.353943757247179747e-04
-2.454929752275347710e-03 -9.754488128237426281e-04 -2.647749846801161766e-03 3.095097199548035860e-04 1.717185368761420250e-03 -6.673535681329667568e-04 -3.249070141464471817e-03 1.804317231290042400e-03 -1.963346032425761223e-03 3.685944713652133942e-03
-1.662628375925123692e-03 -1.962600974366068840e-03 2.326391171663999557e-03 -1.568088540807366371e-03 2.687333617359399796e-04 -1.818604301661252975e-03 -1.335253356955945492e-03 -1.633878448046743870e-03 -5.559174460358917713e-04 1.333233958575874567e-04
-2.320241183042526245e-03 2.127601299434900284e-03 -1.417013700120151043e-03 7.602354162372648716e-05 5.472432530950754881e-05 -1.169973867945373058e-03 -1.920534297823905945e-03 1.255419570952653885e-03 -1.674453262239694595e-03 2.710927044972777367e-03
-1.227107946760952473e-03 8.621851447969675064e-04 -1.763956970535218716e-03 -2.214157255366444588e-03 -2.243718336103484035e-04 -1.231843139976263046e-03 3.281930694356560707e-03 -7.702636648900806904e-04 -1.928490353748202324e-03 1.076773260137997568e-04
-1.035800785757601261e-03 6.303482688963413239e-03 -9.275798802264034748e-04 -9.619964985176920891e-04 -8.729551336728036404e-04 -6.356103694997727871e-04 -9.981998009607195854e-04 -6.798294489271938801e-04 -4.769435035996139050e-04 -9.508766233921051025e-04
3.604306373745203018e-03 -1.156431273557245731e-03 -6.212034495547413826e-04 -2.170694991946220398e-03 -5.886732251383364201e-04 8.196838316507637501e-04 -7.904145750217139721e-04 -1.725405920296907425e-03 -1.898818882182240486e-03 -2.750469138845801353e-03
1.223328290507197380e-03 -4.116057243663817644e-04 -1.225299201905727386e-03 2.718505449593067169e-03 -5.583942867815494537e-03 1.301321201026439667e-03 -3.959032706916332245e-03 -3.777554491534829140e-03 3.142269793897867203e-03 -3.600587602704763412e-03
-2.926195273175835609e-03 4.808864090591669083e-03 -5.208787042647600174e-04 -1.899204449728131294e-03 -7.230134797282516956e-04 -6.489647785201668739e-04 -2.502547344192862511e-03 -7.894671871326863766e-04 2.292180433869361877e-03 -7.794130360707640648e-04
1.015997841022908688e-03 -1.846175524406135082e-03 -2.118446631357073784e-03 -3.449292853474617004e-03 7.759450236335396767e-04 5.395242478698492050e-04 1.418467494659125805e-03 -3.975591622292995453e-03 2.012838813243433833e-04 9.238247876055538654e-04
4.173360648564994335e-04 -2.703669946640729904e-03 3.821135032922029495e-05 2.739366842433810234e-03 -2.321118663530796766e-04 -6.424635648727416992e-04 -2.543836366385221481e-03 -1.182835083454847336e-03 -1.181326108053326607e-03 -2.167695201933383942e-03
-2.809687983244657516e-03 -1.280623371712863445e-03 1.034440472722053528e-03 -1.667607459239661694e-03 -2.669067122042179108e-03 -1.366150681860744953e-03 -3.826678148470818996e-04 2.071663737297058105e-03 -1.763914129696786404e-03 -6.499182200059294701e-04
-2.559227170422673225e-03 -2.643908839672803879e-03 3.462601685896515846e-03 -2.838135929778218269e-03 2.409578301012516022e-03 -2.891181502491235733e-03 1.709381816908717155e-03 -4.237797693349421024e-04 -2.910393988713622093e-03 6.006053299643099308e-04
-1.056777196936309338e-03 5.020179320126771927e-03 -2.340258215554058552e-04 -7.143991533666849136e-04 -6.223860546015202999e-04 -9.104936616495251656e-04 -1.115529914386570454e-03 -5.906543228775262833e-04 -5.684220814146101475e-04 -9.934818372130393982e-04
-1.046152086928486824e-03 -3.317890688776969910e-03 -1.674507861025631428e-03 -3.191725700162351131e-04 8.847233839333057404e-04 -1.695952028967440128e-03 1.776706310920417309e-03 -2.167541766539216042e-03 -3.425429342314600945e-03 -1.111745659727603197e-04
-5.046311765909194946e-03 -1.119226915761828423e-03 2.331468742340803146e-03 -4.217631649225950241e-03 1.425898866727948189e-03 -1.383386203087866306e-03 3.340535477036610246e-05 -4.798261914402246475e-03 2.331764204427599907e-03 6.622372893616557121e-04
4.110700916498899460e-03 -2.739332150667905807e-03 -3.739285515621304512e-03 2.109303139150142670e-03 -3.030488034710288048e-03 3.138147527351975441e-03 -2.960518002510070801e-03 -6.490031373687088490e-04 -3.159063402563333511e-03 -2.394043607637286186e-03
1.886084908619523048e-03 8.628956275060772896e-04 -3.398608416318893433e-03 3.339574905112385750e-03 -2.905876841396093369e-03 2.769457409158349037e-03 -4.014128353446722031e-03 -2.935896860435605049e-03 -1.015136949717998505e-03 -2.714209724217653275e-03
2.808508230373263359e-03 -6.775952060706913471e-04 7.819081074558198452e-04 -3.722231485880911350e-04 -1.842663972638547421e-03 -1.135611673817038536e-03 -1.528484630398452282e-03 -3.421756904572248459e-03 -2.912239404395222664e-03 -2.761703915894031525e-03
-1.331081846728920937e-03 -1.068335375748574734e-03 1.162220141850411892e-03 -1.578734256327152252e-03 -2.097732387483119965e-03 -1.268498133867979050e-03 -3.134216181933879852e-03 1.887486898340284824e-03 -2.052185125648975372e-03 -2.214443084085360169e-04
-2.188136102631688118e-03 3.078553592786192894e-03 3.464823123067617416e-03 2.601913642138242722e-03 -2.453077351674437523e-03 -8.597241831012070179e-04 -6.461520097218453884e-04 -3.492654999718070030e-03 -1.760674873366951942e-03 -3.217664081603288651e-03
3.154511097818613052e-03 -2.770070219412446022e-03 -8.600624278187751770e-05 -3.214819822460412979e-03 -1.004464458674192429e-03 3.296518407296389341e-04 -3.168514522258192301e-04 -1.314222230575978756e-03 -1.309681800194084644e-03 -1.392831793054938316e-03
-2.557024126872420311e-03 5.010565277189016342e-03 -1.088461140170693398e-03 -2.176194218918681145e-03 -1.021223841235041618e-03 -1.314570661634206772e-03 -2.480329247191548347e-03 8.037553052417933941e-04 1.781945815309882164e-03 -4.348919319454580545e-04
-1.236976124346256256e-03 -2.393576316535472870e-03 -8.705431828275322914e-04 5.043296841904520988e-04 -8.593129459768533707e-04 -9.272680035792291164e-04 -3.072624560445547104e-03 -1.459209714084863663e-03 -2.113742812070995569e-04 -1.313821878284215927e-03
-2.518860157579183578e-03 -5.741738714277744293e-04 -2.075432334095239639e-03 2.373668830841779709e-03 1.037752022966742516e-03 5.050518084317445755e-04 -2.704008715227246284e-03 -1.201887149363756180e-03 -1.816112344386056066e-04 9.295750642195343971e-04
1.707516261376440525e-03 -2.435538219287991524e-03 1.970151904970407486e-03 1.177252386696636677e-03 -7.297364529222249985e-03 -7.365521742030978203e-04 4.933372838422656059e-04 -3.577476600185036659e-03 1.909447368234395981e-03 -5.564834456890821457e-03
-1.199697493575513363e-03 6.743361242115497589e-03 -6.100244936533272266e-04 -5.848039290867745876e-04 -1.178505946882069111e-03 -7.608236628584563732e-04 -1.117246225476264954e-03 -1.048276084475219250e-03 -1.737946586217731237e-04 -1.281372853554785252e-03
-1.999882049858570099e-03 5.677306908182799816e-04 -2.395540708675980568e-03 1.117144929594360292e-04 -1.603261800482869148e-03 2.209782396676018834e-04 4.332258366048336029e-03 -8.149503846652805805e-04 -1.821669517084956169e-03 -4.959601792506873608e-04
7.435418665409088135e-04 -3.804125124588608742e-03 -4.265928175300359726e-03 1.367452670820057392e-03 -9.969576494768261909e-04 1.116131199523806572e-03 -3.758080303668975830e-03 2.277449966641142964e-04 1.143909175880253315e-03 9.310984023613855243e-05
-3.169011790305376053e-03 -9.280276717618107796e-04 -2.332607749849557877e-03 -1.472851145081222057e-03 3.573496069293469191e-04 -7.377970614470541477e-04 -5.777988582849502563e-03 9.576333686709403992e-04 2.013770863413810730e-03 1.536976080387830734e-03
-9.573690476827323437e-04 -3.547285450622439384e-03 -1.949654659256339073e-03 -2.124315360561013222e-03 6.700976518914103508e-04 1.316396286711096764e-03 1.532152062281966209e-03 -2.702382626011967659e-03 -5.237491568550467491e-04 1.840903569245710969e-04
3.862042445689439774e-03 -2.501482143998146057e-03 -1.663931412622332573e-03 -5.087097175419330597e-03 1.034510554745793343e-03 -3.452746197581291199e-03 9.492071112617850304e-04 -8.576406980864703655e-04 -4.160730168223381042e-03 7.413345156237483025e-05
-3.133570076897740364e-03 -1.457493868656456470e-03 -6.325517315417528152e-04 -3.561263729352504015e-04 -1.628070604056119919e-03 -1.724825007840991020e-03 -1.997667597606778145e-03 1.979485619813203812e-03 3.581765631679445505e-04 1.522972452221438289e-04
1.800266327336430550e-03 -3.810887690633535385e-03 2.408889122307300568e-03 -8.249245729530230165e-05 -3.940713591873645782e-03 -1.809209235943853855e-03 9.191273129545152187e-04 -3.565907711163163185e-03 -1.869172323495149612e-03 -3.903610631823539734e-03
-2.274141879752278328e-03 -2.944625681266188622e-03 2.735071117058396339e-03 -4.765326157212257385e-03 1.758420548867434263e-04 -4.801941104233264923e-03 1.032636500895023346e-03 -2.315443940460681915e-03 7.773524848744273186e-04 -6.083798944018781185e-04
5.592935485765337944e-04 -1.754396245814859867e-03 -3.252224298194050789e-03 -4.778059665113687515e-04 -4.227849713061004877e-04 -1.280441880226135254e-03 -2.664485946297645569e-03 2.734984038397669792e-03 -2.588163362815976143e-03 -1.139007508754730225e-03
-1.350158825516700745e-03 -3.971911035478115082e-03 1.842818921431899071e-03 2.886728325393050909e-04 -3.934295818908140063e-05 -1.923818490467965603e-03 -5.904162535443902016e-04 -3.285978222265839577e-03 -6.156872259452939034e-04 -5.500447005033493042e-04
-3.523769788444042206e-03 1.489266636781394482e-03 -1.249055610969662666e-03 7.860414334572851658e-04 -1.989909447729587555e-03 1.186632202006876469e-03 -1.716178492642939091e-03 1.274966169148683548e-03 -3.511534014251083136e-04 -1.153498538769781590e-03
-2.632431918755173683e-03 5.737294908612966537e-03 -1.552536617964506149e-03 8.095795637927949429e-04 -2.173287095502018929e-03 -1.399660395691171288e-04 -2.102449536323547363e-03 -1.183891785331070423e-03 2.017232822254300117e-03 -1.391703728586435318e-03
-6.699319928884506226e-04 -1.685899565927684307e-03 -4.434824804775416851e-04 -5.279586184769868851e-04 -5.186745896935462952e-03 -3.204805310815572739e-03 -1.901948358863592148e-03 2.892558462917804718e-03 -2.672541013453155756e-04 -1.469927810830995440e-04
-3.446378279477357864e-03 -2.506400458514690399e-03 1.446416601538658142e-03 -3.778645768761634827e-03 -9.244853863492608070e-04 -1.436587655916810036e-03 3.569743421394377947e-04 -3.029441693797707558e-03 1.835099072195589542e-03 4.021347849629819393e-04
-2.000758657231926918e-03 1.030896324664354324e-03 -2.005242276936769485e-03 -1.958421664312481880e-03 2.126547973603010178e-03 -1.671890611760318279e-03 -1.975294202566146851e-03 3.065439872443675995e-03 -2.088093664497137070e-03 2.188607584685087204e-03
-5.713640130124986172e-04 -3.066949080675840378e-03 -2.043717773631215096e-03 8.573220111429691315e-04 -1.185897854156792164e-03 7.278130506165325642e-04 -1.911664847284555435e-03 3.334086213726550341e-04 5.301838391460478306e-04 -1.895156223326921463e-03
-2.672960748896002769e-03 -6.777608068659901619e-04 1.214392948895692825e-03 -2.781392773613333702e-03 1.875587156973779202e-03 -1.378742163069546223e-03 -3.563844598829746246e-03 -3.503078478388488293e-04 1.839966047555208206e-03 5.161854205653071404e-04
3.027375089004635811e-03 -5.928194150328636169e-03 -4.595348611474037170e-03 -4.817937966436147690e-03 1.053061685524880886e-03 7.429520337609574199e-05 -1.113385660573840141e-03 8.004849078133702278e-04 -2.466806210577487946e-03 8.386161061935126781e-04
-1.270947046577930450e-03 3.767498768866062164e-03 -8.109604241326451302e-04 -2.125943545252084732e-03 -4.402073682285845280e-05 -4.648490867111831903e-04 -1.822593272663652897e-03 -1.019075498334132135e-04 4.970941226929426193e-04 -1.155149540863931179e-03
-8.311214623972773552e-04 3.480361774563789368e-04 -1.758853904902935028e-03 -8.552752551622688770e-04 -1.429526368156075478e-03 4.002444329671561718e-04 6.068812683224678040e-03 -2.044260501861572266e-03 -1.401528483256697655e-03 -1.575693604536354542e-03
2.088448498398065567e-03 -1.092317979782819748e-03 -3.591313492506742477e-03 -2.975445386255159974e-05 -1.802514889277517796e-03 -3.713949408847838640e-04 8.028082083910703659e-04 -2.441054675728082657e-03 -2.234875923022627831e-03 -7.169679884100332856e-05
-3.445548005402088165e-03 -2.435671631246805191e-03 -1.311222091317176819e-03 -6.956167635507881641e-04 -6.683923420496284962e-04 1.586604339536279440e-04 -9.291471797041594982e-04 1.177983591333031654e-03 1.588297891430556774e-03 5.916805821470916271e-04
-2.686793741304427385e-04 -3.995212260633707047e-03 2.771953819319605827e-03 6.716664065606892109e-04 -1.186527078971266747e-03 -1.637823996134102345e-03 -3.692492609843611717e-03 -2.118414267897605896e-03 9.907583007588982582e-04 -9.829901391640305519e-04
-9.546218789182603359e-04 -4.038188606500625610e-03 1.211238093674182892e-03 2.171035623177886009e-03 -4.502080846577882767e-03 -2.070020884275436401e-03 -1.367357443086802959e-03 -3.494819160550832748e-03 2.031258540228009224e-03 -1.119300839491188526e-03
4.381141625344753265e-03 -1.744547160342335701e-03 -4.435716837178915739e-04 -2.511244267225265503e-03 -1.655826577916741371e-03 -2.394897630438208580e-03 -7.254831143654882908e-04 1.796738593839108944e-03 -2.678295364603400230e-03 -1.787915243767201900e-03
2.097506774589419365e-03 -2.159078605473041534e-03 -1.933935127453878522e-04 -2.310052979737520218e-03 -4.407128319144248962e-03 -3.910527448169887066e-05 -4.344639019109308720e-04 -1.889070495963096619e-03 4.215365333948284388e-04 -1.994482940062880516e-03
-2.588672796264290810e-03 2.300292253494262695e-04 1.244666171260178089e-03 -1.164439017884433270e-03 5.507694440893828869e-04 -2.642944687977433205e-03 2.117962576448917389e-03 -2.422447316348552704e-03 -2.293367637321352959e-03 2.669450186658650637e-04
-7.833260460756719112e-04 -3.197544952854514122e-03 -3.984684124588966370e-03 -1.899854862131178379e-03 2.645300701260566711e-03 5.159867578186094761e-04 7.522273226641118526e-04 -6.285240408033132553e-03 9.287662687711417675e-04 9.425780735909938812e-04
4.572562174871563911e-04 -2.145725768059492111e-03 -5.340041243471205235e-04 -2.341261133551597595e-03 2.614659955725073814e-03 -7.766850176267325878e-04 4.013905767351388931e-03 -2.080126898363232613e-03 -3.522873856127262115e-03 -2.856944687664508820e-03
-2.574925078079104424e-03 4.946828354150056839e-03 3.730699245352298021e-05 1.617216505110263824e-03 -2.528573852032423019e-03 -1.096823252737522125e-03 -2.577933017164468765e-03 -1.551421359181404114e-03 1.565821701660752296e-03 -2.494122134521603584e-03
3.624116070568561554e-04 -3.036645706743001938e-03 1.835872768424451351e-03 -3.776316880248486996e-04 -2.040814375504851341e-03 -2.674288349226117134e-03 9.720537345856428146e-04 -1.206079381518065929e-03 -1.116862636990845203e-03 -2.761256648227572441e-03
-1.207939712912775576e-04 -2.684936625882983208e-03 1.407262752763926983e-04 8.102083811536431313e-04 -2.777084941044449806e-03 -1.679941342445090413e-04 -1.941606635227799416e-03 7.729660719633102417e-04 -6.061767344363033772e-04 -3.125836607068777084e-03
-3.606735961511731148e-03 1.342938048765063286e-03 -1.424468820914626122e-03 4.101739730685949326e-03 -3.750521456822752953e-03 1.681148889474570751e-03 -4.282849840819835663e-03 -1.458001439459621906e-03 3.302099648863077164e-03 -3.095584688708186150e-03
-3.077407134696841240e-03 1.563941361382603645e-03 -9.868504712358117104e-04 -4.733063396997749805e-04 -4.850701370742172003e-04 -2.230644167866557837e-04 -2.309269970282912254e-03 9.334887727163732052e-04 -1.087789423763751984e-04 6.280775414779782295e-04
-3.442512359470129013e-03 -1.224863692186772823e-03 2.665995853021740913e-03 1.074166037142276764e-03 -1.977505628019571304e-03 -2.395551418885588646e-03 -1.014769222820177674e-04 -1.578780123963952065e-03 1.627728459425270557e-03 -9.348691091872751713e-04
-1.055403030477464199e-03 -4.071340299560688436e-05 -1.141580636613070965e-03 -1.740832463838160038e-03 -1.853946159826591611e-04 -4.574345657601952553e-04 -1.123089110478758812e-03 1.931124133989214897e-03 -2.027045469731092453e-03 -1.381062436848878860e-03
-1.308421022258698940e-03 -3.607569029554724693e-03 7.744819740764796734e-04 7.299529970623552799e-04 -1.486585009843111038e-03 -3.556257579475641251e-03 -8.680804749019443989e-04 -1.029271748848259449e-03 -9.155814768746495247e-04 9.836255776463076472e-05
-2.183540491387248039e-03 -3.371497849002480507e-03 -3.776327008381485939e-03 2.613495104014873505e-03 -6.884441827423870564e-04 2.210916252806782722e-03 1.068985206075012684e-03 -1.042151008732616901e-03 -1.378008630126714706e-03 3.066533827222883701e-04
-1.733765238896012306e-03 -7.770204683765769005e-04 -1.800051191821694374e-03 -1.368902041576802731e-03 1.744351699016988277e-03 -1.102987793274223804e-03 -2.030645264312624931e-03 2.892571967095136642e-03 -1.676974236033856869e-03 3.144107526168227196e-03
-1.755583914928138256e-03 -3.443303983658552170e-03 -3.177890088409185410e-03 -1.482355990447103977e-03 1.410963828675448895e-03 -1.323261181823909283e-03 -5.087785422801971436e-03 2.453065942972898483e-03 1.968254335224628448e-03 2.592593897134065628e-03
-2.359159290790557861e-03 -1.417528837919235229e-03 7.697314140386879444e-04 1.880103140138089657e-03 -7.999668596312403679e-04 -2.299712970852851868e-03 -1.555918861413374543e-04 -1.865246100351214409e-03 -1.695131417363882065e-03 -1.827646861784160137e-03
-2.691648434847593307e-03 -2.135576505679637194e-04 -1.656971406191587448e-03 -1.609531347639858723e-03 2.643048297613859177e-03 -4.912742879241704941e-04 -3.375137923285365105e-03 9.792000055313110352e-04 -3.538742021191865206e-04 2.230266807600855827e-03
-2.273796126246452332e-03 3.156546736136078835e-04 -9.585755178704857826e-04 -1.566553721204400063e-03 2.066387329250574112e-03 -1.631036167964339256e-03 2.313661854714155197e-03 -5.605216138064861298e-04 -1.790306414477527142e-03 1.426769071258604527e-03
-7.551348535344004631e-04 -1.861826167441904545e-03 -6.494767148979008198e-04 -2.639802405610680580e-03 3.508337773382663727e-03 -1.410602009855210781e-03 -7.237175013870000839e-04 9.854946983978152275e-04 -3.715109080076217651e-03 -2.041348489001393318e-04
-3.317565890029072762e-03 2.796633169054985046e-03 -8.714965078979730606e-04 2.286111237481236458e-03 -1.913011306896805763e-03 1.944088609889149666e-03 1.550900866277515888e-03 -2.841498237103223801e-03 -1.734432764351367950e-03 -1.667308737523853779e-03
-1.423218171112239361e-03 -2.444832818582653999e-03 3.092770930379629135e-03 2.784330165013670921e-03 -3.038255963474512100e-03 -9.914014954119920731e-04 -2.544241142459213734e-04 -2.956525189802050591e-03 -4.310928925406187773e-04 -2.622351981699466705e-03
-1.800648518837988377e-03 -2.648883964866399765e-04 2.695941366255283356e-04 4.871924465987831354e-05 -1.629120321013033390e-03 -2.693353919312357903e-03 2.282666042447090149e-03 -8.703614585101604462e-04 -2.880124375224113464e-03 4.252294311299920082e-04
-3.483913838863372803e-03 3.585049125831574202e-04 -1.444794725102838129e-05 -9.003393934108316898e-04 -3.012986562680453062e-04 1.560336560942232609e-03 -1.875002402812242508e-03 -7.103859679773449898e-04 -1.758990547386929393e-04 -2.355441101826727390e-04
-1.700672204606235027e-03 3.611987689509987831e-03 -6.897496641613543034e-04 3.132523270323872566e-04 -1.718659070320427418e-03 -1.352407038211822510e-03 -1.620250754058361053e-03 2.615969860926270485e-03 -1.477321609854698181e-03 -3.705448762048035860e-04
-5.637832917273044586e-03 -2.828525612130761147e-03 1.063642441295087337e-03 6.629888666793704033e-04 4.416333977133035660e-04 -1.620659837499260902e-03 -9.520157473161816597e-04 -2.873696153983473778e-03 2.683548373170197010e-04 6.300818640738725662e-04
-1.189065515063703060e-03 -5.990883219055831432e-04 -1.296749804168939590e-03 -9.866276523098349571e-04 -4.604380519594997168e-04 -9.671503212302923203e-04 -1.367321703583002090e-03 4.322771448642015457e-03 -1.523879240266978741e-03 1.264708931557834148e-03
7.536969496868550777e-04 -3.713963320478796959e-03 -3.275839379057288170e-03 -2.457699505612254143e-03 1.808998640626668930e-03 -3.189099952578544617e-04 3.346132114529609680e-03 -1.234855968505144119e-03 -3.773846663534641266e-03 -6.443647725973278284e-05
-3.290575696155428886e-03 -1.812659204006195068e-03 2.221006667241454124e-03 1.948960474692285061e-03 -1.555537804961204529e-03 -3.422813722863793373e-03 7.819236489012837410e-04 -3.795229131355881691e-03 1.251642359420657158e-03 -4.622751381248235703e-03
-2.056182827800512314e-03 -2.575308899395167828e-04 -9.485044283792376518e-04 1.277087489143013954e-03 -2.016192956943996251e-05 -9.457368287257850170e-04 -3.642615629360079765e-04 -2.011563861742615700e-03 -3.540451580192893744e-04 2.427150320727378130e-05
-2.316158264875411987e-03 3.034903435036540031e-03 -4.252409271430224180e-04 3.628251433838158846e-04 -2.177530666813254356e-03 3.626062825787812471e-04 4.968974273651838303e-03 -2.524820854887366295e-03 -1.857061753980815411e-03 -2.062741434201598167e-03
-1.009959029033780098e-03 -1.818627002649009228e-03 -1.815345021896064281e-03 -3.596841590479016304e-03 3.822094295173883438e-03 -1.396149862557649612e-03 -1.414791215211153030e-03 1.400782028213143349e-03 -3.344408934935927391e-03 1.718300743959844112e-03
-1.413661520928144455e-04 -1.814999151974916458e-03 -2.563277492299675941e-03 -1.120183267630636692e-03 1.939589972607791424e-03 -3.701520618051290512e-04 -4.498545080423355103e-03 -3.439256921410560608e-03 2.437762217596173286e-03 1.134380581788718700e-03
-2.243782160803675652e-03 -5.213708500377833843e-04 -9.099551825784146786e-04 4.129174703848548234e-05 -9.392395731993019581e-04 -1.921975781442597508e-04 1.850418047979474068e-03 6.022784509696066380e-04 -1.761059393174946308e-03 4.512318118941038847e-04
2.489589154720306396e-03 -6.128179375082254410e-03 1.661132439039647579e-03 6.610936252400279045e-04 -2.677461830899119377e-03 -9.334729984402656555e-04 -1.977359643206000328e-03 -2.578106243163347244e-03 -1.107861986383795738e-03 -3.674746723845601082e-03
3.472811542451381683e-03 1.712859520921483636e-04 2.754430752247571945e-03 1.048025369527749717e-04 -5.644046235829591751e-03 -1.735592843033373356e-03 -2.606484573334455490e-03 -2.252441132441163063e-03 -1.142153632827103138e-03 -4.223376046866178513e-03
-1.437993953004479408e-03 -1.524158404208719730e-03 -1.874580630101263523e-03 5.723445792682468891e-04 -3.604773155529983342e-05 4.726881161332130432e-04 -1.996865263208746910e-03 3.437509440118446946e-05 4.146184655837714672e-04 2.737057802733033895e-04
2.753677777945995331e-03 1.049296814016997814e-03 -1.692766672931611538e-03 -1.507525215856730938e-03 -3.494215663522481918e-03 -2.085498708765953779e-04 2.810998354107141495e-03 -2.403053455054759979e-03 -1.448252936825156212e-03 -2.926271175965666771e-03
-1.134604914113879204e-03 6.561246700584888458e-03 -9.595243027433753014e-04 -6.561452173627912998e-04 -1.040056464262306690e-03 -7.462480571120977402e-04 -1.105580595321953297e-03 -8.267408702522516251e-04 -4.555160121526569128e-04 -9.185182279907166958e-04
-1.350451493635773659e-03 1.553801936097443104e-03 -3.680827794596552849e-04 -2.013891935348510742e-03 -1.349400263279676437e-04 -1.648159523028880358e-04 -1.780851045623421669e-03 4.695912066381424665e-04 1.775169163011014462e-03 -7.333414978347718716e-04
-7.590571767650544643e-04 4.968838184140622616e-04 -1.887656981125473976e-03 1.908447709865868092e-03 -2.149006118997931480e-03 1.260725315660238266e-03 4.748861538246273994e-04 -3.074555890634655952e-03 -1.731942407786846161e-03 -1.618138048797845840e-03
-3.908759914338588715e-03 8.033901685848832130e-04 -1.281738281250000000e-03 3.382002236321568489e-03 -2.064920263364911079e-03 2.146964689018204808e-04 -1.818942837417125702e-04 -2.004496753215789795e-03 1.204117201268672943e-03 -1.659392844885587692e-03
-1.480238744989037514e-03 2.896225312724709511e-03 -1.552168861962854862e-03 -2.094784751534461975e-03 5.272692069411277771e-04 -9.073889232240617275e-04 -1.491819275543093681e-03 1.477503683418035507e-03 -4.196991212666034698e-04 3.329437049615080468e-06
-1.478855032473802567e-03 2.657091536093503237e-04 -3.990750701632350683e-04 4.909118870273232460e-04 -3.255571704357862473e-03 -2.952064387500286102e-03 -2.727507846429944038e-03 4.341177642345428467e-03 -3.023938741534948349e-03 1.476827659644186497e-03
-1.733610173687338829e-03 1.625172095373272896e-03 -6.197788752615451813e-04 3.227704670280218124e-03 -2.731724409386515617e-03 -9.893701644614338875e-04 5.426193820312619209e-04 -2.585522597655653954e-03 -2.996762341354042292e-04 -2.292373683303594589e-03
4.450349602848291397e-03 -2.249390585348010063e-03 -2.829963341355323792e-03 -1.155945719801820815e-04 -3.139225998893380165e-03 1.550113316625356674e-03 -2.421750919893383980e-03 3.169451141729950905e-03 -3.312801709398627281e-03 -2.484734635800123215e-03
-2.973988419398665428e-03 -1.567623461596667767e-03 -2.211312530562281609e-03 3.910602070391178131e-03 -1.177015597932040691e-03 1.938220579177141190e-03 -2.573881996795535088e-03 1.631559571251273155e-04 -1.603195560164749622e-03 -6.913903052918612957e-04
9.272070601582527161e-04 2.033210126683115959e-03 -3.066412638872861862e-03 2.782915718853473663e-03 -2.679646480828523636e-03 3.339009825140237808e-03 -3.531111869961023331e-03 -2.017262391746044159e-03 -5.786296678707003593e-04 -2.078935271129012108e-03
-2.315663499757647514e-03 -3.229757072404026985e-03 1.793578150682151318e-03 -3.387111704796552658e-03 1.990915974602103233e-03 -3.979759756475687027e-03 -3.916835994459688663e-04 1.754163415171205997e-03 -2.692606765776872635e-03 8.316583116538822651e-04
7.481854991056025028e-04 -9.361780830658972263e-04 2.049633767455816269e-03 -3.330340841785073280e-03 -1.156334183178842068e-03 -3.212568582966923714e-03 -5.715148290619254112e-04 2.944715786725282669e-03 -3.271345281973481178e-03 -6.438787677325308323e-04
-4.198522772639989853e-03 -1.188338850624859333e-03 1.633907049836125225e-05 -2.359186531975865364e-03 1.750160241499543190e-03 5.381311639212071896e-04 -2.533130580559372902e-03 -4.427996929734945297e-03 2.129325177520513535e-03 6.609471165575087070e-04
-4.949139896780252457e-03 -6.971144466660916805e-04 5.380531656555831432e-04 -1.942820381373167038e-03 3.012915607541799545e-03 -7.858047029003500938e-04 1.150878961198031902e-03 -6.363871507346630096e-03 1.354626263491809368e-03 7.943898090161383152e-04
-8.864816627465188503e-04 6.186639424413442612e-03 -5.624301848001778126e-04 -3.210100985597819090e-04 -9.730035671964287758e-04 -8.751298300921916962e-04 -9.845711756497621536e-04 -6.564056384377181530e-04 -7.486807298846542835e-04 -9.058959549292922020e-04
-5.331832799129188061e-04 -1.660785521380603313e-03 -4.004877526313066483e-03 2.292697463417425752e-04 -2.550378674641251564e-03 -1.923602394526824355e-04 -7.403534254990518093e-04 -8.596378029324114323e-04 -1.084075658582150936e-03 -3.970089601352810860e-04
1.699203508906066418e-03 -1.061822287738323212e-03 -4.221305716782808304e-03 -4.990331362932920456e-03 -1.923993811942636967e-03 1.293951936531811953e-04 1.354272244498133659e-04 -1.011013868264853954e-03 2.970475179608911276e-04 -1.492298906669020653e-04
-2.252332633361220360e-03 1.940009766258299351e-03 -2.037134952843189240e-03 -8.128904155455529690e-04 -7.491619908250868320e-04 -8.694414282217621803e-04 -1.929952879436314106e-03 1.972160767763853073e-03 -2.465937868691980839e-04 1.529796281829476357e-03
-2.692946465685963631e-03 4.685425199568271637e-03 -4.057313490193337202e-04 1.117770094424486160e-03 -1.030773506499826908e-03 -2.760259085334837437e-04 -6.157570169307291508e-04 -2.005472313612699509e-03 -1.014448935166001320e-03 -7.110406877472996712e-04
-2.314277691766619682e-03 1.832922920584678650e-03 2.400652883807197213e-04 -1.107468851841986179e-03 -9.983240161091089249e-04 -1.852638437412679195e-03 2.500260248780250549e-03 -9.197516483254730701e-04 -2.550282748416066170e-03 4.917889600619673729e-05
1.368956873193383217e-03 -2.860166365280747414e-03 -4.320638254284858704e-03 -1.645207987166941166e-03 -3.966959193348884583e-03 -5.739500629715621471e-04 1.120015745982527733e-03 6.300454842858016491e-04 -1.152491429820656776e-03 -1.860016636783257127e-04
2.222471230197697878e-04 -2.213770290836691856e-03 -1.612995285540819168e-03 -2.394906478002667427e-03 -1.299249590374529362e-03 -8.248495287261903286e-04 -5.299756230670027435e-05 1.498529920354485512e-03 -1.389166864100843668e-04 1.786159737093839794e-05
8.050340693444013596e-04 1.451718620955944061e-03 -2.452357672154903412e-03 -2.379066310822963715e-03 -7.400697213597595692e-04 9.281089878641068935e-04 1.870005857199430466e-03 -2.502858405932784081e-03 -8.035048958845436573e-04 -1.789479865692555904e-04
-2.877985825762152672e-03 -1.445422996766865253e-03 -3.174932440742850304e-03 1.616814406588673592e-03 1.917346497066318989e-03 1.217801705934107304e-03 -2.501010661944746971e-03 -4.192647465970367193e-04 -9.261810337193310261e-04 1.575100817717611790e-03
-2.090883441269397736e-03 5.032087210565805435e-03 1.155202626250684261e-03 5.609839572571218014e-04 -2.418774180114269257e-03 -9.757959633134305477e-04 -4.766753700096160173e-04 -2.699584700167179108e-03 1.048415924742585048e-05 -2.796857850626111031e-03
-3.117777639999985695e-03 1.027386286295950413e-03 -4.931017174385488033e-04 2.014111028984189034e-03 -1.354974345304071903e-03 -5.939496331848204136e-04 2.290698932483792305e-03 -1.719000400044023991e-03 -2.530080499127507210e-03 -7.203489658422768116e-04
-2.850458258762955666e-04 -2.601478714495897293e-03 -9.932591347023844719e-04 3.343328717164695263e-04 1.773596042767167091e-03 1.117754261940717697e-03 -3.449324518442153931e-03 -4.196849185973405838e-03 4.610520845744758844e-04 -1.249461201950907707e-03
2.827679738402366638e-03 -8.777899784035980701e-04 1.858337433077394962e-03 -1.128721283748745918e-03 -3.233221592381596565e-03 -8.840872324071824551e-04 -2.030009636655449867e-03 9.919892763718962669e-04 -3.758334089070558548e-03 -3.186305519193410873e-03
-1.690588542260229588e-03 3.133269259706139565e-03 -1.824371982365846634e-03 -1.900640549138188362e-03 2.135687100235372782e-04 -1.543413265608251095e-03 -1.615825924091041088e-03 2.561951288953423500e-03 -1.042010029777884483e-03 7.697191322222352028e-04
-1.511304755695164204e-03 5.134830716997385025e-03 3.248346911277621984e-04 -5.495796358445659280e-05 -1.455010846257209778e-03 -6.661613588221371174e-04 -3.321421099826693535e-04 -1.879884279333055019e-03 -3.552684793248772621e-04 -1.843258272856473923e-03
-3.428974421694874763e-03 2.300666528753936291e-05 -1.106822979636490345e-03 -2.525514457374811172e-03 1.259048818610608578e-03 9.469656652072444558e-05 -3.586875740438699722e-03 9.398575057275593281e-04 2.940399106591939926e-03 8.564613526687026024e-04
-3.147080715280026197e-04 -2.370587550103664398e-03 9.110174869420006871e-05 -9.668136481195688248e-04 1.473935320973396301e-03 -1.675852108746767044e-03 8.796569891273975372e-04 -1.026770216412842274e-03 -1.818372285924851894e-03 -2.764900447800755501e-03
-1.561291282996535301e-03 -2.795507665723562241e-03 1.320198876783251762e-03 -1.330604543909430504e-03 2.482251962646842003e-03 -6.727440631948411465e-04 2.462939883116632700e-04 -3.679198212921619415e-03 7.716860854998230934e-04 -2.062776125967502594e-03
4.803589763469062746e-05 4.330042283982038498e-04 -1.712594996206462383e-03 -2.361160470172762871e-03 7.422782073263078928e-05 -1.086408956325612962e-04 8.875558851286768913e-04 -2.318945713341236115e-03 -1.659070112509652972e-04 3.706942952703684568e-04
-1.645715092308819294e-03 2.754836808890104294e-03 -2.030840842053294182e-03 -2.790342317894101143e-03 2.077235840260982513e-04 -9.442445007152855396e-04 -2.375427167862653732e-03 1.820849254727363586e-03 -2.725351951085031033e-04 -4.826856020372360945e-04
-1.666267286054790020e-03 2.215606393292546272e-03 -2.154608722776174545e-03 -2.045177854597568512e-03 1.041882438585162163e-03 -8.085410809144377708e-04 -1.806899788789451122e-03 2.384877763688564301e-03 -1.685674767941236496e-03 1.072686980478465557e-03
-2.414495684206485748e-03 3.958439920097589493e-03 3.511018439894542098e-05 1.976833445951342583e-03 -2.241149544715881348e-03 -1.339325681328773499e-03 -1.991595374420285225e-03 4.916758625768125057e-04 -1.312704873271286488e-03 -1.027623191475868225e-03
-1.919538946822285652e-03 -9.370997577207162976e-05 -1.556053059175610542e-03 -1.251675537787377834e-03 2.589715179055929184e-03 -1.599561655893921852e-03 -1.772078219801187515e-03 1.410264172591269016e-03 -2.124875318259000778e-03 3.274123184382915497e-03
-3.777661360800266266e-03 5.832678871229290962e-04 -2.081874525174498558e-03 1.604101271368563175e-03 -6.827584002166986465e-04 2.361055230721831322e-03 -1.721595996059477329e-03 -8.032401674427092075e-04 -2.319811610504984856e-04 4.398042510729283094e-04
1.042405725456774235e-03 -8.964102016761898994e-04 -1.838801777921617031e-03 -2.493250882253050804e-03 3.491234383545815945e-04 2.530320489313453436e-04 1.718045561574399471e-03 -2.618058118969202042e-03 -8.828451973386108875e-04 3.888187056872993708e-04
2.352200972381979227e-04 2.262303372845053673e-03 -2.038518199697136879e-03 -2.261272864416241646e-03 -5.090119084343314171e-04 1.318780821748077869e-03 -1.579816744197160006e-04 -1.177108846604824066e-03 -4.539898072835057974e-04 -9.637652547098696232e-04
9.077051072381436825e-04 -4.968752153217792511e-03 9.333673515357077122e-04 6.219937931746244431e-04 -1.127595431171357632e-03 1.892896543722599745e-04 -2.800014102831482887e-03 -3.305366262793540955e-03 -5.349551793187856674e-05 -1.933913561515510082e-03
-2.008248586207628250e-03 3.785078180953860283e-03 -8.085368317551910877e-04 -8.647431968711316586e-04 -2.127126557752490044e-03 -1.842205878347158432e-03 -1.942762988619506359e-03 3.809709334746003151e-03 -1.295592752285301685e-03 -8.205684716813266277e-04
4.437890835106372833e-03 -1.407223287969827652e-03 -2.113894093781709671e-03 2.237156964838504791e-03 -2.432209672406315804e-03 -3.967582306358963251e-04 -2.959468634799122810e-03 8.570272621000185609e-05 -2.562998794019222260e-03 -2.632736694067716599e-03
-1.773128286004066467e-03 2.412766916677355766e-03 -8.199955918826162815e-04 -2.675501396879553795e-03 -3.599054980440996587e-05 -1.110677956603467464e-03 -1.996800769120454788e-03 9.133376879617571831e-04 1.252893707714974880e-03 -6.784845609217882156e-04
1.474436488933861256e-03 3.406856558285653591e-04 3.065423341467976570e-03 -2.279521897435188293e-03 -1.887767575681209564e-03 -1.413522521033883095e-03 -2.996294351760298014e-04 -1.169073395431041718e-03 -2.234381390735507011e-03 -2.264980226755142212e-03
-3.201444167643785477e-03 -2.088618784910067916e-04 5.322847864590585232e-04 -9.404100128449499607e-04 6.473655230365693569e-04 -1.140423628385178745e-04 -2.945052925497293472e-03 -1.689080963842570782e-04 7.498531340388581157e-05 3.447667113505303860e-04
1.971536548808217049e-03 4.068636917509138584e-04 2.693100133910775185e-03 -6.634281598962843418e-04 -3.771493211388587952e-03 -6.573071586899459362e-04 1.639159047044813633e-03 -3.305188845843076706e-03 -3.853188361972570419e-03 -3.667161799967288971e-03
-1.513292547315359116e-03 2.358402824029326439e-03 -1.488633686676621437e-03 -1.795534510165452957e-03 -7.017150055617094040e-04 2.055563963949680328e-03 -6.510639213956892490e-04 -2.111132256686687469e-03 1.488406909629702568e-03 -7.426538504660129547e-04
-2.490113023668527603e-03 3.303948906250298023e-04 3.357225330546498299e-03 -5.089885089546442032e-04 -1.782167819328606129e-04 -3.311253385618329048e-03 -3.171834163367748260e-03 6.862080190330743790e-04 -2.132023684680461884e-03 7.050484418869018555e-04
-2.237809123471379280e-03 1.482934807427227497e-03 -9.145933436229825020e-04 -2.586112590506672859e-03 -1.876769674709066749e-04 -5.129305645823478699e-04 -2.111862646415829659e-03 1.210286864079535007e-03 3.386592288734391332e-05 -1.262720790691673756e-03
-7.972757448442280293e-04 -4.106148146092891693e-03 6.886462215334177017e-04 -1.072354498319327831e-03 -8.751060813665390015e-04 -2.249774988740682602e-03 -3.921919560525566339e-04 -1.606420031748712063e-03 -1.656275562709197402e-04 -2.156301867216825485e-03
-2.926782006397843361e-03 -9.914955589920282364e-04 -2.031841780990362167e-03 -5.753537989221513271e-04 4.042896616738289595e-04 -7.917715120129287243e-04 -2.894032280892133713e-03 2.310216659680008888e-03 4.324340552557259798e-04 1.401761081069707870e-03
-1.635663211345672607e-03 -1.920379436342045665e-04 -2.747104968875646591e-03 -1.448432100005447865e-03 3.578156174626201391e-04 7.479318883270025253e-04 1.604001008672639728e-04 -3.888501785695552826e-03 -4.744222969748079777e-04 6.507862417493015528e-05
-3.712322795763611794e-03 -2.318138722330331802e-03 -2.689589746296405792e-03 3.125328337773680687e-03 -2.238835906609892845e-03 1.628692494705319405e-03 -2.226290758699178696e-03 2.800985937938094139e-03 -2.838427026290446520e-04 4.193097411189228296e-04
-1.923443865962326527e-03 -7.813124102540314198e-04 -2.224158262833952904e-03 -2.345004351809620857e-03 3.912199754267930984e-03 1.520793535746634007e-03 -3.047163365408778191e-03 -2.255764411529526114e-04 -5.862000398337841034e-04 1.604664023034274578e-03
-3.411410609260201454e-03 2.741641830652952194e-03 3.433027304708957672e-04 -7.178618689067661762e-04 -2.145430771633982658e-03 7.876792806200683117e-04 -3.964328672736883163e-03 -4.286561161279678345e-04 3.784765955060720444e-03 -1.803382532671093941e-03
-1.682535046711564064e-03 -7.929755956865847111e-04 2.533686812967061996e-03 -1.313362969085574150e-03 -2.768841804936528206e-03 -2.357316203415393829e-03 1.694419537670910358e-03 -9.515220881439745426e-04 -9.602939826436340809e-04 -3.062229137867689133e-03
-1.930072787217795849e-03 1.976464409381151199e-04 -1.836072886362671852e-03 -1.583255711011588573e-03 2.874008147045969963e-03 -1.291301217861473560e-03 -1.788824563845992088e-03 1.728272647596895695e-03 -1.953335944563150406e-03 2.711956854909658432e-03
-7.635007495991885662e-04 -1.443292130716145039e-03 1.240186975337564945e-03 -1.835251110605895519e-03 6.875253166072070599e-04 -1.241563819348812103e-03 9.194022823066916317e-06 -1.112739322707056999e-03 -1.262094243429601192e-03 -7.900412310846149921e-04
-3.554515133146196604e-04 -2.452630316838622093e-03 -1.564750564284622669e-03 -1.538303331471979618e-03 -7.053555455058813095e-04 -8.601029985584318638e-04 2.638842677697539330e-03 7.728567579761147499e-04 -1.511958660557866096e-03 -3.246369888074696064e-04
-6.929692463018000126e-04 -3.484682820271700621e-04 -4.842889320570975542e-04 -3.883076424244791269e-04 -4.517283290624618530e-03 -4.062180407345294952e-03 -3.304070327430963516e-03 4.685961641371250153e-03 -2.094909781590104103e-03 6.115621072240173817e-04
-3.145273774862289429e-03 -4.495486209634691477e-04 -2.404000144451856613e-03 2.434448804706335068e-03 -4.117122385650873184e-03 1.983101479709148407e-03 -4.586119670420885086e-03 1.000787829980254173e-03 2.476592548191547394e-03 -2.521116053685545921e-03
9.728216100484132767e-04 -1.095055253244936466e-03 8.780802454566583037e-05 -2.239695750176906586e-03 -1.787276851246133447e-04 7.251393981277942657e-05 3.066495060920715332e-03 -3.167926566675305367e-03 -1.687889336608350277e-03 -1.803812105208635330e-03
5.591116860159672797e-06 -8.670508977957069874e-04 -3.677436616271734238e-03 1.622717711143195629e-03 -2.263159491121768951e-03 1.528447610326111317e-04 -1.116961124353110790e-03 -6.125926156528294086e-04 -1.934273750521242619e-04 -1.873253262601792812e-03
2.653266536071896553e-03 -3.421684727072715759e-03 -4.191545303910970688e-03 -5.748130846768617630e-03 1.635801629163324833e-03 1.675547246122732759e-04 -2.136382972821593285e-03 5.982211441732943058e-04 -2.160047879442572594e-03 1.381144509650766850e-03
4.213972482830286026e-03 -2.404563361778855324e-03 7.920992211438715458e-04 -1.029793857014738023e-04 -3.346009412780404091e-03 -1.758494880050420761e-03 -1.809463719837367535e-03 1.891575986519455910e-03 -4.201882984489202499e-03 -3.258360316976904869e-03
1.251720008440315723e-03 -2.304557710886001587e-03 -5.263382103294134140e-03 -4.852927755564451218e-03 -2.163633325835689902e-04 2.639277226990088820e-05 1.623745076358318329e-03 -7.677670218981802464e-04 -2.986099934787489474e-05 9.582805068930611014e-05
-2.689982939045876265e-04 2.411189954727888107e-03 -5.273956339806318283e-04 -1.884149620309472084e-03 1.825764193199574947e-04 7.239182596094906330e-04 -1.145570306107401848e-03 -6.678570643998682499e-04 5.425604103947989643e-05 -1.467430032789707184e-03
-2.099973615258932114e-03 -6.645248504355549812e-04 -2.196316141635179520e-03 -1.769408350810408592e-03 2.482460578903555870e-03 -1.200922182761132717e-03 3.098072716966271400e-03 6.653534946963191032e-04 -1.904806820675730705e-03 -8.732722926652058959e-05
-2.931745024397969246e-03 -9.074980043806135654e-04 7.310947403311729431e-04 2.247048774734139442e-03 -1.130955759435892105e-03 -8.688945672474801540e-04 -8.635900449007749557e-04 -1.292728236876428127e-03 4.821576003450900316e-04 -9.406628669239580631e-04
-2.827065996825695038e-03 1.138418883783742785e-04 -3.417253319639712572e-04 1.145735499449074268e-03 -1.467578578740358353e-03 -1.138503546826541424e-03 2.487945370376110077e-03 -1.510507427155971527e-03 -2.436313079670071602e-03 -6.952033727429807186e-04
-7.106187404133379459e-04 6.364500615745782852e-03 -7.140701054595410824e-04 -7.545870612375438213e-04 -7.662650314159691334e-04 -8.160250727087259293e-04 -8.266172953881323338e-04 -6.669920985586941242e-04 -7.423882489092648029e-04 -8.521009585820138454e-04
3.442521439865231514e-03 3.986716328654438257e-04 -2.363643841817975044e-03 7.693585939705371857e-04 -2.155819442123174667e-03 1.100574154406785965e-03 -2.353929216042160988e-03 -9.012593072839081287e-04 -1.619031885638833046e-03 -1.838881056755781174e-03
-1.957800239324569702e-03 1.366902142763137817e-04 1.130067044869065285e-03 -2.408219501376152039e-03 5.050495965406298637e-04 -2.470396459102630615e-03 3.149661002680659294e-03 -1.032394473440945148e-03 -2.667309250682592392e-03 5.887449951842427254e-04
2.984533784911036491e-05 -1.142868655733764172e-03 -2.952740062028169632e-03 8.093538926914334297e-04 -4.673920630011707544e-04 5.188750801607966423e-04 -1.141215980169363320e-04 -2.518523018807172775e-03 1.146155045717023313e-04 4.186723890597932041e-05
-1.075271517038345337e-03 -1.777868164936080575e-04 -2.025820082053542137e-03 -1.686525298282504082e-03 3.603202349040657282e-04 3.124413779005408287e-04 -2.173499437049031258e-03 1.690053381025791168e-03 -6.140014156699180603e-04 3.456285048741847277e-04
-1.120696309953927994e-03 6.192759610712528229e-03 -7.171084289439022541e-04 -8.093539508990943432e-04 -1.011269167065620422e-03 -6.536704604513943195e-04 -1.108358032070100307e-03 -8.483001729473471642e-04 5.752836295869201422e-05 -1.166768954135477543e-03
3.010182175785303116e-03 -6.177248433232307434e-03 -1.934539759531617165e-04 1.284924219362437725e-03 -2.144502941519021988e-03 -2.548295306041836739e-03 -1.272733206860721111e-03 7.470355485565960407e-04 -5.024803336709737778e-03 -1.600187271833419800e-03
-2.782894298434257507e-03 -7.311547524295747280e-04 -1.787893474102020264e-03 -2.105394145473837852e-03 3.555272705852985382e-03 -1.831391593441367149e-03 1.522532547824084759e-03 7.502098451368510723e-04 -2.549238502979278564e-03 1.388531993143260479e-03
-1.544682658277451992e-03 3.195234341546893120e-03 -1.255386625416576862e-03 -9.192930301651358604e-04 -1.430734060704708099e-03 -1.489858375862240791e-03 -1.521895988844335079e-03 4.466574173420667648e-03 -1.812705770134925842e-03 -1.605118595762178302e-04
-1.619262620806694031e-04 -3.148044925183057785e-04 3.617510432377457619e-03 2.303534711245447397e-05 -4.209436476230621338e-03 -1.763956039212644100e-03 4.073494113981723785e-03 -3.982583060860633850e-03 -1.817984157241880894e-03 -4.822761751711368561e-03
-3.790805814787745476e-03 -1.127080176956951618e-03 -3.059062175452709198e-03 3.028426319360733032e-03 -3.097178647294640541e-03 7.927665137685835361e-04 -4.280085209757089615e-03 1.724272151477634907e-03 1.696301973424851894e-03 -3.724264388438314199e-04
-2.748265862464904785e-03 -8.927469607442617416e-04 8.350498392246663570e-04 -3.005774226039648056e-03 2.628074027597904205e-03 -2.675121417269110680e-03 2.369431778788566589e-03 -1.265191240236163139e-03 -2.493427833542227745e-03 1.629870384931564331e-03
7.973020547069609165e-04 -1.758541679009795189e-03 -7.751716184429824352e-04 -3.555513918399810791e-03 4.474312008824199438e-04 7.736964616924524307e-04 3.033556095033418387e-05 -3.563961479812860489e-03 9.543694322928786278e-04 -1.214561867527663708e-03
-8.400873048231005669e-04 -4.056486301124095917e-03 -3.533503971993923187e-03 1.217878540046513081e-03 -1.499458448961377144e-04 -2.936105593107640743e-04 -5.111960228532552719e-03 5.374633474275469780e-05 1.719128224067389965e-03 3.471406525932252407e-04
-6.015643011778593063e-04 -1.608596532605588436e-03 -1.451092073693871498e-03 -1.332355546765029430e-03 2.484034048393368721e-03 -5.855772178620100021e-04 -8.394945762120187283e-04 9.228065027855336666e-04 -2.737818052992224693e-03 2.608268405310809612e-04
2.366934204474091530e-03 -3.723665373399853706e-03 -3.627548925578594208e-03 1.900507486425340176e-03 -1.983117545023560524e-03 9.620048804208636284e-04 -4.301464650779962540e-03 -6.051269592717289925e-04 2.316895843250676990e-04 7.446685922332108021e-04
-2.839171793311834335e-03 1.315995352342724800e-03 -2.390270121395587921e-03 -6.646972615271806717e-04 4.055737517774105072e-04 4.702001460827887058e-04 1.038186135701835155e-03 -2.074707765132188797e-03 -2.823436807375401258e-04 1.315649482421576977e-03
1.179113169200718403e-03 1.336981193162500858e-03 -2.872008772101253271e-04 -2.782646624837070704e-04 -4.093522205948829651e-03 8.676254074089229107e-04 1.948111021192744374e-04 -3.196196630597114563e-03 -2.715081063797697425e-05 -3.514392767101526260e-03
2.048537135124206543e-03 2.182411208195844665e-06 -1.582483993843197823e-03 -7.787109934724867344e-04 -1.800197176635265350e-03 7.900629425421357155e-04 3.456524107605218887e-03 -1.892852829769253731e-03 -2.112407004460692406e-03 -1.802406855858862400e-03
-1.665673684328794479e-03 -1.675223116762936115e-03 3.465053159743547440e-03 -2.859434112906455994e-03 8.646233472973108292e-04 -2.258037449792027473e-03 2.042964100837707520e-03 -9.815266093937680125e-05 -2.954331459477543831e-03 -1.242457889020442963e-03
-3.231342649087309837e-03 -2.468289807438850403e-03 -9.324394341092556715e-05 -1.031517866067588329e-03 -1.145303482189774513e-03 -6.309247110038995743e-04 -2.142038894817233086e-03 2.382843056693673134e-03 1.690956531092524529e-03 1.784640189725905657e-04
-1.601716619916260242e-03 1.174086719402112067e-04 -1.054361928254365921e-03 -2.039105398580431938e-03 3.339950693771243095e-03 -9.871262591332197189e-04 -2.475309185683727264e-03 1.456417609006166458e-03 -1.946872565895318985e-03 1.131265540607273579e-03
4.218672867864370346e-03 -2.158656017854809761e-03 -3.380841808393597603e-03 1.653378945775330067e-03 -3.620442003011703491e-03 2.030863397521898150e-04 -3.590818028897047043e-03 3.331496147438883781e-03 -2.693176036700606346e-03 -2.108368091285228729e-03
-1.402024994604289532e-03 5.930312443524599075e-03 6.306317518465220928e-04 2.800039364956319332e-04 -1.516461838036775589e-03 -1.269643893465399742e-03 -1.643303199671208858e-03 -1.069190562702715397e-03 -8.108504698611795902e-04 -1.586428377777338028e-03
-3.188167698681354523e-03 3.240687539801001549e-03 8.054884528974071145e-05 2.595851197838783264e-03 -2.005038084462285042e-03 -1.408772775903344154e-03 -2.608815673738718033e-03 -3.522507176967337728e-05 -7.836931035853922367e-04 -5.251797265373170376e-04
-3.011762397363781929e-03 2.414259070064872503e-04 -1.702179899439215660e-03 -6.150418194010853767e-04 1.021534553728997707e-03 -1.637403387576341629e-03 2.021008171141147614e-03 1.172289834357798100e-03 -2.205936936661601067e-03 4.006704257335513830e-04
-5.003898404538631439e-04 -4.787642974406480789e-03 -2.795314183458685875e-03 1.639895606786012650e-03 -1.838574651628732681e-03 -5.578921409323811531e-04 -2.436105161905288696e-03 -2.845519338734447956e-04 1.064922078512609005e-03 -6.846089963801205158e-04
-2.672506030648946762e-03 4.944400279782712460e-04 5.277311895042657852e-03 1.402655849233269691e-03 -2.708427840843796730e-03 -2.980816178023815155e-03 -3.335967427119612694e-03 -2.344964741496369243e-05 -1.978624204639345407e-04 -3.106301184743642807e-03
7.793558761477470398e-04 -2.240828471258282661e-03 -3.214961849153041840e-03 -3.275214461609721184e-03 1.075974214472807944e-04 1.438391627743840218e-04 -7.187730516307055950e-04 -2.028874121606349945e-03 8.155705290846526623e-04 7.985715637914836407e-04
-3.114793216809630394e-03 1.579450676217675209e-03 5.041304393671452999e-04 5.543009610846638680e-04 -1.923525356687605381e-03 -1.776549150235950947e-03 4.138508345931768417e-03 -1.836337149143218994e-03 -3.324423218145966530e-03 -7.945105899125337601e-04
-2.342208288609981537e-03 6.409129127860069275e-04 1.640330447116866708e-04 -1.745109213516116142e-03 -1.462570857256650925e-03 -1.887090154923498631e-03 1.317218877375125885e-03 2.044497523456811905e-03 -2.518590074032545090e-03 -1.928991288878023624e-03
-2.461757510900497437e-03 5.074616638012230396e-04 -3.339115355629473925e-04 -2.272541169077157974e-03 2.018096391111612320e-03 -2.495995257049798965e-03 -2.924342174082994461e-03 2.642538398504257202e-03 -2.049479866400361061e-03 1.651394646614789963e-03
