1.067321281880140305e-02 -1.149166002869606018e-02
1.059680152684450150e-02 -1.443742122501134872e-02
1.012318674474954605e-02 -1.127971522510051727e-02
1.072300970554351807e-02 -1.236046385020017624e-02
1.150124799460172653e-02 -1.395207457244396210e-02
-1.237536408007144928e-02 1.050069369375705719e-02
-1.365795731544494629e-02 1.166111603379249573e-02
-1.268106512725353241e-02 1.031737029552459717e-02
-1.285398099571466446e-02 1.147420704364776611e-02
-1.215183176100254059e-02 1.005189586430788040e-02
