4.563973343465477228e-04 -3.978392051067203283e-04
4.703635204350575805e-05 -1.280685137317050248e-05
1.430727252227370627e-06 9.477228013565763831e-05
-1.540377415949478745e-04 9.769271127879619598e-05
4.705935716629028320e-04 -3.970601246692240238e-04
-1.665037561906501651e-04 2.923002466559410095e-04
-2.980339631903916597e-04 2.546074392739683390e-04
1.220414051203988492e-04 -1.808204979170113802e-04
1.189679489471018314e-03 -1.133771031163632870e-03
8.117232937365770340e-04 -8.215389098040759563e-04
-5.956617533229291439e-04 5.311830900609493256e-04
6.421663565561175346e-04 -7.546331617049872875e-04
-5.589826032519340515e-04 5.934649379923939705e-04
-6.289163138717412949e-04 5.550514324568212032e-04
-3.936101566068828106e-04 4.337186401244252920e-04
-1.962287205969914794e-04 2.273391583003103733e-04
-3.275808412581682205e-04 3.264360711909830570e-04
1.408415118930861354e-04 -6.047380156815052032e-05
6.191767170093953609e-04 -5.352384760044515133e-04
-4.903633962385356426e-04 4.313441168051213026e-04
5.956946406513452530e-04 -5.514921504072844982e-04
-4.348222864791750908e-04 5.144852912053465843e-04
-2.835739287547767162e-04 5.226779030635952950e-04
-5.245277134235948324e-05 -1.295036490773782134e-04
1.406922528985887766e-04 -1.077070555766113102e-04
-1.256067771464586258e-04 2.336080942768603563e-04
-9.871212532743811607e-04 9.297056822106242180e-04
3.945730568375438452e-04 -4.044051456730812788e-04
9.403483127243816853e-04 -8.658251026645302773e-04
-4.237458633724600077e-04 4.222335992380976677e-04
-5.578080308623611927e-04 6.579968612641096115e-04
3.431795339565724134e-04 -2.925604931078851223e-04
-4.884969675913453102e-04 5.853854236193001270e-04
-3.737559891305863857e-04 5.250785616226494312e-04
4.943097010254859924e-04 -3.039308357983827591e-04
-4.175295543973334134e-05 9.276025230064988136e-05
-4.540091904345899820e-04 4.237342509441077709e-04
7.797993021085858345e-04 -7.911862921901047230e-04
7.573146140202879906e-04 -6.482435273937880993e-04
5.853903130628168583e-04 -5.646495847031474113e-04
1.601896510692313313e-04 -1.948027638718485832e-04
-5.542146391235291958e-04 6.333456258289515972e-04
8.777162292972207069e-04 -9.415464010089635849e-04
-4.738458374049514532e-04 5.440749810077250004e-04
2.595312253106385469e-04 -1.984382979571819305e-04
8.276357548311352730e-04 -7.431451813317835331e-04
-4.627057205652818084e-05 -7.089189602993428707e-05
-2.244182687718421221e-04 2.275596925755962729e-04
4.045614041388034821e-04 -3.547172236721962690e-04
9.663505479693412781e-04 -1.058855210430920124e-03
1.485513057559728622e-03 -1.486575347371399403e-03
1.444585795979946852e-04 -3.327952072140760720e-05
1.670761150307953358e-03 -1.683031674474477768e-03
1.278766139876097441e-04 -1.502394879935309291e-04
2.886910624511074275e-05 3.962006667279638350e-05
2.875025093089789152e-04 -3.240544756408780813e-04
1.035216046147979796e-04 -5.844525730935856700e-05
3.977343731094151735e-04 -3.924018237739801407e-04
9.581456542946398258e-04 -9.047284838743507862e-04
-6.636570906266570091e-04 7.688679033890366554e-04
-6.869201315566897392e-04 7.214922807179391384e-04
-7.717589614912867546e-04 6.934701232239603996e-04
-8.575738756917417049e-04 8.567341719754040241e-04
2.649782109074294567e-04 -3.700088127516210079e-04
-5.283222999423742294e-04 7.356556598097085953e-04
7.461683126166462898e-04 -8.363000233657658100e-04
-2.154208923457190394e-04 1.339678128715604544e-04
-1.038144432641274761e-07 1.058482594089582562e-04
4.854527069255709648e-04 -4.845063376706093550e-04
-3.250109148211777210e-04 5.112871876917779446e-04
3.689434088300913572e-04 -2.640669990796595812e-04
-6.260489462874829769e-04 6.226549739949405193e-04
-8.354398887604475021e-04 8.051643380895256996e-04
-2.029855095315724611e-04 3.666169941425323486e-04
-4.594879865180701017e-04 4.527317069005221128e-04
-2.123177546309307218e-05 5.657094152411445975e-05
-1.056824694387614727e-03 1.055725384503602982e-03
2.222993934992700815e-04 -4.141333338338881731e-04
-6.834840169176459312e-04 6.919964216649532318e-04
1.269869699171977118e-06 -6.815380038460716605e-05
-1.309133134782314301e-03 1.271595596335828304e-03
6.891951197758316994e-04 -7.167679141275584698e-04
3.624489545472897589e-05 -1.135470374720171094e-04
4.285586765035986900e-04 -4.547837888821959496e-04
-3.947032091673463583e-04 2.375970070715993643e-04
3.587758983485400677e-04 -3.596315218601375818e-04
-5.460183019749820232e-04 5.866170395165681839e-04
3.987128729932010174e-04 -3.400459536351263523e-04
9.628752595745027065e-04 -8.538510883226990700e-04
3.480149025563150644e-04 -4.041892243549227715e-04
1.306331832893192768e-04 -8.210515807149931788e-05
1.063087911461479962e-04 -2.637841098476201296e-04
-1.624712604098021984e-04 2.986029430758208036e-04
8.368406997760757804e-05 6.393706371454754844e-06
-1.749406692397315055e-05 1.442700449842959642e-04
2.370606671320274472e-04 -1.536182971904054284e-04
-9.103306219913065434e-04 9.568222449161112309e-04
-6.252911407500505447e-04 6.449845968745648861e-04
-1.013578497804701328e-03 1.138316816650331020e-03
7.711710059083998203e-04 -8.138990961015224457e-04
-3.796943929046392441e-04 3.332934284117072821e-04
-2.741773787420243025e-04 2.626732166390866041e-04
2.503436990082263947e-04 -2.277325838804244995e-04
3.920347371604293585e-04 -3.149889234919101000e-04
7.480199565179646015e-04 -7.355452398769557476e-04
6.342976121231913567e-05 -3.728387309820391238e-05
-1.294497924391180277e-04 2.214076521340757608e-04
3.060289309360086918e-04 -2.259854081785306334e-04
-1.537503994768485427e-04 1.688315387582406402e-04
-7.771280361339449883e-04 8.085872977972030640e-04
-6.076346035115420818e-04 5.111348000355064869e-04
7.931775762699544430e-04 -9.432047954760491848e-04
1.263493904843926430e-04 -2.297485625604167581e-04
6.226812547538429499e-05 1.416967052136897109e-06
-2.865624555852264166e-04 2.233582054032012820e-04
1.863510406110435724e-04 -7.016188465058803558e-05
-6.008281488902866840e-04 7.114445907063782215e-04
7.926662801764905453e-04 -8.157863048836588860e-04
1.517805038020014763e-03 -1.543665886856615543e-03
-3.156311577185988426e-04 3.474224940873682499e-04
3.271819150540977716e-04 -1.882580691017210484e-04
9.093746193684637547e-04 -7.938363123685121536e-04
-1.798060548026114702e-04 2.906983427237719297e-04
4.078643978573381901e-04 -3.860366996377706528e-04
6.524312630062922835e-05 -8.271228580269962549e-05
-1.777592115104198456e-05 4.923919550492428243e-05
-4.664709558710455894e-05 1.034866800182498991e-04
6.664083339273929596e-04 -7.033051806502044201e-04
-1.904762939375359565e-05 3.061377719859592617e-05
6.885336188133805990e-05 4.943563544657081366e-05
6.786488811485469341e-04 -7.481923094019293785e-04
-1.502913073636591434e-04 1.729466748656705022e-04
3.764109569601714611e-04 -2.797112392727285624e-04
-6.488441431429237127e-05 2.139233256457373500e-04
-8.026205614442005754e-05 -6.144306553323986009e-06
9.473318350501358509e-04 -8.796191541478037834e-04
-5.410506273619830608e-04 5.164500325918197632e-04
-1.146231545135378838e-03 9.987893281504511833e-04
-3.639663045760244131e-04 3.684109542518854141e-04
8.603676687926054001e-04 -7.766785565763711929e-04
1.625460135983303189e-04 -4.047399124829098582e-05
-1.355123706161975861e-03 1.297033159062266350e-03
-7.680371636524796486e-04 6.988042732700705528e-04
-1.213608557009138167e-04 3.009921347256749868e-04
-3.562715428415685892e-04 2.694297872949391603e-04
1.069785212166607380e-03 -1.030302606523036957e-03
2.218100853497162461e-04 -2.811267331708222628e-04
6.313135963864624500e-04 -7.090772851370275021e-04
1.120555796660482883e-03 -9.450351935811340809e-04
-1.158587183454073966e-04 1.054240565281361341e-04
9.142037597484886646e-04 -8.157384581863880157e-04
-8.249058737419545650e-04 7.597946678288280964e-04
4.482878721319139004e-04 -5.189898074604570866e-04
3.531202382873743773e-04 -4.238829424139112234e-04
-2.160437434213235974e-04 2.103418373735621572e-04
-8.907904702937230468e-05 1.480877253925427794e-04
-1.453470758860930800e-04 2.284390648128464818e-04
8.824248798191547394e-04 -8.473478956148028374e-04
-1.765389024512842298e-04 1.663958391873165965e-04
-4.048565169796347618e-04 3.997927997261285782e-04
-2.040522667812183499e-04 4.066658730152994394e-04
-7.025446393527090549e-05 -6.926083642611047253e-06
5.782088264822959900e-04 -4.641036503016948700e-04
1.546006969874724746e-04 3.590915730455890298e-05
1.133932499215006828e-03 -1.116189989261329174e-03
-1.576110953465104103e-04 1.540847588330507278e-04
1.062723575159907341e-03 -1.041523530147969723e-03
1.508675904915435240e-05 1.931245788000524044e-05
1.270286273211240768e-03 -1.311036176048219204e-03
-2.857186773326247931e-04 3.147482930216938257e-04
9.716954082250595093e-04 -9.053265675902366638e-04
-1.229869521921500564e-04 1.461012579966336489e-04
3.328101229271851480e-05 -4.474781599128618836e-05
-7.758255233056843281e-04 8.183298632502555847e-04
-5.277243326418101788e-05 1.484645617892965674e-04
-1.210605027154088020e-03 1.081997994333505630e-03
-3.048723156098276377e-04 3.137684543617069721e-04
4.043519584229215980e-05 1.648128964006900787e-04
2.143939927918836474e-04 -2.710202825255692005e-04
-2.581748994998633862e-04 2.670954272616654634e-04
4.511848965194076300e-04 -2.055921504506841302e-04
-7.831835537217557430e-04 9.530228562653064728e-04
-2.920807164628058672e-04 2.867870498448610306e-04
-5.382715607993304729e-04 5.172616220079362392e-04
9.853130177361890674e-05 -1.594846544321626425e-04
-1.445911184418946505e-04 1.543953112559393048e-04
-7.247979519888758659e-04 8.225671481341123581e-04
1.001300639472901821e-03 -9.515351848676800728e-04
-1.469846465624868870e-03 1.398127176798880100e-03
3.140522167086601257e-04 -2.817064232658594847e-04
-5.713543505407869816e-04 5.948700127191841602e-04
2.549036871641874313e-04 -2.802321978379040956e-04
8.178919961210340261e-05 -9.942767064785584807e-05
9.112298139370977879e-04 -8.173240348696708679e-04
8.707967936061322689e-04 -8.283072966150939465e-04
-1.080716392607428133e-04 5.560755016631446779e-05
-1.932358572958037257e-04 2.488392055965960026e-04
-4.813203995581716299e-04 4.341375024523586035e-04
8.737791213206946850e-04 -6.878186832182109356e-04
6.990534020587801933e-04 -6.698064389638602734e-04
-4.223861033096909523e-04 3.818433615379035473e-04
-1.487756380811333656e-04 2.232541883131489158e-04
8.640175219625234604e-04 -9.553902782499790192e-04
-9.154474246315658092e-04 8.397325873374938965e-04
1.237694596056826413e-05 6.511774699902161956e-05
-2.794839383568614721e-04 1.207621535286307335e-04
-4.448626714292913675e-04 5.667170626111328602e-04
1.627860474400222301e-04 7.220401312224566936e-05
-2.556439430918544531e-04 2.725002123042941093e-04
-4.195023211650550365e-04 4.711179935839027166e-04
6.075387937016785145e-04 -5.202249158173799515e-04
-2.858112748072016984e-05 5.591437729890458286e-05
2.961944264825433493e-04 -2.817765052895992994e-04
-1.091795973479747772e-03 8.835738990455865860e-04
2.151016524294391274e-04 -1.482351653976365924e-04
2.591295342426747084e-04 -1.898030313896015286e-04
1.181941712275147438e-03 -1.153041142970323563e-03
8.770351996645331383e-04 -7.757044513709843159e-04
-4.150234744884073734e-04 5.112738581374287605e-04
-5.867014988325536251e-04 6.735032657161355019e-04
1.426384900696575642e-03 -1.324528944678604603e-03
-7.423316710628569126e-04 7.701939321123063564e-04
2.101777645293623209e-04 -2.757251786533743143e-04
-1.297529524890705943e-04 1.631162886042147875e-04
1.318488211836665869e-04 8.204518053389620036e-06
