-1.967287510633468628e-01
-1.940014064311981201e-01
-1.967287808656692505e-01
-1.983653008937835693e-01
-1.947287172079086304e-01
-1.980015635490417480e-01
-2.040016204118728638e-01
-2.003652453422546387e-01
-1.976379454135894775e-01
-2.027289569377899170e-01
-1.929104626178741455e-01
-1.972742825746536255e-01
-1.903649717569351196e-01
-1.854558140039443970e-01
-1.941832602024078369e-01
-1.981834918260574341e-01
-2.009106725454330444e-01
-1.954559832811355591e-01
-1.958196759223937988e-01
-1.960016191005706787e-01
-1.983652114868164062e-01
-2.021835297346115112e-01
-1.998198181390762329e-01
-1.976378560066223145e-01
-2.010925561189651489e-01
-1.998198032379150391e-01
-1.972742676734924316e-01
-1.952742785215377808e-01
-1.981833577156066895e-01
-1.972743272781372070e-01
-1.967288106679916382e-01
-1.983652263879776001e-01
-1.998197585344314575e-01
-2.030927091836929321e-01
-1.765470057725906372e-01
-1.685473918914794922e-01
-1.556372195482254028e-01
-1.398177295923233032e-01
-1.416380405426025391e-01
-1.470918953418731689e-01
-1.525477021932601929e-01
-1.529096364974975586e-01
-1.616379618644714355e-01
-1.587279140949249268e-01
-1.638214141130447388e-01
-1.489110887050628662e-01
-1.470909565687179565e-01
-1.496374160051345825e-01
-1.554553359746932983e-01
-1.687285155057907104e-01
-1.830919533967971802e-01
-1.960015147924423218e-01
-1.987287998199462891e-01
-1.952742338180541992e-01
-2.000015974044799805e-01
-1.961833238601684570e-01
-1.963651627302169800e-01
-1.930923610925674438e-01
-1.963651627302169800e-01
-2.009107917547225952e-01
-1.892740130424499512e-01
-1.996379345655441284e-01
-1.452738493680953979e-01
-1.123621687293052673e-01
-1.129081025719642639e-01
-1.196350455284118652e-01
-1.540011316537857056e-01
-1.903649568557739258e-01
-2.050931602716445923e-01
-2.172749340534210205e-01
-2.432744354009628296e-01
-2.778185904026031494e-01
-2.890912294387817383e-01
-2.696369588375091553e-01
-2.401837706565856934e-01
-1.967306733131408691e-01
-1.587298661470413208e-01
-1.456387490034103394e-01
-1.329095065593719482e-01
-1.330920755863189697e-01
-1.578183770179748535e-01
-1.840011924505233765e-01
-1.940014213323593140e-01
-1.930923610925674438e-01
-1.996379494667053223e-01
-1.989105641841888428e-01
-1.958196014165878296e-01
-1.950923949480056763e-01
-1.869103163480758667e-01
-1.318174749612808228e-01
-9.745360165834426880e-02
-7.818035781383514404e-02
-9.163507074117660522e-02
-1.239985749125480652e-01
-1.985463947057723999e-01
-2.490909397602081299e-01
-2.629112899303436279e-01
-3.052754700183868408e-01
-3.316395282745361328e-01
-3.710921108722686768e-01
-4.180012345314025879e-01
-3.889085948467254639e-01
-3.010920882225036621e-01
-2.043662965297698975e-01
-1.421837359666824341e-01
-1.212707161903381348e-01
-1.076344028115272522e-01
-1.129076331853866577e-01
-1.285451948642730713e-01
-1.621828526258468628e-01
-1.929105371236801147e-01
-1.974561065435409546e-01
-1.996378153562545776e-01
-1.996380686759948730e-01
-1.932741552591323853e-01
-1.832736879587173462e-01
-1.321810930967330933e-01
-6.490838527679443359e-02
-3.799955546855926514e-02
-9.999880567193031311e-03
-3.527197241783142090e-02
-1.154533401131629944e-01
-2.425464540719985962e-01
-3.221847116947174072e-01
-4.583643972873687744e-01
-5.394544601440429688e-01
-6.320028305053710938e-01
-6.745440959930419922e-01
-6.220021247863769531e-01
-4.969100952148437500e-01
-3.827273547649383545e-01
-3.078197538852691650e-01
-2.149091660976409912e-01
-1.490906327962875366e-01
-1.247242540121078491e-01
-1.101794540882110596e-01
-1.183621659874916077e-01
-1.192718744277954102e-01
-1.561819761991500854e-01
-2.027289271354675293e-01
-1.934559643268585205e-01
-2.010926306247711182e-01
-1.830919384956359863e-01
-1.407276093959808350e-01
-6.981755048036575317e-02
8.363796398043632507e-03
6.218248605728149414e-02
7.127299904823303223e-02
3.490899130702018738e-02
-5.363551527261734009e-02
-1.794536560773849487e-01
-3.023632466793060303e-01
-3.992716670036315918e-01
-5.210895538330078125e-01
-5.289093255996704102e-01
-5.278221368789672852e-01
-4.929094612598419189e-01
-4.109093844890594482e-01
-3.065470457077026367e-01
-2.325474321842193604e-01
-1.343632042407989502e-01
-4.254544898867607117e-02
-5.163626372814178467e-02
-8.418093621730804443e-02
-1.270904541015625000e-01
-1.203627809882164001e-01
-1.372723132371902466e-01
-1.885467022657394409e-01
-1.992743760347366333e-01
-1.983651667833328247e-01
-1.650913953781127930e-01
-9.290853887796401978e-02
-8.545218035578727722e-03
7.945537567138671875e-02
1.181818619370460510e-01
6.145495176315307617e-02
-2.363700186833739281e-03
-1.190908849239349365e-01
-1.810896098613739014e-01
-2.158165276050567627e-01
-2.985455989837646484e-01
-3.432753682136535645e-01
-3.161793649196624756e-01
-3.209072351455688477e-01
-2.847287952899932861e-01
-3.670934736728668213e-01
-3.540014624595642090e-01
-2.759996056556701660e-01
-1.210914254188537598e-01
3.818200528621673584e-02
3.399969264864921570e-02
-4.763605073094367981e-02
-1.403636783361434937e-01
-1.465448588132858276e-01
-1.309091597795486450e-01
-1.654551029205322266e-01
-1.960014998912811279e-01
-1.720005869865417480e-01
-1.278176605701446533e-01
-5.763610824942588806e-02
5.345459654927253723e-02
1.234547197818756104e-01
1.558191031217575073e-01
1.134548559784889221e-01
-6.781800091266632080e-02
-1.341804862022399902e-01
-1.350895017385482788e-01
-9.127279371023178101e-02
-7.145427167415618896e-02
-6.872770190238952637e-02
-8.181992173194885254e-02
-2.236507460474967957e-02
-4.527413845062255859e-02
-1.830903589725494385e-01
-2.594586014747619629e-01
-2.283620834350585938e-01
-1.498181968927383423e-01
5.018198862671852112e-02
9.563665837049484253e-02
1.745454780757427216e-02
-1.439995914697647095e-01
-1.670914143323898315e-01
-1.239983513951301575e-01
-1.581821143627166748e-01
-2.012744098901748657e-01
-1.525454074144363403e-01
-1.176357567310333252e-01
-1.454507000744342804e-02
7.218169420957565308e-02
1.674546748399734497e-01
2.020003199577331543e-01
2.363627962768077850e-02
-8.472802489995956421e-02
-1.858182847499847412e-01
-1.587268114089965820e-01
-5.399969592690467834e-02
4.399886354804039001e-02
2.218151837587356567e-02
-5.818141251802444458e-02
-5.636303871870040894e-02
-1.056365892291069031e-01
-1.259956955909729004e-01
-2.132757753133773804e-01
-2.123637646436691284e-01
-1.743645071983337402e-01
-3.563605621457099915e-02
1.287274956703186035e-01
3.254528343677520752e-02
-1.361814886331558228e-01
-1.787275969982147217e-01
-1.332729607820510864e-01
-1.650913208723068237e-01
-1.909103244543075562e-01
-1.412728726863861084e-01
-1.018175408244132996e-01
-1.854502595961093903e-02
8.145474642515182495e-02
1.683636009693145752e-01
1.563628166913986206e-01
-1.872733794152736664e-02
-1.636364459991455078e-01
-2.472699582576751709e-01
-8.745563775300979614e-02
-8.182415738701820374e-03
2.727346867322921753e-02
-1.181822568178176880e-01
-2.225465476512908936e-01
-2.621830105781555176e-01
-2.807269096374511719e-01
-1.832725405693054199e-01
-1.440010815858840942e-01
-1.374537497758865356e-01
-1.419994831085205078e-01
-6.836402416229248047e-02
9.654542058706283569e-02
7.236362993717193604e-02
-1.079989150166511536e-01
-1.440012305974960327e-01
-1.303622424602508545e-01
-1.590909808874130249e-01
-1.878194659948348999e-01
-1.420004963874816895e-01
-1.118176355957984924e-01
-1.254519727081060410e-02
7.145501673221588135e-02
1.258184760808944702e-01
8.600036054849624634e-02
-7.054504752159118652e-02
-2.401821315288543701e-01
-2.203652411699295044e-01
-7.872761040925979614e-02
-1.090998388826847076e-02
-7.545541226863861084e-02
-1.450907140970230103e-01
-2.699990868568420410e-01
-3.218187987804412842e-01
-2.025459408760070801e-01
-1.041826978325843811e-01
-5.526983365416526794e-02
-2.327200584113597870e-02
-1.078196614980697632e-01
-3.036376461386680603e-02
4.709105566143989563e-02
6.490918248891830444e-02
-8.909029513597488403e-02
-1.196338012814521790e-01
-1.279995292425155640e-01
-1.643640846014022827e-01
-1.910922378301620483e-01
-1.441820114850997925e-01
-1.156358718872070312e-01
-3.254485502839088440e-02
5.618202313780784607e-02
8.654583245515823364e-02
-4.436298832297325134e-02
-1.890898942947387695e-01
-2.859988808631896973e-01
-2.754529416561126709e-01
-1.256371289491653442e-01
-6.709201633930206299e-02
-1.065440922975540161e-01
-1.887276917695999146e-01
-3.167275488376617432e-01
-2.098173946142196655e-01
-6.508971750736236572e-02
3.036273829638957977e-02
3.636424988508224487e-02
2.054549753665924072e-02
2.545861527323722839e-03
-4.272679612040519714e-02
1.490899268537759781e-02
2.563640289008617401e-02
-5.454510450363159180e-02
-1.032704487442970276e-01
-1.270912587642669678e-01
-1.781827360391616821e-01
-1.960014551877975464e-01
-1.541818678379058838e-01
-1.310904324054718018e-01
-5.654506385326385498e-02
1.000001654028892517e-02
9.454612620174884796e-03
-1.074537113308906555e-01
-2.325441837310791016e-01
-3.476389050483703613e-01
-2.932723760604858398e-01
-1.618161052465438843e-01
-1.225442662835121155e-01
-7.363588362932205200e-02
-2.276366353034973145e-01
-2.410887628793716431e-01
-1.079984977841377258e-01
2.309031412005424500e-02
4.254481568932533264e-02
9.436243027448654175e-02
1.401828378438949585e-01
6.581747531890869141e-02
5.450325552374124527e-04
-1.763609051704406738e-02
-1.345456950366497040e-02
-6.672669947147369385e-02
-8.090844750404357910e-02
-1.374551355838775635e-01
-1.883648484945297241e-01
-1.981834173202514648e-01
-1.796372383832931519e-01
-1.279992610216140747e-01
-5.999951064586639404e-02
-1.272726431488990784e-02
-4.381797090172767639e-02
-1.218191385269165039e-01
-2.365448772907257080e-01
-2.687273919582366943e-01
-2.232732921838760376e-01
-1.452706158161163330e-01
-1.130920797586441040e-01
-7.909002155065536499e-02
-1.619988232851028442e-01
-2.049073576927185059e-01
-4.109245538711547852e-02
6.563614308834075928e-02
3.491014242172241211e-02
1.054556146264076233e-01
9.872744977474212646e-02
2.345464564859867096e-02
-1.163577567785978317e-02
-4.054507240653038025e-02
-6.109042465686798096e-02
-8.181792497634887695e-02
-9.090823680162429810e-02
-1.383638530969619751e-01
-1.901831626892089844e-01
-1.914559006690979004e-01
-1.874556839466094971e-01
-1.381820291280746460e-01
-5.763597786426544189e-02
-1.345447078347206116e-02
-7.654505223035812378e-02
-1.427281945943832397e-01
-1.880011111497879028e-01
-2.169075757265090942e-01
-2.010919749736785889e-01
-1.258172541856765747e-01
-1.301821768283843994e-01
-7.309017330408096313e-02
-2.365477234125137329e-01
-2.759977281093597412e-01
-6.200172379612922668e-02
1.800047419965267181e-02
-1.509104482829570770e-02
9.091246873140335083e-03
-1.600050739943981171e-02
-5.399896949529647827e-02
-3.018201701343059540e-02
-5.109088867902755737e-02
-8.163610100746154785e-02
-1.101817116141319275e-01
-9.127219766378402710e-02
-1.401834338903427124e-01
-1.990925669670104980e-01
-1.963651478290557861e-01
-1.936377435922622681e-01
-1.452725380659103394e-01
-6.381756067276000977e-02
-3.345435857772827148e-02
-1.081810817122459412e-01
-9.636301547288894653e-02
-1.158201396465301514e-01
-1.390900611877441406e-01
-1.434514522552490234e-01
-1.247283294796943665e-01
-1.294534504413604736e-01
-1.903623491525650024e-01
-4.229077696800231934e-01
-4.052704274654388428e-01
-1.305409371852874756e-01
-1.136358901858329773e-01
-1.181820482015609741e-01
-8.509129285812377930e-02
-6.836256384849548340e-02
-2.618346363306045532e-02
-3.309055045247077942e-02
-3.745483234524726868e-02
-6.509053707122802734e-02
-1.143622249364852905e-01
-1.150893121957778931e-01
-1.398194879293441772e-01
-1.776372790336608887e-01
-1.943651288747787476e-01
-1.872739195823669434e-01
-1.318188309669494629e-01
-5.654396116733551025e-02
-7.527204602956771851e-02
-1.379990726709365845e-01
-1.500002741813659668e-01
-1.258179247379302979e-01
-8.745509386062622070e-02
-1.045453622937202454e-01
-1.636359989643096924e-01
-2.116380035877227783e-01
-2.132739871740341187e-01
-4.109078645706176758e-01
-3.701812624931335449e-01
-2.419998049736022949e-01
-1.990923881530761719e-01
-2.365433573722839355e-01
-1.583635658025741577e-01
-3.781664371490478516e-02
-5.455028731375932693e-03
-3.763630986213684082e-02
-2.018178068101406097e-02
-3.999948874115943909e-02
-1.198173537850379944e-01
-1.250898838043212891e-01
-1.403629928827285767e-01
-1.825464963912963867e-01
-2.021834850311279297e-01
-1.876375526189804077e-01
-1.305458694696426392e-01
-6.581587344408035278e-02
-1.052717044949531555e-01
-1.338179856538772583e-01
-1.750906258821487427e-01
-1.640007346868515015e-01
-9.636332094669342041e-02
-1.594536900520324707e-01
-1.654548794031143188e-01
-1.069087609648704529e-01
-1.287272274494171143e-01
-2.025452107191085815e-01
-2.605458498001098633e-01
-2.260009497404098511e-01
-2.096359431743621826e-01
-1.310915350914001465e-01
-1.085461899638175964e-01
-2.090775035321712494e-02
-1.000031922012567520e-02
4.636344686150550842e-02
1.145483925938606262e-02
-2.181825041770935059e-02
-8.963615447282791138e-02
-1.199995800852775574e-01
-1.372723877429962158e-01
-1.874556094408035278e-01
-1.987288594245910645e-01
-1.907286047935485840e-01
-1.099992766976356506e-01
-5.999895930290222168e-02
-8.145403116941452026e-02
-1.012721061706542969e-01
-1.667272448539733887e-01
-2.332724928855895996e-01
-1.770923882722854614e-01
-1.689097434282302856e-01
-1.299991756677627563e-01
-1.034528464078903198e-01
-6.345383077859878540e-02
-1.907276362180709839e-01
-1.750883162021636963e-01
-1.167269647121429443e-01
-1.076367050409317017e-01
-6.709267199039459229e-02
-1.227266564965248108e-01
-6.290959566831588745e-02
-3.927191346883773804e-02
3.909124061465263367e-02
7.454578578472137451e-02
2.909082174301147461e-02
-6.709096580743789673e-02
-1.198181137442588806e-01
-1.367270946502685547e-01
-1.830919682979583740e-01
-2.005470991134643555e-01
-1.729098856449127197e-01
-1.063624471426010132e-01
-5.145389959216117859e-02
-3.945440798997879028e-02
-3.981796279549598694e-02
-1.623641699552536011e-01
-2.540001869201660156e-01
-2.154561430215835571e-01
-1.552719622850418091e-01
-7.090898603200912476e-02
-1.763694919645786285e-02
-1.265464574098587036e-01
-1.567280739545822144e-01
-1.636372953653335571e-01
-1.078168526291847229e-01
-1.038176491856575012e-01
-1.138189882040023804e-01
-1.881829947233200073e-01
-1.896362900733947754e-01
-3.527224436402320862e-02
1.856359839439392090e-01
1.725456565618515015e-01
9.636444598436355591e-02
-3.345438092947006226e-02
-1.087262183427810669e-01
-1.196358501911163330e-01
-1.865465790033340454e-01
-1.967288404703140259e-01
-1.752735823392868042e-01
-1.003628969192504883e-01
-3.890868648886680603e-02
4.272812232375144958e-02
8.363685570657253265e-03
-9.090873599052429199e-02
-1.927293688058853149e-01
-2.338176667690277100e-01
-1.898184269666671753e-01
1.636352273635566235e-03
2.436245046555995941e-02
-1.563661359250545502e-02
-8.418339490890502930e-02
-1.394563466310501099e-01
-1.734552532434463501e-01
-1.579997837543487549e-01
-2.747259736061096191e-01
-2.314533144235610962e-01
-1.219988465309143066e-01
1.207268014550209045e-01
2.439989447593688965e-01
2.516362369060516357e-01
1.289096027612686157e-01
-2.363556995987892151e-03
-7.963583618402481079e-02
-1.279999762773513794e-01
-1.967288553714752197e-01
-2.025471776723861694e-01
-1.812737584114074707e-01
-9.309002012014389038e-02
-3.072700090706348419e-02
5.872777104377746582e-02
1.100005358457565308e-01
5.545448884367942810e-02
-8.581737428903579712e-02
-2.554536461830139160e-01
-2.409097850322723389e-01
-1.630926132202148438e-01
-6.381629407405853271e-02
-4.509232938289642334e-02
-8.672921359539031982e-02
-2.000003457069396973e-01
-2.634568512439727783e-01
-3.498165607452392578e-01
-3.009105920791625977e-01
-2.223620265722274780e-01
-6.381731480360031128e-02
1.629084795713424683e-01
2.976366877555847168e-01
2.281824648380279541e-01
1.103646829724311829e-01
-9.454482235014438629e-03
-8.836220204830169678e-02
-1.398185491561889648e-01
-2.014561593532562256e-01
-1.965469866991043091e-01
-1.976379454135894775e-01
-1.005447730422019958e-01
-4.090828821063041687e-02
5.345559120178222656e-02
9.581986814737319946e-02
1.589083224534988403e-01
3.127266466617584229e-02
-1.865460127592086792e-01
-2.689102888107299805e-01
-3.696366250514984131e-01
-3.770890235900878906e-01
-3.516364693641662598e-01
-4.207270145416259766e-01
-4.505476057529449463e-01
-4.867222607135772705e-01
-4.292736351490020752e-01
-3.036324083805084229e-01
-1.925452202558517456e-01
3.454557061195373535e-02
1.385455429553985596e-01
1.772722303867340088e-01
1.356362104415893555e-01
3.199992701411247253e-02
-4.127206280827522278e-02
-1.067268326878547668e-01
-1.698189079761505127e-01
-1.969106197357177734e-01
-1.987288147211074829e-01
-1.996380537748336792e-01
-1.321817189455032349e-01
-7.999937236309051514e-02
-2.545431815087795258e-02
2.181695308536291122e-03
2.345465309917926788e-02
-2.345443703234195709e-02
-1.912719160318374634e-01
-3.025459945201873779e-01
-3.490902483463287354e-01
-4.200013875961303711e-01
-5.236375927925109863e-01
-5.772729516029357910e-01
-5.870923399925231934e-01
-5.387301445007324219e-01
-3.958185911178588867e-01
-2.965459227561950684e-01
-1.760001033544540405e-01
-8.090888708829879761e-02
-3.927268087863922119e-02
-1.618182659149169922e-02
1.581824943423271179e-02
-1.672723144292831421e-02
-7.436337321996688843e-02
-1.387267857789993286e-01
-1.894557625055313110e-01
-1.963651031255722046e-01
-1.969106495380401611e-01
-1.994561553001403809e-01
-1.807282567024230957e-01
-1.199996024370193481e-01
-8.818043023347854614e-02
-7.127048820257186890e-02
-5.363532900810241699e-02
-6.109019741415977478e-02
-1.176347211003303528e-01
-2.007268965244293213e-01
-2.450907081365585327e-01
-3.083621263504028320e-01
-3.636354207992553711e-01
-3.907276391983032227e-01
-3.881800770759582520e-01
-3.547305166721343994e-01
-3.192762136459350586e-01
-2.241825759410858154e-01
-2.030916661024093628e-01
-1.543642729520797729e-01
-1.223634853959083557e-01
-6.963580846786499023e-02
-4.127311706542968750e-02
-6.036386638879776001e-02
-1.125449910759925842e-01
-1.694551557302474976e-01
-1.945469230413436890e-01
-1.970924884080886841e-01
-1.967287212610244751e-01
-1.985470205545425415e-01
-1.987288594245910645e-01
-1.745461076498031616e-01
-1.249075010418891907e-01
-1.134522482752799988e-01
-1.134507358074188232e-01
-1.370894759893417358e-01
-1.556374281644821167e-01
-1.885463595390319824e-01
-2.340012639760971069e-01
-2.616378962993621826e-01
-2.954576909542083740e-01
-2.949079275131225586e-01
-2.696356773376464844e-01
-2.447273433208465576e-01
-2.423651069402694702e-01
-2.247277349233627319e-01
-2.312755137681961060e-01
-1.856378614902496338e-01
-1.310906410217285156e-01
-1.070900931954383850e-01
-7.945454120635986328e-02
-1.009087115526199341e-01
-1.541819721460342407e-01
-1.887285113334655762e-01
-1.921831965446472168e-01
-1.980015635490417480e-01
-1.989106386899948120e-01
-2.014562785625457764e-01
-2.005471587181091309e-01
-2.021835446357727051e-01
-1.678193211555480957e-01
-1.470929384231567383e-01
-1.532736867666244507e-01
-1.707306802272796631e-01
-2.163684815168380737e-01
-2.523687481880187988e-01
-2.930969297885894775e-01
-3.236392736434936523e-01
-3.441849648952484131e-01
-3.338230550289154053e-01
-3.120010793209075928e-01
-3.029102385044097900e-01
-2.669077813625335693e-01
-2.523629367351531982e-01
-2.210922688245773315e-01
-1.689103692770004272e-01
-1.281812936067581177e-01
-1.165447309613227844e-01
-1.461817473173141479e-01
-1.798191666603088379e-01
-2.007289826869964600e-01
-2.007289528846740723e-01
-1.981833875179290771e-01
-1.990925520658493042e-01
-2.020016908645629883e-01
-1.974561512470245361e-01
-1.978198289871215820e-01
-1.974560767412185669e-01
-1.916377991437911987e-01
-1.850920170545578003e-01
-1.605472266674041748e-01
-1.540025025606155396e-01
-1.525460183620452881e-01
-1.501828730106353760e-01
-1.825482994318008423e-01
-1.923656165599822998e-01
-2.040037661790847778e-01
-2.083663195371627808e-01
-2.230925709009170532e-01
-2.096385806798934937e-01
-1.858203709125518799e-01
-1.716379076242446899e-01
-1.554554402828216553e-01
-1.450911462306976318e-01
-1.498188525438308716e-01
-1.794554591178894043e-01
-1.789100170135498047e-01
-1.981833130121231079e-01
-1.994562000036239624e-01
-1.974560171365737915e-01
-1.940014809370040894e-01
-2.012743502855300903e-01
