-5.861061066389083862e-02 -2.437558621168136597e-01 1.006361246109008789e-01 -2.468552291393280029e-01 -1.545903235673904419e-01 -4.556804895401000977e-01 -1.929869651794433594e-01 -1.726027727127075195e-01 -3.200213983654975891e-02 -1.891142576932907104e-01
-8.916413784027099609e-02 -7.503022998571395874e-02 -9.787519276142120361e-02 -7.803435623645782471e-02 -2.880126982927322388e-02 -9.957794100046157837e-02 -1.654330343008041382e-01 1.041328813880681992e-02 -2.531686611473560333e-02 1.349247246980667114e-01
3.719593584537506104e-01 -1.137898191809654236e-01 -2.128667831420898438e-01 -2.567545175552368164e-01 -1.612993180751800537e-01 1.353347301483154297e-01 2.859347462654113770e-01 -1.006996165961027145e-02 -3.764826953411102295e-01 -2.823333442211151123e-01
-1.081848666071891785e-01 -7.407850027084350586e-02 -1.661981791257858276e-01 -9.024093300104141235e-02 1.060516163706779480e-01 1.549901515245437622e-01 2.041480876505374908e-02 -8.688282221555709839e-02 -5.030731484293937683e-02 -2.010498046875000000e-01
-1.717338114976882935e-01 -1.352304369211196899e-01 -1.517898887395858765e-01 -1.678760647773742676e-01 1.738494038581848145e-01 -1.102006286382675171e-01 4.986274614930152893e-02 -2.354717701673507690e-01 -4.714107885956764221e-02 -4.223771020770072937e-02
2.042116671800613403e-01 -9.802803397178649902e-02 -5.099239945411682129e-01 3.532825410366058350e-02 5.236841738224029541e-02 1.239692643284797668e-01 8.333114534616470337e-02 -2.331366529688239098e-03 1.121154204010963440e-01 2.671271003782749176e-02
-8.574844896793365479e-02 2.086157351732254028e-02 -2.003626339137554169e-02 -2.420472726225852966e-02 6.109700724482536316e-02 -9.756538271903991699e-02 7.287596911191940308e-02 9.132578969001770020e-02 -5.373741313815116882e-02 -6.480804085731506348e-02
-9.916447848081588745e-02 -2.581976652145385742e-01 -1.842597313225269318e-02 8.200902491807937622e-02 6.506938487291336060e-03 1.685631126165390015e-01 -1.173239275813102722e-01 7.008354365825653076e-02 -1.206345111131668091e-01 -1.309635024517774582e-02
-1.038256138563156128e-01 -1.268497258424758911e-01 5.336017161607742310e-02 5.715096741914749146e-02 9.353254735469818115e-02 1.347943991422653198e-01 4.298623278737068176e-02 5.286378040909767151e-02 4.406740143895149231e-02 2.049919404089450836e-02
-1.615603864192962646e-01 -2.651201486587524414e-01 -2.312795072793960571e-01 -2.827026546001434326e-01 7.826673984527587891e-02 -4.828318953514099121e-02 -3.979952633380889893e-01 -1.936842054128646851e-01 -1.136979646980762482e-02 -9.167996793985366821e-02
6.347508728504180908e-02 -9.112849831581115723e-03 -3.066355362534523010e-02 -5.542975291609764099e-02 -1.171655729413032532e-01 8.375673554837703705e-03 -4.683871194720268250e-02 6.459742784500122070e-02 -1.828416287899017334e-01 -1.215547323226928711e-02
-3.413894027471542358e-02 -2.564856708049774170e-01 -2.698599174618721008e-02 -1.161082759499549866e-01 4.634552821516990662e-02 1.918508559465408325e-01 -2.813811004161834717e-01 -2.445814013481140137e-02 -7.879131287336349487e-02 -1.902956143021583557e-02
-2.647137455642223358e-02 1.823854260146617889e-02 -1.653636991977691650e-01 -4.149116575717926025e-02 -9.139420092105865479e-02 4.611044377088546753e-02 -1.799125671386718750e-01 -2.475544996559619904e-02 -1.205858495086431503e-02 9.791043400764465332e-02
1.430250331759452820e-02 -8.741451799869537354e-02 -3.460098430514335632e-02 -3.883629292249679565e-02 1.751779168844223022e-01 -6.362230330705642700e-02 -7.085049152374267578e-02 -4.381823837757110596e-01 -1.317903995513916016e-01 -1.932302303612232208e-02
-3.524409532546997070e-01 -2.410619705915451050e-02 -2.373941093683242798e-01 -2.488022744655609131e-01 -4.279194399714469910e-02 -3.955821096897125244e-01 -5.743431299924850464e-02 1.539742052555084229e-01 -3.953221440315246582e-01 7.065226137638092041e-02
-5.653971806168556213e-02 4.928379133343696594e-02 -6.949790567159652710e-02 -6.444881111383438110e-02 -1.898531801998615265e-02 -1.408587545156478882e-01 -8.828716352581977844e-03 -2.615271210670471191e-01 -2.435122430324554443e-01 -2.709740400314331055e-01
-9.781059622764587402e-02 2.569111585617065430e-01 7.950362749397754669e-03 -2.604146897792816162e-01 -8.424090594053268433e-02 -2.422497272491455078e-01 -4.444554820656776428e-02 -1.999846994876861572e-01 -3.095709681510925293e-01 -2.448661327362060547e-01
-1.879966557025909424e-01 -1.434551831334829330e-02 -2.699586190283298492e-02 -1.586242318153381348e-01 -2.513299882411956787e-02 1.736183091998100281e-02 -1.347727626562118530e-01 7.249417714774608612e-03 -2.507276535034179688e-01 -1.509049683809280396e-01
-5.305298417806625366e-02 -1.841538995504379272e-01 -2.630931735038757324e-01 -2.227034568786621094e-01 -2.244069427251815796e-01 1.711359769105911255e-01 2.623874507844448090e-02 -5.327919125556945801e-02 3.183899819850921631e-01 5.358178913593292236e-02
-1.001761332154273987e-01 1.487172245979309082e-01 -5.736905708909034729e-02 -2.071343734860420227e-02 -2.573774429038167000e-03 -2.704369723796844482e-01 -1.098930835723876953e-01 2.072641402482986450e-01 3.076937608420848846e-02 1.694474369287490845e-01
-9.659204632043838501e-03 1.598547250032424927e-01 -3.683288395404815674e-02 -3.310699388384819031e-02 3.281901404261589050e-02 5.782970041036605835e-02 1.539598554372787476e-01 -9.734021127223968506e-02 2.322039753198623657e-02 -2.869606576859951019e-02
1.195068880915641785e-01 -3.001642525196075439e-01 -7.865250110626220703e-02 -5.324457883834838867e-01 -1.713183522224426270e-01 -4.289082288742065430e-01 -4.716996476054191589e-02 -1.481750458478927612e-01 -2.480153441429138184e-01 -1.482201665639877319e-01
-2.546221315860748291e-01 -2.693192064762115479e-01 -1.732036471366882324e-01 4.720870405435562134e-02 -1.467412561178207397e-01 -1.437741965055465698e-01 -2.214622348546981812e-01 -2.635630667209625244e-01 -3.315161466598510742e-01 -4.051416218280792236e-01
1.185251176357269287e-01 -1.821530610322952271e-01 -2.798518724739551544e-02 4.402713105082511902e-02 -6.081748008728027344e-01 -5.990192666649818420e-02 6.250799447298049927e-02 1.173458024859428406e-01 -1.054301857948303223e-01 -2.683840692043304443e-01
2.395733445882797241e-02 4.894760251045227051e-02 -3.701900690793991089e-02 2.130126766860485077e-02 -6.815963238477706909e-02 8.507922291755676270e-03 -7.492193579673767090e-02 -5.410172045230865479e-02 -7.773275952786207199e-03 -5.709119886159896851e-02
-3.002011775970458984e-01 -2.431668490171432495e-01 -2.526028454303741455e-01 -2.862190902233123779e-01 -1.108795870095491409e-02 -3.788859844207763672e-01 -3.279559910297393799e-01 -2.836750354617834091e-03 -3.423218429088592529e-01 -1.589291840791702271e-01
-1.608199179172515869e-01 -3.535609841346740723e-01 -1.443039625883102417e-01 -1.341922879219055176e-01 -2.160206250846385956e-02 -5.112734064459800720e-02 -1.778163909912109375e-01 9.092798084020614624e-02 -1.191259473562240601e-01 -2.682722508907318115e-01
-1.064257994294166565e-01 -1.304125487804412842e-01 -3.749046847224235535e-02 -6.129363551735877991e-02 -2.129006013274192810e-02 1.406588684767484665e-02 5.142308305948972702e-03 3.794631734490394592e-02 -1.592524498701095581e-01 -2.530955672264099121e-01
3.097502514719963074e-02 -4.243561625480651855e-02 1.318769603967666626e-01 5.830027163028717041e-02 3.230687975883483887e-02 -3.942463546991348267e-02 -1.041397824883460999e-01 1.890441775321960449e-02 5.315643176436424255e-02 -6.680701673030853271e-02
-1.033466681838035583e-01 1.364925801753997803e-01 -8.144348859786987305e-02 1.373006552457809448e-01 -1.271125022321939468e-02 3.239994868636131287e-02 -1.672587543725967407e-02 -8.010891079902648926e-02 -1.328419744968414307e-01 -1.498556435108184814e-01
-2.790904045104980469e-02 1.094185188412666321e-01 -9.227886795997619629e-02 3.051922097802162170e-02 -5.736688524484634399e-02 -1.895654499530792236e-01 -3.859144076704978943e-02 -2.240088433027267456e-01 -1.169428750872612000e-01 -1.261683851480484009e-01
5.186903849244117737e-02 1.023529842495918274e-02 -8.896133862435817719e-03 -8.647050708532333374e-02 9.488356858491897583e-02 8.349664509296417236e-02 -1.144694834947586060e-01 -1.548442840576171875e-01 -8.544009178876876831e-03 -2.116637378931045532e-01
-1.303560286760330200e-01 1.579820215702056885e-01 3.941458999179303646e-07 3.201271593570709229e-02 6.713339127600193024e-03 1.036085784435272217e-01 -1.013460010290145874e-01 1.125867385417222977e-02 2.564330957829952240e-02 -1.500085890293121338e-01
8.047634735703468323e-03 -1.246463954448699951e-01 -1.856505637988448143e-03 -1.371634658426046371e-03 8.794470131397247314e-02 4.841200262308120728e-02 -2.325284667313098907e-02 -3.328524157404899597e-02 5.282705649733543396e-02 -8.952502906322479248e-02
-5.387603119015693665e-02 -1.349617093801498413e-01 -1.176723241806030273e-01 -1.591787934303283691e-01 -9.884199500083923340e-02 -4.132689833641052246e-01 -8.944653719663619995e-02 -2.267926335334777832e-01 8.837528526782989502e-02 -4.261402189731597900e-01
-1.858390271663665771e-01 -7.504608482122421265e-02 3.717466443777084351e-02 6.855339277535676956e-03 -5.027938634157180786e-02 7.589232921600341797e-02 -5.590222030878067017e-02 -7.415883988142013550e-02 -1.570719480514526367e-01 4.066831991076469421e-02
-2.263056188821792603e-01 -2.430984079837799072e-01 -8.758518844842910767e-02 -1.607473939657211304e-01 -9.839858114719390869e-02 -3.640156388282775879e-01 -7.952360063791275024e-02 -1.466701775789260864e-01 -2.483856230974197388e-01 -2.427055835723876953e-01
-1.632271334528923035e-02 -1.087299827486276627e-02 -1.589931696653366089e-01 -1.030117347836494446e-01 1.621764749288558960e-01 -1.332540810108184814e-01 -2.646115981042385101e-02 6.713947653770446777e-02 7.711029145866632462e-03 8.301297575235366821e-02
1.021927967667579651e-01 -3.496442735195159912e-01 -6.014470010995864868e-02 -3.953510820865631104e-01 -8.293484896421432495e-02 1.133253723382949829e-01 7.649958878755569458e-02 1.185859814286231995e-01 -3.005782663822174072e-01 -7.405675714835524559e-04
4.522689059376716614e-02 -2.660845778882503510e-02 -6.934238672256469727e-01 1.366789340972900391e-01 -2.077423036098480225e-01 2.015323340892791748e-01 -1.895492225885391235e-01 -1.986375004053115845e-01 4.064356163144111633e-02 -5.604367330670356750e-02
-1.244403347373008728e-01 -2.110974043607711792e-01 -2.049897564575076103e-03 1.767321079969406128e-01 -1.435133279301226139e-03 -2.632876634597778320e-01 -3.408240079879760742e-01 -7.149706780910491943e-02 -3.097862005233764648e-01 -4.790100455284118652e-02
-4.514665901660919189e-02 -1.570556908845901489e-01 -1.014292165637016296e-01 1.505298912525177002e-01 -3.359104692935943604e-02 -1.490637063980102539e-01 -2.641229927539825439e-01 1.246269941329956055e-01 -2.769023478031158447e-01 -3.422677516937255859e-01
4.153792560100555420e-02 -1.419815868139266968e-01 -1.754949055612087250e-02 -3.274814039468765259e-02 -4.067491367459297180e-02 1.559085994958877563e-01 1.231621950864791870e-02 2.367884665727615356e-02 -9.835974872112274170e-02 -8.368274569511413574e-02
-1.162915751338005066e-01 1.630113422870635986e-01 -6.323415040969848633e-02 7.823389768600463867e-02 1.742745935916900635e-02 -1.339353173971176147e-01 2.102920264005661011e-01 3.918264433741569519e-02 -1.718787997961044312e-01 7.930722832679748535e-02
-9.352327883243560791e-02 8.966097235679626465e-02 -3.352097421884536743e-02 1.350630074739456177e-01 -7.751122862100601196e-02 7.832981646060943604e-02 -1.303741484880447388e-01 -6.563846766948699951e-02 -6.677262019366025925e-03 -5.206084623932838440e-02
2.418400160968303680e-02 8.790790289640426636e-02 3.773101791739463806e-02 -5.418618768453598022e-02 9.487049281597137451e-02 2.683186344802379608e-02 1.698735542595386505e-02 -3.532964363694190979e-02 7.529619336128234863e-02 -1.455461978912353516e-01
-1.078225746750831604e-01 -2.310835123062133789e-01 -1.275173127651214600e-01 -3.762899711728096008e-02 -3.427764177322387695e-01 -1.708048731088638306e-01 1.310761570930480957e-01 -1.830053627490997314e-01 -3.106104135513305664e-01 -2.909042239189147949e-01
-7.864376157522201538e-02 -2.051849961280822754e-01 -4.346140101552009583e-02 3.542935592122375965e-04 3.308380395174026489e-02 9.879545122385025024e-02 3.265481069684028625e-02 -4.288822412490844727e-02 -1.944527029991149902e-01 -2.754043042659759521e-01
8.982128649950027466e-02 -6.036272272467613220e-02 1.446192990988492966e-02 4.583262838423252106e-03 -1.292255669832229614e-01 -4.497988894581794739e-02 1.742171123623847961e-02 -2.664152905344963074e-02 -8.934848755598068237e-02 -1.684191972017288208e-01
-1.297764033079147339e-01 -2.512680366635322571e-02 -9.731446206569671631e-02 3.556287288665771484e-02 -1.460468322038650513e-01 -5.454216524958610535e-02 -6.188527122139930725e-02 7.239756733179092407e-02 -1.613809615373611450e-01 -9.670403599739074707e-02
-6.588599085807800293e-02 -6.484428048133850098e-01 4.526258632540702820e-02 -3.213919997215270996e-01 -1.047834567725658417e-02 -2.595881223678588867e-01 2.475681453943252563e-01 -6.475640833377838135e-02 -5.918498039245605469e-01 -1.230264008045196533e-01
6.352766603231430054e-02 -1.467391997575759888e-01 1.146309077739715576e-02 6.398912519216537476e-02 -2.166299521923065186e-02 1.839628219604492188e-01 -4.957471787929534912e-02 -3.258397057652473450e-02 -2.564192749559879303e-02 -1.669831126928329468e-01
-3.321819901466369629e-01 -1.607222259044647217e-01 -5.408385023474693298e-02 -2.323263883590698242e-01 -4.001988470554351807e-02 -1.389255374670028687e-01 -2.850672602653503418e-01 -4.464960470795631409e-02 1.305825635790824890e-02 7.396087050437927246e-02
-1.514382660388946533e-01 1.418015211820602417e-01 -1.425669435411691666e-02 -3.233622759580612183e-03 -4.077591001987457275e-02 -1.942029036581516266e-02 -6.450104713439941406e-02 4.172262921929359436e-02 -2.322423830628395081e-02 -8.509892225265502930e-02
-2.222793698310852051e-01 -2.374658882617950439e-01 -1.612328737974166870e-01 1.102074682712554932e-01 -1.215615421533584595e-01 -1.713014692068099976e-01 -1.259671747684478760e-01 -1.718336790800094604e-01 1.531275361776351929e-01 -1.492317020893096924e-01
-1.117649395018815994e-02 -1.819101870059967041e-01 -1.957239806652069092e-01 -3.365126624703407288e-02 2.165468037128448486e-01 1.093414351344108582e-01 8.136052638292312622e-02 -2.516469359397888184e-02 -1.186178922653198242e-01 2.041714638471603394e-01
-8.155430853366851807e-02 -5.164695158600807190e-02 1.042951922863721848e-02 -3.815811872482299805e-02 -7.726968079805374146e-02 -1.079309880733489990e-01 -5.509818717837333679e-02 -5.491431802511215210e-02 2.009459026157855988e-02 -1.174029614776372910e-02
-3.754731267690658569e-02 -2.826888859272003174e-01 2.633800916373729706e-02 -1.850791871547698975e-01 -5.182494521141052246e-01 -1.036435142159461975e-01 -8.024688810110092163e-02 -1.343125998973846436e-01 -1.221398711204528809e-01 -1.094157695770263672e-01
-1.900329254567623138e-02 -3.063372336328029633e-03 -6.777688860893249512e-02 5.899763479828834534e-02 -1.766966730356216431e-01 -9.402319043874740601e-02 -2.483421117067337036e-01 1.427959650754928589e-02 -1.188860833644866943e-01 -8.324913680553436279e-02
-1.259126216173171997e-01 2.213914990425109863e-01 4.865014180541038513e-02 -8.349271863698959351e-02 -7.506081368774175644e-03 -1.920045316219329834e-01 3.331491723656654358e-02 -4.017782211303710938e-02 -3.059622365981340408e-03 -1.797746121883392334e-01
-1.516299098730087280e-01 -5.794513598084449768e-02 5.369309335947036743e-03 -1.252877414226531982e-01 -1.560417711734771729e-01 3.866710141301155090e-02 -1.918256282806396484e-01 -1.067957580089569092e-01 -1.520486623048782349e-01 1.513683944940567017e-01
3.451923280954360962e-02 1.485164016485214233e-01 -1.298637092113494873e-01 -1.634705066680908203e-01 1.544933617115020752e-01 1.247479245066642761e-01 -7.785233855247497559e-02 2.544495165348052979e-01 -2.097429335117340088e-02 -6.158330943435430527e-03
-8.349093049764633179e-02 -1.997287273406982422e-01 8.972268551588058472e-03 -2.400063909590244293e-02 -1.703498363494873047e-01 -1.948310881853103638e-01 -1.155424118041992188e-01 -3.207632154226303101e-02 -2.080841511487960815e-01 5.517115443944931030e-02
1.627163961529731750e-02 -1.821319162845611572e-01 -5.066007003188133240e-02 -5.565942078828811646e-02 8.312630653381347656e-02 3.583299368619918823e-02 -4.117907583713531494e-02 2.615275681018829346e-01 -7.230890914797782898e-03 -1.105830818414688110e-02
-3.324260935187339783e-02 -2.569013535976409912e-01 9.183975309133529663e-02 -2.200976014137268066e-01 -3.944301009178161621e-01 -2.478242218494415283e-01 -1.497570872306823730e-01 -1.963530033826828003e-01 1.058515608310699463e-01 -2.051271349191665649e-01
-6.721974909305572510e-02 -4.489813745021820068e-02 1.230445131659507751e-02 3.894673287868499756e-02 -1.249345168471336365e-01 -5.736059322953224182e-02 -5.286551266908645630e-02 -8.671900257468223572e-03 -1.377559006214141846e-01 1.328784823417663574e-01
1.104395687580108643e-01 -5.428461357951164246e-03 5.645594093948602676e-03 -4.754510149359703064e-02 8.519175648689270020e-02 8.977992832660675049e-02 -5.290560424327850342e-02 6.095143500715494156e-03 -6.730484217405319214e-02 -4.393396899104118347e-02
3.119063004851341248e-02 -2.564080953598022461e-01 -6.642131507396697998e-02 -1.686314344406127930e-01 4.515148103237152100e-01 -2.155993729829788208e-01 2.315956354141235352e-01 -4.977971613407135010e-01 -4.808410257101058960e-02 -1.576274782419204712e-01
-1.502526104450225830e-01 -2.138663977384567261e-01 4.794210940599441528e-02 -1.935768276453018188e-01 -2.895957231521606445e-01 6.573636829853057861e-02 -1.281568408012390137e-01 -2.750143110752105713e-01 -8.902006596326828003e-02 -1.823988743126392365e-02
5.032330285757780075e-03 1.963883824646472931e-02 -1.951827257871627808e-01 -1.438615769147872925e-01 5.819687619805335999e-02 2.687282394617795944e-03 1.090854555368423462e-01 -7.781852968037128448e-03 -2.156038135290145874e-01 -4.253034293651580811e-01
-1.096172705292701721e-01 -1.500245779752731323e-01 -1.651050150394439697e-02 -2.248619943857192993e-01 -7.643059641122817993e-02 3.066877722740173340e-01 1.364888548851013184e-01 -8.948184549808502197e-02 -1.879752278327941895e-01 -8.178915828466415405e-02
-2.643111050128936768e-01 1.304774880409240723e-01 1.619727611541748047e-01 8.706875145435333252e-02 -2.753633558750152588e-01 -1.909203082323074341e-02 -5.375344306230545044e-02 1.255340129137039185e-01 -1.110252216458320618e-01 -1.874870359897613525e-01
-2.012888938188552856e-01 -1.933491975069046021e-01 -3.305708169937133789e-01 2.413346618413925171e-01 -1.417048424482345581e-01 2.397287636995315552e-01 -1.238978952169418335e-01 -4.504418075084686279e-01 2.416012585163116455e-01 -1.013298109173774719e-01
-7.904917746782302856e-02 4.373453184962272644e-02 -1.127650402486324310e-02 -1.362585425376892090e-01 -3.104147911071777344e-01 -1.859245896339416504e-01 -1.313135772943496704e-01 -9.886302053928375244e-02 7.696707546710968018e-02 -1.661912053823471069e-01
-1.524777263402938843e-01 7.258364558219909668e-02 -2.814225293695926666e-02 1.503788633272051811e-03 3.654856979846954346e-02 -5.551142990589141846e-02 -5.174973234534263611e-02 1.260380609892308712e-03 1.464951038360595703e-01 -9.917018562555313110e-02
-2.179265767335891724e-02 -3.152784705162048340e-01 -5.562429502606391907e-02 6.843606941401958466e-03 -3.365276157855987549e-01 -1.904238313436508179e-01 -1.052347943186759949e-01 -1.755842864513397217e-01 -1.724053025245666504e-01 -6.962525658309459686e-04
-4.167567938566207886e-02 -4.307408817112445831e-03 5.378458648920059204e-03 -1.845472119748592377e-02 1.467680633068084717e-01 1.731329858303070068e-01 -2.904574386775493622e-02 -1.442472729831933975e-02 5.879021435976028442e-02 -1.834415644407272339e-02
-7.299284636974334717e-02 -5.648648831993341446e-03 -3.972916305065155029e-02 4.339995980262756348e-02 9.489663690328598022e-02 -7.914196699857711792e-02 -2.113004401326179504e-02 3.085241653025150299e-02 -1.380068361759185791e-01 -2.219153009355068207e-02
-5.158269777894020081e-02 -5.144240707159042358e-02 -5.733009427785873413e-02 -1.048185583204030991e-02 -2.960871532559394836e-02 -8.430843800306320190e-02 -1.727909594774246216e-01 -6.561017129570245743e-03 -5.314623564481735229e-02 5.318022146821022034e-02
-2.636700123548507690e-02 1.329913437366485596e-01 -5.892469082027673721e-03 -7.509947568178176880e-02 -1.992052346467971802e-01 3.949815779924392700e-02 6.294707208871841431e-02 -2.131505310535430908e-01 -8.401702344417572021e-02 -9.928311407566070557e-02
3.981953114271163940e-02 9.014707058668136597e-03 4.443858563899993896e-02 1.132679358124732971e-01 8.081196993589401245e-02 6.434521079063415527e-02 -5.335285142064094543e-02 4.197549447417259216e-02 -6.032755598425865173e-02 9.082847274839878082e-03
-6.108621880412101746e-02 -6.484112888574600220e-02 3.508283197879791260e-02 5.375276878476142883e-02 -5.777590349316596985e-02 6.486207246780395508e-03 -2.822422794997692108e-02 2.474390342831611633e-02 2.830317988991737366e-02 2.142690867185592651e-02
-1.740517169237136841e-01 -3.451121449470520020e-01 -3.114295005798339844e-01 1.309237070381641388e-02 -4.060885012149810791e-01 -1.656939536333084106e-01 -7.593568563461303711e-01 6.735887378454208374e-02 1.544007062911987305e-01 -1.735002249479293823e-01
7.327027618885040283e-02 6.078296154737472534e-02 -8.832220733165740967e-02 -2.200695574283599854e-01 -8.886667340993881226e-02 -2.094655297696590424e-02 2.003521099686622620e-02 -2.145098298788070679e-01 9.341407567262649536e-02 2.209981828927993774e-01
-6.534707546234130859e-02 3.475952520966529846e-02 2.324242144823074341e-01 -3.031819686293601990e-02 -1.042549684643745422e-01 1.071354970335960388e-01 5.643537151627242565e-04 -4.205328822135925293e-01 -3.866481408476829529e-02 -4.899125993251800537e-01
-3.114623483270406723e-03 1.426564157009124756e-01 -1.508131474256515503e-01 1.285802014172077179e-02 3.848529234528541565e-02 -1.415340900421142578e-01 -6.266064941883087158e-02 4.316503927111625671e-02 -6.599877029657363892e-02 1.522708088159561157e-01
-4.401676356792449951e-02 1.386136934161186218e-02 1.109048817306756973e-02 2.373612485826015472e-02 -1.565803885459899902e-01 6.469105184078216553e-02 -9.109129011631011963e-02 1.953189820051193237e-02 -3.917124122381210327e-02 2.633286826312541962e-02
6.982969492673873901e-02 -2.683135122060775757e-02 9.875968098640441895e-02 2.456779778003692627e-02 4.504719749093055725e-03 -3.097362816333770752e-02 -8.807179983705282211e-04 -3.064136207103729248e-02 -7.436323910951614380e-02 -1.000941991806030273e-01
-6.102853640913963318e-02 3.170335590839385986e-01 4.206354916095733643e-02 -1.698122359812259674e-02 -1.355392485857009888e-01 -2.424899786710739136e-01 6.309711933135986328e-02 -8.773649483919143677e-02 -3.053715080022811890e-02 -2.737372815608978271e-01
-9.339801222085952759e-02 3.865646421909332275e-01 -1.101002767682075500e-01 -2.933841347694396973e-01 -7.623589038848876953e-02 -1.916638165712356567e-01 -4.225640371441841125e-02 -1.807700097560882568e-01 -3.008323311805725098e-01 -2.314489036798477173e-01
-4.066021144390106201e-01 -2.813863456249237061e-01 -1.228375136852264404e-01 -1.686266362667083740e-01 -2.378157675266265869e-01 -2.407295256853103638e-01 -6.698190420866012573e-02 -4.885457083582878113e-02 -2.870639860630035400e-01 -2.736082673072814941e-01
1.967663764953613281e-01 -2.225704304873943329e-02 -4.103286862373352051e-01 -2.078235298395156860e-01 -1.147318258881568909e-01 9.462706744670867920e-02 6.405521929264068604e-02 -4.796487838029861450e-02 6.303103268146514893e-02 8.101032115519046783e-03
-7.512895762920379639e-02 -4.695578813552856445e-01 -4.013087451457977295e-01 -2.236389964818954468e-01 -5.251367688179016113e-01 -2.028439380228519440e-02 -8.147405385971069336e-01 -1.808166690170764923e-02 -1.931135952472686768e-01 3.439588844776153564e-01
1.796461828052997589e-02 3.303196653723716736e-02 -5.882516503334045410e-02 -8.448422700166702271e-02 -1.749196462333202362e-02 1.521038562059402466e-01 -6.681443005800247192e-02 3.437291830778121948e-02 -6.929802894592285156e-02 -4.238989949226379395e-02
-5.911912322044372559e-01 -1.324819773435592651e-01 9.166632592678070068e-02 -4.483656585216522217e-01 1.325131505727767944e-01 -5.242993235588073730e-01 2.862467989325523376e-02 -1.976184993982315063e-01 3.086016476154327393e-01 3.600285202264785767e-02
4.542384296655654907e-02 -3.749661147594451904e-01 -7.108157873153686523e-01 -4.808124601840972900e-01 9.708444029092788696e-02 5.907341837882995605e-03 1.844893097877502441e-01 -1.962312608957290649e-01 -1.034715473651885986e-01 2.876924872398376465e-01
-1.414750218391418457e-01 -2.293175309896469116e-01 -9.006798267364501953e-02 1.867965608835220337e-02 9.356142580509185791e-02 4.157667979598045349e-02 -1.150413900613784790e-01 -4.595160782337188721e-01 -1.372985839843750000e-01 1.709915399551391602e-01
-1.172826364636421204e-01 2.651865482330322266e-01 -3.686405122280120850e-01 -2.711888849735260010e-01 2.406602501869201660e-01 7.849173247814178467e-02 -1.536529809236526489e-01 2.696990072727203369e-01 -1.275593787431716919e-01 1.110982373356819153e-01
-2.871643565595149994e-02 7.834372669458389282e-02 -4.313724115490913391e-02 -9.683811664581298828e-02 -9.933795034885406494e-02 1.390443183481693268e-02 -6.498422473669052124e-02 -8.634053170680999756e-02 -1.067864056676626205e-02 9.260660037398338318e-03
5.929494276642799377e-03 2.924152463674545288e-02 -4.649598523974418640e-02 9.223166853189468384e-02 -2.851366102695465088e-01 7.104493677616119385e-02 -5.811180546879768372e-02 9.185755997896194458e-02 -1.739642620086669922e-01 7.979355752468109131e-02
-1.992038786411285400e-01 1.110604926943778992e-01 1.208774745464324951e-01 9.140457212924957275e-02 -7.702630758285522461e-02 2.304306477308273315e-01 -3.343946486711502075e-02 -5.139771103858947754e-02 9.491610527038574219e-02 6.374947726726531982e-02
-8.384420722723007202e-02 -1.344738751649856567e-01 1.529320776462554932e-01 -1.793901473283767700e-01 5.158036351203918457e-01 -2.102944850921630859e-01 2.100604772567749023e-02 3.289271891117095947e-01 -1.645711511373519897e-01 1.703130006790161133e-01
-2.223520427942276001e-01 -5.532311275601387024e-03 1.221159100532531738e-01 5.060980096459388733e-02 1.291865259408950806e-01 3.802074790000915527e-01 1.946516484022140503e-01 1.137560009956359863e-01 -1.567945033311843872e-01 -1.355164125561714172e-02
5.155746266245841980e-02 -1.104044020175933838e-01 -3.159952163696289062e-01 -5.344850942492485046e-02 -1.731249541044235229e-01 -1.165384650230407715e-01 3.090538550168275833e-03 2.163757383823394775e-01 -1.561604142189025879e-01 3.791680186986923218e-02
5.747826769948005676e-03 -5.816989392042160034e-02 5.708318948745727539e-02 8.353445678949356079e-02 1.473958510905504227e-02 3.280146792531013489e-02 -5.773350223898887634e-02 -2.062232047319412231e-01 -1.130882725119590759e-01 9.737180173397064209e-02
-1.382372975349426270e-01 -1.864200085401535034e-01 -1.256253421306610107e-01 1.329035907983779907e-01 -6.985462456941604614e-02 -2.638166248798370361e-01 -3.031069040298461914e-01 2.960040606558322906e-02 -1.982845515012741089e-01 1.690919697284698486e-02
-6.122335791587829590e-02 6.020929291844367981e-02 1.891651749610900879e-01 -1.272617932409048080e-02 -3.539290651679039001e-02 9.771951287984848022e-02 -3.150128573179244995e-02 -5.870912969112396240e-02 -7.445766776800155640e-02 1.535956840962171555e-02
1.566573083400726318e-01 -3.184610307216644287e-01 -7.158795744180679321e-02 1.358569115400314331e-01 -9.238810837268829346e-02 -1.632607430219650269e-01 -1.393635869026184082e-01 4.096929356455802917e-02 -3.594302535057067871e-01 -2.294432558119297028e-02
4.740484803915023804e-02 -2.264427393674850464e-02 -2.915000077337026596e-04 -1.964073453564196825e-04 6.103728339076042175e-02 1.922014057636260986e-01 -2.993310615420341492e-02 1.894459873437881470e-02 -6.830806285142898560e-02 -6.947213411331176758e-02
-8.913866430521011353e-02 4.637932032346725464e-02 -4.458603635430335999e-02 3.299887757748365402e-04 -1.595657691359519958e-02 3.576284274458885193e-03 -1.450636982917785645e-01 -3.430217877030372620e-02 1.104681268334388733e-01 -3.350100666284561157e-02
-5.664633512496948242e-01 2.272521704435348511e-01 1.641468517482280731e-02 2.414517104625701904e-01 -5.788061395287513733e-02 2.374659329652786255e-01 -3.786650002002716064e-01 1.204414106905460358e-02 -1.376013606786727905e-01 -7.572686672210693359e-02
-3.942969813942909241e-02 6.788835674524307251e-02 8.010157942771911621e-02 1.925250329077243805e-02 -9.739441797137260437e-03 -1.719972118735313416e-02 4.087116196751594543e-02 -5.295982211828231812e-02 6.867893505841493607e-03 2.567619644105434418e-02
-3.637386262416839600e-01 -2.006467282772064209e-01 -2.081326954066753387e-02 -1.193448752164840698e-01 -1.122392266988754272e-01 -2.942828536033630371e-01 -3.387808501720428467e-01 -8.923428505659103394e-02 -2.226404994726181030e-01 -4.303930103778839111e-01
-2.375598810613155365e-02 -4.615203291177749634e-02 -9.131588786840438843e-02 6.032506749033927917e-02 -4.700689390301704407e-02 4.074181988835334778e-02 -1.102308258414268494e-01 -9.585096687078475952e-02 -9.998855739831924438e-02 -1.098806262016296387e-01
-1.866493970155715942e-01 2.100827842950820923e-01 -6.128195300698280334e-02 -1.401731520891189575e-01 6.137978658080101013e-02 -2.274216152727603912e-02 -4.739910736680030823e-02 1.022662129253149033e-02 -2.140001393854618073e-02 5.336907133460044861e-02
-1.172347217798233032e-01 2.876273095607757568e-01 -1.548982262611389160e-01 -2.285522967576980591e-01 -7.443405687808990479e-02 -2.771956026554107666e-01 -5.888383090496063232e-02 -1.768976300954818726e-01 -2.478784173727035522e-01 -2.285502105951309204e-01
-1.387745887041091919e-01 -5.562555789947509766e-02 -3.321122750639915466e-02 -1.116341203451156616e-01 1.137464586645364761e-02 7.082802057266235352e-02 -1.660542041063308716e-01 -4.392903670668601990e-02 -3.215593844652175903e-02 -5.224568769335746765e-02
9.365362673997879028e-02 1.949846930801868439e-02 -1.842642277479171753e-01 -4.753277078270912170e-02 -2.041799575090408325e-02 6.045338138937950134e-02 -2.927616611123085022e-02 1.738590933382511139e-02 -1.346105057746171951e-02 -1.696539111435413361e-02
-3.920128345489501953e-01 -3.415592759847640991e-02 -1.760823577642440796e-01 1.118308454751968384e-01 -2.766844630241394043e-01 -2.518449127674102783e-01 -4.729474708437919617e-02 -3.564493656158447266e-01 2.283060848712921143e-01 -2.755504846572875977e-01
-2.805337905883789062e-01 1.194798275828361511e-01 -7.063499838113784790e-02 -6.805422902107238770e-02 -9.208560734987258911e-02 -2.357992976903915405e-01 -1.177393943071365356e-01 -3.850030153989791870e-02 -1.328190602362155914e-02 -1.123093143105506897e-01
-3.302541747689247131e-02 -5.166478082537651062e-02 -1.061105504631996155e-01 2.565533854067325592e-02 -1.038685888051986694e-01 9.227591007947921753e-02 -8.733248338103294373e-03 1.569008454680442810e-02 -1.389094255864620209e-02 7.187229394912719727e-02
-2.068622410297393799e-02 1.435075253248214722e-01 -9.003166854381561279e-02 -6.815428286790847778e-02 6.190113723278045654e-03 -2.284059673547744751e-02 -4.015729948878288269e-02 -7.082372903823852539e-02 -4.875704646110534668e-03 2.532069571316242218e-02
-2.587208151817321777e-01 1.264929771423339844e-01 -3.274184465408325195e-01 -2.377421855926513672e-01 1.522334069013595581e-01 1.512491106986999512e-01 -2.632345855236053467e-01 1.063806042075157166e-01 -1.109436061233282089e-02 -1.307271141558885574e-02
-7.256897538900375366e-02 1.184802725911140442e-01 -5.879252031445503235e-02 2.956719100475311279e-01 -1.472207456827163696e-01 -1.578283458948135376e-01 -2.547202445566654205e-02 -1.871681958436965942e-01 -1.169202849268913269e-01 -1.622859835624694824e-01
-9.703028202056884766e-02 -7.342897355556488037e-02 -2.720632553100585938e-01 -2.753605246543884277e-01 -2.742166444659233093e-02 3.156334459781646729e-01 -2.463132515549659729e-02 -2.943143546581268311e-01 1.331131458282470703e-01 -7.590337842702865601e-02
-7.498562335968017578e-02 1.593899428844451904e-01 1.231392845511436462e-01 -2.892031334340572357e-03 9.971819072961807251e-02 -2.684597373008728027e-01 -4.885636270046234131e-02 1.544764488935470581e-01 7.170043420046567917e-03 2.069195359945297241e-01
-1.129918247461318970e-01 -2.028528004884719849e-01 -3.580651059746742249e-02 -3.001502752304077148e-01 2.568261325359344482e-02 -3.366782516241073608e-02 -2.218735963106155396e-01 -2.925560474395751953e-01 7.769914716482162476e-02 -9.980048239231109619e-02
-1.093981117010116577e-01 -9.811773896217346191e-02 -4.682319983839988708e-02 -1.558673381805419922e-01 -1.517037898302078247e-01 -1.693427190184593201e-02 -5.546180158853530884e-02 -7.664518058300018311e-02 1.185000985860824585e-01 -1.009433418512344360e-01
5.978496074676513672e-01 -4.673470556735992432e-01 -1.146673932671546936e-01 -3.209943771362304688e-01 -2.992276847362518311e-01 -6.456488370895385742e-02 -4.351150989532470703e-01 -1.523032486438751221e-01 -3.125147819519042969e-01 -2.648846209049224854e-01
-9.144197404384613037e-02 -1.451739817857742310e-01 -5.667306110262870789e-02 -2.132916003465652466e-01 1.533694448880851269e-03 -1.011463701725006104e-01 4.103864543139934540e-03 -6.952838599681854248e-02 -1.105904057621955872e-01 -3.662039339542388916e-01
-1.977862566709518433e-01 1.588755100965499878e-01 -9.547697007656097412e-02 6.214967742562294006e-02 3.932209685444831848e-02 -3.118720352649688721e-01 -1.781285107135772705e-01 2.962103784084320068e-01 -3.254703432321548462e-02 3.590725958347320557e-01
3.405914008617401123e-01 -3.802869319915771484e-01 -1.979694366455078125e-01 -4.386211931705474854e-01 -7.304431498050689697e-02 -4.045013189315795898e-01 -9.910707920789718628e-02 5.346690118312835693e-02 -5.554451942443847656e-01 -1.154781877994537354e-01
-2.457640320062637329e-02 1.339487135410308838e-01 -3.159504756331443787e-02 -3.003806993365287781e-02 6.465649604797363281e-02 9.751766175031661987e-02 2.886963784694671631e-01 -1.320240795612335205e-01 -2.235857695341110229e-01 -2.109453976154327393e-01
1.992372795939445496e-02 -4.938551411032676697e-02 -8.164627104997634888e-02 -5.490136891603469849e-02 6.626345962285995483e-02 6.406962871551513672e-03 4.126269835978746414e-03 -5.603960901498794556e-02 -1.860218681395053864e-02 5.698301270604133606e-02
-1.844878196716308594e-01 1.678650081157684326e-01 -2.007697150111198425e-02 -1.743317693471908569e-01 5.530636385083198547e-02 -3.581306338310241699e-01 2.827741578221321106e-02 1.693720966577529907e-01 3.602944314479827881e-02 1.412532292306423187e-03
1.542186457663774490e-02 -4.447832703590393066e-01 -5.885986089706420898e-01 -7.645294815301895142e-02 -2.716192901134490967e-01 1.045562792569398880e-02 -4.733173251152038574e-01 -1.236435100436210632e-01 -4.816568791866302490e-01 -2.616536021232604980e-01
-9.441486001014709473e-02 2.888346910476684570e-01 -1.967133432626724243e-01 -2.857548594474792480e-01 -7.136581838130950928e-02 -2.497284710407257080e-01 -6.162508577108383179e-02 -1.744875311851501465e-01 -3.163047730922698975e-01 -2.295484393835067749e-01
1.786570996046066284e-02 -4.412414878606796265e-02 6.417613010853528976e-03 -2.703781647142022848e-04 -1.485987901687622070e-01 -1.174526885151863098e-01 -1.100943088531494141e-01 6.384934484958648682e-02 8.871547877788543701e-03 1.322415620088577271e-01
-8.703384548425674438e-02 1.418566517531871796e-02 -5.391117930412292480e-02 -1.788508594036102295e-01 -9.347351640462875366e-02 -4.617210105061531067e-02 -1.064939126372337341e-01 -1.549687795341014862e-02 -2.144392728805541992e-01 -8.010187745094299316e-02
-9.726934880018234253e-02 -1.923937648534774780e-01 1.599352806806564331e-01 -6.566684693098068237e-02 1.292460262775421143e-01 -4.519536197185516357e-01 4.846576228737831116e-02 -3.747707232832908630e-02 -7.620046380907297134e-03 1.618978567421436310e-02
3.017659857869148254e-02 -1.015479792840778828e-03 2.676927857100963593e-02 5.316654965281486511e-02 4.228945763316005468e-04 2.362516894936561584e-02 -2.558508329093456268e-02 -6.677954643964767456e-02 1.016063243150711060e-01 -1.993195712566375732e-02
-2.792886272072792053e-02 4.226088151335716248e-02 -1.417999863624572754e-01 6.052895635366439819e-02 2.732199132442474365e-01 -1.848627813160419464e-02 2.298905141651630402e-02 1.588535308837890625e-01 -1.873461343348026276e-02 1.607120037078857422e-01
-4.251403361558914185e-02 -2.114427648484706879e-02 9.009094908833503723e-03 6.374169886112213135e-02 -1.641507446765899658e-02 1.232143677771091461e-02 -1.411868035793304443e-01 -1.694582402706146240e-02 -2.214261144399642944e-02 -2.604400739073753357e-03
-1.065261289477348328e-01 -4.544660914689302444e-03 1.436106022447347641e-02 6.410776078701019287e-02 1.125069782137870789e-01 1.198301613330841064e-01 -1.336134038865566254e-03 -1.581233926117420197e-02 -1.139219384640455246e-02 -8.991605043411254883e-02
-1.134524345397949219e-01 4.599637985229492188e-01 5.531102791428565979e-02 -1.274867206811904907e-01 -1.062621250748634338e-01 -2.765356898307800293e-01 -3.648575022816658020e-02 -1.444360315799713135e-01 -9.715059399604797363e-02 -2.523607909679412842e-01
-7.140770554542541504e-02 4.751348495483398438e-02 9.658454358577728271e-02 -4.343492537736892700e-02 -3.767690062522888184e-02 -7.211036235094070435e-02 2.957625314593315125e-02 8.694195002317428589e-02 -5.423706024885177612e-04 6.540827453136444092e-02
1.170736774802207947e-01 3.073050826787948608e-02 -1.143768653273582458e-01 1.181969512253999710e-02 -1.111420150846242905e-02 6.017254665493965149e-02 -2.105145752429962158e-01 1.078937202692031860e-01 8.176662772893905640e-02 1.246755663305521011e-02
7.002075761556625366e-02 3.749987110495567322e-03 1.969494298100471497e-02 -1.265715248882770538e-02 7.022463530302047729e-02 -2.664867043495178223e-02 -2.524258568882942200e-02 6.307524442672729492e-02 2.597860060632228851e-02 9.446571767330169678e-02
-1.886203326284885406e-02 -1.033213809132575989e-01 -7.294601202011108398e-02 -2.949264645576477051e-02 4.601671919226646423e-02 5.700495466589927673e-02 -1.514782488811761141e-04 -7.332689315080642700e-02 -4.724556207656860352e-02 -1.050738915801048279e-01
-5.166099593043327332e-02 -4.720864817500114441e-02 4.163811728358268738e-02 1.926653436385095119e-03 7.057055085897445679e-02 4.717251285910606384e-02 -3.001993522047996521e-02 1.789707131683826447e-02 -7.231950294226408005e-03 -5.354794114828109741e-02
-2.500973641872406006e-01 -2.216994315385818481e-01 -1.665956825017929077e-01 -3.209958970546722412e-01 -2.204530537128448486e-01 7.494526356458663940e-02 -7.261016219854354858e-02 -4.063004851341247559e-01 1.033488363027572632e-01 -1.672742366790771484e-01
-1.984083205461502075e-01 1.625174134969711304e-01 -4.442207142710685730e-02 -1.943468004465103149e-01 3.298510238528251648e-02 -8.845023065805435181e-02 6.460672616958618164e-02 5.417213588953018188e-02 4.941868409514427185e-02 -5.889539793133735657e-02
-3.954088687896728516e-02 -6.640844047069549561e-02 1.149760037660598755e-01 -3.721991181373596191e-02 -6.798912584781646729e-02 4.996975511312484741e-02 -2.597502060234546661e-02 -8.146608620882034302e-02 -8.659973740577697754e-03 -2.149520665407180786e-01
2.152956835925579071e-02 5.096218362450599670e-02 -5.531613156199455261e-02 -2.748256549239158630e-02 -3.991858288645744324e-02 1.469995360821485519e-02 -4.218230023980140686e-02 2.299326099455356598e-02 -6.034388393163681030e-02 -1.228777598589658737e-02
-1.898626983165740967e-02 -7.032542955130338669e-03 -4.194875247776508331e-03 -5.300297588109970093e-02 -1.253061741590499878e-01 5.180014669895172119e-02 -6.503245234489440918e-02 6.964953243732452393e-02 -1.105166226625442505e-01 -3.289484232664108276e-02
2.033872753381729126e-01 -5.171421915292739868e-03 -1.401151865720748901e-01 -2.205909937620162964e-01 -1.491007581353187561e-02 5.994663015007972717e-02 1.681818813085556030e-01 -1.795167922973632812e-01 6.705463677644729614e-02 2.710020244121551514e-01
5.760575458407402039e-02 -2.782832086086273193e-01 -3.465586304664611816e-01 -1.588599830865859985e-01 -1.131763868033885956e-02 2.136361151933670044e-01 1.473806649446487427e-01 -6.748774554580450058e-03 3.104878664016723633e-01 -6.329771131277084351e-02
2.901755087077617645e-02 -1.216465234756469727e-01 1.840396039187908173e-02 1.767191849648952484e-02 -6.083098649978637695e-01 1.455989782698452473e-03 3.056732118129730225e-01 -5.638126730918884277e-01 3.886969760060310364e-02 -5.667802691459655762e-01
-3.543377667665481567e-02 2.751256152987480164e-02 -1.108935195952653885e-02 -1.196542661637067795e-02 1.560700591653585434e-02 -8.132265508174896240e-02 -1.851709559559822083e-02 -3.719022125005722046e-02 4.949201364070177078e-03 -2.666846103966236115e-02
7.225792109966278076e-02 -2.975808829069137573e-02 9.042743593454360962e-02 3.320596367120742798e-02 2.889468800276517868e-03 6.601102650165557861e-02 -3.614632785320281982e-02 -3.248582780361175537e-01 2.594620734453201294e-02 1.079753041267395020e-01
3.067331947386264801e-02 -4.245778173208236694e-02 1.787198707461357117e-02 -8.901330083608627319e-02 -1.075915098190307617e-01 -9.812821447849273682e-02 -4.794944822788238525e-02 2.261176472529768944e-03 -7.170397788286209106e-02 8.783557265996932983e-02
4.272077605128288269e-02 -3.644121810793876648e-02 4.156165290623903275e-03 3.681357577443122864e-02 -1.340569257736206055e-01 3.534414339810609818e-03 -6.590586155652999878e-02 -2.489081397652626038e-02 -1.961284875869750977e-01 -8.921942859888076782e-02
-9.964139014482498169e-02 -1.904345452785491943e-01 1.805641874670982361e-02 -9.422821924090385437e-03 8.708345144987106323e-02 -7.723936438560485840e-02 -8.718314021825790405e-02 -1.668567508459091187e-01 -1.274406611919403076e-01 -5.355647578835487366e-02
-2.503576874732971191e-01 -2.073602378368377686e-01 1.165052652359008789e-01 -2.521762549877166748e-01 1.776002496480941772e-01 -3.751558363437652588e-01 -1.148945093154907227e-01 -3.179855346679687500e-01 -1.047495752573013306e-01 -2.560324072837829590e-01
-2.530558407306671143e-01 1.496404707431793213e-01 -6.464024190790951252e-04 -1.298875659704208374e-01 -7.179652899503707886e-02 2.936299890279769897e-03 -9.415487200021743774e-02 -1.129964366555213928e-02 -3.649645671248435974e-02 1.527930982410907745e-02
-2.090790122747421265e-01 1.845347136259078979e-01 7.008068263530731201e-02 4.183958470821380615e-02 3.248962759971618652e-02 -1.264108121395111084e-01 -2.542126178741455078e-01 1.219028457999229431e-01 -1.229852959513664246e-01 4.076363111380487680e-04
-1.003775373101234436e-01 -4.683354403823614120e-03 1.490600872784852982e-02 -4.618630185723304749e-02 -8.239677548408508301e-02 -1.805238574743270874e-01 -9.390775859355926514e-02 -5.579264834523200989e-04 8.155483752489089966e-03 -1.646225005388259888e-01
-1.080876812338829041e-01 1.534066051244735718e-01 -4.058500826358795166e-01 -2.029680013656616211e-01 1.478779613971710205e-01 1.398480981588363647e-01 -9.408613294363021851e-02 9.781508147716522217e-02 2.729819901287555695e-02 1.660722196102142334e-01
5.031773820519447327e-02 -3.013713061809539795e-01 1.144937798380851746e-01 1.820100992918014526e-01 -4.071628451347351074e-01 -3.973746299743652344e-01 -4.881947338581085205e-01 1.899655610322952271e-01 -5.309012904763221741e-02 1.092087700963020325e-01
-1.128469333052635193e-01 7.943629473447799683e-02 2.337119076400995255e-03 2.409930806607007980e-03 6.831654161214828491e-02 3.074190765619277954e-02 -8.251418173313140869e-02 -1.507347542792558670e-02 -4.744902718812227249e-03 -1.400907058268785477e-02
-6.270942836999893188e-02 -6.114139407873153687e-02 6.532789673656225204e-03 2.467979341745376587e-01 -9.106889367103576660e-02 -2.589811980724334717e-01 -2.031330950558185577e-03 7.489208132028579712e-02 -1.629287153482437134e-01 2.366566658020019531e-01
-2.169918417930603027e-01 -3.614790365099906921e-02 -8.449964970350265503e-02 -1.035337448120117188e-01 -4.441834054887294769e-03 -4.982845112681388855e-02 -9.347324818372726440e-02 -9.391026198863983154e-02 -6.873497739434242249e-03 -5.535705387592315674e-02
-3.295360505580902100e-02 -1.536920815706253052e-01 -7.969878613948822021e-02 5.149791017174720764e-02 -4.803065359592437744e-01 -3.589331358671188354e-02 5.564938858151435852e-02 -4.324139356613159180e-01 -1.663669794797897339e-01 -4.613342881202697754e-01
-2.912145853042602539e-01 1.380767226219177246e-01 -1.686400920152664185e-01 -2.028350383043289185e-01 -9.545676410198211670e-02 -7.032965123653411865e-02 2.420009113848209381e-02 6.404150277376174927e-02 -1.480208039283752441e-01 -4.833547025918960571e-02
-1.728289946913719177e-02 -4.060471430420875549e-02 2.292040921747684479e-02 7.231566309928894043e-02 -1.664075851440429688e-01 -7.506195455789566040e-02 -8.648818358778953552e-03 2.071096375584602356e-02 -5.420064926147460938e-02 4.842847958207130432e-02
-2.044765651226043701e-01 -3.251865804195404053e-01 -2.194561809301376343e-01 -1.624563038349151611e-01 -3.951266109943389893e-01 -1.261160075664520264e-01 -2.299799770116806030e-01 -3.356515467166900635e-01 1.875284463167190552e-01 -6.653397083282470703e-01
1.612166464328765869e-01 -1.219241991639137268e-01 1.674453765153884888e-01 3.089333698153495789e-02 -3.827504813671112061e-01 -5.823807120323181152e-01 3.172362223267555237e-02 -7.904583588242530823e-03 -1.597143150866031647e-02 9.484783560037612915e-02
3.187251463532447815e-02 -3.912594914436340332e-02 2.077571675181388855e-02 1.472160778939723969e-02 -1.112375874072313309e-02 1.028409674763679504e-01 2.208419889211654663e-02 4.621904343366622925e-02 6.528607755899429321e-02 5.034912377595901489e-02
-1.665286906063556671e-02 -6.972004473209381104e-02 -7.119707763195037842e-02 -1.102547273039817810e-01 -1.270591765642166138e-01 8.452758193016052246e-02 -1.542034000158309937e-01 5.459750071167945862e-03 -1.686600744724273682e-01 -8.469479531049728394e-02
6.498634815216064453e-03 3.196993470191955566e-02 3.822738677263259888e-02 8.882270194590091705e-03 -1.192770004272460938e-01 -7.735374569892883301e-02 1.619463413953781128e-02 3.007686138153076172e-02 -2.712011896073818207e-02 -4.047221690416336060e-02
7.201466709375381470e-02 -1.881574541330337524e-01 7.341036945581436157e-02 -2.489875108003616333e-01 -3.290864229202270508e-01 -1.590820252895355225e-01 -1.812660545110702515e-01 -2.861603498458862305e-01 -1.356167942285537720e-01 -3.726171851158142090e-01
1.563684642314910889e-01 -1.803395003080368042e-01 2.726283371448516846e-01 -1.083787158131599426e-01 -6.986828148365020752e-02 1.066877245903015137e-01 -2.077542245388031006e-01 1.216610446572303772e-01 -1.581507027149200439e-01 -2.329198122024536133e-01
-2.899701893329620361e-02 5.556872859597206116e-02 -8.677580207586288452e-02 4.061734676361083984e-02 -3.682163357734680176e-02 6.721305847167968750e-02 9.895959496498107910e-02 -3.593656793236732483e-02 6.384491571225225925e-04 3.290393203496932983e-02
-1.682678908109664917e-01 8.411156386137008667e-02 -6.347450613975524902e-02 2.748916149139404297e-01 -2.885765433311462402e-01 -4.495544359087944031e-03 -3.075534701347351074e-01 4.945991337299346924e-01 -2.578203380107879639e-01 2.051921635866165161e-01
9.968574345111846924e-02 3.581176698207855225e-02 7.718814164400100708e-02 -1.587655395269393921e-02 2.224614843726158142e-03 -9.718701988458633423e-02 2.672848291695117950e-02 -6.671196222305297852e-02 4.602824896574020386e-02 -1.214879658073186874e-02
-1.489497572183609009e-01 -8.216267079114913940e-02 2.515630796551704407e-02 -2.261091209948062897e-02 -1.225138083100318909e-01 -9.400214999914169312e-02 2.626185119152069092e-02 -8.260612934827804565e-02 -2.425189614295959473e-01 -9.471710771322250366e-03
-2.791857123374938965e-01 1.075878515839576721e-01 -2.282796055078506470e-01 -1.111699640750885010e-01 3.483991622924804688e-01 -3.274286687374114990e-01 -3.138554692268371582e-01 2.936360538005828857e-01 -2.543927729129791260e-01 3.463954031467437744e-01
-1.820806115865707397e-01 2.538832090795040131e-02 -1.060345768928527832e-01 2.238089032471179962e-02 -1.908040642738342285e-01 -6.639127433300018311e-02 3.391551598906517029e-02 -2.007599025964736938e-01 1.200274527072906494e-01 -1.073455885052680969e-01
-1.084049344062805176e-01 -1.678266227245330811e-01 -1.203079670667648315e-01 -7.893170416355133057e-02 2.449483238160610199e-02 -3.204762190580368042e-02 -7.290451228618621826e-02 -1.078032106161117554e-01 -1.045323312282562256e-01 8.207295835018157959e-02
1.527244597673416138e-01 1.029641553759574890e-01 1.411298988386988640e-03 -8.495321497321128845e-03 -1.795504838228225708e-01 -1.213102415204048157e-01 -9.746781550347805023e-03 -1.205214187502861023e-01 -5.678427964448928833e-02 -2.673977017402648926e-01
-9.979210048913955688e-02 -1.137020364403724670e-01 7.519690319895744324e-03 -5.537786334753036499e-02 1.225457619875669479e-02 2.601473927497863770e-01 -2.172688022255897522e-02 -5.892414972186088562e-02 -2.134181186556816101e-02 -1.999809890985488892e-01
-2.061671912670135498e-01 -1.771892756223678589e-01 -8.290995657444000244e-02 9.239270538091659546e-02 2.837409265339374542e-02 -1.879003793001174927e-01 -2.578559517860412598e-01 1.130596473813056946e-01 -1.730376482009887695e-01 -2.128594517707824707e-01
1.711824536323547363e-01 -9.211825579404830933e-02 -4.047883152961730957e-01 1.031395234167575836e-02 4.240821674466133118e-02 1.563300788402557373e-01 8.731149882078170776e-02 -1.719144135713577271e-01 9.328394383192062378e-02 9.211053699254989624e-02
1.047469154000282288e-01 -5.238983780145645142e-02 -6.751256436109542847e-02 1.770926639437675476e-02 -1.202238202095031738e-01 2.851049648597836494e-03 1.395211070775985718e-01 4.122522845864295959e-02 -1.537831574678421021e-01 -2.907594107091426849e-02
-8.448410779237747192e-02 -1.979261040687561035e-01 1.184238567948341370e-01 -2.618194222450256348e-01 -1.299229115247726440e-01 -9.936760365962982178e-02 -9.519116580486297607e-02 -3.961681574583053589e-02 2.693686187267303467e-01 -2.538961470127105713e-01
6.671710312366485596e-02 -8.453794568777084351e-02 2.887152601033449173e-03 -8.042232692241668701e-02 6.408505886793136597e-02 -3.507581353187561035e-02 9.788758307695388794e-02 3.731735050678253174e-02 9.899073094129562378e-02 2.269051373004913330e-01
-1.897274516522884369e-02 3.095039352774620056e-02 7.686356455087661743e-02 -9.058898687362670898e-02 3.019300289452075958e-02 -4.210013523697853088e-02 -2.616811310872435570e-03 6.422041449695825577e-03 2.027154713869094849e-02 4.979864228516817093e-03
2.113674394786357880e-02 -1.079391036182641983e-02 2.065603993833065033e-02 3.609229251742362976e-02 4.525014385581016541e-02 1.441448330879211426e-01 7.003378868103027344e-02 6.652854382991790771e-02 5.199459567666053772e-02 -1.835233904421329498e-02
-7.329206168651580811e-02 -6.827096641063690186e-02 -9.569350630044937134e-03 -1.487237662076950073e-01 -2.758734673261642456e-02 -1.231822464615106583e-02 1.488171704113483429e-02 -2.468162924051284790e-01 5.885405093431472778e-02 -1.927600353956222534e-01
-1.822094470262527466e-01 5.332207679748535156e-02 -2.149742469191551208e-02 -1.369641125202178955e-01 -2.780504524707794189e-01 4.281057417392730713e-02 -1.471862569451332092e-02 1.505988929420709610e-02 -1.616980880498886108e-01 -5.411378294229507446e-02
-1.786362975835800171e-01 -2.902840971946716309e-01 -8.644172549247741699e-02 -1.734715104103088379e-01 -6.266164034605026245e-02 -2.155053019523620605e-01 -1.967146992683410645e-01 -3.484199345111846924e-01 -2.029249370098114014e-01 7.072301208972930908e-02
-7.823478430509567261e-02 -1.524851322174072266e-01 -3.779138252139091492e-02 -3.754650056362152100e-02 -5.119344219565391541e-02 -3.375130705535411835e-03 -1.003449037671089172e-01 -1.315603554248809814e-01 -1.523477584123611450e-01 -9.654556401073932648e-03
-1.687152087688446045e-01 2.889853715896606445e-01 1.354985535144805908e-01 8.689243346452713013e-03 -1.026678755879402161e-01 -5.767625942826271057e-02 -1.380374729633331299e-01 1.514316350221633911e-01 -8.037799596786499023e-02 5.346536636352539062e-02
3.257376700639724731e-02 -1.278344094753265381e-01 -1.825076043605804443e-01 -1.388458628207445145e-02 -1.411098539829254150e-01 -4.669776931405067444e-02 -1.956222057342529297e-01 -6.473263353109359741e-02 -2.422761172056198120e-01 -6.807054579257965088e-02
-2.595836520195007324e-01 8.988764137029647827e-03 -4.471009075641632080e-01 2.076836079359054565e-01 6.703356653451919556e-02 1.520479768514633179e-01 2.829056233167648315e-02 -4.193874448537826538e-02 2.781418710947036743e-02 2.025852911174297333e-02
1.315741520375013351e-02 9.355700016021728516e-02 -6.804980337619781494e-02 -1.182242408394813538e-01 -7.667797058820724487e-02 9.884971380233764648e-02 -4.670737683773040771e-02 5.110440775752067566e-03 -5.413256585597991943e-02 -1.566108688712120056e-02
-2.182934135198593140e-01 -2.829227745532989502e-01 -1.073636263608932495e-01 5.659209191799163818e-02 2.326277345418930054e-01 -2.759857177734375000e-01 -1.055200845003128052e-01 -1.173357106745243073e-02 -1.854704320430755615e-01 2.413284331560134888e-01
-5.403305217623710632e-02 -1.554729342460632324e-01 -1.175713092088699341e-01 -3.653358435258269310e-03 -1.904583573341369629e-01 -7.507602125406265259e-02 -8.534751832485198975e-02 -5.698924139142036438e-02 -5.496831238269805908e-02 4.419459030032157898e-02
-2.746403217315673828e-01 -1.604747027158737183e-01 1.792927854694426060e-03 -2.866479158401489258e-01 2.245551645755767822e-01 -9.250310249626636505e-03 2.416473031044006348e-01 -2.321822494268417358e-01 4.282863736152648926e-01 4.578971862792968750e-01
9.381837397813796997e-02 3.211251273751258850e-02 2.037698775529861450e-02 6.739071756601333618e-02 -1.801605708897113800e-02 -2.029577456414699554e-02 -1.014166604727506638e-02 2.960465475916862488e-02 1.176411099731922150e-02 1.646604388952255249e-03
-8.607420325279235840e-02 2.516980469226837158e-01 9.153611212968826294e-02 -4.032239690423011780e-02 -1.467494517564773560e-01 9.453050047159194946e-02 6.511542201042175293e-02 6.747668981552124023e-02 -1.618970632553100586e-01 2.137544937431812286e-02
-7.104749232530593872e-02 1.137204095721244812e-01 2.537347376346588135e-02 4.965227469801902771e-02 9.056023508310317993e-02 -6.189814209938049316e-02 9.530814737081527710e-02 -1.405266951769590378e-02 2.352937683463096619e-02 4.444643482565879822e-02
2.237434312701225281e-02 4.024995863437652588e-02 7.606650236994028091e-03 -5.580634996294975281e-02 -6.557492613792419434e-01 -8.542846143245697021e-02 -2.240093350410461426e-01 -2.671084403991699219e-01 -2.403007149696350098e-01 -5.501697063446044922e-01
8.834032714366912842e-02 1.476641893386840820e-01 8.372079581022262573e-02 -6.733309477567672729e-02 -1.171820610761642456e-01 8.463677018880844116e-02 1.009328961372375488e-01 -1.221398562192916870e-01 5.683149024844169617e-02 -1.188832446932792664e-01
-6.109978631138801575e-02 -4.643526673316955566e-02 8.966961875557899475e-03 -8.700559288263320923e-02 -2.677568234503269196e-02 4.558955878019332886e-02 5.683101713657379150e-03 3.070830553770065308e-02 7.651320099830627441e-02 -5.093762278556823730e-02
-8.282768726348876953e-02 -1.162131205201148987e-01 -4.143645465373992920e-01 3.167287111282348633e-01 -7.300446182489395142e-02 1.538977921009063721e-01 -1.566455066204071045e-01 -2.143788188695907593e-01 2.011280506849288940e-02 -8.145872503519058228e-02
2.139711752533912659e-02 2.612281739711761475e-01 2.582678012549877167e-02 1.238552927970886230e-01 -1.106557399034500122e-01 -3.305122256278991699e-02 8.525294810533523560e-02 -1.057715266942977905e-01 8.083212375640869141e-02 -1.767853200435638428e-01
-3.503969907760620117e-01 -3.120853193104267120e-02 -2.683829069137573242e-01 -3.253943920135498047e-01 5.926582217216491699e-01 -5.442653894424438477e-01 4.970551133155822754e-01 9.707711637020111084e-02 -4.630861282348632812e-01 2.592872083187103271e-01
-7.684522122144699097e-02 -8.004520833492279053e-02 -2.766585350036621094e-02 2.169612608850002289e-02 -7.227969169616699219e-02 -1.700211912393569946e-01 8.060801029205322266e-02 -6.746923923492431641e-02 -2.602868676185607910e-01 -1.455227732658386230e-01
5.312677621841430664e-01 -3.385354280471801758e-01 -2.751115560531616211e-01 -3.013746440410614014e-01 -1.327674537897109985e-01 -2.426300346851348877e-01 -9.369189292192459106e-02 4.571008682250976562e-02 -5.103514790534973145e-01 -1.710488945245742798e-01
-5.410611629486083984e-02 -7.194771617650985718e-02 4.366699978709220886e-02 -1.287092864513397217e-01 5.801100283861160278e-02 -6.809912621974945068e-02 -1.154355406761169434e-01 2.916792966425418854e-02 -6.411876529455184937e-02 -1.080605164170265198e-01
1.734829135239124298e-02 -4.112976789474487305e-02 -3.991124406456947327e-02 4.091630131006240845e-02 9.136467240750789642e-03 -8.922170847654342651e-02 -6.380182504653930664e-02 -1.896327137947082520e-01 -7.895199954509735107e-02 -3.399738669395446777e-02
-1.327069550752639771e-01 2.413328588008880615e-01 -1.575637795031070709e-02 -4.762323573231697083e-02 -6.490548700094223022e-02 -1.632940471172332764e-01 8.885260671377182007e-02 -1.840364187955856323e-01 -7.153218984603881836e-02 -1.901870667934417725e-01
-3.527277614921331406e-03 -1.729065775871276855e-01 1.766025125980377197e-01 7.764057815074920654e-02 -3.994144499301910400e-01 -3.840080797672271729e-01 -1.504923999309539795e-01 -2.305357158184051514e-01 6.164612248539924622e-02 -1.051218360662460327e-01
-7.775610685348510742e-02 -4.350436851382255554e-02 1.252247542142868042e-01 -5.347083508968353271e-02 -7.544319331645965576e-02 -5.079689621925354004e-02 5.480382591485977173e-02 8.850128389894962311e-03 -3.641363605856895447e-02 -1.344790309667587280e-01
