2.774620652198791504e-01 -9.884764254093170166e-02 4.291794300079345703e-01 -2.095410376787185669e-01 -8.520805090665817261e-02 -7.444347739219665527e-01 -5.000402927398681641e-01 -4.071319103240966797e-02 2.531243562698364258e-01 -3.430777490139007568e-01
-1.276326477527618408e-01 -3.417946100234985352e-01 1.801608651876449585e-01 1.432888861745595932e-02 4.963471367955207825e-02 2.678628638386726379e-02 -3.688509464263916016e-01 -9.405933320522308350e-02 -2.234588712453842163e-01 -2.705315649509429932e-01
7.538821101188659668e-01 -1.623694151639938354e-01 -7.115872502326965332e-01 -3.606603443622589111e-01 -2.921645343303680420e-01 -3.946309685707092285e-01 6.460427641868591309e-01 -6.519582867622375488e-02 -6.451388597488403320e-01 -4.941861629486083984e-01
-2.703473567962646484e-01 2.810053527355194092e-02 -2.172752767801284790e-01 -2.380692213773727417e-02 2.232504189014434814e-01 -2.519299648702144623e-02 -3.167490363121032715e-01 -2.124121189117431641e-01 3.900249674916267395e-02 -8.054193109273910522e-02
-2.775755226612091064e-01 -2.839558944106101990e-02 -1.691366583108901978e-01 -2.574758529663085938e-01 6.851536454632878304e-04 2.263076603412628174e-01 1.121556758880615234e-01 8.049781620502471924e-02 -3.495798259973526001e-02 -1.763106137514114380e-01
2.281782627105712891e-01 9.375225007534027100e-02 -7.744602560997009277e-01 -3.769065067172050476e-02 1.226590126752853394e-01 2.824758291244506836e-01 7.383731007575988770e-02 -2.782242372632026672e-02 2.172756046056747437e-01 1.394916046410799026e-02
-3.636303544044494629e-01 -1.511028110980987549e-01 -1.140347123146057129e-01 -2.872576713562011719e-01 2.100443542003631592e-01 2.205462604761123657e-01 7.895146310329437256e-02 -2.003128826618194580e-01 7.949797809123992920e-02 -1.370993852615356445e-01
-1.696401834487915039e-01 -3.102293014526367188e-01 1.664828658103942871e-01 2.084778547286987305e-01 1.309052556753158569e-01 3.358348906040191650e-01 -5.399100184440612793e-01 2.633539400994777679e-02 -5.078369751572608948e-02 6.086668372154235840e-02
-1.949663013219833374e-01 -1.831784397363662720e-01 -1.635516434907913208e-01 -1.499531511217355728e-02 1.961482763290405273e-01 1.513020545244216919e-01 6.916588544845581055e-02 2.399891167879104614e-01 2.643568217754364014e-01 2.126136235892772675e-02
3.058946132659912109e-01 -4.606432020664215088e-01 -8.066040277481079102e-01 -4.419365897774696350e-02 -3.609818220138549805e-02 4.603363871574401855e-01 -5.743964314460754395e-01 -2.126300930976867676e-01 -1.260240972042083740e-01 6.722746044397354126e-02
-5.593913421034812927e-02 2.957795932888984680e-02 -4.807329270988702774e-03 -1.297890692949295044e-01 -9.931181371212005615e-02 -7.856837660074234009e-02 5.349113047122955322e-02 8.707034587860107422e-02 -4.107221364974975586e-01 -4.282654821872711182e-01
-2.605015635490417480e-01 -6.543235480785369873e-02 -2.211339399218559265e-02 1.306537687778472900e-01 1.162007600069046021e-01 2.746139168739318848e-01 -3.227641284465789795e-01 9.503360837697982788e-03 -2.397744655609130859e-01 -2.113217860460281372e-01
-1.596668362617492676e-01 6.245606392621994019e-02 -1.077071353793144226e-01 -6.254241801798343658e-03 1.004629582166671753e-01 3.069494366645812988e-01 -1.847260594367980957e-01 -2.589727640151977539e-01 -1.095121726393699646e-01 1.139820665121078491e-01
1.213568598031997681e-01 -3.353443443775177002e-01 1.320162415504455566e-01 -1.581843756139278412e-02 5.049222707748413086e-01 4.375949129462242126e-02 -9.172599017620086670e-02 -5.659602880477905273e-01 -6.251909583806991577e-02 -2.630307972431182861e-01
-3.612599968910217285e-01 -3.556201606988906860e-02 -1.997703611850738525e-01 -2.898711562156677246e-01 -1.907210797071456909e-01 -4.486670494079589844e-01 -1.450304836034774780e-01 3.996105790138244629e-01 -4.175803959369659424e-01 8.615150116384029388e-03
-1.270432770252227783e-01 1.119014248251914978e-01 -5.913427472114562988e-02 -4.793749004602432251e-02 2.219246327877044678e-01 -2.249445579946041107e-02 -1.692624688148498535e-01 -9.055394679307937622e-02 -1.007331833243370056e-01 -2.686477601528167725e-01
-9.570173919200897217e-02 6.406526565551757812e-01 -7.030239701271057129e-02 -2.487879693508148193e-01 -7.398751378059387207e-02 -1.720581799745559692e-01 -2.277263067662715912e-02 -1.855724155902862549e-01 -3.115019798278808594e-01 -2.141723334789276123e-01
-2.734240591526031494e-01 -1.067342609167098999e-02 -1.351753026247024536e-01 -1.903921179473400116e-02 6.523192673921585083e-02 5.248932167887687683e-02 -6.597225368022918701e-02 -6.464107334613800049e-02 -2.198601365089416504e-01 -1.233400106430053711e-01
-9.850764274597167969e-02 -5.315381288528442383e-01 -5.370108485221862793e-01 -5.729605555534362793e-01 -4.290272295475006104e-01 3.759725093841552734e-01 9.060183167457580566e-02 1.148379128426313400e-02 5.898438692092895508e-01 1.056912317872047424e-01
-1.933148652315139771e-01 3.065691888332366943e-01 -3.979268074035644531e-01 -7.504308968782424927e-02 -2.475944906473159790e-01 -3.616636693477630615e-01 -1.656498163938522339e-01 3.988255858421325684e-01 1.385481953620910645e-01 1.631544530391693115e-01
-1.234460026025772095e-01 2.783247530460357666e-01 -8.904774673283100128e-03 1.026031449437141418e-01 -9.300050884485244751e-02 3.805091977119445801e-02 4.846664145588874817e-02 -1.063860207796096802e-01 -2.739518508315086365e-02 -1.185101419687271118e-01
7.335717082023620605e-01 -3.689036369323730469e-01 -4.665484279394149780e-02 -5.637790560722351074e-01 1.476986408233642578e-01 -5.316135287284851074e-01 -2.725910246372222900e-01 -5.671005845069885254e-01 -5.706186294555664062e-01 -3.461100757122039795e-01
-2.383321374654769897e-01 3.694022819399833679e-02 -3.254254460334777832e-01 1.985172927379608154e-01 -2.409596741199493408e-01 -1.795830018818378448e-02 -1.798643469810485840e-01 -2.361400425434112549e-01 -3.459545075893402100e-01 -5.496860742568969727e-01
2.300511449575424194e-01 -2.377546280622482300e-01 -1.682420223951339722e-01 2.354218857362866402e-03 -8.858416676521301270e-01 -6.754061579704284668e-02 4.335624277591705322e-01 4.003608226776123047e-01 -2.917240262031555176e-01 -6.373900175094604492e-01
-1.326548159122467041e-01 -2.354879975318908691e-01 -1.130526363849639893e-01 2.737382054328918457e-01 -1.600846648216247559e-02 -1.043588109314441681e-02 -1.998216062784194946e-01 -3.184563666582107544e-02 -1.015166193246841431e-01 1.553834080696105957e-01
-3.318719565868377686e-01 -2.781105339527130127e-01 -2.443441450595855713e-01 -3.500344753265380859e-01 2.189113348722457886e-01 -5.017190575599670410e-01 -3.874809443950653076e-01 3.098909854888916016e-01 -3.959927856922149658e-01 -1.916213780641555786e-01
9.612449258565902710e-02 -4.699900150299072266e-01 -1.702688932418823242e-01 -4.193217456340789795e-01 -1.192037761211395264e-01 1.969814151525497437e-01 -2.367626726627349854e-01 1.057632043957710266e-01 2.890174686908721924e-01 -4.065994918346405029e-01
-1.947123855352401733e-01 -1.721522584557533264e-02 -1.297793090343475342e-01 2.492486499249935150e-02 -1.552513837814331055e-01 1.493042707443237305e-01 2.380039170384407043e-02 -1.324898898601531982e-01 -1.367910951375961304e-01 -1.151986196637153625e-01
-2.899670302867889404e-01 -1.487292535603046417e-02 3.678665310144424438e-02 4.015607759356498718e-02 -1.682011038064956665e-01 5.788737535476684570e-02 -1.328962594270706177e-01 2.011599391698837280e-01 -3.118255138397216797e-01 -8.920799195766448975e-02
-2.797510325908660889e-01 4.080184400081634521e-01 -1.366451829671859741e-01 -1.007361337542533875e-01 -1.133296862244606018e-01 -8.028879761695861816e-02 -9.708963334560394287e-02 1.862152963876724243e-01 -3.549185097217559814e-01 9.330651909112930298e-02
-2.168178260326385498e-01 1.034535616636276245e-01 -6.933436542749404907e-02 -1.449711620807647705e-01 8.110338449478149414e-02 -2.563773468136787415e-02 -5.611943081021308899e-02 -3.065923154354095459e-01 -2.752707712352275848e-02 -1.897007413208484650e-02
-1.755074411630630493e-01 1.297256499528884888e-01 1.474053878337144852e-02 -3.066913783550262451e-01 -1.254803240299224854e-01 8.749531954526901245e-02 -2.654023841023445129e-02 7.571841776371002197e-02 -1.897430419921875000e-01 -3.570321500301361084e-01
6.445849686861038208e-02 2.489442005753517151e-03 2.210985869169235229e-02 -1.191861107945442200e-01 -4.958689212799072266e-03 1.003353893756866455e-01 4.811019077897071838e-02 -6.523216608911752701e-03 -1.761387735605239868e-01 -9.891856461763381958e-02
-1.357631832361221313e-01 1.424789279699325562e-01 1.103618964552879333e-01 1.459232717752456665e-02 -4.405489936470985413e-02 1.024130657315254211e-01 -1.459780931472778320e-01 4.329749941825866699e-02 -2.383368760347366333e-01 1.136021241545677185e-01
9.881437569856643677e-02 5.223523452877998352e-02 2.463999688625335693e-01 -4.169448220636695623e-04 -4.615375027060508728e-02 -3.650149405002593994e-01 2.528027631342411041e-02 -2.658840417861938477e-01 4.351388216018676758e-01 -6.150434613227844238e-01
-2.001833468675613403e-01 -7.919760420918464661e-03 -2.115496844053268433e-01 1.366010308265686035e-01 -2.089346200227737427e-01 4.574970155954360962e-02 -1.675026714801788330e-01 -6.034287437796592712e-02 -1.632066071033477783e-01 2.752496600151062012e-01
-1.380880773067474365e-01 -1.862990260124206543e-01 2.330325543880462646e-01 -1.035857275128364563e-01 -7.916291058063507080e-02 -4.797220230102539062e-01 1.628018319606781006e-01 1.814731657505035400e-01 -2.314053326845169067e-01 3.562024235725402832e-02
-1.098066940903663635e-01 -2.784014344215393066e-01 7.940659672021865845e-02 7.553227245807647705e-02 -8.971417695283889771e-02 -3.289983868598937988e-01 -2.738052308559417725e-01 -1.096974536776542664e-01 -1.097070127725601196e-01 3.475767746567726135e-02
3.757210373878479004e-01 -5.381651520729064941e-01 -1.732810288667678833e-01 -5.337118506431579590e-01 -1.130807548761367798e-01 3.740163445472717285e-01 3.901346921920776367e-01 2.960332483053207397e-02 -5.081977248191833496e-01 1.924959123134613037e-01
2.343912124633789062e-01 8.495444059371948242e-02 -8.779171705245971680e-01 4.526396095752716064e-01 -6.024300456047058105e-01 3.125117123126983643e-01 -1.995851546525955200e-01 -6.412217617034912109e-01 -3.092022798955440521e-02 -1.118627265095710754e-01
-8.607790619134902954e-02 -2.622630298137664795e-01 -5.019584670662879944e-02 1.985484659671783447e-01 1.707096695899963379e-01 -6.307342648506164551e-01 -4.523361027240753174e-01 -7.240866124629974365e-02 -2.326151132583618164e-01 -2.592836320400238037e-01
3.705637454986572266e-01 -2.182207107543945312e-01 -6.710350513458251953e-02 3.940189480781555176e-01 1.235723942518234253e-01 -2.607374191284179688e-01 -4.216433167457580566e-01 6.606618762016296387e-01 -4.386103153228759766e-01 -9.308608770370483398e-01
-1.097633764147758484e-01 -1.714574545621871948e-02 -1.513660550117492676e-01 1.007435098290443420e-01 -2.179826498031616211e-01 2.444561719894409180e-01 -9.400754421949386597e-02 1.596426814794540405e-01 -6.952146440744400024e-02 -2.283399552106857300e-01
-3.574819266796112061e-01 2.024284005165100098e-01 -4.218014329671859741e-02 8.041365444660186768e-02 1.058996170759201050e-01 -7.830028980970382690e-02 2.692719697952270508e-01 -2.420556694269180298e-01 -1.437111794948577881e-01 1.967968195676803589e-01
-2.605307400226593018e-01 3.151352331042289734e-02 -2.974580973386764526e-03 -2.261724174022674561e-01 -2.226371616125106812e-01 5.091227963566780090e-02 -1.455218642950057983e-01 -6.269242614507675171e-02 -8.456668257713317871e-02 -9.155183285474777222e-02
3.028612351045012474e-03 3.645175322890281677e-02 -1.055765226483345032e-01 2.789051234722137451e-01 -2.034186422824859619e-01 -1.431306004524230957e-01 -1.096990182995796204e-01 -4.638364911079406738e-02 1.620958894491195679e-01 -3.041356243193149567e-02
1.006118431687355042e-01 -4.282836019992828369e-01 -1.546831279993057251e-01 3.915706276893615723e-01 -8.597633838653564453e-01 -2.458776347339153290e-02 3.118379116058349609e-01 -4.189753532409667969e-01 -7.153779268264770508e-01 -4.606102705001831055e-01
-2.433291822671890259e-01 -2.845949307084083557e-02 8.176664821803569794e-03 -2.010640203952789307e-01 1.661398857831954956e-01 -5.869493633508682251e-02 1.124033629894256592e-01 2.054394930601119995e-01 -5.202920734882354736e-02 -3.120644986629486084e-01
-1.592295020818710327e-01 4.752628505229949951e-02 -9.662744402885437012e-02 -2.588930353522300720e-02 -2.368927001953125000e-02 -1.823974698781967163e-01 -1.265736818313598633e-01 -1.362134609371423721e-02 -2.435317635536193848e-01 -2.606884837150573730e-01
-2.730451524257659912e-01 3.934490308165550232e-02 5.239463225007057190e-02 -1.367261558771133423e-01 -7.404192537069320679e-02 2.880455926060676575e-02 5.688172206282615662e-02 -7.447553426027297974e-02 -1.820922046899795532e-01 -3.633102476596832275e-01
7.821994274854660034e-02 -5.970595479011535645e-01 7.431618124246597290e-02 -3.832325041294097900e-01 2.643203735351562500e-01 -4.323140680789947510e-01 5.967641472816467285e-01 3.309536352753639221e-02 -7.134931683540344238e-01 3.657249361276626587e-02
-2.916322946548461914e-01 -2.821860909461975098e-01 -1.830091029405593872e-01 1.067161932587623596e-01 -3.880617674440145493e-03 -2.103662639856338501e-01 -2.677556872367858887e-01 -4.076567664742469788e-02 2.299222648143768311e-01 -3.725842237472534180e-01
-5.140072703361511230e-01 -7.323139905929565430e-02 -2.923780083656311035e-01 1.892715841531753540e-01 -2.696565985679626465e-01 -3.409133106470108032e-02 -3.306637108325958252e-01 5.287681519985198975e-02 -4.163365811109542847e-02 1.060319915413856506e-01
-3.015651106834411621e-01 7.561823725700378418e-02 -6.548827886581420898e-02 4.644155129790306091e-02 -1.912080049514770508e-01 -3.932003080844879150e-01 2.765383012592792511e-02 -6.602172553539276123e-02 -1.513303518295288086e-01 2.235406637191772461e-02
-1.282441914081573486e-01 -5.152485370635986328e-01 -2.910885214805603027e-01 2.638050019741058350e-01 -2.496362030506134033e-01 -2.210852205753326416e-01 -4.306232333183288574e-01 -5.954285338521003723e-02 5.132353305816650391e-01 -3.347241282463073730e-01
-2.074671089649200439e-01 -2.519666552543640137e-01 -5.688133239746093750e-01 -3.051820099353790283e-01 6.107986569404602051e-01 2.845049500465393066e-01 1.804850399494171143e-01 1.293440014123916626e-01 -4.581854045391082764e-01 4.978795349597930908e-01
-5.116987973451614380e-02 -8.804690837860107422e-02 5.570316687226295471e-02 -5.065663252025842667e-03 2.477092668414115906e-02 5.552534386515617371e-02 -1.837498396635055542e-01 6.309409439563751221e-02 -1.026782486587762833e-02 -4.551920667290687561e-02
2.151802033185958862e-01 -2.891581952571868896e-01 2.616460025310516357e-01 -2.320256680250167847e-01 -6.426217555999755859e-01 -7.688076049089431763e-02 -1.484659910202026367e-01 1.440489292144775391e-01 -2.750878334045410156e-01 -4.613809585571289062e-01
-1.862363815307617188e-01 -9.313713014125823975e-02 7.229796051979064941e-02 2.259445041418075562e-01 -4.791082814335823059e-02 -2.807823717594146729e-01 -1.236990764737129211e-01 5.380784347653388977e-02 -1.522639840841293335e-01 -2.380840778350830078e-01
-1.891544610261917114e-01 2.550653815269470215e-01 1.730170994997024536e-01 -2.615595161914825439e-01 -7.194421440362930298e-02 -7.915472984313964844e-02 5.164220929145812988e-02 1.594662368297576904e-01 -3.140329718589782715e-01 -3.331131935119628906e-01
-1.047582998871803284e-01 8.127785325050354004e-01 -1.193567216396331787e-01 -1.156155988574028015e-01 2.388663440942764282e-01 -2.980610728263854980e-01 -4.324310645461082458e-02 1.986924409866333008e-01 -1.859757900238037109e-01 -6.735965609550476074e-02
-1.439203023910522461e-01 2.968776524066925049e-01 -5.141822099685668945e-01 -2.300726771354675293e-01 2.919109165668487549e-01 2.856905758380889893e-01 -2.685208916664123535e-01 5.213969945907592773e-01 -1.054840385913848877e-01 1.348951607942581177e-01
2.293896488845348358e-02 -3.634683191776275635e-01 2.300993055105209351e-01 6.319881975650787354e-02 -2.542761564254760742e-01 -3.906144499778747559e-01 -2.588910460472106934e-01 -5.913106352090835571e-02 -6.644071936607360840e-01 1.936774253845214844e-01
1.602706164121627808e-01 -4.986075162887573242e-01 -3.088106513023376465e-01 -1.202427297830581665e-01 2.805784940719604492e-01 2.786337435245513916e-01 -1.944887042045593262e-01 4.699625670909881592e-01 1.996776908636093140e-01 -8.622201532125473022e-02
2.684308588504791260e-01 -5.869736075401306152e-01 5.374364256858825684e-01 -7.203488945960998535e-01 -6.032269001007080078e-01 -3.265122771263122559e-01 -1.688126176595687866e-01 -1.130049675703048706e-02 2.725414931774139404e-01 -4.597835540771484375e-01
-1.765918284654617310e-01 -1.559528112411499023e-01 -1.368577182292938232e-01 -2.639605700969696045e-01 -2.381693422794342041e-01 -7.960977405309677124e-02 3.037197701632976532e-02 -3.169097006320953369e-02 -2.349059097468852997e-02 2.820786237716674805e-01
-8.365941047668457031e-02 -1.108465790748596191e-01 -9.464436769485473633e-02 -1.739082634449005127e-01 3.518210258334875107e-03 -2.054776623845100403e-02 1.341139525175094604e-01 -1.386319100856781006e-01 2.242591977119445801e-01 -6.658860296010971069e-02
3.755357861518859863e-02 -3.275697529315948486e-01 1.044504493474960327e-01 -1.174327954649925232e-01 7.331151962280273438e-01 -1.747991889715194702e-01 6.664621829986572266e-01 -5.468516945838928223e-01 -1.562655270099639893e-01 -5.008664727210998535e-01
-2.577119171619415283e-01 3.783150911331176758e-01 -7.431247085332870483e-02 2.080215811729431152e-01 -2.370248734951019287e-02 -3.225188851356506348e-01 4.738786816596984863e-01 -2.835798077285289764e-02 -1.522940248250961304e-01 -2.521685659885406494e-01
-3.184899687767028809e-01 2.436508797109127045e-02 -4.987248405814170837e-02 -2.162792235612869263e-01 -1.602285914123058319e-02 1.293059438467025757e-01 5.890360102057456970e-02 -1.524732857942581177e-01 -1.645663976669311523e-01 -2.603742480278015137e-01
-3.506394624710083008e-01 -1.443942077457904816e-03 2.479618638753890991e-01 -1.606078743934631348e-01 -2.901422046124935150e-02 -4.183391109108924866e-03 3.295405805110931396e-01 -2.479211091995239258e-01 -2.251373082399368286e-01 -1.245184913277626038e-01
-2.640472352504730225e-01 1.643832959234714508e-02 7.422619313001632690e-02 -1.223847568035125732e-01 -2.759829163551330566e-01 1.483996361494064331e-01 -8.967831730842590332e-02 1.710257083177566528e-01 -1.210264712572097778e-01 -1.439399719238281250e-01
-1.467787325382232666e-01 -7.116965204477310181e-02 -1.105314850807189941e+00 5.381681323051452637e-01 -4.999671131372451782e-02 3.299438059329986572e-01 2.264642156660556793e-02 -8.724857568740844727e-01 5.954545140266418457e-01 2.415924146771430969e-02
2.349864840507507324e-01 1.139534264802932739e-01 2.318505644798278809e-01 -5.981865525245666504e-01 -3.483045101165771484e-01 -1.827999502420425415e-01 -4.731580615043640137e-02 -2.685739099979400635e-01 4.231473803520202637e-01 6.489866971969604492e-02
-8.143423497676849365e-02 1.247322279959917068e-02 -3.581468760967254639e-02 -8.435080945491790771e-02 -2.534865736961364746e-01 -3.054025173187255859e-01 -2.169837206602096558e-01 -1.103313290514051914e-03 9.060373157262802124e-02 1.074467971920967102e-01
-9.939277917146682739e-02 -1.284017264842987061e-01 4.424850046634674072e-01 -3.549801111221313477e-01 -4.641931653022766113e-01 8.146935701370239258e-02 1.241456121206283569e-01 1.009221822023391724e-01 -7.301362752914428711e-01 -4.375214502215385437e-02
-2.421430349349975586e-01 5.241931229829788208e-02 -7.784964982420206070e-03 -6.274492293596267700e-02 -2.683131024241447449e-02 6.116774678230285645e-02 -1.270063817501068115e-01 5.542943254113197327e-02 -5.273644253611564636e-02 -1.198353096842765808e-01
-1.865473836660385132e-01 -1.078313738107681274e-01 2.801889739930629730e-02 3.289178758859634399e-02 1.241709962487220764e-01 2.035000547766685486e-02 3.443981707096099854e-02 -8.340247720479965210e-02 -2.612063586711883545e-01 5.115289241075515747e-02
-1.324146687984466553e-01 -1.105706915259361267e-01 -1.977643668651580811e-01 2.733765915036201477e-02 -5.458585172891616821e-02 1.251830607652664185e-01 -1.017152965068817139e-01 8.780368417501449585e-02 6.001873314380645752e-02 1.912548393011093140e-01
-1.016779020428657532e-01 6.824826002120971680e-01 -6.072845309972763062e-02 -2.464456558227539062e-01 -7.669603079557418823e-02 -1.315521448850631714e-01 1.058079488575458527e-02 -1.674547195434570312e-01 -2.926007211208343506e-01 -2.078179270029067993e-01
-3.862859010696411133e-01 -9.887706488370895386e-02 -1.484682410955429077e-01 -1.249495372176170349e-01 2.284868620336055756e-02 1.048918366432189941e-01 -1.185120195150375366e-01 -5.358968675136566162e-02 -2.916353195905685425e-02 -1.844067573547363281e-01
-2.261695265769958496e-01 2.731217741966247559e-01 -6.411300599575042725e-02 9.310068190097808838e-02 -1.006077751517295837e-01 -6.094238720834255219e-03 -2.398167103528976440e-01 5.630913004279136658e-02 -1.751244999468326569e-02 -5.489609017968177795e-02
1.025289148092269897e-01 -5.248556733131408691e-01 -5.005825757980346680e-01 6.614611297845840454e-02 -7.209712266921997070e-01 3.040495812892913818e-01 -5.680438876152038574e-01 4.164511561393737793e-01 -9.505558609962463379e-01 -9.497822523117065430e-01
1.126867830753326416e-01 -1.873105298727750778e-03 -2.048729956150054932e-01 -3.630444109439849854e-01 -7.003234326839447021e-02 -1.100013703107833862e-01 -1.465579215437173843e-02 -5.242505669593811035e-01 1.294129937887191772e-01 3.555416166782379150e-01
-8.796610683202743530e-02 9.308627247810363770e-02 2.914029657840728760e-01 7.760805636644363403e-02 -4.276414811611175537e-01 1.625506281852722168e-01 2.149262875318527222e-01 -5.153536796569824219e-01 -1.442670822143554688e-01 -5.494331121444702148e-01
4.136408120393753052e-02 -1.188726350665092468e-01 -1.160138770937919617e-01 8.640019223093986511e-03 -1.642774492502212524e-01 -1.538900565356016159e-02 -7.203381974250078201e-03 7.709099352359771729e-02 -1.896361410617828369e-01 -1.717663109302520752e-01
-2.042623609304428101e-01 -2.555779367685317993e-02 -1.616675555706024170e-01 -4.742666706442832947e-02 -1.621754318475723267e-01 -9.534286707639694214e-02 -8.936786651611328125e-02 -7.199405878782272339e-02 6.693948805332183838e-02 9.353338181972503662e-02
-2.507432699203491211e-01 -3.810479119420051575e-02 2.057980559766292572e-02 -1.107401698827743530e-01 1.593795865774154663e-01 2.827011942863464355e-01 -2.079693824052810669e-01 -1.117312461137771606e-01 -1.526181399822235107e-01 5.977645982056856155e-03
-1.082705780863761902e-01 6.341988444328308105e-01 3.282894566655158997e-02 -3.451265096664428711e-01 -8.354452252388000488e-02 -1.086599230766296387e-01 -2.159486524760723114e-02 -1.679435670375823975e-01 -3.487527966499328613e-01 -2.239211797714233398e-01
-9.572546184062957764e-02 8.043096065521240234e-01 -1.898107230663299561e-01 -2.570833563804626465e-01 -6.620074063539505005e-02 -1.536882817745208740e-01 -1.127502880990505219e-02 -1.553027480840682983e-01 -2.888468801975250244e-01 -2.064997255802154541e-01
-1.942351460456848145e-01 3.666867315769195557e-01 -1.939306408166885376e-01 -2.384848147630691528e-01 2.922991989180445671e-04 -2.181850969791412354e-01 1.989807337522506714e-01 4.369994401931762695e-01 -3.940478861331939697e-01 1.775915622711181641e-01
3.007348477840423584e-01 4.930689930915832520e-02 -5.712030529975891113e-01 -3.513764142990112305e-01 -1.683692336082458496e-01 2.130973786115646362e-01 1.628507822751998901e-01 -1.612374037504196167e-01 1.752114742994308472e-01 3.082838840782642365e-02
3.147253990173339844e-01 -9.582424163818359375e-01 -5.217953324317932129e-01 -2.519665062427520752e-01 -1.431825757026672363e+00 2.123343795537948608e-01 -1.097385287284851074e+00 7.733566313982009888e-02 -1.598418951034545898e-01 8.477782011032104492e-01
-2.919578254222869873e-01 -2.544594705104827881e-01 -8.227832615375518799e-02 -1.880819350481033325e-01 1.269091814756393433e-01 2.291226536035537720e-01 -8.113934099674224854e-02 7.477407902479171753e-02 1.744130253791809082e-01 -1.632248461246490479e-01
-5.139352083206176758e-01 -5.972094461321830750e-02 4.586077630519866943e-01 -5.810287594795227051e-01 1.216367036104202271e-01 -8.598270416259765625e-01 5.261513590812683105e-01 -1.167114898562431335e-01 7.900971919298171997e-02 4.059647023677825928e-01
2.228774726390838623e-01 -4.261790513992309570e-01 -8.147334456443786621e-01 -1.062222123146057129e+00 1.406091749668121338e-01 7.441633194684982300e-02 5.746330618858337402e-01 -5.799739956855773926e-01 -4.086388051509857178e-01 5.008177757263183594e-01
1.434167940169572830e-02 -4.426191449165344238e-01 -2.070162743330001831e-01 1.410420835018157959e-01 3.204674422740936279e-01 1.706701517105102539e-02 -1.650773584842681885e-01 -7.842552065849304199e-01 -1.321723759174346924e-01 3.148439824581146240e-01
-1.439405232667922974e-01 3.691135644912719727e-01 -4.037905633449554443e-01 -2.174338102340698242e-01 2.932462990283966064e-01 1.684164553880691528e-01 -1.644530296325683594e-01 4.761435687541961670e-01 -2.388028949499130249e-01 2.560373544692993164e-01
-3.841638565063476562e-01 -1.188218742609024048e-01 -2.038562893867492676e-01 -1.100412383675575256e-01 -7.257153838872909546e-02 -5.525718629360198975e-02 -1.004722565412521362e-01 -1.533968746662139893e-01 2.114311307668685913e-01 -2.329932600259780884e-01
-1.988650560379028320e-01 9.640449285507202148e-02 -5.849397554993629456e-02 1.034673005342483521e-01 1.415274739265441895e-01 9.330062568187713623e-02 -2.451895028352737427e-01 -6.112482771277427673e-02 -1.334882676601409912e-01 -1.545321196317672729e-01
-2.742783129215240479e-01 1.337854862213134766e-01 3.273505568504333496e-01 5.965713039040565491e-02 -4.153660312294960022e-02 2.898823022842407227e-01 -1.979141384363174438e-01 -6.805258244276046753e-02 1.877128332853317261e-01 -1.517052799463272095e-01
-3.295912742614746094e-01 -3.787279725074768066e-01 -1.353268176317214966e-01 -3.615656495094299316e-01 1.103329062461853027e+00 -4.937180578708648682e-01 -4.241624176502227783e-01 5.739110708236694336e-01 -7.138687968254089355e-01 1.124183461070060730e-01
-2.437293529510498047e-01 -1.782604902982711792e-01 1.944768726825714111e-01 -9.822767227888107300e-02 6.514775753021240234e-02 8.913731575012207031e-01 2.745046019554138184e-01 -1.475674752146005630e-02 -3.935608267784118652e-01 -3.193002641201019287e-01
3.588665723800659180e-01 -1.689884513616561890e-01 -8.268884420394897461e-01 7.753305137157440186e-02 -3.308722078800201416e-01 8.589646965265274048e-02 2.237797230482101440e-01 1.041559651494026184e-01 -2.715041337069123983e-04 2.029355615377426147e-01
7.774737477302551270e-02 -1.135174334049224854e-01 2.614824473857879639e-01 -4.123066365718841553e-02 3.116830587387084961e-01 -1.232627965509891510e-02 -1.115874946117401123e-01 -5.577057003974914551e-01 -2.629148028790950775e-02 1.568251252174377441e-01
8.997928351163864136e-03 -2.307492196559906006e-01 -2.128996253013610840e-01 4.518109858036041260e-01 7.930641621351242065e-02 -3.961782455444335938e-01 -3.895001709461212158e-01 8.981648832559585571e-03 -2.758851647377014160e-01 4.007619917392730713e-01
-2.462734878063201904e-01 1.266427040100097656e-01 -4.825151711702346802e-02 -2.363331988453865051e-02 -2.073275297880172729e-02 -1.261324137449264526e-01 -1.762631088495254517e-01 -5.517980456352233887e-02 -2.903717197477817535e-02 -1.427432894706726074e-02
6.798553466796875000e-01 -3.678744137287139893e-01 3.375623002648353577e-02 2.333081960678100586e-01 -3.382084965705871582e-01 -3.115519881248474121e-01 -2.135099470615386963e-01 2.423480898141860962e-01 -4.378060698509216309e-01 1.542920470237731934e-01
-2.900831103324890137e-01 -2.897241339087486267e-02 6.000738125294446945e-03 -1.867410540580749512e-01 -3.521633893251419067e-02 -9.145366959273815155e-03 -2.644769847393035889e-01 2.690535187721252441e-01 -5.787117034196853638e-02 -3.222721517086029053e-01
-2.856413125991821289e-01 1.989947259426116943e-01 -1.493454128503799438e-01 -3.926753625273704529e-02 1.896056905388832092e-02 1.467327214777469635e-02 3.889003768563270569e-02 -1.197160035371780396e-01 2.512626536190509796e-02 1.336678117513656616e-01
-7.567989230155944824e-01 3.679445981979370117e-01 -2.242405712604522705e-01 4.974856078624725342e-01 -6.515853852033615112e-02 3.900466263294219971e-01 -4.953571856021881104e-01 -2.986115813255310059e-01 6.585212051868438721e-02 -1.183857442811131477e-03
-2.005800604820251465e-01 5.294023826718330383e-02 -1.467328816652297974e-01 -6.871095299720764160e-02 -2.365383356809616089e-01 -1.835259646177291870e-01 3.820287063717842102e-03 -6.732311099767684937e-02 -1.150583401322364807e-01 -1.728685200214385986e-01
-2.253369539976119995e-01 -2.048662900924682617e-01 1.343122124671936035e-01 3.656343221664428711e-01 3.437680006027221680e-02 -3.724251687526702881e-01 -5.295352339744567871e-01 -2.421812526881694794e-02 7.212307769805192947e-03 -6.388981938362121582e-01
-3.714608252048492432e-01 -1.744071394205093384e-01 -3.167177364230155945e-02 -9.527266025543212891e-02 2.924798056483268738e-02 2.359803467988967896e-01 -1.552003175020217896e-01 -5.617855489253997803e-02 -1.506821531802415848e-02 -3.446459472179412842e-01
-2.047417312860488892e-01 2.081164568662643433e-01 -6.076705083250999451e-02 -6.133503839373588562e-02 -5.163389444351196289e-02 -4.099209234118461609e-02 -1.270682960748672485e-01 3.990087658166885376e-02 1.228567138314247131e-01 2.973555773496627808e-02
-1.174530386924743652e-01 5.703513622283935547e-01 -7.462383061647415161e-02 -1.311516314744949341e-01 -2.611005492508411407e-02 -2.361318022012710571e-01 -1.371947303414344788e-02 -1.482277363538742065e-01 -1.669512391090393066e-01 -1.773439347743988037e-01
-3.542215526103973389e-01 3.091894276440143585e-02 -1.470618247985839844e-01 4.231641888618469238e-01 4.959343373775482178e-02 9.606555849313735962e-02 -1.547416597604751587e-01 -2.012027651071548462e-01 -7.469934970140457153e-02 1.602985709905624390e-01
-2.467425614595413208e-01 1.778881624341011047e-02 -3.338012099266052246e-02 -4.749466106295585632e-02 -1.273893471807241440e-02 3.442062810063362122e-02 -1.447239369153976440e-01 -5.999271571636199951e-02 -1.053857281804084778e-01 2.725812792778015137e-02
-3.357920944690704346e-01 4.944119602441787720e-02 1.446064114570617676e-01 9.993778169155120850e-02 -4.193031489849090576e-01 -2.719522714614868164e-01 7.365003228187561035e-02 -1.829919219017028809e-01 7.293926477432250977e-01 -1.163481920957565308e-01
-2.078708112239837646e-01 5.536860972642898560e-02 -9.899051859974861145e-03 2.311728522181510925e-02 -3.342088684439659119e-02 -2.374165654182434082e-01 -1.580927670001983643e-01 -5.860060080885887146e-02 1.118903681635856628e-01 1.348193455487489700e-02
-1.523676663637161255e-01 -3.279274329543113708e-02 -6.698425859212875366e-02 -1.404891461133956909e-01 -2.728142738342285156e-01 -2.507411539554595947e-01 -7.655483204871416092e-05 -3.801912441849708557e-02 -4.426584243774414062e-01 2.730718553066253662e-01
-7.660598307847976685e-02 3.655938059091567993e-02 -8.628563582897186279e-02 1.312277168035507202e-01 -6.277685053646564484e-03 -7.258322089910507202e-02 4.570010304450988770e-02 -6.351152807474136353e-02 -9.774667769670486450e-02 -1.736204773187637329e-01
-3.447564244270324707e-01 1.240558326244354248e-01 -4.251467287540435791e-01 -2.046763002872467041e-01 9.976123273372650146e-02 3.099424839019775391e-01 -2.929020524024963379e-01 3.934693336486816406e-01 -7.193143665790557861e-02 -2.487820088863372803e-01
-1.090894043445587158e-01 2.332426011562347412e-01 -4.657492041587829590e-02 5.302895307540893555e-01 -1.848803311586380005e-01 -4.127766191959381104e-01 8.289126306772232056e-02 -3.402900397777557373e-01 -1.651394516229629517e-01 -2.695819139480590820e-01
-8.231886662542819977e-03 -2.446673065423965454e-01 -5.582387447357177734e-01 -6.759759187698364258e-01 -1.557864397764205933e-01 4.569102823734283447e-01 1.591858118772506714e-01 -4.145642817020416260e-01 4.660578370094299316e-01 -1.266672760248184204e-01
-1.119701787829399109e-01 3.562968969345092773e-01 8.491502702236175537e-02 5.762268789112567902e-03 -4.530441761016845703e-02 -4.596380889415740967e-01 -1.245626807212829590e-01 4.621117413043975830e-01 -1.762486100196838379e-01 4.397202432155609131e-01
-2.388844937086105347e-01 -4.336162209510803223e-01 1.916470378637313843e-01 -5.798085331916809082e-01 4.587022960186004639e-01 1.872401833534240723e-01 -6.410990357398986816e-01 -4.205222725868225098e-01 3.200608491897583008e-01 -5.508213043212890625e-01
-1.400550752878189087e-01 3.035230375826358795e-02 1.834041066467761993e-02 -2.560490667819976807e-01 -3.321411311626434326e-01 4.910276085138320923e-02 -3.160764649510383606e-02 7.935357838869094849e-02 4.171901643276214600e-01 1.201096549630165100e-01
1.100822091102600098e+00 -4.938465356826782227e-01 -3.974843025207519531e-01 -6.939803957939147949e-01 -4.032219946384429932e-01 3.394132107496261597e-02 -8.118636012077331543e-01 9.969484806060791016e-02 -6.035071015357971191e-01 -2.481204122304916382e-01
-3.159109354019165039e-01 -1.149178519845008850e-01 2.147188968956470490e-02 -1.954340934753417969e-01 1.324810683727264404e-01 2.138358354568481445e-01 -1.884026825428009033e-01 6.468926370143890381e-02 -2.469156682491302490e-01 -6.915114521980285645e-01
-1.638946235179901123e-01 1.543633341789245605e-01 -1.178820431232452393e-01 7.345211505889892578e-02 -7.591513544321060181e-02 -5.110822916030883789e-01 -1.599453538656234741e-01 6.573089957237243652e-01 -2.309528365731239319e-02 5.175487399101257324e-01
8.884784579277038574e-01 -4.175544381141662598e-01 -3.595675826072692871e-01 -4.903295338153839111e-01 -1.093779411166906357e-02 -7.273208498954772949e-01 -1.665290147066116333e-01 3.395747244358062744e-01 -7.111077904701232910e-01 -3.474774062633514404e-01
-1.582902073860168457e-01 4.512194693088531494e-01 3.895508823916316032e-03 5.530738458037376404e-02 -7.058272510766983032e-02 -4.388867020606994629e-01 2.147044986486434937e-01 -1.201165467500686646e-01 -1.005200073122978210e-01 -2.231416702270507812e-01
-2.793428897857666016e-01 -2.084054052829742432e-02 -1.436987984925508499e-02 -2.574446201324462891e-01 -1.244259551167488098e-01 -2.585734128952026367e-01 -1.470350623130798340e-01 -4.229427129030227661e-02 -1.183925755321979523e-02 -8.065275847911834717e-02
-8.397490531206130981e-02 4.405540227890014648e-01 1.478135585784912109e-01 -2.572686970233917236e-01 1.651228070259094238e-01 -1.798567026853561401e-01 2.682252787053585052e-02 4.184600114822387695e-01 6.213932856917381287e-02 6.199366971850395203e-02
2.079302966594696045e-01 -4.102703332901000977e-01 -7.627147436141967773e-01 7.801857590675354004e-02 -4.353802800178527832e-01 1.813630759716033936e-01 -6.081984043121337891e-01 1.171912252902984619e-01 -6.497256159782409668e-01 -4.123861193656921387e-01
-1.012876629829406738e-01 6.409097909927368164e-01 -1.937513798475265503e-01 -2.388378977775573730e-01 -6.013049557805061340e-02 -1.931401193141937256e-01 -2.726118452847003937e-02 -1.556016355752944946e-01 -2.632024586200714111e-01 -2.053990662097930908e-01
-3.054427802562713623e-01 3.220192342996597290e-02 1.792542189359664917e-01 -9.299644082784652710e-02 -3.600863814353942871e-01 8.596498519182205200e-02 1.055782809853553772e-01 -1.145871877670288086e-01 -1.022196263074874878e-01 -3.003768324851989746e-01
-2.974273264408111572e-01 -7.803317904472351074e-02 -1.338359564542770386e-01 -7.973644137382507324e-02 -5.085583031177520752e-02 1.029552966356277466e-01 -4.063859954476356506e-02 1.435939818620681763e-01 -2.399440109729766846e-01 -1.458489447832107544e-01
-3.847651556134223938e-02 -4.191959500312805176e-01 4.411691427230834961e-01 -3.548698723316192627e-01 2.356046587228775024e-01 -8.010951876640319824e-01 3.966459631919860840e-01 -2.281319051980972290e-01 -3.965730220079421997e-02 3.975172713398933411e-02
-2.050873786211013794e-01 1.858566254377365112e-01 -8.722776174545288086e-02 4.258723929524421692e-02 1.171542033553123474e-01 -1.067721173167228699e-01 -1.506296098232269287e-01 -1.016519442200660706e-01 -1.027197092771530151e-01 7.879598438739776611e-02
-2.119702994823455811e-01 2.495683431625366211e-01 -1.482784301042556763e-01 -2.748215496540069580e-01 3.338783681392669678e-01 -3.059089481830596924e-01 -1.503942757844924927e-01 4.755070209503173828e-01 -4.196160733699798584e-01 3.300555646419525146e-01
-2.994518876075744629e-01 3.907319158315658569e-02 -9.873457252979278564e-02 -2.257621381431818008e-03 2.093222737312316895e-02 -9.924044460058212280e-02 3.979816287755966187e-02 -1.149813532829284668e-01 1.434212923049926758e-01 1.781604588031768799e-01
-2.399400174617767334e-01 7.741817086935043335e-02 -8.312894403934478760e-02 3.330875188112258911e-02 1.759978532791137695e-01 -2.648246884346008301e-01 -2.190058529376983643e-01 1.022238880395889282e-01 -1.666641831398010254e-01 -1.877002716064453125e-01
-9.403558820486068726e-02 6.700023412704467773e-01 3.971334919333457947e-02 -2.938755750656127930e-01 -7.528257369995117188e-02 -1.542540192604064941e-01 -3.943374007940292358e-02 -1.491774022579193115e-01 -3.258377313613891602e-01 -2.144609689712524414e-01
-1.724556982517242432e-01 1.227470263838768005e-01 1.046212315559387207e-01 9.864094853401184082e-02 -1.822943836450576782e-01 -3.757070899009704590e-01 -2.708214521408081055e-01 -1.204501139000058174e-03 -2.114109992980957031e-01 -1.175732836127281189e-01
-2.072132527828216553e-01 6.993015855550765991e-02 -3.103041946887969971e-01 -7.076173275709152222e-02 4.921390488743782043e-02 1.951531022787094116e-01 -1.680855304002761841e-01 -1.408340334892272949e-01 -4.408709332346916199e-02 1.260672360658645630e-01
-2.167378962039947510e-01 7.422190904617309570e-02 -4.990058392286300659e-02 7.090758532285690308e-02 2.070181258022785187e-02 -1.556274592876434326e-01 -2.167250663042068481e-01 -4.703395068645477295e-02 -4.030822589993476868e-02 1.415207833051681519e-01
-2.887846231460571289e-01 -6.299521028995513916e-02 -1.103284507989883423e-01 -8.401844650506973267e-03 7.809012383222579956e-02 -1.892158575356006622e-02 -3.868410885334014893e-01 -4.729244112968444824e-02 -1.547726094722747803e-01 8.164733881130814552e-04
-3.450731039047241211e-01 -3.404526412487030029e-02 4.229490086436271667e-02 -7.519882172346115112e-02 -2.041908353567123413e-01 -1.967528760433197021e-01 -1.827788949012756348e-01 6.313629448413848877e-02 -2.152084000408649445e-02 -1.487100273370742798e-01
1.631020456552505493e-01 -2.660642266273498535e-01 -7.657203674316406250e-01 -7.473087906837463379e-01 -2.054880373179912567e-03 1.899988651275634766e-01 2.738955020904541016e-01 -5.266631245613098145e-01 4.194567501544952393e-01 3.417787253856658936e-01
-1.239232942461967468e-01 5.687670707702636719e-01 -1.627813875675201416e-01 -2.462537586688995361e-01 -3.312632441520690918e-02 -2.147722989320755005e-01 -3.855941444635391235e-02 -8.902623504400253296e-02 -2.228688895702362061e-01 -1.635473966598510742e-01
-2.589876949787139893e-01 -2.351732403039932251e-01 -8.484113961458206177e-02 -2.790350019931793213e-01 -1.246299967169761658e-02 2.196805328130722046e-01 -1.415365189313888550e-01 -9.201122820377349854e-02 2.159972190856933594e-01 -2.859685122966766357e-01
-2.398811429738998413e-01 -4.136545956134796143e-02 -5.360785126686096191e-02 8.491791784763336182e-02 -8.842654526233673096e-02 -8.820752799510955811e-02 1.623318493366241455e-01 -3.842967795208096504e-03 -7.216235995292663574e-02 -1.695603430271148682e-01
-3.895280957221984863e-01 -1.700514703989028931e-01 -1.526302546262741089e-01 -6.539689004421234131e-02 5.546057969331741333e-02 9.038366377353668213e-02 -1.495387852191925049e-01 -1.323494762182235718e-01 -2.415958493947982788e-01 -2.903817780315876007e-02
2.940802574157714844e-01 4.551881179213523865e-02 -2.547738850116729736e-01 -2.921796739101409912e-01 4.218011349439620972e-02 1.384171694517135620e-01 3.746190965175628662e-01 -3.724941015243530273e-01 7.010692358016967773e-02 2.542440593242645264e-01
3.391703069210052490e-01 1.021920591592788696e-01 -5.810952782630920410e-01 -7.347854375839233398e-01 -1.721542775630950928e-01 5.172366499900817871e-01 4.710892736911773682e-01 -6.267666071653366089e-02 -3.656569719314575195e-01 1.269199252128601074e-01
6.170788779854774475e-02 -1.594000495970249176e-02 1.948759257793426514e-01 3.416553139686584473e-03 -1.133944392204284668e+00 -1.946172863245010376e-01 4.536731243133544922e-01 -6.401994824409484863e-01 -1.080761849880218506e-01 -6.025118827819824219e-01
-1.468777954578399658e-01 5.984727758914232254e-03 -1.135224178433418274e-01 -6.356392055749893188e-02 -8.406411111354827881e-02 1.611512899398803711e-01 -2.399885281920433044e-02 -1.059543192386627197e-01 -1.081770434975624084e-01 4.242284223437309265e-02
1.317103654146194458e-01 4.206065088510513306e-03 3.772276341915130615e-01 -5.104866996407508850e-02 1.023435667157173157e-01 2.351004630327224731e-01 -1.003725454211235046e-02 -3.867852985858917236e-01 1.798197813332080841e-02 -7.188118249177932739e-02
-1.489222943782806396e-01 -1.643487066030502319e-01 7.980243116617202759e-02 3.136318176984786987e-02 -1.884629279375076294e-01 1.432579904794692993e-01 -2.665634453296661377e-01 -2.716301679611206055e-01 -3.932594358921051025e-01 -2.532972954213619232e-02
-2.669446766376495361e-01 -3.132377518340945244e-03 -1.333189476281404495e-02 -1.365755777806043625e-02 9.838020801544189453e-02 -5.297415703535079956e-02 -2.706677615642547607e-01 1.242716535925865173e-01 -1.564161777496337891e-01 -3.398404270410537720e-02
3.061151690781116486e-02 -3.191562294960021973e-01 3.220194876194000244e-01 8.224900066852569580e-02 2.170105129480361938e-01 -4.705514311790466309e-01 -5.522136017680168152e-02 -2.519414722919464111e-01 -1.751147061586380005e-01 6.742545217275619507e-02
-1.134856194257736206e-01 -4.179823696613311768e-01 4.427571296691894531e-01 -7.550073862075805664e-01 3.250175714492797852e-01 3.274319767951965332e-01 1.449218541383743286e-01 -6.202589273452758789e-01 -2.573322691023349762e-02 -2.871929407119750977e-01
-2.421195060014724731e-01 1.349843889474868774e-01 -3.089585900306701660e-02 -1.537560969591140747e-01 4.038778319954872131e-02 1.332678198814392090e-01 -1.907663196325302124e-01 -5.838884040713310242e-02 -8.031226694583892822e-02 -2.311905287206172943e-02
-1.074338182806968689e-01 3.202788531780242920e-01 2.696428894996643066e-01 3.013656735420227051e-01 1.674301549792289734e-02 -5.578671097755432129e-01 -4.496220052242279053e-01 4.009609222412109375e-01 -4.884184151887893677e-02 3.546098619699478149e-02
-2.311004102230072021e-01 5.679678171873092651e-03 7.181589305400848389e-02 -9.920501708984375000e-02 2.785798348486423492e-02 -9.637335687875747681e-02 -1.005250141024589539e-01 3.973381966352462769e-02 1.749568581581115723e-01 -5.760385990142822266e-01
-1.587095707654953003e-01 3.265326023101806641e-01 -5.273293256759643555e-01 -1.854574084281921387e-01 4.871797934174537659e-02 3.768717646598815918e-01 -1.400923132896423340e-01 3.281060755252838135e-01 8.511443436145782471e-02 3.083624541759490967e-01
3.050436079502105713e-01 -3.069693446159362793e-01 3.156179189682006836e-01 4.510975480079650879e-01 -6.745370030403137207e-01 -8.269995450973510742e-01 -1.056378245353698730e+00 2.846165001392364502e-01 -8.039911836385726929e-02 4.379354417324066162e-01
-2.948784530162811279e-01 8.397937566041946411e-02 -9.387777000665664673e-02 1.343029737472534180e-01 6.522710621356964111e-02 2.570719122886657715e-01 -2.506593763828277588e-01 -1.725274324417114258e-01 -2.536157667636871338e-01 1.755633205175399780e-02
-7.085894793272018433e-02 -2.616890370845794678e-01 -3.499483689665794373e-02 3.333421945571899414e-01 -3.046365380287170410e-01 -4.088974893093109131e-01 2.666231393814086914e-01 -2.183658815920352936e-02 -2.409629225730895996e-01 4.200027883052825928e-01
-3.725343346595764160e-01 -1.766575574874877930e-01 -1.520286351442337036e-01 -9.389831870794296265e-02 8.526840060949325562e-02 -6.859023123979568481e-02 1.209092792123556137e-02 -2.011095881462097168e-01 1.749324053525924683e-02 1.459544152021408081e-01
6.959190964698791504e-02 -1.011476591229438782e-01 -3.559526503086090088e-01 2.326963245868682861e-01 -6.204714179039001465e-01 1.389792263507843018e-01 4.964941367506980896e-02 -4.823012351989746094e-01 -2.633495330810546875e-01 -6.536730527877807617e-01
-3.127322793006896973e-01 -2.105804234743118286e-01 -1.268915683031082153e-01 -1.497701555490493774e-01 -1.618176251649856567e-01 -6.258642673492431641e-02 -7.993835210800170898e-02 -2.233402878046035767e-01 -1.664189100265502930e-01 -4.971770569682121277e-02
-2.669872045516967773e-01 4.764943942427635193e-02 -2.038666419684886932e-02 -1.039390563964843750e-01 1.442113816738128662e-01 2.737444639205932617e-02 6.309987604618072510e-02 -2.060890644788742065e-01 -4.243473112583160400e-01 -2.429176568984985352e-01
3.725070357322692871e-01 -1.587451100349426270e-01 -9.007497131824493408e-02 -1.746756732463836670e-01 -6.760342717170715332e-01 3.654820024967193604e-01 -4.098367094993591309e-01 -5.891367793083190918e-01 2.855995297431945801e-01 -6.373527646064758301e-01
3.301627039909362793e-01 -4.198188781738281250e-01 3.114796876907348633e-01 -2.843068242073059082e-01 -1.079433917999267578e+00 -5.343807935714721680e-01 2.673234343528747559e-01 -1.168865934014320374e-01 -1.234987899661064148e-01 3.508472442626953125e-01
-1.826684623956680298e-01 -1.804716885089874268e-01 -2.162144146859645844e-02 -4.607805237174034119e-02 -4.446493834257125854e-02 2.639327049255371094e-01 -1.499814093112945557e-01 -1.099621132016181946e-01 8.539679646492004395e-02 -2.201282978057861328e-02
1.892818957567214966e-01 -1.639420688152313232e-01 -2.412634342908859253e-01 -2.446263469755649567e-02 1.994138509035110474e-01 1.622003018856048584e-01 9.842842817306518555e-02 -8.850518614053726196e-02 -1.125009804964065552e-01 -4.375701844692230225e-01
-2.498195171356201172e-01 9.356936812400817871e-02 1.177568286657333374e-01 -1.522409915924072266e-01 -5.360348522663116455e-02 -2.014959603548049927e-02 6.343285087496042252e-03 8.342280983924865723e-02 -2.929014265537261963e-01 -2.435950329527258873e-03
4.232525527477264404e-01 -2.732846736907958984e-01 4.622463881969451904e-01 1.515702251344919205e-02 -8.998204469680786133e-01 -1.103193834424018860e-01 -2.278481274843215942e-01 -6.037762165069580078e-01 -5.789256691932678223e-01 -4.629658460617065430e-01
-2.687084674835205078e-02 -4.852141439914703369e-02 6.217548251152038574e-01 -2.445390447974205017e-02 1.106034591794013977e-01 3.476307988166809082e-01 -2.703368961811065674e-01 2.271859496831893921e-01 -1.492062360048294067e-01 -1.541203111410140991e-01
-3.212096095085144043e-01 -4.505193233489990234e-02 -6.658809632062911987e-02 3.905463218688964844e-02 -1.410035789012908936e-01 -3.547480329871177673e-02 -1.916566789150238037e-01 -8.495575934648513794e-02 -5.441386997699737549e-02 3.800681829452514648e-01
-3.572567403316497803e-01 2.433094978332519531e-01 4.256042838096618652e-02 7.145246863365173340e-01 -5.026321411132812500e-01 -7.459459900856018066e-01 -2.633911073207855225e-01 6.582009196281433105e-01 -3.120392858982086182e-01 2.991891801357269287e-01
-2.176920175552368164e-01 5.570219084620475769e-02 3.769747540354728699e-02 -3.540290147066116333e-02 -8.573397994041442871e-03 -3.682240843772888184e-02 6.512532476335763931e-03 2.087968634441494942e-03 1.090219523757696152e-02 -9.334780275821685791e-02
-3.309420347213745117e-01 -1.841650158166885376e-01 -7.793263345956802368e-02 -3.821090236306190491e-02 -1.379694789648056030e-01 6.519704312086105347e-02 -1.946432292461395264e-01 -6.493511050939559937e-02 -2.403959631919860840e-01 1.475832611322402954e-01
-3.149299025535583496e-01 -1.915407329797744751e-01 -2.700183987617492676e-01 -1.956859081983566284e-01 6.741767525672912598e-01 -5.623514056205749512e-01 -4.018465578556060791e-01 4.803307950496673584e-01 -3.350366353988647461e-01 5.376045703887939453e-01
-9.102780371904373169e-02 5.821489095687866211e-01 5.104341544210910797e-04 -2.227833569049835205e-01 -6.142379343509674072e-02 -2.064655572175979614e-01 9.550750255584716797e-03 -1.734519302845001221e-01 -2.463006675243377686e-01 -2.081832885742187500e-01
-5.804212018847465515e-02 -3.270277380943298340e-01 7.801765203475952148e-02 -3.015521466732025146e-01 1.205310747027397156e-01 -2.200861424207687378e-01 1.367303729057312012e-01 -4.682013988494873047e-01 3.259426355361938477e-02 -1.687314361333847046e-02
-1.241146624088287354e-01 -2.102744579315185547e-01 3.120646476745605469e-01 -1.704205721616744995e-01 -1.119811162352561951e-01 -3.800726234912872314e-01 -1.819748082198202610e-03 -1.551611423492431641e-01 5.243424773216247559e-01 -3.814800977706909180e-01
-3.582500219345092773e-01 -1.608683466911315918e-01 -9.142050892114639282e-02 -1.629054248332977295e-01 -1.809092164039611816e-01 5.127683281898498535e-02 -2.936107292771339417e-02 1.231120899319648743e-01 -1.872657090425491333e-01 -5.675455927848815918e-01
-4.485857859253883362e-02 -1.291908919811248779e-01 3.890742734074592590e-02 4.349720776081085205e-01 5.137522239238023758e-03 -3.403745889663696289e-01 -5.849431157112121582e-01 3.781858682632446289e-01 -2.647121548652648926e-01 -2.419873774051666260e-01
1.179821714758872986e-01 -2.364490330219268799e-01 -4.212547242641448975e-01 -1.243407055735588074e-01 3.211686387658119202e-02 2.653459012508392334e-01 1.381829082965850830e-01 -9.002488106489181519e-02 5.040459632873535156e-01 -8.821893483400344849e-02
1.412522345781326294e-01 -7.864670455455780029e-02 -2.845698297023773193e-01 1.105413958430290222e-02 -1.697892397642135620e-01 8.663273602724075317e-02 3.411195278167724609e-01 2.606794834136962891e-01 -2.606571614742279053e-01 -7.376645505428314209e-02
-6.412278115749359131e-02 3.916237503290176392e-02 1.518678572028875351e-02 -2.540310323238372803e-01 1.142940372228622437e-01 4.081157222390174866e-02 -1.735570132732391357e-01 2.496195882558822632e-01 5.157700777053833008e-01 -1.865143626928329468e-01
1.258428841829299927e-01 -1.474502235651016235e-01 -1.148220151662826538e-01 -2.468248307704925537e-01 1.354297846555709839e-01 -5.787634104490280151e-02 2.987579107284545898e-01 1.708443909883499146e-01 2.543354034423828125e-01 1.275933980941772461e-01
-1.526669114828109741e-01 1.342259533703327179e-02 -1.549529135227203369e-01 -3.524450063705444336e-01 2.666821703314781189e-02 -2.352430718019604683e-03 1.596886478364467621e-02 -1.636130511760711670e-01 -1.343808174133300781e-01 8.774578571319580078e-02
-2.568547129631042480e-01 -1.942129582166671753e-01 -1.617871224880218506e-02 -2.876527607440948486e-01 1.150615233927965164e-02 -1.339647620916366577e-01 7.065354287624359131e-02 -1.528954878449440002e-02 -1.634212434291839600e-01 4.593125544488430023e-03
-2.374017387628555298e-01 1.619442552328109741e-01 -3.396776318550109863e-02 -1.368714123964309692e-01 -3.409551456570625305e-02 -2.687540352344512939e-01 1.315365731716156006e-01 -2.935044467449188232e-01 1.230721771717071533e-01 -1.689759790897369385e-01
-2.573500871658325195e-01 -1.484612971544265747e-01 3.344885632395744324e-02 -7.009036839008331299e-02 -2.103949189186096191e-01 3.055034875869750977e-01 -3.528285622596740723e-01 1.371418219059705734e-02 -3.147782087326049805e-01 -3.356875106692314148e-02
-1.147094890475273132e-01 -4.437743127346038818e-01 1.982837617397308350e-01 -2.068177014589309692e-01 1.799918711185455322e-01 -1.584153622388839722e-01 -1.339528113603591919e-01 -8.078688383102416992e-01 3.144926726818084717e-01 9.921421296894550323e-03
-5.933194160461425781e-01 -3.197778388857841492e-02 2.078440487384796143e-01 -1.678014397621154785e-01 -3.297039568424224854e-01 3.001534640789031982e-01 8.441760390996932983e-02 -1.477067470550537109e-01 -2.196174860000610352e-01 -1.114363893866539001e-01
-2.940554022789001465e-01 3.240780532360076904e-01 -6.104890629649162292e-02 3.388787060976028442e-02 -4.457252025604248047e-01 -7.709536701440811157e-02 -2.686211168766021729e-01 4.326295256614685059e-01 -2.489445731043815613e-03 2.626277506351470947e-01
-1.368034034967422485e-01 6.273178849369287491e-03 -2.917285263538360596e-02 4.462547972798347473e-02 3.476813668385148048e-03 -4.655124992132186890e-02 -9.566985070705413818e-02 -3.778768703341484070e-02 -1.614752970635890961e-02 -1.632006168365478516e-01
-2.941519021987915039e-01 -7.446619868278503418e-02 -6.103652119636535645e-01 4.870291650295257568e-01 4.014112055301666260e-03 4.980481863021850586e-01 7.670698687434196472e-03 -1.295024305582046509e-01 -3.226073831319808960e-02 1.713843941688537598e-01
-9.778228402137756348e-02 2.188166044652462006e-02 -1.533947288990020752e-01 -1.996021717786788940e-01 5.542881041765213013e-02 1.514672189950942993e-01 1.806766241788864136e-01 9.369233995676040649e-02 -1.130042374134063721e-01 -1.639157235622406006e-01
-5.203818529844284058e-02 -3.548108339309692383e-01 2.140536308288574219e-01 3.105922043323516846e-01 3.721523880958557129e-01 -4.663870334625244141e-01 -1.207207143306732178e-01 -3.386433720588684082e-01 -2.648534178733825684e-01 5.794354677200317383e-01
-2.172666341066360474e-01 -8.554585278034210205e-02 -2.341458201408386230e-01 -2.776198089122772217e-02 -1.042717173695564270e-01 -5.005801469087600708e-02 6.185070611536502838e-03 2.002901397645473480e-02 -2.925240434706211090e-02 4.743112623691558838e-02
-6.551172137260437012e-01 1.088326200842857361e-01 1.018637716770172119e-01 -3.258746564388275146e-01 5.653870701789855957e-01 -9.392799735069274902e-01 7.674940824508666992e-01 -7.034156322479248047e-01 5.833445787429809570e-01 7.355358600616455078e-01
-8.014164119958877563e-02 1.342569291591644287e-01 -3.776540607213973999e-02 1.444822996854782104e-01 -2.322285771369934082e-01 -3.440076112747192383e-02 -2.011932432651519775e-01 -1.249734088778495789e-01 -9.219573438167572021e-02 -1.248908862471580505e-01
-3.839694857597351074e-01 4.788965880870819092e-01 9.088135510683059692e-02 -5.479213967919349670e-02 4.572171345353126526e-02 1.467702258378267288e-02 4.798686504364013672e-02 1.426755040884017944e-01 -1.837883442640304565e-01 -6.987617816776037216e-03
-3.041304647922515869e-01 -3.351742401719093323e-02 -1.047349348664283752e-01 -2.238022629171609879e-03 4.735866934061050415e-02 -4.596994444727897644e-02 -9.454569965600967407e-02 -1.424891799688339233e-01 -6.785161793231964111e-02 4.441059753298759460e-02
1.731016188859939575e-01 1.269395947456359863e-01 2.826968729496002197e-01 3.219154849648475647e-02 -6.591095924377441406e-01 -2.112853825092315674e-01 -6.133818030357360840e-01 -5.850863456726074219e-01 -4.097888469696044922e-01 -6.237104535102844238e-01
-1.397007405757904053e-01 5.329726338386535645e-01 -3.075159899890422821e-02 1.308115869760513306e-01 -3.014099970459938049e-02 -1.796182692050933838e-01 1.103849634528160095e-01 -1.673573553562164307e-01 -1.169847324490547180e-01 -1.717012226581573486e-01
-1.951940059661865234e-01 1.963999569416046143e-01 -1.337937861680984497e-01 -3.627749904990196228e-02 -2.193552255630493164e-02 1.301377117633819580e-01 3.723353147506713867e-03 -8.321616798639297485e-02 -8.937520533800125122e-02 5.586633458733558655e-02
-2.111940830945968628e-01 -3.144687116146087646e-01 -7.382097840309143066e-01 6.445474028587341309e-01 -8.249553292989730835e-02 2.962223291397094727e-01 -1.790823191404342651e-01 -8.626982569694519043e-02 -6.355943530797958374e-02 5.667385179549455643e-03
-2.240244448184967041e-01 4.907166063785552979e-01 2.045542746782302856e-01 2.189072966575622559e-01 -2.366603761911392212e-01 -6.174896955490112305e-01 -3.689368441700935364e-02 -1.166392266750335693e-01 1.458860486745834351e-01 -3.382727205753326416e-01
-4.277885854244232178e-01 -4.266350343823432922e-02 -3.315015137195587158e-01 -4.071953296661376953e-01 1.037247657775878906e+00 -7.650933265686035156e-01 1.115557670593261719e+00 1.013663485646247864e-01 -6.618732213973999023e-01 2.052206695079803467e-01
-2.710987329483032227e-01 -4.059159010648727417e-02 5.309625342488288879e-02 1.462398916482925415e-01 -2.133719921112060547e-01 -2.423276565968990326e-02 -6.644836068153381348e-02 -6.961612403392791748e-02 -2.395650446414947510e-01 -2.187239378690719604e-01
7.303928732872009277e-01 -2.359469980001449585e-01 -6.288001537322998047e-01 -5.329401493072509766e-01 -1.164960116147994995e-01 -3.178273141384124756e-01 7.754158973693847656e-02 7.636887021362781525e-03 -5.114747881889343262e-01 1.298633664846420288e-01
-4.461373090744018555e-01 -4.776896536350250244e-02 -7.935011386871337891e-02 -5.885645151138305664e-01 3.375026285648345947e-01 5.641073361039161682e-02 5.844119004905223846e-03 -1.539962440729141235e-01 2.082795500755310059e-01 -2.506071031093597412e-01
-2.184834517538547516e-02 -5.516694486141204834e-02 7.980156689882278442e-03 2.144801318645477295e-01 -3.100643455982208252e-01 -3.016963005065917969e-01 -2.994031608104705811e-01 -4.701479151844978333e-02 -1.114246621727943420e-01 -5.995968729257583618e-02
-2.555804550647735596e-01 3.549671769142150879e-01 1.479179561138153076e-01 -9.791173040866851807e-02 -2.011968046426773071e-01 1.456287950277328491e-01 2.384495139122009277e-01 -2.891045808792114258e-01 -4.454395920038223267e-02 -1.998058408498764038e-01
1.815631687641143799e-01 -3.964697122573852539e-01 4.698729217052459717e-01 -3.814872819930315018e-03 -1.031858921051025391e+00 -7.601979374885559082e-01 -5.373672842979431152e-01 -3.302811086177825928e-01 5.324612557888031006e-02 2.377478182315826416e-01
-3.803978115320205688e-02 -5.401413142681121826e-02 1.529711578041315079e-02 -1.458704769611358643e-01 -2.082634903490543365e-02 1.656041890382766724e-01 -1.808279603719711304e-01 1.630670577287673950e-01 -1.532107144594192505e-01 -4.515350461006164551e-01
