-2.337924391031265259e-02 -1.533112023025751114e-02 -1.134311873465776443e-02 -3.304236754775047302e-02 -4.320414736866950989e-02 -2.486495859920978546e-02 -1.717356778681278229e-02 1.084866747260093689e-01 -1.057052146643400192e-02 -8.884531259536743164e-02
-1.389566250145435333e-02 -3.161261091008782387e-03 -1.175276655703783035e-02 -1.680251909419894218e-03 1.681898906826972961e-02 8.466179715469479561e-04 -1.631840877234935760e-02 -1.399952545762062073e-02 -1.454245205968618393e-02 -1.713390648365020752e-02
-1.048952154815196991e-02 8.737668395042419434e-03 -1.575567945837974548e-02 -4.600535333156585693e-02 4.637295752763748169e-02 1.099128741770982742e-02 3.293897956609725952e-02 -5.385910719633102417e-02 -2.200326882302761078e-02 1.005598716437816620e-02
-2.316439896821975708e-02 -9.203756926581263542e-04 -4.971474409103393555e-02 2.039560303092002869e-02 -4.310875013470649719e-02 1.224769502878189087e-01 2.146367728710174561e-02 -3.732966259121894836e-02 -9.248949587345123291e-02 -3.915510326623916626e-02
-1.025886181741952896e-02 -6.238840054720640182e-03 -8.462043479084968567e-03 3.220758168026804924e-03 1.209674496203660965e-02 -1.898190192878246307e-02 -5.525368731468915939e-03 -9.813789511099457741e-04 1.797613687813282013e-03 -3.606545180082321167e-02
-1.414440292865037918e-02 -1.806228654459118843e-03 -1.523929275572299957e-02 -1.152489800006151199e-02 -1.894157729111611843e-03 1.612824620679020882e-03 -1.739987358450889587e-02 -2.646776265464723110e-04 -1.858985610306262970e-02 -2.179242670536041260e-02
-1.678346097469329834e-02 -3.086092695593833923e-02 4.455593880265951157e-03 -1.282286271452903748e-02 -1.326531451195478439e-02 -3.194228932261466980e-02 1.751985587179660797e-02 -1.602547988295555115e-02 -2.367673814296722412e-02 5.486660078167915344e-02
-1.273439545184373856e-02 -4.921533912420272827e-02 -8.897028863430023193e-03 4.602548852562904358e-02 -8.329146355390548706e-02 -1.718181744217872620e-02 -7.097464054822921753e-02 -6.875690817832946777e-02 -1.614917814731597900e-02 -8.230577409267425537e-02
-4.077062383294105530e-02 -1.459242077544331551e-03 -1.383000146597623825e-02 1.846654922701418400e-03 -6.004431471228599548e-02 -9.880257770419120789e-03 -2.760970592498779297e-02 8.429343812167644501e-03 -7.053323206491768360e-04 -2.394096180796623230e-02
-2.841826528310775757e-02 4.436304792761802673e-02 5.952056497335433960e-03 -2.494812570512294769e-02 -4.738497082144021988e-03 -2.080415561795234680e-02 -1.755796559154987335e-02 1.562292594462633133e-02 -2.596459118649363518e-03 -1.412884518504142761e-02
-2.251203730702400208e-02 3.970130532979965210e-02 -7.532035000622272491e-03 -2.919259481132030487e-02 -5.957333836704492569e-03 -7.827805355191230774e-03 -7.672284264117479324e-03 -3.689590841531753540e-02 -3.919557109475135803e-02 -6.231191102415323257e-03
-1.577347517013549805e-02 -1.129204407334327698e-02 -9.970935992896556854e-03 -6.233162712305784225e-03 -1.257934700697660446e-02 6.446287501603364944e-03 3.264853032305836678e-03 -1.035973895341157913e-03 -1.921932958066463470e-02 -1.575483195483684540e-02
3.291249647736549377e-02 1.811824552714824677e-02 -1.459565665572881699e-02 5.111225694417953491e-02 3.199563920497894287e-02 -1.142398547381162643e-02 5.982375660096295178e-05 3.209081292152404785e-02 7.880258560180664062e-02 2.575958333909511566e-02
-1.481187343597412109e-02 -1.564710400998592377e-03 -4.912726581096649170e-03 -2.374592982232570648e-02 -2.965000271797180176e-02 4.309708625078201294e-02 -6.650041323155164719e-03 -3.053300268948078156e-02 -4.733669012784957886e-02 -1.757597923278808594e-02
-1.674441620707511902e-02 -4.759788047522306442e-03 -1.698640547692775726e-02 2.040350576862692833e-03 9.286651038564741611e-04 -5.568295600824058056e-04 -7.707997225224971771e-03 -7.315594237297773361e-03 -1.444880105555057526e-02 -1.626674830913543701e-02
-2.728098072111606598e-02 2.587465755641460419e-02 -1.915041543543338776e-02 -3.078811988234519958e-02 4.820427857339382172e-03 1.022948045283555984e-02 -1.507726218551397324e-02 2.531481534242630005e-02 -2.302148379385471344e-02 8.652160875499248505e-03
-9.849568828940391541e-03 -9.245509281754493713e-03 -1.124831940978765488e-02 -7.493531797081232071e-03 -1.009233389049768448e-02 1.093790284357964993e-03 -1.235114503651857376e-02 1.378573663532733917e-02 -1.275449991226196289e-02 -2.203114330768585205e-02
-1.831244118511676788e-02 4.269113764166831970e-03 -9.905752725899219513e-03 7.804415188729763031e-03 -2.539432607591152191e-02 -1.982032693922519684e-02 -1.424457132816314697e-02 -1.065383665263652802e-02 6.370421033352613449e-03 4.833424463868141174e-03
-3.380500897765159607e-02 -1.995894871652126312e-02 5.898367986083030701e-02 -9.762066416442394257e-03 1.730831526219844818e-02 -3.883666824549436569e-03 -6.508394330739974976e-02 -1.729354821145534515e-02 -2.354850806295871735e-02 -3.887176513671875000e-02
-2.457915060222148895e-02 6.068995594978332520e-02 -3.456191392615437508e-03 -3.102059662342071533e-02 4.029655610793270171e-05 -5.458271596580743790e-03 -2.304319059476256371e-03 -3.641398996114730835e-02 -4.664881527423858643e-02 -4.996587056666612625e-03
-1.039112452417612076e-03 -6.257712841033935547e-02 -5.370479822158813477e-02 1.893370412290096283e-02 -2.338479831814765930e-02 2.200562134385108948e-02 -4.736235365271568298e-02 -5.379398912191390991e-02 5.762694031000137329e-02 -1.954145729541778564e-02
-3.997419029474258423e-02 -3.476211801171302795e-02 -3.901749104261398315e-02 -4.078082367777824402e-02 8.990681916475296021e-02 -3.638964518904685974e-02 -1.327032409608364105e-02 4.767334461212158203e-02 -4.146364331245422363e-02 -8.092688024044036865e-02
6.712697912007570267e-03 -2.263211272656917572e-02 5.079502239823341370e-02 -1.093439292162656784e-02 -4.414073750376701355e-02 -4.704048857092857361e-02 -3.623742610216140747e-03 1.717148907482624054e-02 -3.776095062494277954e-02 2.061400935053825378e-02
-1.661695912480354309e-02 -1.257739309221506119e-02 -1.439960114657878876e-02 -2.556835673749446869e-02 -1.281451340764760971e-02 4.670893249567598104e-04 -1.948637329041957855e-02 -1.157763693481683731e-02 -1.624847203493118286e-02 3.184409812092781067e-02
-2.452426590025424957e-02 -1.966083236038684845e-02 -1.606594026088714600e-02 -2.257505245506763458e-02 -2.514118701219558716e-02 7.713553309440612793e-02 -3.033390827476978302e-02 4.826607182621955872e-02 -2.489516325294971466e-02 -4.602205753326416016e-02
-2.364818565547466278e-02 -2.980064973235130310e-02 3.272550180554389954e-03 3.888538107275962830e-03 -5.935392528772354126e-02 1.532313600182533264e-02 -2.977343834936618805e-02 1.214781496673822403e-02 -2.826912328600883484e-02 -7.378867361694574356e-03
-2.146522980183362961e-03 -4.280855879187583923e-02 4.217538982629776001e-02 3.695864230394363403e-02 -3.908925876021385193e-02 -4.037555307149887085e-02 4.123785719275474548e-02 -2.597127109766006470e-02 -3.795400261878967285e-02 -3.298773989081382751e-02
-2.451447211205959320e-02 9.280012920498847961e-03 -1.090875547379255295e-02 6.256579607725143433e-02 1.846386305987834930e-02 -2.615007758140563965e-02 -1.961465738713741302e-02 -5.038043018430471420e-04 -5.742472130805253983e-03 1.819665892980992794e-03
-1.789446175098419189e-02 -3.627493046224117279e-03 -2.417454496026039124e-02 -2.451971638947725296e-03 -2.301262924447655678e-03 1.655533164739608765e-02 2.435866277664899826e-03 -6.688151508569717407e-03 -1.431527268141508102e-02 -2.960248850286006927e-02
-1.381766702979803085e-02 -1.389862131327390671e-02 -7.389286532998085022e-03 -8.601488545536994934e-03 2.781553193926811218e-02 1.014426071196794510e-02 -1.615587435662746429e-02 1.577792316675186157e-02 -2.048498019576072693e-02 -4.719322174787521362e-02
-6.707858294248580933e-02 -3.291385620832443237e-02 5.272135883569717407e-02 9.832496754825115204e-03 -3.031429462134838104e-02 -2.708468027412891388e-02 -2.952044643461704254e-02 -2.617840655148029327e-02 -4.162935540080070496e-03 1.528216525912284851e-03
1.682612486183643341e-02 -2.043394185602664948e-02 -4.600424319505691528e-03 2.282119914889335632e-02 -3.693331405520439148e-02 -1.834642700850963593e-02 -2.651531435549259186e-02 5.336938425898551941e-03 -3.474052995443344116e-02 2.039824984967708588e-02
-4.105743393301963806e-02 -1.756899058818817139e-02 -1.852786913514137268e-02 -4.977976158261299133e-02 1.298781111836433411e-02 -4.339945316314697266e-02 -2.315143868327140808e-02 6.005719304084777832e-02 -4.556780308485031128e-02 1.791482418775558472e-02
-2.275178954005241394e-02 6.651573628187179565e-02 -2.609846182167530060e-03 -3.053156100213527679e-02 -3.919774608220905066e-04 -5.286003462970256805e-03 -2.862581517547369003e-03 -3.636638820171356201e-02 -4.693659394979476929e-02 -5.697289481759071350e-03
-2.140013873577117920e-02 -8.136793971061706543e-03 -2.392533794045448303e-02 -5.260572768747806549e-03 -3.821960126515477896e-04 -1.737414975650608540e-03 -1.821399107575416565e-02 -5.127252545207738876e-03 3.424084978178143501e-03 -3.000962547957897186e-02
-1.319255307316780090e-02 -8.269835263490676880e-03 -1.164021994918584824e-02 -7.588418200612068176e-03 -2.032191120088100433e-02 1.737186126410961151e-02 -1.382009312510490417e-02 -4.908765200525522232e-03 -1.745216175913810730e-02 -2.405476756393909454e-03
-2.620014175772666931e-02 3.239367529749870300e-02 -9.343919344246387482e-03 -2.775458060204982758e-02 -1.700024865567684174e-02 -1.678802259266376495e-02 -1.428307313472032547e-02 9.417684748768806458e-03 -2.190393395721912384e-02 1.749940961599349976e-02
-2.912972494959831238e-02 -1.394560839980840683e-02 -3.161986172199249268e-02 -1.086573395878076553e-02 -7.590703200548887253e-03 -4.550954326987266541e-03 3.210985288023948669e-02 1.529823173768818378e-03 -1.580562256276607513e-02 -3.497954830527305603e-02
-4.137371666729450226e-03 -1.722554489970207214e-02 -5.422548856586217880e-03 -1.580163091421127319e-02 -1.027502305805683136e-02 -1.294227503240108490e-02 2.545046620070934296e-03 1.652770861983299255e-02 -2.648397907614707947e-02 -3.584061563014984131e-02
-1.047452259808778763e-02 -2.884243056178092957e-02 -3.565624356269836426e-02 1.758350804448127747e-02 -3.352136537432670593e-02 1.807440444827079773e-02 -3.878311440348625183e-02 2.285708300769329071e-02 -4.913349077105522156e-02 -2.821517921984195709e-02
-1.245991699397563934e-02 2.729895059019327164e-04 -1.561114564538002014e-02 -1.054165139794349670e-02 -1.778822764754295349e-02 -1.341688539832830429e-02 -1.300388295203447342e-02 1.080230437219142914e-02 -1.643741689622402191e-02 -2.160299010574817657e-02
-4.148039966821670532e-02 -2.949541201815009117e-03 -5.435680504888296127e-03 -1.749970577657222748e-02 -4.709973931312561035e-02 -5.356027558445930481e-02 8.863650262355804443e-03 9.305618703365325928e-03 -1.229437906295061111e-02 -2.090865001082420349e-02
5.690463818609714508e-03 -1.279487460851669312e-02 -2.257565781474113464e-02 -5.496612284332513809e-03 -2.063403278589248657e-02 2.028403617441654205e-02 -1.697045192122459412e-02 -2.794923493638634682e-03 -2.796549117192625999e-03 -2.684121206402778625e-02
7.628911733627319336e-02 -3.749141097068786621e-02 -6.135748699307441711e-02 -6.386377848684787750e-03 -4.477325454354286194e-02 -4.185481742024421692e-02 -6.978438794612884521e-02 -1.453858055174350739e-02 -4.501287639141082764e-02 -4.016989469528198242e-02
-6.704797036945819855e-03 -1.065018400549888611e-02 -1.585318893194198608e-02 3.120708977803587914e-03 -2.615754865109920502e-02 -1.123146899044513702e-02 -1.773111522197723389e-02 -1.518871821463108063e-02 1.219670940190553665e-02 2.289425395429134369e-02
-1.653650775551795959e-02 -1.232877024449408054e-03 5.071147810667753220e-03 -1.310523971915245056e-02 -9.799005463719367981e-03 5.389297846704721451e-03 -1.145077217370271683e-02 1.087023131549358368e-02 -3.673166409134864807e-02 -3.249315917491912842e-02
-3.158659907057881355e-03 8.167767664417624474e-04 -1.543369330465793610e-02 6.657637422904372215e-04 -1.695642247796058655e-02 -7.737151812762022018e-03 -1.835034601390361786e-02 -2.346991561353206635e-03 -2.134076505899429321e-02 -2.014956995844841003e-02
-1.747991517186164856e-02 -2.935322187840938568e-02 -1.076872274279594421e-02 -2.328747510910034180e-02 7.067673839628696442e-03 1.880230568349361420e-02 1.255804672837257385e-02 -5.869279056787490845e-02 -2.347589284181594849e-02 9.974588640034198761e-03
-3.150174021720886230e-02 -3.785207867622375488e-02 -1.104615256190299988e-02 -4.394373297691345215e-02 -3.397046029567718506e-02 -1.641544699668884277e-02 -3.976938501000404358e-02 -2.040958963334560394e-03 -7.793627679347991943e-02 -7.474789768457412720e-02
-2.222592197358608246e-02 3.209087997674942017e-02 -6.754328031092882156e-03 -2.734993211925029755e-02 -2.619981532916426659e-03 -5.614201072603464127e-03 -4.717600997537374496e-03 -3.421115502715110779e-02 -3.783816099166870117e-02 -4.769156686961650848e-03
-1.405956316739320755e-02 1.359417452476918697e-03 -1.850275509059429169e-02 9.590996429324150085e-03 -2.679798938333988190e-02 -8.505349978804588318e-03 -1.839378103613853455e-02 -1.927298307418823242e-02 -2.019023708999156952e-02 3.035357408225536346e-02
-5.461952090263366699e-02 7.117003202438354492e-02 1.244021393358707428e-02 1.036682575941085815e-01 -2.602174505591392517e-02 -6.717541813850402832e-02 -3.476497530937194824e-02 -5.466921254992485046e-02 -1.465964037925004959e-02 -2.906548790633678436e-02
-1.040361169725656509e-02 -9.525336325168609619e-03 -2.346581080928444862e-03 -1.962435664609074593e-03 2.066547051072120667e-02 -9.099625982344150543e-03 -1.700811646878719330e-02 -1.360999047756195068e-02 -1.583947241306304932e-02 -3.441884368658065796e-02
-3.063886612653732300e-02 6.753066089004278183e-03 -2.225583419203758240e-02 -2.274153381586074829e-02 -8.206312544643878937e-03 2.384526841342449188e-02 2.049954235553741455e-02 -7.118172012269496918e-03 4.655880387872457504e-03 1.313217449933290482e-02
2.706415578722953796e-02 8.474558591842651367e-02 8.829038590192794800e-03 5.664556846022605896e-02 2.742909640073776245e-02 2.516381256282329559e-02 1.188062876462936401e-02 5.521289631724357605e-02 5.109405517578125000e-02 3.669918328523635864e-02
5.910491105169057846e-03 -6.392490118741989136e-02 -2.460898272693157196e-02 -2.908095531165599823e-02 -3.655062615871429443e-02 -3.902544826269149780e-02 -9.504684805870056152e-02 2.132837288081645966e-02 -1.084286905825138092e-02 -1.962996087968349457e-02
-2.317498438060283661e-02 5.169723555445671082e-02 -1.450357772409915924e-02 -2.840516157448291779e-02 -4.826517775654792786e-03 -4.236140754073858261e-03 -3.518816083669662476e-03 -3.817746788263320923e-02 -3.753069788217544556e-02 -4.898110870271921158e-03
1.366092450916767120e-02 -1.468844525516033173e-02 -1.615537330508232117e-02 -2.044956758618354797e-02 -1.311136875301599503e-02 -6.564933573827147484e-04 -2.088214457035064697e-02 2.172621898353099823e-02 -1.733556389808654785e-02 -2.126733958721160889e-02
-2.288684248924255371e-02 -1.338149793446063995e-02 -2.811783924698829651e-02 2.167159691452980042e-02 -1.615698821842670441e-02 3.729006275534629822e-02 -1.967638731002807617e-02 -1.739446632564067841e-02 -3.236123546957969666e-02 4.844918847084045410e-03
-2.723003178834915161e-02 -1.462148129940032959e-02 -2.173379249870777130e-02 1.660361886024475098e-02 -8.879857137799263000e-03 1.680009183473885059e-03 -2.347771823406219482e-02 1.002908218652009964e-02 -4.593974724411964417e-02 -9.203323163092136383e-03
-9.388131089508533478e-03 -8.513838052749633789e-03 -1.141167897731065750e-02 -1.124195475131273270e-02 -4.467293620109558105e-03 -7.482775952666997910e-03 -8.442903868854045868e-03 -7.157438085414469242e-04 -1.317773386836051941e-02 -1.608082093298435211e-02
1.746658422052860260e-02 -7.579933851957321167e-02 2.937236241996288300e-02 1.353626977652311325e-02 -3.176870942115783691e-02 -4.569131508469581604e-02 -1.329096965491771698e-02 -1.726025156676769257e-02 -1.494687795639038086e-02 -5.418917909264564514e-02
-1.410669554024934769e-02 6.839340087026357651e-03 -1.900763064622879028e-02 -1.510454248636960983e-02 -1.595455594360828400e-02 -1.083373092114925385e-02 -9.940010495483875275e-03 -3.932530991733074188e-03 -1.776579767465591431e-02 -1.690337993204593658e-02
-6.560366135090589523e-03 -1.152069214731454849e-02 -7.144280709326267242e-03 8.314162492752075195e-03 -1.020768936723470688e-02 1.088322978466749191e-02 -2.318795584142208099e-02 1.221416611224412918e-02 -1.567075587809085846e-02 -2.347520366311073303e-02
-3.167529776692390442e-02 4.624090716242790222e-02 4.882680252194404602e-02 -6.172223761677742004e-02 -3.723261877894401550e-03 4.412224981933832169e-03 1.369522884488105774e-02 -3.356663882732391357e-02 -4.570211842656135559e-02 -1.243658550083637238e-02
2.005822211503982544e-02 -4.610090702772140503e-02 4.175237193703651428e-02 -6.479066610336303711e-02 -9.320450015366077423e-03 -8.660469949245452881e-02 -2.642318420112133026e-02 -1.485972106456756592e-02 -2.879793755710124969e-02 2.307446673512458801e-03
-1.734083332121372223e-02 -1.932332059368491173e-03 -1.775611750781536102e-02 -1.309735607355833054e-02 -1.309886854141950607e-02 -4.045980051159858704e-03 -2.467075362801551819e-02 -2.765880490187555552e-04 -1.797159947454929352e-02 1.739857718348503113e-02
-3.403292736038565636e-03 -3.220072016119956970e-02 -3.825457394123077393e-02 -2.290148660540580750e-02 6.599426269531250000e-03 -5.538038443773984909e-03 7.967405021190643311e-02 -3.384148329496383667e-02 -2.603584155440330505e-02 -6.871074438095092773e-02
3.033739747479557991e-03 1.002043858170509338e-02 -2.811571769416332245e-02 -1.388159580528736115e-02 -1.014995388686656952e-02 2.776103094220161438e-02 6.484644114971160889e-02 -1.637768745422363281e-02 -8.217854425311088562e-03 -2.605621330440044403e-02
-1.686725206673145294e-02 -6.972637958824634552e-03 -1.763275265693664551e-02 -1.391884498298168182e-02 -1.678707450628280640e-02 -2.267526695504784584e-03 -1.515564136207103729e-02 2.554695680737495422e-02 -1.853218860924243927e-02 -3.554103523492813110e-02
-2.639034576714038849e-02 1.974693004740402102e-04 2.584624104201793671e-02 -1.508125942200422287e-02 -1.705924607813358307e-02 3.479481488466262817e-02 -1.028056722134351730e-02 -2.624053321778774261e-02 -2.438157051801681519e-02 -4.837667942047119141e-02
1.787890121340751648e-02 7.930490374565124512e-02 -2.046958357095718384e-02 8.147731423377990723e-02 1.320580206811428070e-02 3.784473240375518799e-02 9.999272413551807404e-03 6.749189645051956177e-02 3.100046329200267792e-02 3.858724609017372131e-02
-2.772266045212745667e-02 -6.333842873573303223e-02 6.076496466994285583e-02 -1.501910760998725891e-02 -9.313375502824783325e-02 1.055679842829704285e-02 5.797887966036796570e-02 -3.319860622286796570e-02 -4.198699444532394409e-02 -5.794500932097434998e-02
-2.632386796176433563e-02 7.959663867950439453e-02 -5.689334124326705933e-03 -3.178083524107933044e-02 -2.897056285291910172e-03 -8.990827016532421112e-03 -9.284335188567638397e-03 -4.220736771821975708e-02 -4.731404036283493042e-02 -4.790506325662136078e-03
8.874719589948654175e-02 -3.427848592400550842e-02 -2.779940329492092133e-02 -6.090584397315979004e-02 -7.733379304409027100e-02 1.518633682280778885e-02 -6.532526016235351562e-02 2.122774254530668259e-03 -7.476528733968734741e-02 -1.840930804610252380e-02
-2.948134019970893860e-02 7.735293358564376831e-03 -2.615303546190261841e-02 -3.493698686361312866e-02 -5.814624018967151642e-03 -7.273384369909763336e-03 -2.840220741927623749e-02 9.957903064787387848e-03 7.133283466100692749e-02 -1.776620373129844666e-02
-1.568870618939399719e-02 -9.666200727224349976e-03 -6.689543370157480240e-03 -1.190034952014684677e-02 -9.991694241762161255e-03 1.741739176213741302e-02 -1.999981515109539032e-02 3.343367949128150940e-03 -1.869656331837177277e-02 -1.879388839006423950e-02
5.553190130740404129e-04 -6.344561465084552765e-03 -1.110236532986164093e-02 -1.321696769446134567e-02 -5.446219351142644882e-03 -5.158216692507266998e-03 -2.108990401029586792e-02 -6.572403945028781891e-04 -2.070340700447559357e-02 -2.019744925200939178e-02
-1.504891645163297653e-02 4.479409195482730865e-03 -1.829546503722667694e-02 -3.385382704436779022e-03 -3.480267710983753204e-03 -1.162333041429519653e-02 -1.302615366876125336e-02 1.521320897154510021e-03 -1.385983079671859741e-02 -6.966627202928066254e-03
-1.183198858052492142e-02 3.348645567893981934e-02 -2.205869182944297791e-02 2.798662893474102020e-02 -2.984780445694923401e-02 3.461743146181106567e-02 -2.880051918327808380e-02 -2.868061140179634094e-02 3.276287764310836792e-02 -2.173955179750919342e-02
-5.652355775237083435e-02 -2.569232136011123657e-02 -1.335562672466039658e-02 3.584254533052444458e-02 -3.282415121793746948e-02 1.597060821950435638e-02 -4.808375611901283264e-02 8.258172124624252319e-02 -1.215931773185729980e-02 -6.886678282171487808e-03
-1.705391146242618561e-02 1.240815967321395874e-02 -1.572171412408351898e-02 -3.510770620778203011e-03 2.142581157386302948e-03 -6.452841684222221375e-03 -1.691879518330097198e-02 -5.767351947724819183e-03 -1.313479803502559662e-02 -2.067632786929607391e-02
-1.440623030066490173e-02 -5.981192458420991898e-03 -1.973433792591094971e-02 -2.103032916784286499e-02 2.795519307255744934e-02 -2.689683251082897186e-02 -2.862730994820594788e-02 6.688681896775960922e-03 -2.109384723007678986e-02 3.585534170269966125e-02
-2.251683920621871948e-02 -3.733675181865692139e-02 4.605771228671073914e-02 -5.670120008289813995e-03 1.020813137292861938e-01 -1.822015456855297089e-02 -2.208276279270648956e-02 -3.651750460267066956e-02 2.658045152202248573e-03 -7.936427742242813110e-02
-2.015596814453601837e-02 -2.775105182081460953e-03 -8.588862605392932892e-03 -2.070532180368900299e-02 -7.049697451293468475e-03 -8.816790767014026642e-03 -1.261387951672077179e-02 -8.155157556757330894e-04 -2.354922704398632050e-02 -4.000570159405469894e-03
-4.798054322600364685e-02 4.981469362974166870e-02 -3.275416791439056396e-02 -6.117172911763191223e-02 1.988492161035537720e-02 2.847424522042274475e-02 -1.781833544373512268e-02 -1.704769581556320190e-02 7.039880380034446716e-03 7.989305071532726288e-03
-2.342633716762065887e-02 2.782576344907283783e-02 -3.776289988309144974e-03 -2.980659343302249908e-02 -2.832320285961031914e-03 -4.132189322263002396e-03 -4.424313548952341080e-03 -3.914594277739524841e-02 -3.977381438016891479e-02 -3.344561904668807983e-03
1.055720262229442596e-02 -3.232669457793235779e-02 4.429941531270742416e-03 -3.507906198501586914e-02 -2.698520198464393616e-03 -3.875244408845901489e-02 -2.115022204816341400e-02 -2.053044922649860382e-02 -3.385613486170768738e-02 2.054767496883869171e-02
-4.377251863479614258e-02 5.169957503676414490e-02 -5.355400498956441879e-03 2.807519398629665375e-03 4.430471733212471008e-02 2.418977767229080200e-02 -1.190155372023582458e-02 -8.145753294229507446e-03 1.000400516204535961e-03 -6.828319747000932693e-03
-3.066860698163509369e-02 1.806292124092578888e-02 -5.316465720534324646e-02 1.103601828217506409e-01 -2.330019697546958923e-02 -2.683922648429870605e-02 -2.061905525624752045e-02 -2.369705773890018463e-02 -4.355005919933319092e-02 -2.369060367345809937e-02
-1.532996632158756256e-02 -5.351008381694555283e-03 3.279800759628415108e-03 -1.030590012669563293e-02 -2.797071821987628937e-02 -4.752714559435844421e-02 -1.263453904539346695e-02 -4.113042261451482773e-03 -2.198852365836501122e-03 9.476311504840850830e-03
-5.138111859560012817e-02 1.909187249839305878e-02 -8.015865460038185120e-03 -3.979314118623733521e-03 -1.506039057858288288e-03 -1.337382104247808456e-02 -1.244544982910156250e-02 -1.309197582304477692e-02 -1.707222312688827515e-02 2.996961353346705437e-03
-1.999637298285961151e-02 3.513114899396896362e-02 -8.790377527475357056e-03 -2.679892815649509430e-02 -6.298996042460203171e-03 -8.877508342266082764e-03 -8.453742600977420807e-03 -3.381148353219032288e-02 -3.579468652606010437e-02 -7.496533915400505066e-03
4.355725366622209549e-03 -7.261898834258317947e-03 -1.102072745561599731e-02 -1.607344858348369598e-02 1.643112162128090858e-03 7.792967837303876877e-03 -3.600948024541139603e-03 1.905289012938737869e-03 -1.797644421458244324e-02 -3.208055347204208374e-02
-5.653924122452735901e-02 -5.325727630406618118e-03 -2.229503914713859558e-02 -2.618851512670516968e-02 -3.805156098678708076e-03 -3.139581903815269470e-02 2.102934196591377258e-02 -1.235246751457452774e-02 2.541744150221347809e-02 3.029266139492392540e-03
-1.635034196078777313e-02 8.431500755250453949e-03 -5.831103771924972534e-03 -2.970197610557079315e-02 5.530969705432653427e-03 -3.710804507136344910e-02 -1.916376501321792603e-02 -1.157662365585565567e-02 3.360317647457122803e-02 -3.106946125626564026e-02
-2.333996444940567017e-02 -9.568049013614654541e-02 -7.490686327219009399e-02 -1.411906164139509201e-02 -3.491707518696784973e-02 -3.780405223369598389e-02 -8.599737286567687988e-02 5.964183807373046875e-02 -1.139909401535987854e-02 6.381826847791671753e-02
-3.532142937183380127e-02 5.789699777960777283e-02 2.236763946712017059e-02 -5.510133225470781326e-03 -6.714651361107826233e-03 -1.592888124287128448e-02 -1.333916466683149338e-02 -5.399075150489807129e-02 -3.962326794862747192e-02 -1.162671390920877457e-02
-1.702329143881797791e-02 -2.536827139556407928e-02 -3.538541961461305618e-03 -3.157595172524452209e-02 -1.214829180389642715e-02 -2.599358558654785156e-03 8.935552090406417847e-03 -2.031895518302917480e-02 -1.160462666302919388e-02 -2.773457765579223633e-02
1.376680377870798111e-02 -3.405454754829406738e-02 -4.202041774988174438e-02 8.834466338157653809e-03 -7.651229202747344971e-02 -3.474892349913716316e-03 -6.862518191337585449e-02 -4.737026989459991455e-03 2.804997563362121582e-02 -2.620407007634639740e-02
-2.309413254261016846e-02 4.027537629008293152e-02 -6.710078567266464233e-03 -3.001608140766620636e-02 -5.358067341148853302e-03 -9.102847427129745483e-03 -9.358780458569526672e-03 -3.724264353513717651e-02 -3.975941985845565796e-02 -7.426730357110500336e-03
-2.936635911464691162e-02 2.796994708478450775e-02 -3.994633909314870834e-03 -3.880450502038002014e-02 -2.294268226251006126e-03 -1.000396721065044403e-02 -8.780593983829021454e-03 5.043628625571727753e-03 -3.174867853522300720e-02 4.692463669925928116e-03
-2.286789752542972565e-02 -2.925871638581156731e-03 4.425734747201204300e-03 -1.545701362192630768e-02 3.873441740870475769e-02 4.388230852782726288e-03 -1.515562646090984344e-02 2.495887689292430878e-03 -2.488101273775100708e-02 -5.087405070662498474e-02
-2.589220181107521057e-02 1.037415396422147751e-02 7.941190153360366821e-03 2.126248739659786224e-02 -3.781185299158096313e-02 -3.572643920779228210e-02 8.901527151465415955e-03 -4.780372232198715210e-02 -2.381092496216297150e-02 8.579107932746410370e-03
1.490132790058851242e-02 -1.244296412914991379e-02 -1.520689111202955246e-02 -1.375391706824302673e-02 1.298989728093147278e-02 -4.857321735471487045e-03 -2.047800272703170776e-02 -1.639775745570659637e-02 -1.919339783489704132e-02 -3.451814502477645874e-02
-3.204243630170822144e-02 1.824192889034748077e-02 -7.730145007371902466e-03 -4.822311177849769592e-02 1.859891344793140888e-03 -1.380765717476606369e-02 -7.766340859234333038e-03 7.349336519837379456e-03 -2.551987767219543457e-02 1.250222884118556976e-02
-2.742371149361133575e-02 -9.898141957819461823e-03 -6.574824918061494827e-03 3.269267082214355469e-02 -2.535610087215900421e-02 -3.046172857284545898e-02 -2.799966372549533844e-02 -2.005754038691520691e-02 -3.334965556859970093e-02 -9.428332559764385223e-03
-1.085235364735126495e-02 -9.851693175733089447e-03 -2.666800096631050110e-02 -1.498597487807273865e-02 -3.038777969777584076e-03 2.702473662793636322e-02 -1.464899815618991852e-02 -4.485644400119781494e-03 1.752057694830000401e-03 -2.775386534631252289e-02
-1.409840397536754608e-02 -6.223958730697631836e-02 -3.204682469367980957e-02 2.079447545111179352e-02 -4.671223461627960205e-02 -6.530143320560455322e-02 -7.780322432518005371e-02 6.312320474535226822e-03 -6.605419516563415527e-02 -3.802252188324928284e-02
-1.764697022736072540e-02 -2.162874676287174225e-03 -2.041065506637096405e-02 1.099035982042551041e-02 2.593208570033311844e-03 2.692107344046235085e-03 -1.999835669994354248e-02 -6.700747646391391754e-03 -1.831073500216007233e-02 -1.545085478574037552e-02
-2.131400257349014282e-02 4.614562168717384338e-02 6.248390302062034607e-03 -2.864766865968704224e-02 -8.047744631767272949e-03 -4.822719376534223557e-03 -7.411291822791099548e-03 -3.054511360824108124e-02 -3.884913399815559387e-02 -8.374115452170372009e-03
2.539315959438681602e-03 -3.113289177417755127e-02 5.714228004217147827e-02 -5.513482540845870972e-02 -1.809792593121528625e-02 -4.499403014779090881e-02 -3.300663083791732788e-02 -5.688472464680671692e-02 -7.006802409887313843e-02 2.246761228889226913e-03
-2.952104806900024414e-02 2.554678916931152344e-02 -1.856383495032787323e-02 -2.282732538878917694e-02 -3.919750917702913284e-03 3.460152074694633484e-03 6.385680288076400757e-02 -3.394905477762222290e-02 1.305739395320415497e-02 2.319157123565673828e-03
-5.728217586874961853e-02 3.122385218739509583e-02 -6.275759637355804443e-02 -5.447150766849517822e-02 -2.479198388755321503e-02 6.302527338266372681e-02 -9.571159258484840393e-03 -1.605595462024211884e-02 5.402436479926109314e-02 3.941199101973325014e-04
2.109741047024726868e-02 -2.621461637318134308e-02 2.867897227406501770e-02 -1.552383974194526672e-02 1.113045122474431992e-02 -3.732869401574134827e-02 5.453816801309585571e-02 -4.750998318195343018e-02 -1.525709312409162521e-02 -7.902915030717849731e-02
-6.298895925283432007e-02 4.508395120501518250e-02 -4.610866308212280273e-02 -6.740627437829971313e-02 -1.205701101571321487e-02 6.065971683710813522e-03 -2.816597931087017059e-02 5.943372379988431931e-03 3.961813636124134064e-03 3.760981559753417969e-02
9.231221862137317657e-03 -3.067505173385143280e-02 -2.790959551930427551e-02 -5.854831635951995850e-02 4.457472264766693115e-02 1.119656860828399658e-02 -4.101122543215751648e-02 -4.801720753312110901e-02 3.537707403302192688e-02 -7.339855283498764038e-02
-4.632437601685523987e-03 -1.531563512980937958e-02 -2.680157683789730072e-02 -3.458257764577865601e-02 2.942182309925556183e-02 2.966352924704551697e-02 -1.509891822934150696e-03 1.820725388824939728e-03 -3.493840340524911880e-03 -4.333329573273658752e-02
-1.758649386465549469e-02 -1.170458272099494934e-02 -2.363299764692783356e-02 -4.275478422641754150e-02 -7.487817853689193726e-02 -3.732785955071449280e-02 3.869063779711723328e-02 6.005413457751274109e-02 -3.796953707933425903e-02 -5.668208375573158264e-02
-7.322051376104354858e-02 -7.406786829233169556e-02 -4.270653799176216125e-02 -5.515598133206367493e-02 1.138284578919410706e-01 -9.402357786893844604e-02 6.650210171937942505e-02 -7.590550184249877930e-02 -9.216711670160293579e-02 1.284884363412857056e-01
-1.539259869605302811e-02 -6.055708043277263641e-03 1.164013426750898361e-02 -1.266331318765878677e-02 -3.027789667248725891e-02 -5.114268860779702663e-04 -2.498371340334415436e-02 1.270258985459804535e-02 -5.442133639007806778e-03 -2.462731860578060150e-02
-2.453081682324409485e-02 -1.410568878054618835e-02 -1.340530905872583389e-02 -2.884189039468765259e-02 -5.282812751829624176e-03 -2.327624149620532990e-02 -2.085725031793117523e-02 2.000808715820312500e-02 -2.080542407929897308e-02 4.486720263957977295e-02
-1.805594190955162048e-02 -4.988956265151500702e-03 -2.443646080791950226e-02 -1.045958884060382843e-02 5.627408251166343689e-02 5.838755518198013306e-03 -1.055933162569999695e-02 -9.747782722115516663e-03 -1.344594918191432953e-02 -5.356458574533462524e-02
-1.012126635760068893e-02 -4.271086305379867554e-03 -1.251771859824657440e-02 -1.076558139175176620e-02 -2.283783163875341415e-03 -7.617232389748096466e-03 -1.853900216519832611e-02 -1.187527086585760117e-03 -1.940343528985977173e-02 -1.988812908530235291e-02
-1.673642732203006744e-02 -4.968654364347457886e-03 -1.405787933617830276e-02 -7.113280240446329117e-03 1.824903488159179688e-02 -1.480035856366157532e-02 -2.336635999381542206e-02 4.585535265505313873e-03 -2.030419930815696716e-02 -2.643048763275146484e-02
1.493404386565089226e-03 1.462303847074508667e-02 2.585488557815551758e-02 -9.477780759334564209e-02 -7.814781367778778076e-02 -5.937993898987770081e-02 -2.728213183581829071e-02 1.693562371656298637e-03 6.288096308708190918e-02 -3.317449241876602173e-02
-2.732678502798080444e-02 -2.168367616832256317e-02 -4.184970259666442871e-02 -2.698226645588874817e-02 3.253822028636932373e-02 -3.265609964728355408e-02 -3.768384456634521484e-02 1.012147497385740280e-02 -2.939915470778942108e-02 4.856310412287712097e-02
-2.498572506010532379e-02 4.776268824934959412e-02 -5.332150496542453766e-03 -3.227844834327697754e-02 -3.601020434871315956e-03 -6.888689938932657242e-03 -6.886482238769531250e-03 -4.250812530517578125e-02 -4.393323510885238647e-02 -5.476677790284156799e-03
-1.706873625516891479e-02 -1.619602926075458527e-02 -4.156268015503883362e-02 -3.044292889535427094e-02 -2.686290442943572998e-02 1.088139973580837250e-02 -6.037641782313585281e-03 3.453906392678618431e-03 -1.899490877985954285e-02 3.975114598870277405e-02
-1.454297173768281937e-02 -2.547001698985695839e-03 -9.072029031813144684e-03 1.365968491882085800e-02 -1.427405420690774918e-02 -1.786239445209503174e-02 -1.626407355070114136e-02 -5.443525500595569611e-03 -1.954089105129241943e-02 -1.481748535297811031e-03
-3.323636576533317566e-02 2.798234298825263977e-02 -9.440903551876544952e-03 -4.737877845764160156e-02 -1.106047723442316055e-02 5.729429889470338821e-03 -9.593400172889232635e-03 -1.372042670845985413e-02 -3.389142826199531555e-02 3.939360752701759338e-02
-1.741190627217292786e-02 2.265780419111251831e-02 -1.657453551888465881e-02 -5.528124980628490448e-03 -1.397243328392505646e-02 -2.819433435797691345e-02 5.790274217724800110e-02 -7.704226300120353699e-03 -2.194942720234394073e-02 2.938065119087696075e-02
-5.873953551054000854e-02 1.721169985830783844e-02 -8.576655760407447815e-03 -4.692666605114936829e-02 1.077405270189046860e-02 1.128513924777507782e-02 -1.279237866401672363e-02 -3.022318473085761070e-03 -2.294481731951236725e-02 2.041277289390563965e-02
2.458181604743003845e-02 -2.668337151408195496e-02 -4.355586320161819458e-02 -1.853109709918498993e-02 -4.131453856825828552e-02 -1.695912145078182220e-02 6.951990723609924316e-02 2.016230486333370209e-02 -4.456049576401710510e-02 3.044270537793636322e-02
-9.745941497385501862e-03 1.608948037028312683e-02 -1.906851306557655334e-02 -7.497020065784454346e-03 -1.320712827146053314e-02 -1.631990075111389160e-02 -1.881132833659648895e-02 -8.056371472775936127e-03 -1.662756875157356262e-02 -1.452598627656698227e-02
-3.255182132124900818e-02 8.620264008641242981e-03 -3.589160740375518799e-02 3.975650295615196228e-02 -2.146907337009906769e-02 -1.801119185984134674e-02 -2.862967737019062042e-02 -2.111660875380039215e-02 -2.112336643040180206e-02 3.507851855829358101e-03
-3.384860605001449585e-02 -8.087689056992530823e-04 -3.965038061141967773e-02 -4.447049275040626526e-02 9.823488071560859680e-03 2.880338393151760101e-02 5.394618492573499680e-03 -1.662545092403888702e-02 1.652666181325912476e-02 -1.390309724956750870e-02
-9.386396408081054688e-02 -4.564916342496871948e-02 -3.100850619375705719e-02 -3.819660469889640808e-02 -3.188265115022659302e-02 2.020776458084583282e-02 2.938108891248703003e-02 -1.011143922805786133e-01 4.134840145707130432e-02 -4.888538271188735962e-02
-1.599824801087379456e-02 -3.216668264940381050e-03 -1.723797060549259186e-02 -9.012361988425254822e-03 -1.424990966916084290e-02 1.144750323146581650e-02 1.618466572836041451e-03 2.052250318229198456e-02 -1.668709889054298401e-02 -1.752500049769878387e-02
-1.062863878905773163e-02 -1.546319015324115753e-02 5.170910060405731201e-02 -5.390799418091773987e-02 -9.721741825342178345e-02 -2.089608833193778992e-02 -7.716543972492218018e-03 -7.963173836469650269e-02 1.153456280007958412e-03 -6.608532369136810303e-02
9.491829574108123779e-02 -2.905503474175930023e-02 -8.085483312606811523e-02 -3.462585434317588806e-02 -5.357684567570686340e-02 -1.108167693018913269e-01 6.479179859161376953e-02 -3.064467757940292358e-02 -4.784119129180908203e-02 -4.871550947427749634e-02
-2.472952194511890411e-02 -2.506805770099163055e-02 -9.452843805775046349e-04 5.030169617384672165e-03 -8.072035387158393860e-03 -4.708779975771903992e-03 -3.106327541172504425e-02 -2.344271400943398476e-03 -5.345965176820755005e-02 -7.954771630465984344e-03
-1.067238487303256989e-02 4.079768899828195572e-03 -1.781893707811832428e-02 -7.465106900781393051e-03 -1.404332555830478668e-02 -2.612744225189089775e-03 -1.579247228801250458e-02 -8.399608545005321503e-03 -1.794535294175148010e-02 -1.647661998867988586e-02
-2.713832445442676544e-02 1.534776820335537195e-04 -3.165014833211898804e-02 -5.513296928256750107e-03 -1.916776970028877258e-02 -9.080956690013408661e-03 8.989547193050384521e-02 -2.173024788498878479e-02 -3.105363249778747559e-02 -1.758760400116443634e-02
-2.263712510466575623e-02 -4.831767641007900238e-03 3.585135797038674355e-03 -1.867366023361682892e-02 -2.671275660395622253e-02 2.302777767181396484e-02 -1.488333474844694138e-02 1.449074130505323410e-02 -2.758494764566421509e-02 -3.839227929711341858e-02
-4.019218310713768005e-02 4.251379892230033875e-02 -4.728634282946586609e-02 -5.013979971408843994e-02 3.931628540158271790e-02 -4.393246956169605255e-03 -2.371970564126968384e-02 2.866479940712451935e-02 -1.113394089043140411e-02 1.943993754684925079e-02
-1.379409618675708771e-02 1.967323198914527893e-02 -1.796739548444747925e-02 -5.187843635212630033e-05 -7.967865094542503357e-03 -4.877187777310609818e-03 -1.678722165524959564e-02 -2.159606228815391660e-04 -1.252638269215822220e-02 -1.195333991199731827e-02
-3.384203091263771057e-02 3.873367793858051300e-03 -1.777098514139652252e-02 8.130795322358608246e-03 5.809417366981506348e-02 -5.116030573844909668e-02 -3.346505574882030487e-03 -1.096097286790609360e-02 -2.796686626970767975e-02 -8.044029027223587036e-02
-1.948304846882820129e-02 -3.266522428020834923e-03 -8.804254233837127686e-03 -3.162625478580594063e-03 6.536195985972881317e-03 -1.278812624514102936e-02 -2.814943715929985046e-02 -5.464238580316305161e-03 1.027259696274995804e-02 -1.963360421359539032e-02
-1.959272846579551697e-02 -2.265417203307151794e-02 -3.207531571388244629e-02 4.220053926110267639e-02 1.755494857206940651e-03 1.560033857822418213e-02 -3.054917976260185242e-02 -1.394989318214356899e-03 -1.873491890728473663e-02 3.747565299272537231e-02
-9.741371497511863708e-03 -1.016145758330821991e-02 -1.073142606765031815e-02 -1.537293754518032074e-02 4.933925345540046692e-03 -1.286106556653976440e-02 -1.421912200748920441e-02 -6.465626880526542664e-03 -1.322851423174142838e-02 -1.244105771183967590e-02
-3.209051489830017090e-02 1.037413999438285828e-02 -2.144763479009270668e-03 8.131940849125385284e-03 -1.220449805259704590e-02 -1.881437189877033234e-02 4.336219653487205505e-02 -3.570952266454696655e-02 -2.426794357597827911e-02 -1.608536392450332642e-02
-1.685394346714019775e-02 -1.894994638860225677e-02 -1.214421726763248444e-02 7.666981313377618790e-03 7.821315899491310120e-03 -4.779409244656562805e-02 2.070259489119052887e-02 -8.105614222586154938e-03 2.954051457345485687e-02 6.698462646454572678e-03
-2.128183096647262573e-02 4.121014848351478577e-02 -1.499703712761402130e-02 -2.697097137570381165e-02 -4.161245189607143402e-03 -3.941659815609455109e-03 -4.360803402960300446e-03 -3.303092718124389648e-02 -3.158777207136154175e-02 -5.390846170485019684e-03
-1.363716181367635727e-02 -9.914074093103408813e-03 -1.093861833214759827e-02 -2.907599264290183783e-04 -1.265922281891107559e-02 -1.632869988679885864e-02 -4.446196369826793671e-03 -1.060733851045370102e-02 -1.149517577141523361e-02 9.485047310590744019e-03
-2.344947867095470428e-02 3.397012501955032349e-02 -8.169967681169509888e-03 -2.902271598577499390e-02 -3.778656711801886559e-03 -4.754784051328897476e-03 -4.292483441531658173e-03 -3.843221440911293030e-02 -3.869183361530303955e-02 -4.012002144008874893e-03
-1.456374116241931915e-02 -1.585100218653678894e-02 -1.600911840796470642e-02 3.296384587883949280e-03 4.076667502522468567e-02 -1.273099612444639206e-02 -2.655686624348163605e-02 -2.054135687649250031e-02 4.618926439434289932e-03 -3.307444602251052856e-02
-3.318399656563997269e-03 -4.113997519016265869e-02 -2.852786332368850708e-02 -4.171597957611083984e-02 -3.770038485527038574e-02 6.622035801410675049e-02 -3.768588602542877197e-02 2.189612388610839844e-02 -2.930244617164134979e-02 -3.070185706019401550e-02
-4.161133617162704468e-02 -5.494838114827871323e-03 1.734692044556140900e-02 -2.624035254120826721e-02 -5.292341485619544983e-02 -3.170125186443328857e-02 -4.790716245770454407e-02 2.259735483676195145e-04 -2.896048314869403839e-02 -1.315019372850656509e-02
-9.648095816373825073e-03 1.095973048359155655e-02 -2.665601111948490143e-02 -2.315020887181162834e-03 -1.830639690160751343e-02 -1.666650176048278809e-03 -1.859844848513603210e-02 -7.684005890041589737e-03 -2.445910498499870300e-02 -3.900910494849085808e-03
-1.353139337152242661e-02 8.229069644585251808e-04 -1.717502810060977936e-02 -7.464113179594278336e-03 -2.667169319465756416e-04 -5.491003859788179398e-03 -2.128997631371021271e-02 8.604589849710464478e-03 -1.616655290126800537e-02 7.165210554376244545e-04
-1.468408852815628052e-02 3.719006199389696121e-03 -1.741817593574523926e-02 -2.597708255052566528e-02 -1.566410530358552933e-03 1.536147436127066612e-03 -3.860199125483632088e-03 -5.768417846411466599e-03 -3.765220940113067627e-02 -3.156255185604095459e-02
7.302042213268578053e-04 -1.197949983179569244e-02 -8.886106312274932861e-03 3.077297098934650421e-02 -1.237575057893991470e-02 -2.016481757164001465e-02 -1.190368365496397018e-02 -1.415645889937877655e-02 -2.418972365558147430e-02 -2.223501540720462799e-02
-1.838830485939979553e-02 -4.530314728617668152e-02 1.458593411371111870e-03 1.634842529892921448e-02 -4.584234952926635742e-02 3.483582288026809692e-02 2.037483453750610352e-02 -6.344842910766601562e-02 -6.609781086444854736e-02 -3.288815170526504517e-02
-2.677243947982788086e-02 4.114788398146629333e-02 1.500459015369415283e-02 -4.269047453999519348e-02 7.657092995941638947e-03 -1.410909090191125870e-02 2.693673036992549896e-02 -1.385887525975704193e-02 6.415747851133346558e-02 -1.304658874869346619e-02
-2.878420520573854446e-03 -2.440326288342475891e-02 -2.468251064419746399e-02 2.247450686991214752e-02 -3.161072731018066406e-02 7.486845366656780243e-03 -2.750971354544162750e-02 -1.823758520185947418e-02 -1.817297423258423805e-03 -3.071911260485649109e-02
-2.148073352873325348e-02 -7.657070178538560867e-03 -1.494420971721410751e-02 -1.671469770371913910e-02 2.432706207036972046e-02 -5.549267400056123734e-03 -2.031819149851799011e-02 6.276856176555156708e-03 -2.681344188749790192e-02 -1.841846667230129242e-02
-1.304258033633232117e-02 -5.235592252574861050e-04 -1.445692218840122223e-02 9.073413908481597900e-03 -1.328024733811616898e-02 -1.198677066713571548e-02 -1.577832736074924469e-02 -4.945525433868169785e-03 -2.094712853431701660e-02 -8.079491555690765381e-03
2.030766196548938751e-02 -3.637178614735603333e-02 -3.515457361936569214e-02 -4.887243267148733139e-03 -3.545619919896125793e-02 2.463023737072944641e-02 -3.052337281405925751e-02 -2.482933737337589264e-02 -1.324564032256603241e-02 -3.736208379268646240e-02
2.155986428260803223e-02 -2.092150971293449402e-02 -3.389802947640419006e-02 2.878900617361068726e-02 -2.250769920647144318e-02 -1.250574178993701935e-02 1.726562343537807465e-02 -2.396569773554801941e-02 -2.610697038471698761e-02 -2.613088302314281464e-02
-2.274660021066665649e-02 3.390216082334518433e-02 -1.219496317207813263e-02 -2.598408795893192291e-02 -4.374322015792131424e-03 -5.482865497469902039e-03 -5.603642202913761139e-03 -3.564387187361717224e-02 -3.303331136703491211e-02 -4.740924574434757233e-03
-2.397029846906661987e-02 7.030034065246582031e-02 -9.778507985174655914e-03 -3.412100300192832947e-02 -3.687054850161075592e-03 -8.916389197111129761e-03 -1.054337527602910995e-02 -3.742066770792007446e-02 -4.452863335609436035e-02 -5.570883397012948990e-03
-2.245916798710823059e-02 7.085836678743362427e-02 -2.028133347630500793e-02 -2.737627550959587097e-02 -5.305171478539705276e-03 2.282418863615021110e-04 -4.230974707752466202e-03 -3.629466518759727478e-02 -3.861390799283981323e-02 -6.055532954633235931e-03
-3.941662237048149109e-02 -6.542230024933815002e-03 3.470344096422195435e-02 -2.661935286596417427e-03 -1.413873862475156784e-02 -2.978265471756458282e-02 -1.481815520673990250e-02 2.904198504984378815e-02 -4.181545600295066833e-02 2.488413453102111816e-02
8.942235261201858521e-02 -2.732168324291706085e-02 -4.242322221398353577e-02 -3.078578226268291473e-02 -2.995668165385723114e-02 -8.636845648288726807e-02 -4.540770500898361206e-02 -5.405741743743419647e-03 -2.949345111846923828e-02 -2.603019773960113525e-02
-1.537354663014411926e-02 1.103358808904886246e-02 -6.948220077902078629e-03 -8.759285323321819305e-03 1.595113240182399750e-02 -1.351063326001167297e-02 -2.588137052953243256e-02 2.673994749784469604e-03 -2.439219132065773010e-02 -2.448559552431106567e-02
-2.429523505270481110e-02 1.933852210640907288e-03 -7.318023592233657837e-03 -1.002147607505321503e-02 4.225510731339454651e-02 4.781183786690235138e-03 -2.411552518606185913e-02 3.362249583005905151e-03 -2.202718518674373627e-02 -5.339512228965759277e-02
-2.385164797306060791e-02 -1.549543067812919617e-02 1.487741828896105289e-04 5.493341479450464249e-03 -2.272330783307552338e-02 -9.470853023231029510e-03 -4.193737637251615524e-03 -7.755728904157876968e-03 -9.987625293433666229e-03 -2.203981950879096985e-02
-3.507503867149353027e-02 -2.223458699882030487e-02 -2.114783413708209991e-02 -4.511242359876632690e-02 -1.059112325310707092e-02 -3.055089153349399567e-02 -2.949211187660694122e-02 3.537055850028991699e-02 -2.899002097547054291e-02 3.563572093844413757e-02
7.280955323949456215e-04 -3.031978150829672813e-03 -1.869557797908782959e-02 -9.697284549474716187e-03 -1.617822982370853424e-02 -5.111593287438154221e-03 -1.555089186877012253e-02 -8.267889730632305145e-03 -1.733577251434326172e-02 -1.782601885497570038e-02
-1.856598258018493652e-02 -3.676314838230609894e-03 -2.011646702885627747e-02 1.453250087797641754e-02 -2.650490775704383850e-02 -8.944589644670486450e-03 -8.456472307443618774e-03 -1.439081225544214249e-02 -1.554700173437595367e-02 1.360021438449621201e-02
-9.959551505744457245e-03 8.219963870942592621e-03 -1.971260458230972290e-02 -4.419647157192230225e-04 -1.155422814190387726e-02 3.851271932944655418e-03 -1.525594014674425125e-02 -9.109145030379295349e-03 -1.437751948833465576e-02 -9.835097007453441620e-03
-3.267511725425720215e-02 -6.649554241448640823e-03 -2.984844148159027100e-02 -1.430705562233924866e-02 -7.281005964614450932e-04 1.616268564248457551e-04 9.683205746114253998e-03 -1.144470088183879852e-02 2.813071385025978088e-02 -3.414744883775711060e-02
-1.617394573986530304e-02 7.864204235374927521e-03 -2.560223452746868134e-02 -8.100379258394241333e-03 2.114724740386009216e-02 -6.464989390224218369e-03 -2.201972715556621552e-02 -8.544011972844600677e-03 -2.666020020842552185e-02 -2.784597314894199371e-02
-1.360316853970289230e-02 -1.523565594106912613e-02 -1.136026997119188309e-02 -1.520084030926227570e-02 4.867559671401977539e-02 1.871671713888645172e-02 -1.309829298406839371e-02 1.761496881954371929e-03 -2.854790724813938141e-02 -4.205463826656341553e-02
4.497297573834657669e-03 1.232612784951925278e-02 -4.311455413699150085e-02 -7.110053300857543945e-02 8.846022188663482666e-03 1.829033717513084412e-02 4.687699303030967712e-02 -5.927819013595581055e-02 -1.182689052075147629e-02 2.714766748249530792e-02
8.683307096362113953e-03 -8.644673973321914673e-03 -4.247591271996498108e-02 -2.849691733717918396e-02 -6.570312194526195526e-03 3.565101698040962219e-02 2.278889156877994537e-02 -9.659899398684501648e-03 -4.494872689247131348e-02 3.434235462918877602e-03
-2.444462850689888000e-02 4.539604112505912781e-02 -7.849965244531631470e-03 -2.975583449006080627e-02 -3.050754312425851822e-03 -5.087963771075010300e-03 -4.512734245508909225e-03 -4.094144329428672791e-02 -4.204549267888069153e-02 -4.985940642654895782e-03
-2.717290073633193970e-02 -5.742835812270641327e-03 -1.206572540104389191e-02 -4.294861480593681335e-02 -1.000163238495588303e-02 -1.896399445831775665e-02 -1.111952774226665497e-02 4.386652633547782898e-02 -1.637202501296997070e-02 -6.342843174934387207e-03
-2.451050467789173126e-02 3.242449089884757996e-02 -5.432053469121456146e-03 -3.058109059929847717e-02 -2.540706889703869820e-03 -4.775020759552717209e-03 -5.685821175575256348e-03 -4.132938012480735779e-02 -4.160632938146591187e-02 -5.212902091443538666e-03
-3.103373944759368896e-02 2.431630156934261322e-02 6.372937466949224472e-03 -4.956251382827758789e-02 1.405038777738809586e-02 -2.891035377979278564e-02 -1.499895006418228149e-02 3.776491060853004456e-02 -2.772025018930435181e-02 2.503138594329357147e-02
-8.746099658310413361e-03 -7.666096556931734085e-03 -2.171860449016094208e-02 1.372313126921653748e-02 -2.157799899578094482e-02 -3.334200708195567131e-03 -9.484986774623394012e-03 -1.069130469113588333e-02 -1.605668663978576660e-02 -5.212003365159034729e-03
-6.676540244370698929e-03 -7.084590382874011993e-03 -2.169479243457317352e-02 -3.708644944708794355e-04 1.071256119757890701e-02 -5.530259106308221817e-03 3.096826374530792236e-03 -8.922403678297996521e-03 -3.411258384585380554e-02 -1.259733550250530243e-02
-1.317391730844974518e-02 7.036442402750253677e-03 -3.203960880637168884e-02 -3.745495527982711792e-02 -7.615963462740182877e-03 -8.004834875464439392e-03 5.597938969731330872e-02 -2.402914501726627350e-02 -2.350932545959949493e-02 1.829949580132961273e-02
-3.621150553226470947e-02 2.711409516632556915e-02 3.162683919072151184e-02 1.499623898416757584e-02 1.877995580434799194e-02 -4.891129955649375916e-02 -6.777879782021045685e-03 -3.374910680577158928e-03 -2.853044308722019196e-02 -8.479026728309690952e-04
-6.298390682786703110e-03 -2.779632993042469025e-02 -2.926955930888652802e-02 -2.769516967236995697e-02 -6.652119755744934082e-02 2.827931009232997894e-02 -3.571734949946403503e-02 1.802032254636287689e-02 -4.777916148304939270e-02 2.943858318030834198e-02
-1.184364315122365952e-02 -4.633461066987365484e-04 -1.766625605523586273e-02 6.106636952608823776e-03 -1.601104438304901123e-02 -1.185368653386831284e-02 -1.577023603022098541e-02 -9.847705252468585968e-03 -1.718522422015666962e-02 -1.583340950310230255e-02
2.638154104351997375e-02 -3.926901891827583313e-02 -6.533426698297262192e-03 -3.454852476716041565e-02 1.675571501255035400e-02 -2.527302689850330353e-02 7.652120199054479599e-03 -2.057461626827716827e-02 -2.992046624422073364e-02 -2.875588834285736084e-02
-1.131118554621934891e-02 -7.338984403759241104e-03 -1.597479358315467834e-02 3.634087508544325829e-03 -1.300066895782947540e-02 8.258528076112270355e-03 -1.887283660471439362e-02 3.750573610886931419e-03 -2.148494496941566467e-02 -1.400459650903940201e-02
-1.827496476471424103e-02 -4.971270449459552765e-03 -1.763481833040714264e-02 -1.078607793897390366e-02 -1.782630942761898041e-02 6.264288723468780518e-02 -1.955841109156608582e-02 -1.547968946397304535e-02 -3.806180879473686218e-02 -2.160342596471309662e-02
-2.292962744832038879e-02 5.877846851944923401e-02 -7.364728488028049469e-03 -3.095008246600627899e-02 -2.956922166049480438e-03 -1.018238440155982971e-02 -9.868171997368335724e-03 -3.847873210906982422e-02 -4.231173172593116760e-02 -4.682281520217657089e-03
-1.536163408309221268e-02 1.404861640185117722e-02 3.417404601350426674e-03 -1.597688905894756317e-02 -1.553013920783996582e-02 -4.930275958031415939e-03 -2.247436530888080597e-02 -6.765065714716911316e-03 -1.984532177448272705e-02 -1.973998174071311951e-02
-1.496812049299478531e-02 -4.943199455738067627e-02 -8.230710029602050781e-02 -9.061974287033081055e-02 1.360581628978252411e-02 2.876305393874645233e-02 2.080975659191608429e-02 -8.547182381153106689e-02 3.695353120565414429e-02 4.346760734915733337e-02
-2.946383133530616760e-02 6.383016705513000488e-03 -1.359681319445371628e-02 -4.237159341573715210e-02 -8.346453309059143066e-03 -1.092804130166769028e-02 -8.531372062861919403e-03 2.901811525225639343e-02 -3.099295869469642639e-02 2.212316729128360748e-03
-3.312960267066955566e-02 -2.025365643203258514e-02 -2.860380336642265320e-02 2.020424045622348785e-02 4.166190698742866516e-02 3.312132507562637329e-02 -2.394070476293563843e-02 -8.133280090987682343e-03 8.859417401254177094e-03 -4.784648306667804718e-03
-2.728019282221794128e-02 2.409176900982856750e-02 -1.069319248199462891e-02 -1.392715144902467728e-02 -7.301135454326868057e-03 -1.247396692633628845e-02 5.188772454857826233e-02 -2.819890715181827545e-02 -2.452946640551090240e-02 -1.464217808097600937e-02
-3.504082188010215759e-02 3.556302050128579140e-03 -1.277495548129081726e-02 -4.533075168728828430e-02 1.986710354685783386e-02 -3.856560587882995605e-02 -1.417987048625946045e-02 5.174042657017707825e-02 -6.375455111265182495e-02 3.235085681080818176e-02
-2.615966089069843292e-02 3.440831229090690613e-02 -3.563407808542251587e-03 -3.273949027061462402e-02 -2.738657640293240547e-03 -4.449531901627779007e-03 -3.986916970461606979e-03 -4.421006888151168823e-02 -4.535163938999176025e-02 -2.979816403239965439e-03
-1.049264892935752869e-02 -3.574206260964274406e-03 3.080616891384124756e-02 -2.422997541725635529e-02 -1.755991950631141663e-02 1.525555178523063660e-02 -3.242315351963043213e-02 2.393007464706897736e-02 -3.918677940964698792e-02 -2.074079029262065887e-02
-2.318414673209190369e-02 3.560366481542587280e-02 -5.547327455133199692e-03 -2.870373614132404327e-02 -4.090448375791311264e-03 -5.079497583210468292e-03 -5.832161754369735718e-03 -3.779440000653266907e-02 -3.971317782998085022e-02 -5.325070582330226898e-03
-1.442962978035211563e-02 8.161909878253936768e-03 -1.403440535068511963e-02 4.654613439925014973e-04 -1.598484814167022705e-02 -7.844174280762672424e-03 -1.343726553022861481e-02 2.398791024461388588e-03 -1.515130791813135147e-02 -4.903700668364763260e-03
-2.560562081634998322e-02 3.436421602964401245e-02 -1.873189397156238556e-02 -8.712160401046276093e-03 -5.006817169487476349e-03 -1.677542552351951599e-02 2.853921614587306976e-02 1.101625524461269379e-02 -1.742223650217056274e-02 6.640979647636413574e-02
-1.289515104144811630e-02 4.627672955393791199e-03 -1.171628944575786591e-02 -7.562177721410989761e-03 -1.653251238167285919e-03 -6.455823895521461964e-04 -1.232186518609523773e-02 -9.920945391058921814e-03 -1.800203882157802582e-02 -1.578654721379280090e-02
-2.297919802367687225e-02 3.894429653882980347e-02 -1.005646958947181702e-02 -2.741633169353008270e-02 -4.710222128778696060e-03 -4.027544055134057999e-03 -4.436064511537551880e-03 -3.728596866130828857e-02 -3.653548657894134521e-02 -5.439308937638998032e-03
-2.440395578742027283e-02 4.210993275046348572e-02 -6.543814204633235931e-03 -3.066819161176681519e-02 -3.120093140751123428e-03 -6.872342433780431747e-03 -6.564074195921421051e-03 -4.112762585282325745e-02 -4.286683723330497742e-02 -4.584999289363622665e-03
-2.111447788774967194e-02 -1.913458481431007385e-02 7.173371315002441406e-02 -8.781458251178264618e-03 7.917148177511990070e-04 -5.009036045521497726e-03 -1.445522252470254898e-02 -5.974066630005836487e-02 -2.226995863020420074e-02 -4.347775503993034363e-02
-1.157890073955059052e-02 -1.346517726778984070e-02 -8.561464957892894745e-03 -3.768629627302289009e-03 -1.327932532876729965e-02 2.497484721243381500e-02 -1.181127410382032394e-02 6.348552647978067398e-03 -2.382207103073596954e-02 -1.756856217980384827e-02
-7.165163289755582809e-03 -2.169324085116386414e-02 -1.886594295501708984e-02 -2.597280777990818024e-03 -2.688164450228214264e-02 4.728281870484352112e-02 5.945516932115424424e-06 -1.776019483804702759e-02 -2.764509059488773346e-02 1.543950755149126053e-02
-3.297045826911926270e-02 -6.288783997297286987e-02 -1.923337392508983612e-02 -4.037273302674293518e-02 -4.521503299474716187e-02 -3.033485822379589081e-02 -8.861298859119415283e-02 -9.600577503442764282e-02 -6.395792588591575623e-03 3.196641802787780762e-03
-3.059122338891029358e-02 9.590803831815719604e-02 2.954742230940610170e-04 -3.360493481159210205e-02 -1.535169780254364014e-03 -5.647567566484212875e-03 -6.422930397093296051e-03 -4.457267001271247864e-02 -4.933482035994529724e-02 -2.451393287628889084e-03
-2.945455908775329590e-02 7.716818898916244507e-02 -1.504400046542286873e-03 -8.816829882562160492e-03 -4.326979629695415497e-03 -1.040430273860692978e-02 -1.114357635378837585e-02 -4.194701462984085083e-02 -4.714753851294517517e-02 -8.105123415589332581e-03
-3.865081444382667542e-02 5.758948996663093567e-02 4.882275685667991638e-02 -1.663501746952533722e-02 -3.187250718474388123e-02 -1.605114527046680450e-02 -2.785700000822544098e-02 -4.562092572450637817e-02 -3.127237781882286072e-02 -3.237127512693405151e-02
3.290558699518442154e-03 1.410133438184857368e-03 -1.005908027291297913e-01 -6.199147179722785950e-02 2.787515334784984589e-02 2.386701665818691254e-02 1.500110793858766556e-02 -1.035467684268951416e-01 1.195440255105495453e-02 2.520601265132427216e-02
-1.540955435484647751e-02 -2.797003835439682007e-03 -1.065247133374214172e-02 -6.366849902406102046e-06 -2.896445948863402009e-05 -1.041514240205287933e-02 -1.410900987684726715e-02 -7.426762953400611877e-03 -1.399716362357139587e-02 4.463734512683004141e-04
-3.559736534953117371e-02 -2.696154825389385223e-02 -1.796429604291915894e-02 -4.240525886416435242e-02 6.546664051711559296e-03 -3.073780983686447144e-02 -2.369523234665393829e-02 2.589104697108268738e-02 -3.318488970398902893e-02 9.046035818755626678e-03
