-5.083897267468273640e-04 7.681633578613400459e-04 9.704210679046809673e-04 -1.401592278853058815e-03 -6.233506137505173683e-04 -7.809243979863822460e-04 3.685147094074636698e-04 -6.119203171692788601e-04 -7.979394285939633846e-04 -1.079688081517815590e-03
-7.918913033790886402e-04 9.694176260381937027e-04 -1.003345008939504623e-03 -1.345248543657362461e-03 5.966530297882854939e-04 -5.915631190873682499e-04 -5.458633531816303730e-04 1.139828120358288288e-03 -1.176063786260783672e-03 -3.040257797692902386e-05
-7.980322116054594517e-04 1.597230555489659309e-03 -9.529545204713940620e-04 -1.173002528958022594e-03 1.856997114373371005e-04 -4.575711500365287066e-04 -8.302856003865599632e-04 1.095204032026231289e-03 -6.001659203320741653e-04 8.027645526453852654e-05
-3.240993246436119080e-04 3.270112501922994852e-04 -6.949316011741757393e-04 -1.412835204973816872e-03 -2.762028598226606846e-04 -1.329510723735438660e-05 6.346520385704934597e-04 -1.916435896418988705e-03 -2.937815152108669281e-04 -5.861094105057418346e-04
-5.123539012856781483e-04 1.634959713555872440e-03 -5.442967521958053112e-04 -1.558402786031365395e-03 -4.329712537582963705e-04 -2.039348328253254294e-04 -1.538729861749743577e-06 -1.441663596779108047e-03 -2.940294798463582993e-04 -1.230744179338216782e-03
-2.900901017710566521e-04 -1.023693825118243694e-03 -2.220083260908722878e-03 2.505432057660073042e-04 -9.692742605693638325e-04 -1.248474873136729002e-04 -1.848469692049548030e-04 -1.422541914507746696e-03 -6.628148257732391357e-04 -8.709379471838474274e-04
-8.866456919349730015e-04 8.662818581797182560e-04 -1.155498786829411983e-03 -1.324169454164803028e-03 -3.318822709843516350e-04 -2.144745230907574296e-04 -1.101550646126270294e-03 6.769014871679246426e-04 -1.626961166039109230e-04 -2.583859313745051622e-04
-2.119468292221426964e-03 -1.190446200780570507e-03 8.356273174285888672e-04 2.990773828059900552e-05 -6.636554608121514320e-04 -1.731442636810243130e-03 1.056673427228815854e-04 -6.636840407736599445e-04 -4.657201061490923166e-04 -8.984790183603763580e-04
-1.361688948236405849e-03 7.586541469208896160e-04 1.663712086156010628e-03 -8.209411171264946461e-04 5.031255113863153383e-06 -1.122014480642974377e-03 1.892988570034503937e-03 -2.194413216784596443e-03 -1.602475298568606377e-03 -1.519454293884336948e-03
1.917652552947402000e-03 -4.340604064054787159e-04 -1.952205435372889042e-03 4.036139289382845163e-04 -1.634837244637310505e-03 1.213755109347403049e-03 -1.003183191642165184e-03 -1.567680505104362965e-03 -1.846445607952773571e-03 -1.739047816954553127e-03
6.723818387399660423e-06 -4.725616017822176218e-04 -1.536768395453691483e-03 -1.066250260919332504e-03 -5.439367960207164288e-04 -3.005974867846816778e-04 8.380689541809260845e-05 -6.127182277850806713e-04 -9.579170728102326393e-04 9.406013123225420713e-05
-4.496605542954057455e-04 1.600274699740111828e-03 7.908859988674521446e-04 -1.252686255611479282e-03 -4.740541917271912098e-04 -3.767127054743468761e-04 3.841658181045204401e-04 -1.319875009357929230e-03 -7.219276158139109612e-04 -1.237587071955204010e-03
-1.186616136692464352e-03 -4.470927524380385876e-04 -1.250191940926015377e-03 -1.562409102916717529e-03 1.092813676223158836e-03 -8.277465240098536015e-04 9.610794368200004101e-04 8.892855257727205753e-04 -1.417284714989364147e-03 -1.112424361053854227e-04
-2.274583326652646065e-03 -3.606096724979579449e-04 1.006333390250802040e-03 -1.960946246981620789e-03 -9.325873106718063354e-04 -1.403316273353993893e-03 -9.221700747730210423e-05 -7.105205440893769264e-05 1.136804494308307767e-04 -6.396577227860689163e-04
1.839392352849245071e-04 -1.482578110881149769e-03 -2.803763840347528458e-03 -1.465414097765460610e-04 -6.288152653723955154e-04 2.181380841648206115e-04 -1.594619825482368469e-04 -2.726340899243950844e-03 -1.742511230986565351e-04 -6.580669432878494263e-04
-1.303741708397865295e-03 1.141469343565404415e-03 -1.152666867710649967e-03 -1.270616194233298302e-03 4.813868144992738962e-04 -1.009895000606775284e-03 -1.032315311022102833e-03 2.033531200140714645e-03 -1.089533208869397640e-03 8.516274392604827881e-04
-7.189238676801323891e-04 -5.483367713168263435e-04 -1.828872947953641415e-03 -2.270854165544733405e-04 -3.426619805395603180e-04 1.668228360358625650e-04 -1.515015610493719578e-03 1.767282374203205109e-04 -1.501310362073127180e-05 -3.970318357460200787e-04
-8.980905840871855617e-05 -1.560976263135671616e-03 3.171587304677814245e-04 -1.446516369469463825e-03 4.099299549125134945e-04 -7.412887644022703171e-04 4.490595601964741945e-04 -1.143044210039079189e-03 -2.070385817205533385e-04 -8.950561750680208206e-04
-4.600220418069511652e-04 1.784791704267263412e-03 1.039523995132185519e-04 -3.300395910628139973e-04 -8.796187466941773891e-04 1.555083144921809435e-04 4.708887136075645685e-04 -1.509427791461348534e-03 -3.686094423756003380e-04 -1.343901734799146652e-03
-1.289218664169311523e-03 4.237692628521472216e-04 -1.227644621394574642e-03 -8.799558272585272789e-04 6.365992594510316849e-04 -7.826041546650230885e-04 -1.095291925594210625e-03 1.826327992603182793e-03 -1.033248030580580235e-03 1.562307123094797134e-03
-1.309050829149782658e-03 -4.511094593908637762e-04 6.147502572275698185e-04 -1.196359633468091488e-03 2.412927569821476936e-04 -4.498619528021663427e-04 -1.236012205481529236e-03 -1.055909087881445885e-03 -4.010093689430505037e-04 -5.214179400354623795e-04
-1.111394725739955902e-03 1.166809597634710371e-04 -1.395369530655443668e-03 -1.831149565987288952e-04 -4.926777328364551067e-04 1.238608616404235363e-03 1.008185907267034054e-03 -1.827093074098229408e-03 -6.954420823603868484e-04 -5.893980269320309162e-04
3.795687225647270679e-04 -4.157576477155089378e-04 -1.763885375112295151e-03 -2.049303613603115082e-03 7.483038352802395821e-04 -3.892145468853414059e-05 -1.675685751251876354e-03 5.031109903939068317e-04 -9.704934782348573208e-04 9.765753056854009628e-04
-1.515828887932002544e-03 -9.929208317771553993e-04 9.577660239301621914e-04 -2.952196169644594193e-03 7.477498729713261127e-05 -2.137619536370038986e-03 4.578151565510779619e-04 -2.307828748598694801e-03 -4.157933744863839820e-06 -6.616704631596803665e-04
-7.629797910340130329e-04 1.104840193875133991e-03 -8.274891297332942486e-04 -1.512623508460819721e-03 6.255390471778810024e-04 -4.437670868355780840e-04 -8.158020791597664356e-04 4.833299317397177219e-04 -6.422795704565942287e-04 -1.658270339248701930e-04
-1.105727278627455235e-03 1.955430721864104271e-03 -1.022621057927608490e-03 -1.037314301356673241e-03 -1.317139976890757680e-04 -7.973628817126154900e-04 -1.024250756017863750e-03 1.901246374472975731e-03 -8.007309515960514545e-04 5.123537266626954079e-04
-4.227621320751495659e-05 -2.215462969616055489e-03 -3.001534147188067436e-03 8.807514677755534649e-05 -1.454488607123494148e-03 -1.347134966636076570e-04 -1.648968202061951160e-03 -2.651371760293841362e-04 -1.747808710206300020e-04 -2.693356946110725403e-04
1.724088331684470177e-03 2.339614547963719815e-05 -6.627138936892151833e-04 -1.319577568210661411e-03 -1.280890777707099915e-03 -4.071312432643026114e-04 9.168787510134279728e-04 -1.365119358524680138e-03 -1.104396185837686062e-03 -1.642314251512289047e-03
6.025932962074875832e-04 -1.833239570260047913e-03 -1.669345365371555090e-04 -1.837793824961408973e-04 -1.608681515790522099e-03 -2.552849473431706429e-04 -3.845354774966835976e-03 -1.234571333043277264e-03 2.061720879282802343e-04 -1.659181551076471806e-03
2.974632079713046551e-04 -1.365717966109514236e-03 -1.061964430846273899e-03 -1.484515494666993618e-03 3.330014587845653296e-04 -4.003635840490460396e-04 5.877029034309089184e-04 -1.377069856971502304e-03 -6.519648595713078976e-04 4.525180429482134059e-06
-2.212794963270425797e-03 1.037591486237943172e-03 -1.037368201650679111e-03 -9.001336875371634960e-04 -7.186435395851731300e-04 -1.267258776351809502e-03 -1.735465484671294689e-03 1.862577977590262890e-03 6.664298416581004858e-05 4.771322128362953663e-04
1.172396005131304264e-03 -2.573125762864947319e-03 -4.149646847508847713e-04 -6.313045741990208626e-04 -8.153652306646108627e-04 -1.806843443773686886e-03 -6.761142867617309093e-04 -9.825618690229021013e-06 -1.245705643668770790e-03 -6.837801192887127399e-04
-8.460805402137339115e-04 -1.695772400125861168e-03 -1.438876846805214882e-03 -4.566315037664026022e-04 7.269211928360164165e-04 -5.400805457611568272e-05 -1.338858128292486072e-04 -1.713949954137206078e-03 2.331463620066642761e-04 -5.970588608761318028e-05
-1.523810555227100849e-03 -4.580950771924108267e-04 -1.621398027054965496e-03 -1.224080915562808514e-04 9.411038481630384922e-04 -3.702327085193246603e-04 -1.863184152171015739e-03 1.136726350523531437e-03 -8.229766390286386013e-04 1.705725095234811306e-03
-1.108507160097360611e-03 -9.706682758405804634e-04 8.375638280995190144e-04 -8.536653476767241955e-04 -4.257149703335016966e-05 -1.043598516844213009e-03 -6.626789690926671028e-04 -9.107526857405900955e-04 -5.846105050295591354e-04 -2.095505624311044812e-04
-1.477379584684967995e-03 1.073459279723465443e-03 -9.308637236244976521e-04 -1.716060796752572060e-04 1.139441956183873117e-04 -6.110932445153594017e-04 -1.031550462357699871e-03 6.905593909323215485e-04 -8.634446421638131142e-04 1.225138432346284389e-03
-7.508658454753458500e-04 4.316461854614317417e-04 -9.048273786902427673e-04 -1.295607187785208225e-03 -1.092817692551761866e-04 -8.398025529459118843e-04 1.614119973964989185e-03 -5.084874574095010757e-04 -1.225586398504674435e-03 -4.470889689400792122e-05
-7.516936748288571835e-04 3.313649212941527367e-03 -4.328868526499718428e-04 -5.025233258493244648e-04 -5.643567419610917568e-04 -3.505527274683117867e-04 -6.409991765394806862e-04 -3.824905143119394779e-04 -1.321338349953293800e-04 -5.687418160960078239e-04
1.780182472430169582e-03 -8.757496834732592106e-04 -4.995537456125020981e-04 -1.134581048972904682e-03 -4.967504646629095078e-04 -4.324794645071960986e-06 -4.695981042459607124e-04 -1.004006830044090748e-03 -1.030372339300811291e-03 -1.274556154385209084e-03
3.719097003340721130e-04 -1.451936259400099516e-04 -8.083255961537361145e-04 1.524121151305735111e-03 -3.137874649837613106e-03 6.116232834756374359e-04 -2.279678825289011002e-03 -2.217341447249054909e-03 1.258186297491192818e-03 -2.259889850392937660e-03
-1.894349348731338978e-03 2.730467589572072029e-03 -3.905487537849694490e-04 -9.586922824382781982e-04 -6.074191187508404255e-04 -4.864356887992471457e-04 -1.514826784841716290e-03 -4.283989255782216787e-04 8.914219797588884830e-04 -4.689246998168528080e-04
3.208266571164131165e-04 -1.206874265335500240e-03 -1.207210938446223736e-03 -1.772820949554443359e-03 1.561509998282417655e-04 -3.346230369061231613e-05 4.430912085808813572e-04 -1.870106905698776245e-03 -2.691277477424591780e-04 8.101268031168729067e-05
3.353461506776511669e-04 -1.676431507803499699e-03 -1.489343121647834778e-04 1.161888591013848782e-03 -3.647092962637543678e-04 -3.018860297743231058e-04 -1.321415416896343231e-03 -8.303797803819179535e-04 -5.499563412740826607e-04 -1.130926888436079025e-03
-1.780702034011483192e-03 -7.339344010688364506e-04 6.920051237102597952e-05 -1.195075339637696743e-03 -1.270383480004966259e-03 -9.089309605769813061e-04 -3.802205901592969894e-04 7.462053326889872551e-04 -1.094384933821856976e-03 -4.660561971832066774e-04
-1.322825322858989239e-03 -1.638530404306948185e-03 1.456722267903387547e-03 -1.810636371374130249e-03 1.259583863429725170e-03 -1.656499225646257401e-03 1.054372871294617653e-03 -2.492113562766462564e-04 -1.614962355233728886e-03 2.439860691083595157e-04
-7.423318456858396530e-04 2.596340840682387352e-03 -5.453973790281452239e-05 -3.384004230611026287e-04 -4.480753850657492876e-04 -4.985793493688106537e-04 -6.996977026574313641e-04 -4.066533583682030439e-04 -1.915686007123440504e-04 -5.897631053812801838e-04
-7.113183964975178242e-04 -1.918301801197230816e-03 -1.072002574801445007e-03 -6.966353394091129303e-04 1.072869126801379025e-04 -1.022667158395051956e-03 6.909926305525004864e-04 -1.169698778539896011e-03 -1.903393189422786236e-03 -3.811669885180890560e-04
-2.842295914888381958e-03 -5.229630623944103718e-04 7.566661224700510502e-04 -2.323390450328588486e-03 3.697505162563174963e-04 -1.099212910048663616e-03 -2.362735831411555409e-04 -2.243192167952656746e-03 5.825135158374905586e-04 -1.046679462888278067e-04
2.128623193129897118e-03 -1.754696364514529705e-03 -2.028546296060085297e-03 7.789874216541647911e-04 -1.667399192228913307e-03 1.115196384489536285e-03 -1.639734604395925999e-03 -6.080254679545760155e-04 -1.485140295699238777e-03 -1.276909140869975090e-03
1.020340598188340664e-03 2.780577633529901505e-04 -1.788132824003696442e-03 1.628682948648929596e-03 -1.792353112250566483e-03 1.058383728377521038e-03 -2.262385794892907143e-03 -1.669593504630029202e-03 -4.018079780507832766e-04 -1.563938916660845280e-03
1.516371266916394234e-03 -5.234557902440428734e-04 2.363665698794648051e-04 -2.282736095366999507e-04 -1.249372726306319237e-03 -8.552443468943238258e-04 -8.298207540065050125e-04 -2.227057702839374542e-03 -1.571608125232160091e-03 -1.834934344515204430e-03
-1.114725484512746334e-03 -5.633413675241172314e-04 1.563553232699632645e-04 -1.030821702443063259e-03 -1.016994123347103596e-03 -8.880959358066320419e-04 -1.669935649260878563e-03 7.023788057267665863e-04 -1.098752603866159916e-03 -2.980717690661549568e-04
-1.227083615958690643e-03 1.705105649307370186e-03 1.587008708156645298e-03 1.004739198833703995e-03 -1.512681017629802227e-03 -5.234793061390519142e-04 -3.407629264984279871e-04 -2.131302142515778542e-03 -8.144407765939831734e-04 -1.969834556803107262e-03
1.646918011829257011e-03 -1.876454101875424385e-03 -2.630118397064507008e-04 -1.696706516668200493e-03 -5.454878555610775948e-04 -8.659309241920709610e-05 -1.736518024699762464e-04 -7.918007322587072849e-04 -7.961101946420967579e-04 -8.023739210329949856e-04
-1.745080226100981236e-03 2.759215887635946274e-03 -6.410915520973503590e-04 -1.194247044622898102e-03 -6.763001438230276108e-04 -7.019048207439482212e-04 -1.567888190038502216e-03 3.301599645055830479e-04 7.726253243163228035e-04 -3.380421258043497801e-04
-9.085888741537928581e-04 -1.231814967468380928e-03 -7.461609784513711929e-04 2.069393085548654199e-04 -5.978313274681568146e-04 -6.291437312029302120e-04 -1.715972670353949070e-03 -8.876025676727294922e-04 -4.336792044341564178e-04 -8.217021822929382324e-04
-1.501648686826229095e-03 -4.421027842909097672e-04 -1.150846481323242188e-03 1.007774029858410358e-03 3.608260303735733032e-04 1.295809634029865265e-04 -1.678529195487499237e-03 -5.960030248388648033e-04 3.139538603136315942e-05 3.008197818417102098e-04
8.386806584894657135e-04 -1.253007794730365276e-03 8.490912150591611862e-04 4.974901676177978516e-04 -3.871308406814932823e-03 -4.557408974505960941e-04 1.042120420606806874e-04 -2.371002221480011940e-03 4.508294223342090845e-04 -3.171880962327122688e-03
-7.805827190168201923e-04 3.462495515123009682e-03 -2.424561243969947100e-04 -2.758586488198488951e-04 -7.117963978089392185e-04 -3.852541849482804537e-04 -6.869143689982593060e-04 -5.993340164422988892e-04 -1.022626111080171540e-05 -7.231074851006269455e-04
-1.142547233030200005e-03 1.171133335446938872e-04 -1.163271605037152767e-03 -7.348426152020692825e-05 -7.637752569280564785e-04 -1.228336332133039832e-04 2.121847821399569511e-03 -6.619257037527859211e-04 -1.177937840111553669e-03 -3.869799256790429354e-04
2.358597703278064728e-04 -2.334350254386663437e-03 -2.446247963234782219e-03 4.366776265669614077e-04 -4.467595717869699001e-04 4.112879687454551458e-04 -2.151661785319447517e-03 9.273608156945556402e-06 3.067957004532217979e-04 4.386561340652406216e-05
-1.914409105665981770e-03 -4.494064196478575468e-04 -1.627700403332710266e-03 -1.140261651016771793e-03 1.245191378984600306e-04 -5.524800508283078671e-04 -3.195727709680795670e-03 4.586180730257183313e-04 6.809310289099812508e-04 5.362964584492146969e-04
-7.171953911893069744e-04 -2.147315070033073425e-03 -1.090199337340891361e-03 -1.087099197320640087e-03 6.360880070133134723e-05 1.483120868215337396e-04 5.454243510030210018e-04 -1.382234739139676094e-03 -6.920951418578624725e-04 -1.591814507264643908e-04
1.809757435694336891e-03 -1.528272405266761780e-03 -1.066871336661279202e-03 -2.835355466231703758e-03 4.039750492665916681e-04 -1.852201879955828190e-03 3.295084752608090639e-04 -5.832373863086104393e-04 -2.262355526909232140e-03 -2.505448355805128813e-04
-1.902973745018243790e-03 -6.278788205236196518e-04 -7.200519903562963009e-04 -7.283022277988493443e-04 -8.062508422881364822e-04 -8.521949057467281818e-04 -1.220669713802635670e-03 1.024495810270309448e-03 -9.003602463053539395e-05 -5.253147719486150891e-06
1.090514590032398701e-03 -2.144091064110398293e-03 1.112619764171540737e-03 -8.555453678127378225e-05 -2.186621073633432388e-03 -1.111551071517169476e-03 5.154940299689769745e-04 -2.601615851745009422e-03 -1.258378033526241779e-03 -2.565747592598199844e-03
-1.436501042917370796e-03 -1.533226692117750645e-03 9.360336698591709137e-04 -2.832593629136681557e-03 -1.795470598153769970e-04 -2.471382729709148407e-03 2.271759876748546958e-04 -1.260782359167933464e-03 -2.254694118164479733e-04 -6.893904064781963825e-04
1.706606708467006683e-04 -1.095894607715308666e-03 -1.815418596379458904e-03 -4.287142655812203884e-04 -4.080262733623385429e-04 -8.156448020599782467e-04 -1.707398332655429840e-03 1.038056332617998123e-03 -1.299601048231124878e-03 -4.958012723363935947e-04
-8.552037179470062256e-04 -2.300231251865625381e-03 5.843885592184960842e-04 -1.462497602915391326e-04 -3.131557605229318142e-04 -9.930996457114815712e-04 -3.666898119263350964e-04 -1.846121042035520077e-03 -5.348267150111496449e-04 -7.682518335059285164e-04
-2.040122170001268387e-03 9.286705753766000271e-04 -8.556545362807810307e-04 8.414682088186964393e-05 -1.100238994695246220e-03 1.981669483939185739e-04 -1.100277295336127281e-03 4.549640871118754148e-04 -3.012007509823888540e-04 -5.520353442989289761e-04
-1.654387335292994976e-03 3.202811349183320999e-03 -8.149095810949802399e-04 2.844347909558564425e-04 -1.270436914637684822e-03 -1.751932140905410051e-04 -1.315364614129066467e-03 -6.845840835012495518e-04 7.821769104339182377e-04 -7.968659629113972187e-04
-7.790162344463169575e-04 -9.174381848424673080e-04 -5.626637139357626438e-04 -6.911067175678908825e-04 -2.290879841893911362e-03 -1.521379803307354450e-03 -1.113240374252200127e-03 1.076255575753748417e-03 -5.736892926506698132e-04 -4.368496884126216173e-04
-1.930631930008530617e-03 -1.367293065413832664e-03 1.994850899791345000e-04 -2.096081851050257683e-03 -6.790222250856459141e-04 -9.950441308319568634e-04 -1.635433873161673546e-04 -1.464295666664838791e-03 2.487638266757130623e-04 -3.268306609243154526e-04
-1.247118925675749779e-03 5.361451185308396816e-04 -1.202647807076573372e-03 -1.215005642734467983e-03 9.707974968478083611e-04 -8.216160349547863007e-04 -1.136925769969820976e-03 1.851980341598391533e-03 -9.455516119487583637e-04 1.218692166730761528e-03
-5.054092034697532654e-04 -2.027072478085756302e-03 -1.220031408593058586e-03 1.403821952408179641e-04 -7.229282055050134659e-04 9.552793926559388638e-05 -1.219568657688796520e-03 -1.424076763214543462e-04 2.341852268727961928e-05 -9.258304489776492119e-04
-1.507278182543814182e-03 -3.151951241306960583e-04 2.156639384338632226e-04 -1.492646057158708572e-03 8.232910186052322388e-04 -8.596064872108399868e-04 -1.773697906173765659e-03 -8.209295629058033228e-05 5.423857364803552628e-04 2.538766420911997557e-04
1.521815895102918148e-03 -3.488699672743678093e-03 -2.570632146671414375e-03 -2.628080081194639206e-03 4.101604863535612822e-04 -4.898259649053215981e-04 -8.271766128018498421e-04 2.713416470214724541e-04 -1.562428777106106281e-03 2.425461570965126157e-04
-8.849181467667222023e-04 2.091483213007450104e-03 -3.726397117134183645e-04 -1.098150736652314663e-03 -1.998307125177234411e-04 -4.131803580094128847e-04 -1.076256041415035725e-03 -1.853816502261906862e-04 2.066859597107395530e-04 -6.247727433219552040e-04
-4.097210185136646032e-04 -1.373571740259649232e-05 -7.981050293892621994e-04 -4.966608830727636814e-04 -7.919894414953887463e-04 6.403122097253799438e-05 2.923286985605955124e-03 -1.288208877667784691e-03 -8.637972059659659863e-04 -9.422475122846662998e-04
8.334179292432963848e-04 -7.841866463422775269e-04 -1.935230568051338196e-03 -3.004079917445778847e-04 -1.103335060179233551e-03 -2.626214991323649883e-04 1.495750766480341554e-04 -1.268741092644631863e-03 -1.191511633805930614e-03 -5.268167587928473949e-04
-2.061711624264717102e-03 -1.331505482085049152e-03 -9.633459267206490040e-04 -5.962469149380922318e-04 -2.440512180328369141e-04 -1.048568447004072368e-04 -6.012574303895235062e-04 4.798581067007035017e-04 3.845083992928266525e-04 2.589372743386775255e-04
-3.081952163483947515e-04 -2.356422599405050278e-03 1.048294594511389732e-03 2.856874489225447178e-04 -7.403548806905746460e-04 -8.803352247923612595e-04 -1.933900406584143639e-03 -1.291938591748476028e-03 2.394862531218677759e-04 -7.881756755523383617e-04
-7.239013211801648140e-04 -2.082291990518569946e-03 2.939562255050987005e-04 9.464030154049396515e-04 -2.409328706562519073e-03 -1.066521392203867435e-03 -7.287436164915561676e-04 -2.056129742413759232e-03 4.053287848364561796e-04 -1.104661962017416954e-03
2.004770562052726746e-03 -1.158394501544535160e-03 -3.867407212965190411e-04 -1.319197937846183777e-03 -7.272099028341472149e-04 -1.117346691899001598e-03 -3.748935996554791927e-04 5.021044635213911533e-04 -1.397751271724700928e-03 -8.482249104417860508e-04
1.049256301485002041e-03 -1.198433456011116505e-03 -2.579774300102144480e-04 -1.196939032524824142e-03 -2.168093575164675713e-03 -2.585132024250924587e-04 -4.368377849459648132e-04 -1.284211641177535057e-03 -2.841975765477400273e-05 -1.444504363462328911e-03
-1.540658762678503990e-03 8.551342034479603171e-05 5.443014670163393021e-04 -6.881929584778845310e-04 7.229078164527891204e-06 -1.410669996403157711e-03 8.406740380451083183e-04 -1.367038814350962639e-03 -1.231624744832515717e-03 -2.476559311617165804e-04
-6.335023208521306515e-04 -1.953313359990715981e-03 -2.120244549587368965e-03 -1.063137548044323921e-03 6.790200131945312023e-04 -2.286788512719795108e-04 -3.472490425338037312e-05 -3.066228469833731651e-03 -1.548184955026954412e-04 -8.713427087059244514e-05
3.467216447461396456e-04 -1.305862562730908394e-03 -3.016923437826335430e-04 -1.569368760101497173e-03 9.378301911056041718e-04 -7.000242476351559162e-04 1.955931307747960091e-03 -1.173815689980983734e-03 -1.902919146232306957e-03 -1.309001003392040730e-03
-1.603991957381367683e-03 2.722146688029170036e-03 -1.523625905974768102e-05 7.013381691649556160e-04 -1.541555393487215042e-03 -5.872091860510408878e-04 -1.526250271126627922e-03 -1.046957564540207386e-03 6.433133385144174099e-04 -1.413956168107688427e-03
1.041320065269246697e-04 -1.755901379510760307e-03 7.548407302238047123e-04 -5.141808069311082363e-04 -1.172721851617097855e-03 -1.277682022191584110e-03 3.497535653878003359e-04 -9.462691377848386765e-04 -7.455958402715623379e-04 -1.591632375493645668e-03
-1.719376887194812298e-04 -1.437137369066476822e-03 -1.156897269538603723e-04 3.412855148781090975e-04 -1.440713414922356606e-03 -3.436150727793574333e-04 -1.006988924928009510e-03 -8.193706162273883820e-05 -6.259646033868193626e-04 -1.433959347195923328e-03
-1.938640372827649117e-03 8.910893811844289303e-04 -7.873966242186725140e-04 2.121733035892248154e-03 -2.216742141172289848e-03 6.503807962872087955e-04 -2.376307034865021706e-03 -1.026978599838912487e-03 1.409422024153172970e-03 -1.669013872742652893e-03
-1.906176912598311901e-03 7.959522772580385208e-04 -7.229355978779494762e-04 -4.534954205155372620e-04 -3.603821096476167440e-04 -3.117690503131598234e-04 -1.412395620718598366e-03 4.536109336186200380e-04 -1.633109932299703360e-04 2.296925958944484591e-04
-1.941570080816745758e-03 -5.754017038270831108e-04 1.047799480147659779e-03 2.644784399308264256e-04 -1.043007243424654007e-03 -1.028658240102231503e-03 -1.185165165225043893e-04 -9.615128510631620884e-04 4.010187694802880287e-04 -7.407162920571863651e-04
-7.711380603723227978e-04 -1.613469794392585754e-04 -7.051620632410049438e-04 -1.287890947423875332e-03 -2.968847693409770727e-04 -5.203471519052982330e-04 -8.322130888700485229e-04 7.625878788530826569e-04 -9.850716451182961464e-04 -6.611259304918348789e-04
-1.015689922496676445e-03 -1.965042203664779663e-03 1.593854540260508657e-04 9.971729741664603353e-05 -9.064012556336820126e-04 -1.758862519636750221e-03 -5.169335054233670235e-04 -7.659592083655297756e-04 -7.190656615421175957e-04 -4.474125744309276342e-04
-1.275175716727972031e-03 -2.065139822661876678e-03 -1.969823380932211876e-03 1.127164228819310665e-03 -4.332471289671957493e-04 7.895897724665701389e-04 4.219049296807497740e-04 -7.559502264484763145e-04 -9.243742679245769978e-04 -3.884480975102633238e-05
-1.062468974851071835e-03 -3.331451152916997671e-04 -1.099901972338557243e-03 -8.817020570859313011e-04 9.356340160593390465e-04 -5.023718695156276226e-04 -1.149711548350751400e-03 1.799244782887399197e-03 -7.056770846247673035e-04 1.596426009200513363e-03
-1.213429612107574940e-03 -1.837637973949313164e-03 -2.069962210953235626e-03 -1.061906223185360432e-03 7.776313577778637409e-04 -6.711750756949186325e-04 -2.974929986521601677e-03 1.283169374801218510e-03 6.946049979887902737e-04 1.185904606245458126e-03
-1.388851320371031761e-03 -7.109210710041224957e-04 3.512353869155049324e-04 7.628667517565190792e-04 -7.100892253220081329e-04 -1.200136845000088215e-03 -1.785335189197212458e-04 -1.279931631870567799e-03 -9.962173644453287125e-04 -1.135872444137930870e-03
-1.597617520019412041e-03 -1.630795886740088463e-04 -9.965439094230532646e-04 -9.750442695803940296e-04 1.186666777357459068e-03 -4.227627941872924566e-04 -1.871267217211425304e-03 5.778196500614285469e-04 -1.473594020353630185e-04 1.076525310054421425e-03
-1.264830119907855988e-03 6.200791631272295490e-06 -5.041539552621543407e-04 -9.976204019039869308e-04 1.012111315503716469e-03 -9.015096584334969521e-04 1.079777139239013195e-03 -2.672958071343600750e-04 -1.029554056003689766e-03 7.013970753178000450e-04
-4.972104798071086407e-04 -1.212119474075734615e-03 -4.609603201970458031e-04 -1.615215674974024296e-03 1.677678781561553478e-03 -1.005677506327629089e-03 -4.534232721198350191e-04 4.575382045004516840e-04 -1.829719985835254192e-03 4.055334284203127027e-05
-1.854715170338749886e-03 1.525551546365022659e-03 -5.200731684453785419e-04 1.046713558025658131e-03 -1.215700525790452957e-03 5.749095580540597439e-04 6.433172966353595257e-04 -1.608969876542687416e-03 -8.830173173919320107e-04 -1.016524969600141048e-03
-9.196442551910877228e-04 -1.380479196086525917e-03 1.335125300101935863e-03 1.061228686012327671e-03 -1.830340828746557236e-03 -4.005224327556788921e-04 -1.325607590842992067e-04 -2.025050111114978790e-03 -2.634074189700186253e-04 -1.768702059052884579e-03
-1.184773398563265800e-03 -7.389856182271614671e-05 4.704457023763097823e-05 -1.684723247308284044e-04 -8.277770248241722584e-04 -1.377683365717530251e-03 1.058134832419455051e-03 -6.847427575848996639e-04 -1.612133462913334370e-03 -2.051211777143180370e-04
-2.029749331995844841e-03 1.995729689951986074e-04 -3.127882082480937243e-04 -5.480363615788519382e-04 -3.670590813271701336e-04 2.837780339177697897e-04 -1.143299741670489311e-03 -3.452014934737235308e-04 -2.212130784755572677e-04 -1.765298366080969572e-04
-1.151559874415397644e-03 1.910349237732589245e-03 -5.541347782127559185e-04 -1.695856371952686459e-05 -8.859067456796765327e-04 -6.713418406434357166e-04 -9.229628485627472401e-04 1.126189250499010086e-03 -7.520718500018119812e-04 -1.068317142198793590e-04
-3.029590239748358727e-03 -1.465221517719328403e-03 1.584579877089709044e-04 -7.110863225534558296e-05 -2.088736655423417687e-04 -9.908085921779274940e-04 -6.507187499664723873e-04 -1.480637234635651112e-03 -2.193103427998721600e-04 -2.378025528742000461e-04
-7.797297439537942410e-04 -3.184690140187740326e-04 -8.489537867717444897e-04 -6.823415751568973064e-04 -2.931496783276088536e-05 -4.492661682888865471e-04 -8.540931739844381809e-04 2.266530180349946022e-03 -7.013006252236664295e-04 7.746840710751712322e-04
2.405073464615270495e-04 -2.270174678415060043e-03 -1.759059727191925049e-03 -1.617701258510351181e-03 6.594802252948284149e-04 -4.935119650326669216e-04 1.468656235374510288e-03 -6.415857351385056973e-04 -2.113485476002097130e-03 -8.640064334031194448e-05
-1.785559463314712048e-03 -1.065199496224522591e-03 1.003077253699302673e-03 6.950265960767865181e-04 -1.276046270504593849e-03 -1.717976760119199753e-03 2.844412229023873806e-04 -2.391054062172770500e-03 4.365197310107760131e-05 -2.528476063162088394e-03
-1.344791729934513569e-03 -2.002566470764577389e-04 -5.006065475754439831e-04 6.056093261577188969e-04 -2.592770615592598915e-04 -6.002282607369124889e-04 -3.277789219282567501e-04 -1.239470439031720161e-03 -3.086090437136590481e-04 -2.471362822689116001e-04
-1.185764907859265804e-03 1.645091455429792404e-03 -2.239129535155370831e-04 9.184255031868815422e-05 -1.167635316960513592e-03 -6.430203211493790150e-05 2.353253541514277458e-03 -1.432326389476656914e-03 -1.014105509966611862e-03 -1.158828614279627800e-03
-7.235177909024059772e-04 -1.203135354444384575e-03 -1.120357657782733440e-03 -2.112682675942778587e-03 2.021890599280595779e-03 -1.034488319419324398e-03 -8.907321025617420673e-04 7.662863936275243759e-04 -1.683906884863972664e-03 8.591135265305638313e-04
-3.462496097199618816e-04 -1.091212150640785694e-03 -1.436680089682340622e-03 -5.016152281314134598e-04 5.692664417438209057e-04 -3.486994246486574411e-04 -2.513494575396180153e-03 -1.560998265631496906e-03 8.608829230070114136e-04 2.057511883322149515e-04
-1.306489342823624611e-03 -4.390361427795141935e-04 -6.359859253279864788e-04 -1.982632820727303624e-04 -3.884666657540947199e-04 -3.051192034035921097e-04 8.277434972114861012e-04 8.880675159161910415e-05 -1.028913422487676144e-03 1.216259770444594324e-04
1.469715614803135395e-03 -3.603846067562699318e-03 5.377868073992431164e-04 9.210042480845004320e-05 -1.485423883423209190e-03 -7.236797246150672436e-04 -9.047102648764848709e-04 -1.859471900388598442e-03 -8.524552104063332081e-04 -2.135468414053320885e-03
1.795065589249134064e-03 5.413916369434446096e-05 1.208908041007816792e-03 -7.361095049418509007e-05 -2.977025462314486504e-03 -9.811709169298410416e-04 -1.401048153638839722e-03 -1.587833743542432785e-03 -7.001475314609706402e-04 -2.444921294227242470e-03
-9.325282298959791660e-04 -1.033706124871969223e-03 -1.228325883857905865e-03 1.278518466278910637e-04 -1.250739205715944991e-05 1.047180485329590738e-04 -1.261854777112603188e-03 -7.653644570382311940e-05 1.035820096149109304e-04 8.469119347864761949e-05
1.263248152099549770e-03 3.774288343265652657e-04 -7.820219034329056740e-04 -6.576694431714713573e-04 -1.839021453633904457e-03 -3.708986332640051842e-04 1.156757236458361149e-03 -1.524964580312371254e-03 -9.801415726542472839e-04 -1.624775351956486702e-03
-8.191210799850523472e-04 3.454987192526459694e-03 -5.145526956766843796e-04 -3.334718931000679731e-04 -6.786826997995376587e-04 -4.035012098029255867e-04 -7.031404529698193073e-04 -4.638255632016807795e-04 -1.870431588031351566e-04 -5.657941801473498344e-04
-8.618324645794928074e-04 8.550503407604992390e-04 -2.145567850675433874e-04 -1.164059038273990154e-03 -1.293974928557872772e-04 -2.449649327900260687e-04 -1.098767621442675591e-03 8.937304664868861437e-05 7.453965372405946255e-04 -4.254580708220601082e-04
-5.910327890887856483e-04 2.279356267536059022e-04 -1.087364507839083672e-03 6.154269212856888771e-04 -1.334840897470712662e-03 3.399791021365672350e-04 9.909420623444020748e-05 -1.694097300060093403e-03 -9.910197695717215538e-04 -1.122077461332082748e-03
-2.271510194987058640e-03 4.303140158299356699e-04 -6.296887877397239208e-04 1.534706330858170986e-03 -1.312887063249945641e-03 4.471812280826270580e-05 -2.598035789560526609e-04 -1.208415371365845203e-03 4.281288420315831900e-04 -1.064708689227700233e-03
-9.805298177525401115e-04 1.661506132222712040e-03 -8.052375633269548416e-04 -1.301182550378143787e-03 1.399485481670126319e-04 -5.565223982557654381e-04 -9.516099817119538784e-04 6.691094022244215012e-04 -1.682071742834523320e-04 -1.158522063633427024e-04
-1.190123963169753551e-03 1.406537048751488328e-04 -6.196965114213526249e-04 -1.635106455069035292e-04 -1.350113889202475548e-03 -1.419617794454097748e-03 -1.418076688423752785e-03 2.003128407523036003e-03 -1.551981549710035324e-03 4.851117264479398727e-04
-1.174344448372721672e-03 8.433786570094525814e-04 -2.602830645628273487e-04 1.347965095192193985e-03 -1.714935409836471081e-03 -4.246829194016754627e-04 9.149297693511471152e-05 -1.626472454518079758e-03 -2.349241258343681693e-04 -1.532180001959204674e-03
2.172302454710006714e-03 -1.404997310601174831e-03 -1.513306167908012867e-03 -3.043253673240542412e-04 -1.447850139811635017e-03 4.410129622556269169e-04 -1.281714881770312786e-03 1.207213033922016621e-03 -1.474784687161445618e-03 -1.055702799931168556e-03
-1.593161490745842457e-03 -9.102243348024785519e-04 -1.168571412563323975e-03 1.662457128986716270e-03 -8.658716105856001377e-04 6.434993701986968517e-04 -1.504177693277597427e-03 -8.945984154706820846e-05 -6.522457115352153778e-04 -4.588133306242525578e-04
4.352280229795724154e-04 1.028041471727192402e-03 -1.538991229608654976e-03 1.419560285285115242e-03 -1.487683621235191822e-03 1.281835720874369144e-03 -1.821318874135613441e-03 -1.098006032407283783e-03 -3.054432745557278395e-04 -1.092204591259360313e-03
-1.360993366688489914e-03 -1.840432407334446907e-03 5.094818188808858395e-04 -2.326705260202288628e-03 9.448822238482534885e-04 -2.165298210456967354e-03 -2.224621857749298215e-04 7.202017004601657391e-04 -1.437147497199475765e-03 3.113085113000124693e-04
2.249145327368751168e-04 -6.131973350420594215e-04 6.507148500531911850e-04 -1.834449940361082554e-03 -3.697388456203043461e-04 -1.661011716350913048e-03 -2.338560443604364991e-04 1.187467016279697418e-03 -1.643025316298007965e-03 -2.402372338110581040e-04
-2.347639063373208046e-03 -7.437973399646580219e-04 -3.595503512769937515e-04 -1.359299989417195320e-03 4.245729651302099228e-04 -2.681612095329910517e-04 -1.560006989166140556e-03 -2.065919805318117142e-03 6.238335045054554939e-04 -6.479612784460186958e-05
-2.702292520552873611e-03 -3.672445891425013542e-04 7.234982331283390522e-05 -1.208945643156766891e-03 1.024803379550576210e-03 -7.466718088835477829e-04 2.864828566089272499e-04 -3.026377176865935326e-03 2.103321166941896081e-04 3.650590588222257793e-05
-6.347926682792603970e-04 3.255608957260847092e-03 -3.212246811017394066e-04 -1.658363762544468045e-04 -6.051102536730468273e-04 -4.467076505534350872e-04 -5.727547104470431805e-04 -3.596565220504999161e-04 -3.500088350847363472e-04 -5.367135745473206043e-04
-5.560771096497774124e-04 -9.112922125495970249e-04 -2.263946691527962685e-03 -3.030882216989994049e-04 -1.410743454471230507e-03 -2.767629339359700680e-04 -6.382920546457171440e-04 -6.196664762683212757e-04 -8.796873735263943672e-04 -5.579993012361228466e-04
6.053310353308916092e-04 -7.950213039293885231e-04 -2.251690486446022987e-03 -2.495920518413186073e-03 -1.072804909199476242e-03 -3.807118919212371111e-04 -3.353291540406644344e-04 -5.965463351458311081e-04 -3.496941935736685991e-04 -3.133325662929564714e-04
-1.549564301967620850e-03 1.015822635963559151e-03 -1.296214642934501171e-03 -6.489289808087050915e-04 -3.109368553850799799e-04 -4.255443927831947803e-04 -1.234677853062748909e-03 1.194234355352818966e-03 -1.475175522500649095e-04 7.626396254636347294e-04
-1.680594170466065407e-03 2.510496415197849274e-03 -3.591325366869568825e-04 4.386010114103555679e-04 -7.672429201193153858e-04 -3.081101749558001757e-04 -4.544131807051599026e-04 -1.132429460994899273e-03 -5.447421572171151638e-04 -5.298092146404087543e-04
-1.343933632597327232e-03 8.776645991019904613e-04 -1.191519277199404314e-05 -7.004544022493064404e-04 -5.613853572867810726e-04 -1.028551487252116203e-03 1.039637136273086071e-03 -6.553474231623113155e-04 -1.364015508443117142e-03 -2.593982790131121874e-04
4.320150183048099279e-04 -1.755240256898105145e-03 -2.395688323304057121e-03 -1.227629021741449833e-03 -1.835909206420183182e-03 -5.103560397401452065e-04 2.585347101557999849e-04 3.907637801603414118e-05 -1.024473225697875023e-03 -4.716049006674438715e-04
-1.188408714369870722e-04 -1.373673789203166962e-03 -1.077309134416282177e-03 -1.613232656382024288e-03 -5.146543262526392937e-04 -5.183857283554971218e-04 -2.223160117864608765e-04 6.876504048705101013e-04 -2.562289591878652573e-04 -5.416749627329409122e-05
2.510822087060660124e-04 8.806297555565834045e-04 -1.506506465375423431e-03 -1.527437241747975349e-03 -5.679980968125164509e-04 3.223383682779967785e-04 7.249293266795575619e-04 -1.450514886528253555e-03 -5.342212389223277569e-04 -4.380595637485384941e-04
-1.577084534801542759e-03 -8.116704411804676056e-04 -1.809989335015416145e-03 6.075956625863909721e-04 8.130415808409452438e-04 3.957572043873369694e-04 -1.274403766728937626e-03 -6.399845005944371223e-05 -5.442861584015190601e-04 7.812419789843261242e-04
-1.304320525377988815e-03 2.607451751828193665e-03 5.811997689306735992e-04 2.436157228657975793e-04 -1.543044112622737885e-03 -5.971151986159384251e-04 -4.410874389577656984e-04 -1.698536099866032600e-03 -2.873945777537301183e-05 -1.730827963910996914e-03
-1.814900198951363564e-03 5.170030053704977036e-04 -3.646082768682390451e-04 7.966574630700051785e-04 -8.868108270689845085e-04 -4.672665672842413187e-04 1.033323351293802261e-03 -1.162098138593137264e-03 -1.434940961189568043e-03 -6.285502458922564983e-04
-9.791057527763769031e-05 -1.620383351109921932e-03 -7.026513922028243542e-04 -2.098294862662442029e-05 3.379728877916932106e-04 2.056830126093700528e-04 -1.932398183271288872e-03 -2.122328849509358406e-03 1.214848307427018881e-04 -8.365462417714297771e-04
1.432333956472575665e-03 -6.578160100616514683e-04 6.527704535983502865e-04 -7.853788556531071663e-04 -1.693312893621623516e-03 -7.498351624235510826e-04 -1.087793498300015926e-03 4.819353125640191138e-05 -1.863925834186375141e-03 -1.599733252078294754e-03
-1.137288985773921013e-03 1.872075721621513367e-03 -1.038296613842248917e-03 -1.194116543047130108e-03 3.429392745601944625e-05 -7.555218180641531944e-04 -1.044819364324212074e-03 1.353355357423424721e-03 -4.192944616079330444e-04 2.750369603745639324e-04
-9.764879941940307617e-04 2.677833195775747299e-03 2.570765791460871696e-04 1.663051443756558001e-05 -9.538105805404484272e-04 -4.030810086987912655e-04 -3.205717948731034994e-04 -1.162934466265141964e-03 -1.051613071467727423e-04 -1.137409824877977371e-03
-2.005594316869974136e-03 4.926276960759423673e-05 -7.633613422513008118e-04 -1.396344858221709728e-03 5.366667755879461765e-04 -1.830392138799652457e-04 -2.052848925814032555e-03 6.530698155984282494e-04 1.198120648041367531e-03 6.050624651834368706e-04
-2.579032152425497770e-04 -1.573942252434790134e-03 5.927454185439273715e-05 -5.333565641194581985e-04 3.911918320227414370e-04 -1.018390641547739506e-03 3.549637622199952602e-04 -8.269470999948680401e-04 -1.085946103557944298e-03 -1.217841403558850288e-03
-7.813993142917752266e-04 -1.831701141782104969e-03 6.227861740626394749e-04 -6.381819839589297771e-04 7.733680540695786476e-04 -5.472644697874784470e-04 2.941905586339998990e-05 -2.044147578999400139e-03 1.044988603098317981e-04 -1.008507562801241875e-03
-2.017219521803781390e-04 1.788047811714932323e-04 -1.079754438251256943e-03 -1.465410692617297173e-03 -1.527226995676755905e-04 -2.233340928796678782e-04 1.653547078603878617e-04 -1.148607581853866577e-03 -2.799503854475915432e-04 -1.447827817173674703e-04
-1.151642529293894768e-03 1.579826930537819862e-03 -1.120020635426044464e-03 -1.855830429121851921e-03 -3.026136801054235548e-05 -6.638289196416735649e-04 -1.505207037553191185e-03 1.013471744954586029e-03 -1.635211519896984100e-04 -2.990644425153732300e-04
-1.090679550543427467e-03 1.315991859883069992e-03 -1.239614095538854599e-03 -1.320095616392791271e-03 4.158902156632393599e-04 -4.926403053104877472e-04 -1.088517718017101288e-03 1.432583667337894440e-03 -7.822457118891179562e-04 5.777084734290838242e-04
-1.598305068910121918e-03 2.172274747863411903e-03 -1.933185849338769913e-04 8.371639996767044067e-04 -1.329035498201847076e-03 -6.901142187416553497e-04 -1.110730459913611412e-03 3.052573447348549962e-05 -6.638326449319720268e-04 -6.390062626451253891e-04
-1.251998706720769405e-03 -2.383199607720598578e-04 -1.050345250405371189e-03 -8.789756684564054012e-04 1.429178519174456596e-03 -8.606623159721493721e-04 -9.521286701783537865e-04 8.527211612090468407e-04 -1.152340788394212723e-03 1.691855140961706638e-03
-2.221239032223820686e-03 2.978890261147171259e-04 -1.177321304567158222e-03 5.674227722920477390e-04 -5.276415031403303146e-04 7.738051353953778744e-04 -1.154754776507616043e-03 -3.831828362308442593e-04 -1.590958418091759086e-04 9.370167390443384647e-05
4.065664252266287804e-04 -6.278399960137903690e-04 -1.179289072751998901e-03 -1.509358291514217854e-03 -2.547224357840605080e-05 -3.156867751386016607e-05 6.486611673608422279e-04 -1.354212989099323750e-03 -6.245949189178645611e-04 -1.162131884484551847e-04
-3.475756602711044252e-05 1.213697483763098717e-03 -1.129109179601073265e-03 -1.458209240809082985e-03 -4.066825495101511478e-04 3.404365270398557186e-04 -3.546231309883296490e-04 -6.720077362842857838e-04 -2.636808494571596384e-04 -7.191199110820889473e-04
6.116799195297062397e-04 -2.854801481589674950e-03 1.570831082062795758e-04 3.173620789311826229e-04 -7.323245517909526825e-04 -3.129756078124046326e-04 -1.410184311680495739e-03 -2.067525638267397881e-03 -4.303742898628115654e-04 -1.151027856394648552e-03
-1.362789305858314037e-03 2.136250957846641541e-03 -5.854779738001525402e-04 -5.971572245471179485e-04 -1.096177031286060810e-03 -9.005019674077630043e-04 -1.177556696347892284e-03 1.684099202975630760e-03 -5.846366402693092823e-04 -3.647436678875237703e-04
2.235691994428634644e-03 -9.360053227283060551e-04 -1.052472856827080250e-03 1.006713253445923328e-03 -1.356260501779615879e-03 -2.103035512845963240e-04 -1.530139707028865814e-03 -3.548295644577592611e-04 -1.156460028141736984e-03 -1.368628116324543953e-03
-1.184248831123113632e-03 1.382687711156904697e-03 -4.437081224750727415e-04 -1.533913193270564079e-03 -1.746426132740452886e-04 -6.877816049382090569e-04 -1.261886558495461941e-03 3.056455170735716820e-04 4.886364913545548916e-04 -4.600078100338578224e-04
7.390673272311687469e-04 1.327913487330079079e-04 1.334240427240729332e-03 -1.179696177132427692e-03 -9.497401188127696514e-04 -8.954117074608802795e-04 -1.669378834776580334e-04 -8.081863634288311005e-04 -1.057199900969862938e-03 -1.199139980599284172e-03
-2.016352256760001183e-03 -2.354159223614260554e-04 -2.756876710918731987e-05 -6.306750001385807991e-04 5.146692637936212122e-05 -3.719372616615146399e-04 -1.787208253517746925e-03 -1.347119541605934501e-04 -6.368164758896455169e-05 4.319853542256169021e-05
1.083612209185957909e-03 1.226735475938767195e-04 1.175472512841224670e-03 -5.413090111687779427e-04 -2.065975917503237724e-03 -5.967026227153837681e-04 7.609175518155097961e-04 -1.984964124858379364e-03 -1.927905599586665630e-03 -2.145722275599837303e-03
-9.916088311001658440e-04 1.182588282972574234e-03 -8.494218927808105946e-04 -9.449139470234513283e-04 -5.134845850989222527e-04 5.658591981045901775e-04 -5.869937012903392315e-04 -9.875132236629724503e-04 4.648050817195326090e-04 -4.557544307317584753e-04
-1.627386664040386677e-03 1.630351180210709572e-04 1.364947878755629063e-03 -3.917599970009177923e-04 -1.648627658141776919e-04 -1.716946251690387726e-03 -1.638391287997364998e-03 1.411285629728808999e-04 -9.481732267886400223e-04 7.171551260398700833e-05
-1.473377342335879803e-03 6.537543958984315395e-04 -5.792921874672174454e-04 -1.394325983710587025e-03 -3.325649886392056942e-04 -6.021265871822834015e-04 -1.346412347629666328e-03 3.277103533037006855e-04 -1.374195853713899851e-04 -5.892666522413492203e-04
-5.554006202146410942e-04 -2.418318064883351326e-03 1.240166748175397515e-04 -7.874489529058337212e-04 -7.095577893778681755e-04 -1.210383605211973190e-03 -4.072831361554563046e-04 -1.166192465461790562e-03 -3.757724480237811804e-04 -1.340875518508255482e-03
-1.837827032431960106e-03 -4.949970170855522156e-04 -1.235711621120572090e-03 -6.450933287851512432e-04 1.857304305303841829e-04 -4.352413234300911427e-04 -1.740678795613348484e-03 1.301837153732776642e-03 1.047839614329859614e-04 7.262885337695479393e-04
-1.047811121679842472e-03 8.534902735846117139e-05 -1.570276799611747265e-03 -1.037554233334958553e-03 -1.125734797824406996e-05 1.012466673273593187e-04 -1.551616151118651032e-04 -1.890942454338073730e-03 -5.831543239764869213e-04 -2.683794009499251842e-04
-2.104277256876230240e-03 -1.210995367728173733e-03 -1.603617798537015915e-03 1.162855187430977821e-03 -1.037543173879384995e-03 6.391385686583817005e-04 -1.297922921366989613e-03 1.315801753662526608e-03 -2.456795773468911648e-04 2.892047923523932695e-04
-1.124539994634687901e-03 -5.758426850661635399e-04 -1.326503697782754898e-03 -1.381351961754262447e-03 1.745561836287379265e-03 3.358697576913982630e-04 -1.683374750427901745e-03 1.424674119334667921e-04 -3.427367482800036669e-04 9.473635582253336906e-04
-2.053554868325591087e-03 1.904531731270253658e-03 -4.368455847725272179e-05 -4.198076785542070866e-04 -1.238250988535583019e-03 3.552460111677646637e-05 -2.221858827397227287e-03 -3.527375229168683290e-04 1.724186353385448456e-03 -8.638612343929708004e-04
-1.029123319312930107e-03 -3.844207385554909706e-04 1.064933021552860737e-03 -1.090504345484077930e-03 -1.477990997955203056e-03 -1.233210903592407703e-03 7.621880504302680492e-04 -8.253367268480360508e-04 -7.779913721606135368e-04 -1.682023168541491032e-03
-1.176223042421042919e-03 -5.573986709350720048e-05 -1.126246294006705284e-03 -1.002837321721017361e-03 1.325953635387122631e-03 -7.102885283529758453e-04 -1.010875217616558075e-03 1.147267641499638557e-03 -9.590408881194889545e-04 1.467930385842919350e-03
-6.320165120996534824e-04 -1.026123645715415478e-03 4.757488786708563566e-04 -9.174695587716996670e-04 7.048498082440346479e-05 -8.640676387585699558e-04 -1.567890867590904236e-04 -7.436790037900209427e-04 -8.370931609533727169e-04 -5.303677753545343876e-04
-5.020172102376818657e-04 -1.649526995606720448e-03 -8.711899863556027412e-04 -9.259389480575919151e-04 -3.130274417344480753e-04 -5.199388833716511726e-04 1.167829730547964573e-03 1.967466232599690557e-04 -1.015546964481472969e-03 -1.815118739614263177e-04
-7.766265189275145531e-04 -1.804282946977764368e-04 -6.394142983481287956e-04 -5.944445147179067135e-04 -2.124233171343803406e-03 -2.012260723859071732e-03 -1.848739688284695148e-03 1.865409431047737598e-03 -1.129425712861120701e-03 -3.990237019024789333e-06
-1.773155992850661278e-03 -1.018987604766152799e-04 -1.473445445299148560e-03 1.004817429929971695e-03 -2.260994166135787964e-03 6.687368149869143963e-04 -2.653532195836305618e-03 2.164290635846555233e-04 9.791622869670391083e-04 -1.305895857512950897e-03
5.216702120378613472e-04 -7.499377243220806122e-04 -4.266978066880255938e-05 -1.422366709448397160e-03 -3.008240310009568930e-04 -1.933350140461698174e-04 1.418239553458988667e-03 -1.860574819147586823e-03 -9.425075259059667587e-04 -1.114049460738897324e-03
-2.355481265112757683e-04 -6.936375284567475319e-04 -1.939233392477035522e-03 3.808452456723898649e-04 -1.324728596955537796e-03 -1.043999363901093602e-04 -8.582699811086058617e-04 -5.804296233691275120e-04 -2.657876757439225912e-04 -1.121655688621103764e-03
1.254981616511940956e-03 -2.054320415481925011e-03 -2.397836185991764069e-03 -3.048209007829427719e-03 8.079283288680016994e-04 -4.508676647674292326e-04 -1.438085222616791725e-03 3.423707676120102406e-04 -1.328646903857588768e-03 6.261316593736410141e-04
2.123775891959667206e-03 -1.397537882439792156e-03 1.485190732637420297e-04 -2.417569630779325962e-04 -1.646612887270748615e-03 -9.212800068780779839e-04 -8.609769283793866634e-04 4.089486028533428907e-04 -2.089640824124217033e-03 -1.593737979419529438e-03
3.332568448968231678e-04 -1.605083001777529716e-03 -2.684337785467505455e-03 -2.404500963166356087e-03 -3.062142350245267153e-04 -4.526691336650401354e-04 3.991073754150420427e-04 -5.044421995989978313e-04 -5.988489137962460518e-04 -1.528219872852787375e-04
-2.591990341898053885e-04 1.251878216862678528e-03 -2.515143423806875944e-04 -1.100375782698392868e-03 -2.787455196084920317e-05 5.662950570695102215e-05 -7.005758816376328468e-04 -4.943843814544379711e-04 6.886489700264064595e-06 -7.720086141489446163e-04
-1.086684409528970718e-03 -5.493346834555268288e-04 -1.027524936944246292e-03 -1.056981505826115608e-03 1.120559871196746826e-03 -7.249761256389319897e-04 1.483417814597487450e-03 2.989031781908124685e-04 -1.079230802133679390e-03 2.268252428621053696e-04
-1.931697945110499859e-03 -5.739330081269145012e-04 2.961692225653678179e-04 8.914235513657331467e-04 -7.529147551394999027e-04 -3.847482730634510517e-04 -5.884950514882802963e-04 -8.249897509813308716e-04 1.809240202419459820e-04 -6.448912317864596844e-04
-1.642808434553444386e-03 3.465488407528027892e-05 -1.919994392665103078e-04 3.871852240990847349e-04 -9.190599666908383369e-04 -6.877239211462438107e-04 1.047270372509956360e-03 -1.003955956548452377e-03 -1.309873419813811779e-03 -6.464840844273567200e-04
-5.222110194154083729e-04 3.388378303498029709e-03 -3.028031787835061550e-04 -3.725881688296794891e-04 -4.853760765399783850e-04 -4.016299499198794365e-04 -5.217111902311444283e-04 -3.712743928190320730e-04 -2.782578230835497379e-04 -5.148841300979256630e-04
1.662529306486248970e-03 2.949585541500709951e-05 -1.140215899795293808e-03 4.295396211091428995e-04 -1.159477047622203827e-03 2.926609595306217670e-04 -1.221835380420088768e-03 -6.893771351315081120e-04 -7.908192346803843975e-04 -9.822525316849350929e-04
-1.039833296090364456e-03 -1.174302906292723492e-05 4.151484463363885880e-04 -1.432794262655079365e-03 3.081365430261939764e-04 -1.382980262860655785e-03 1.559755648486316204e-03 -6.400549318641424179e-04 -1.493796124123036861e-03 1.343375188298523426e-04
-2.115618844982236624e-04 -6.777758826501667500e-04 -1.511016278527677059e-03 1.460653584217652678e-04 -4.207825113553553820e-04 1.928849524119868875e-04 -2.972953370772302151e-04 -1.184063963592052460e-03 -5.931125997449271381e-05 -2.904307621065527201e-04
-7.839986355975270271e-04 -9.343749115942046046e-05 -1.255186391063034534e-03 -1.257986528798937798e-03 9.764191054273396730e-05 -8.259321475634351373e-05 -1.308350940234959126e-03 1.048135454766452312e-03 -4.106591222807765007e-04 1.748779031913727522e-04
-7.357083377428352833e-04 3.121787449344992638e-03 -3.040973970200866461e-04 -4.164834681432694197e-04 -6.132166599854826927e-04 -3.696711501106619835e-04 -6.854204111732542515e-04 -4.966476117260754108e-04 2.695200055313762277e-05 -6.551716942340135574e-04
1.773675321601331234e-03 -3.473140532150864601e-03 -4.414694849401712418e-04 1.955346524482592940e-04 -1.076617045328021049e-03 -1.270101522095501423e-03 -5.692466511391103268e-04 -3.195392082488979213e-06 -2.563319401815533638e-03 -1.015665824525058270e-03
-1.531547633931040764e-03 -5.427112919278442860e-04 -1.022846321575343609e-03 -1.271416782401502132e-03 1.789953792467713356e-03 -1.086545176804065704e-03 6.743033300153911114e-04 4.997202777303755283e-04 -1.389052951708436012e-03 9.065878111869096756e-04
-1.034343382343649864e-03 1.698932261206209660e-03 -8.323871297761797905e-04 -6.393960793502628803e-04 -6.086427019909024239e-04 -7.052172441035509109e-04 -9.143837960436940193e-04 2.143552061170339584e-03 -8.584514725953340530e-04 1.225435116793960333e-04
-7.668937905691564083e-05 -2.844141854438930750e-04 1.863029319792985916e-03 -8.882388647180050611e-05 -2.360196318477392197e-03 -1.072785817086696625e-03 2.065951703116297722e-03 -2.517351880669593811e-03 -1.224837149493396282e-03 -2.779298229143023491e-03
-2.124255755916237831e-03 -4.869603726547211409e-04 -1.740934909321367741e-03 1.148597220890223980e-03 -1.582121709361672401e-03 1.776995486579835415e-04 -2.413877518847584724e-03 5.926755839027464390e-04 5.187034839764237404e-04 -3.041223390027880669e-04
-1.504974439740180969e-03 -6.224073586054146290e-04 1.178182574221864343e-04 -1.724806614220142365e-03 1.191326417028903961e-03 -1.400925219058990479e-03 1.126948045566678047e-03 -4.380908794701099396e-04 -1.374107785522937775e-03 7.053418667055666447e-04
4.031364223919808865e-04 -1.141487155109643936e-03 -5.297536263242363930e-04 -1.689689466729760170e-03 -3.469186412985436618e-05 -8.745371451368555427e-05 -2.115563838742673397e-04 -1.661956543102860451e-03 1.459756604162976146e-04 -7.421084446832537651e-04
-7.037429604679346085e-04 -2.379452111199498177e-03 -2.160902600735425949e-03 4.169235762674361467e-04 -2.135293034370988607e-04 -3.392740909475833178e-04 -3.010213375091552734e-03 -1.087347918655723333e-04 4.084879765287041664e-04 5.476949809235520661e-05
-4.726079059764742851e-04 -1.102251699194312096e-03 -9.029353386722505093e-04 -8.871664758771657944e-04 1.102413400076329708e-03 -5.287431995384395123e-04 -4.776260757353156805e-04 3.982480266131460667e-04 -1.377474283799529076e-03 2.752305299509316683e-04
1.047425554133951664e-03 -2.127317944541573524e-03 -2.007457893341779709e-03 8.971431525424122810e-04 -9.282581740990281105e-04 3.998208558186888695e-04 -2.382994163781404495e-03 -2.939385303761810064e-04 -6.003703674650751054e-05 1.962437527254223824e-04
-1.751888543367385864e-03 6.540660397149622440e-04 -1.221207669004797935e-03 -3.884533361997455359e-04 4.231206389704311732e-07 -4.181921758572570980e-05 3.084788913838565350e-04 -1.001422875560820103e-03 -3.635796601884067059e-04 3.549995017237961292e-04
5.068382597528398037e-04 4.896462778560817242e-04 -2.393286849837750196e-04 -1.780759193934500217e-04 -2.259672852233052254e-03 1.754375261953100562e-04 -1.702388253761455417e-04 -1.944627147167921066e-03 -1.487240515416488051e-04 -2.067495137453079224e-03
1.055706175975501537e-03 -1.315320550929754972e-04 -7.533805910497903824e-04 -5.104969022795557976e-04 -1.026044366881251335e-03 2.235042338725179434e-04 1.580611336976289749e-03 -1.168590039014816284e-03 -1.079896697774529457e-03 -1.106277108192443848e-03
-8.249224047176539898e-04 -9.278939687646925449e-04 1.616176450625061989e-03 -1.732645323500037193e-03 3.753784694708883762e-04 -1.282838755287230015e-03 1.111562247388064861e-03 -3.696260682772845030e-04 -1.490792375989258289e-03 -7.598854135721921921e-04
-1.960864523425698280e-03 -1.384534640237689018e-03 -3.963606141041964293e-04 -8.333071600645780563e-04 -4.610120668075978756e-04 -4.426511004567146301e-04 -1.245219260454177856e-03 1.150634605437517166e-03 4.378075827844440937e-04 2.598610299173742533e-04
-9.477254934608936310e-04 -5.385213444242253900e-05 -6.500296294689178467e-04 -1.245594001375138760e-03 1.531905494630336761e-03 -6.747025181539356709e-04 -1.281519769690930843e-03 6.815721862949430943e-04 -8.737527532503008842e-04 6.056245765648782253e-04
2.043462824076414108e-03 -1.355471438728272915e-03 -1.766836852766573429e-03 7.832886767573654652e-04 -1.716912025585770607e-03 2.885831418097950518e-05 -1.846418599598109722e-03 1.190208364278078079e-03 -1.274590962566435337e-03 -9.823950240388512611e-04
-9.483373723924160004e-04 3.198685590177774429e-03 3.530359244905412197e-04 2.276204613735899329e-04 -9.692587191238999367e-04 -6.445107865147292614e-04 -9.361054981127381325e-04 -6.970695103518664837e-04 -2.785968827083706856e-04 -9.569806861691176891e-04
-2.081775106489658356e-03 1.770888804458081722e-03 -1.284278550883755088e-04 1.118498039431869984e-03 -1.231448375619947910e-03 -7.050049607641994953e-04 -1.547466614283621311e-03 -2.365313994232565165e-04 -3.338801325298845768e-04 -4.503522359300404787e-04
-1.701344386674463749e-03 1.690127282927278429e-05 -9.895596886053681374e-04 -6.291645695455372334e-04 5.132645601406693459e-04 -9.028034983202815056e-04 9.472310775890946388e-04 4.759358416777104139e-04 -1.316821435466408730e-03 3.189427952747792006e-04
-5.566473701037466526e-04 -2.694691065698862076e-03 -1.616743742488324642e-03 4.570695746224373579e-04 -1.021436881273984909e-03 -3.525426145642995834e-04 -1.391602098010480404e-03 -4.113944305572658777e-04 7.899890078988391906e-06 -6.089474773034453392e-04
-1.508228131569921970e-03 3.932524705305695534e-04 2.333570271730422974e-03 3.783805877901613712e-04 -1.388284610584378242e-03 -1.411910052411258221e-03 -1.591349486261606216e-03 -3.776270605158060789e-04 -7.807368820067495108e-05 -1.614838372915983200e-03
1.365240168524906039e-04 -1.504090731032192707e-03 -1.958470558747649193e-03 -1.765410648658871651e-03 -9.832032083068042994e-05 -2.189891965826973319e-04 -5.913032218813896179e-04 -1.151449512690305710e-03 3.857197225443087518e-05 -2.692620728339534253e-05
-1.737594371661543846e-03 9.061456657946109772e-04 2.311110147275030613e-04 7.489613199140876532e-05 -1.053613610565662384e-03 -1.007969607599079609e-03 2.019312698394060135e-03 -1.162042841315269470e-03 -1.749729621224105358e-03 -6.917600403539836407e-04
-1.397481653839349747e-03 2.476128574926406145e-04 -1.162062981165945530e-04 -1.262821955606341362e-03 -8.180643199011683464e-04 -1.095600076951086521e-03 4.588544252328574657e-04 6.353586795739829540e-04 -1.327959937043488026e-03 -9.954305132851004601e-04
-1.550322864204645157e-03 2.506014425307512283e-04 -4.471686261240392923e-04 -1.329393358901143074e-03 9.055575937964022160e-04 -1.260211458429694176e-03 -1.569787855260074139e-03 1.194414799101650715e-03 -9.304458508267998695e-04 7.150601595640182495e-04
