-1.579609670443460345e-04
-1.602320553502067924e-04
-1.595802605152130127e-04
-1.568195148138329387e-04
-1.567035797052085400e-04
-1.576853101141750813e-04
-1.530773442937061191e-04
-1.541602250654250383e-04
-1.567809813423082232e-04
-1.579476956976577640e-04
-1.611202606000006199e-04
-1.582740806043148041e-04
-1.589727326063439250e-04
-1.596456859260797501e-04
-1.621175615582615137e-04
-1.574312336742877960e-04
-1.614624779904261231e-04
-1.575490168761461973e-04
-1.607628655619919300e-04
-1.536469790153205395e-04
-1.608446909813210368e-04
-1.659310946706682444e-04
-1.582238037372007966e-04
-1.513631577836349607e-04
-1.623075368115678430e-04
-1.605358411325141788e-04
-1.532119931653141975e-04
-1.560940581839531660e-04
-1.561368262628093362e-04
-1.638544927118346095e-04
-1.602978300070390105e-04
-1.629922335268929601e-04
-1.606564619578421116e-04
-1.527559943497180939e-04
-1.667155884206295013e-04
-1.718675921438261867e-04
-1.730144431348890066e-04
-1.807594817364588380e-04
-2.029448805842548609e-04
-2.120960707543417811e-04
-2.216688590124249458e-04
-2.234058774774894118e-04
-2.318408660357818007e-04
-2.276172745041549206e-04
-2.392264286754652858e-04
-2.294862206326797605e-04
-2.017307124333456159e-04
-1.916796900331974030e-04
-1.825469225877895951e-04
-1.651881029829382896e-04
-1.679349225014448166e-04
-1.623521966394037008e-04
-1.541278179502114654e-04
-1.598494709469377995e-04
-1.552664180053398013e-04
-1.618442620383575559e-04
-1.528084831079468131e-04
-1.581181713845580816e-04
-1.581471879035234451e-04
-1.626955345273017883e-04
-1.596077490830793977e-04
-1.593492634128779173e-04
-1.798059529392048717e-04
-2.082084683934226632e-04
-2.287814568262547255e-04
-2.491077175363898277e-04
-2.678726159501820803e-04
-2.689601387828588486e-04
-2.918524842243641615e-04
-2.908519527409225702e-04
-3.052574174944311380e-04
-2.929869515355676413e-04
-3.006247279699891806e-04
-2.944932202808558941e-04
-2.832202590070664883e-04
-2.885730937123298645e-04
-2.845467533916234970e-04
-2.841276582330465317e-04
-2.601864107418805361e-04
-2.021642867475748062e-04
-1.778655860107392073e-04
-1.647021272219717503e-04
-1.616026565898209810e-04
-1.619560644030570984e-04
-1.581185351824387908e-04
-1.559398369863629341e-04
-1.587249280419200659e-04
-1.627350720809772611e-04
-1.644071162445470691e-04
-1.866414822870865464e-04
-2.285458176629617810e-04
-2.627808717079460621e-04
-2.827343123499304056e-04
-3.006650076713413000e-04
-3.185844107065349817e-04
-3.221727674826979637e-04
-3.251289599575102329e-04
-3.461824380792677402e-04
-3.879163123201578856e-04
-3.727515286300331354e-04
-3.951451217290014029e-04
-3.854136739391833544e-04
-3.645631077233701944e-04
-3.661195223685353994e-04
-3.584529622457921505e-04
-3.271142486482858658e-04
-3.187353140674531460e-04
-2.866598078981041908e-04
-2.292158169439062476e-04
-1.729439536575227976e-04
-1.644995645619928837e-04
-1.571541506564244628e-04
-1.595265930518507957e-04
-1.644106523599475622e-04
-1.634724467294290662e-04
-1.674324885243549943e-04
-1.964506518561393023e-04
-2.713862049859017134e-04
-2.942190039902925491e-04
-3.010374202858656645e-04
-3.047971113119274378e-04
-3.180363855790346861e-04
-3.413454105611890554e-04
-3.664066898636519909e-04
-4.251399659551680088e-04
-4.564189293887466192e-04
-4.778884758707135916e-04
-4.969926085323095322e-04
-5.084240110591053963e-04
-4.828769597224891186e-04
-4.860384506173431873e-04
-4.451189597602933645e-04
-4.216155793983489275e-04
-4.002351488452404737e-04
-4.081196093466132879e-04
-3.846728650387376547e-04
-3.447579510975629091e-04
-2.542418951634317636e-04
-1.728428032947704196e-04
-1.584291749168187380e-04
-1.541663368698209524e-04
-1.609559549251571298e-04
-1.634963700780645013e-04
-1.864371879491955042e-04
-2.640580642037093639e-04
-3.165799716953188181e-04
-3.237998171243816614e-04
-3.266983258072286844e-04
-3.185381065122783184e-04
-3.364367876201868057e-04
-3.505386412143707275e-04
-3.791080962400883436e-04
-4.464806988835334778e-04
-4.742369928862899542e-04
-4.803103802260011435e-04
-5.172785022296011448e-04
-4.731732478830963373e-04
-5.044788122177124023e-04
-4.672634531743824482e-04
-4.458553448785096407e-04
-4.072483279742300510e-04
-3.994803118985146284e-04
-3.977328015025705099e-04
-3.976757579948753119e-04
-3.816617827396839857e-04
-3.406171454116702080e-04
-2.212087856605648994e-04
-1.634911459404975176e-04
-1.547440770082175732e-04
-1.593444321770220995e-04
-1.682621950749307871e-04
-2.286978997290134430e-04
-3.065358614549040794e-04
-3.202700754627585411e-04
-3.222731756977736950e-04
-3.167287213727831841e-04
-2.839065273292362690e-04
-3.005228936672210693e-04
-3.453186654951423407e-04
-4.284688038751482964e-04
-4.601783002726733685e-04
-5.230287788435816765e-04
-5.101922433823347092e-04
-4.851893754675984383e-04
-4.843389615416526794e-04
-5.047268350608646870e-04
-4.499768256209790707e-04
-3.742940607480704784e-04
-3.644224780146032572e-04
-3.563098725862801075e-04
-3.700241213664412498e-04
-3.788566100411117077e-04
-3.822845756076276302e-04
-3.574963484425097704e-04
-2.845150011125952005e-04
-1.665315940044820309e-04
-1.580665848450735211e-04
-1.623608259251341224e-04
-2.008465817198157310e-04
-2.791189763229340315e-04
-3.130828845314681530e-04
-3.196618927177041769e-04
-3.270326124038547277e-04
-2.770378778222948313e-04
-2.560440916568040848e-04
-2.996551338583230972e-04
-3.648261481430381536e-04
-4.537633212748914957e-04
-5.107625038363039494e-04
-5.374252214096486568e-04
-4.119427467230707407e-04
-4.257337132003158331e-04
-4.141798417549580336e-04
-4.464939993340522051e-04
-4.633353091776371002e-04
-3.894164983648806810e-04
-3.163788933306932449e-04
-2.938273537438362837e-04
-3.335831861477345228e-04
-3.580038319341838360e-04
-3.668671706691384315e-04
-3.675409534480422735e-04
-3.062262258026748896e-04
-1.730018848320469260e-04
-1.611416955711320043e-04
-1.807525986805558205e-04
-2.409430744592100382e-04
-2.805292315315455198e-04
-3.050735977012664080e-04
-2.911351912189275026e-04
-3.086723445449024439e-04
-2.615724515635520220e-04
-2.442732802592217922e-04
-3.283899277448654175e-04
-3.998961474280804396e-04
-4.988589789718389511e-04
-4.988914588466286659e-04
-4.789562663063406944e-04
-3.905030025634914637e-04
-3.614967863541096449e-04
-3.877852868754416704e-04
-4.208183963783085346e-04
-4.437634488567709923e-04
-3.809241461567580700e-04
-3.070446546189486980e-04
-2.638518344610929489e-04
-2.828794531524181366e-04
-3.526036161929368973e-04
-3.857269766740500927e-04
-3.549882385414093733e-04
-3.009582869708538055e-04
-1.625163713470101357e-04
-1.665606541791930795e-04
-1.887564139906316996e-04
-2.434783818898722529e-04
-2.646610373631119728e-04
-2.881542895920574665e-04
-3.129384713247418404e-04
-2.855677739717066288e-04
-2.483995631337165833e-04
-2.496325760148465633e-04
-3.274136688560247421e-04
-3.648245474323630333e-04
-5.108615150675177574e-04
-4.559541703201830387e-04
-3.753273340407758951e-04
-3.549849498085677624e-04
-3.681532107293605804e-04
-3.474164113868027925e-04
-4.268066841177642345e-04
-4.521592054516077042e-04
-4.112249298486858606e-04
-3.175343736074864864e-04
-2.527176111470907927e-04
-3.108805685769766569e-04
-3.450511721894145012e-04
-3.809811605606228113e-04
-3.416825493331998587e-04
-2.933677751570940018e-04
-1.799120364012196660e-04
-1.615917572053149343e-04
-1.932603190653026104e-04
-2.358816855121403933e-04
-2.604576293379068375e-04
-2.866978175006806850e-04
-3.105642099399119616e-04
-2.603849570732563734e-04
-2.468050515744835138e-04
-3.163691435474902391e-04
-3.981984918937087059e-04
-4.655862576328217983e-04
-4.806966171599924564e-04
-4.323518369346857071e-04
-3.750390314962714911e-04
-3.609183477237820625e-04
-3.525861538946628571e-04
-4.069420101586729288e-04
-4.459882329683750868e-04
-4.172011977061629295e-04
-4.099928191863000393e-04
-3.504717315081506968e-04
-2.908337337430566549e-04
-3.013396344613283873e-04
-3.457801358308643103e-04
-3.572910791262984276e-04
-3.553496208041906357e-04
-2.615298144519329071e-04
-1.738623541314154863e-04
-1.610352337593212724e-04
-1.942251547006890178e-04
-2.416455972706899047e-04
-2.592216478660702705e-04
-2.960150886792689562e-04
-2.909750037360936403e-04
-2.842585090547800064e-04
-2.824819821398705244e-04
-3.139599575661122799e-04
-4.110509180463850498e-04
-4.456991737242788076e-04
-4.932619049213826656e-04
-4.121354431845247746e-04
-3.729792661033570766e-04
-3.630027349572628736e-04
-3.735818900167942047e-04
-4.035050515085458755e-04
-4.059238708578050137e-04
-4.337673599366098642e-04
-3.978814056608825922e-04
-3.284276754129678011e-04
-2.915146469604223967e-04
-2.994521928485482931e-04
-3.306668950244784355e-04
-3.585939994081854820e-04
-3.303016419522464275e-04
-2.147577179130166769e-04
-1.624658034415915608e-04
-1.599839451955631375e-04
-1.726312329992651939e-04
-2.213497937191277742e-04
-2.646161592565476894e-04
-2.856664941646158695e-04
-2.988266351167112589e-04
-2.904467110056430101e-04
-2.829979639500379562e-04
-3.339726827107369900e-04
-4.138487274758517742e-04
-4.567300202324986458e-04
-4.722716985270380974e-04
-4.995557828806340694e-04
-3.950490790884941816e-04
-3.740147221833467484e-04
-3.830283239949494600e-04
-4.139763768762350082e-04
-4.415483272168785334e-04
-3.847596235573291779e-04
-3.312085173092782497e-04
-3.445252950768917799e-04
-3.121194604318588972e-04
-3.149417461827397346e-04
-3.028119972441345453e-04
-3.476582933217287064e-04
-2.827444113790988922e-04
-1.971070450963452458e-04
-1.614870270714163780e-04
-1.623684074729681015e-04
-1.677167165325954556e-04
-2.070600457955151796e-04
-2.532769867684692144e-04
-2.836343774106353521e-04
-3.044256009161472321e-04
-3.061741590499877930e-04
-2.717503521125763655e-04
-2.995049289893358946e-04
-3.749839088413864374e-04
-4.320795706007629633e-04
-4.373548435978591442e-04
-4.092380404472351074e-04
-3.830856585409492254e-04
-3.863439778797328472e-04
-4.152113106101751328e-04
-4.146480932831764221e-04
-3.557181917130947113e-04
-3.577526949811726809e-04
-3.825553867500275373e-04
-3.454322286415845156e-04
-3.211308794561773539e-04
-2.976490650326013565e-04
-3.198761551175266504e-04
-3.270918386988341808e-04
-2.916462253779172897e-04
-2.009732124861329794e-04
-1.656603999435901642e-04
-1.578357769176363945e-04
-1.680253917584195733e-04
-1.736442209221422672e-04
-2.550319477450102568e-04
-2.952658396679908037e-04
-2.950227644760161638e-04
-2.890790929086506367e-04
-2.887964656110852957e-04
-3.549398679751902819e-04
-3.830768109764903784e-04
-3.806382010225206614e-04
-4.014870501123368740e-04
-4.094345786143094301e-04
-3.541519108694046736e-04
-3.677987842820584774e-04
-3.787489840760827065e-04
-3.719493106473237276e-04
-3.734150377567857504e-04
-3.816710959654301405e-04
-3.878051647916436195e-04
-3.569774271454662085e-04
-3.455685509834438562e-04
-3.008778730873018503e-04
-3.229444846510887146e-04
-3.293743648100644350e-04
-3.036036796402186155e-04
-2.041154220933094621e-04
-1.591224863659590483e-04
-1.612083869986236095e-04
-1.598368689883500338e-04
-1.792304101400077343e-04
-2.701092453207820654e-04
-3.107080410700291395e-04
-3.123581409454345703e-04
-2.858906227629631758e-04
-2.942296559922397137e-04
-3.344754804857075214e-04
-3.401985159143805504e-04
-3.768005990423262119e-04
-3.697246429510414600e-04
-3.917572321370244026e-04
-3.190683491993695498e-04
-3.880644799210131168e-04
-3.927005163859575987e-04
-3.907943028025329113e-04
-3.899265429936349392e-04
-3.676625783555209637e-04
-3.592176944948732853e-04
-3.512325347401201725e-04
-3.476334386505186558e-04
-3.033696848433464766e-04
-3.215901670046150684e-04
-3.502888139337301254e-04
-3.052382671739906073e-04
-2.214811975136399269e-04
-1.661338756093755364e-04
-1.601695403223857284e-04
-1.668757031438872218e-04
-1.933193125296384096e-04
-2.928554604295641184e-04
-3.413254453334957361e-04
-3.479455772321671247e-04
-2.851673925761133432e-04
-3.454670368228107691e-04
-3.769694885704666376e-04
-3.769109025597572327e-04
-3.483280015643686056e-04
-3.752754419110715389e-04
-3.555792791303247213e-04
-3.546557563822716475e-04
-3.997224266640841961e-04
-4.345886409282684326e-04
-4.404535284265875816e-04
-4.252798389643430710e-04
-3.934037522412836552e-04
-3.860247670672833920e-04
-3.462408494669944048e-04
-3.056627756450325251e-04
-3.419072018004953861e-04
-3.300662210676819086e-04
-3.273401816841214895e-04
-3.069802187383174896e-04
-2.416674542473629117e-04
-1.634335785638540983e-04
-1.594701898284256458e-04
-1.642283314140513539e-04
-2.083073632093146443e-04
-3.227571432944387197e-04
-3.499792655929923058e-04
-3.274057526141405106e-04
-3.405213647056370974e-04
-3.349726030137389898e-04
-4.007267416454851627e-04
-3.972674021497368813e-04
-4.146933497395366430e-04
-3.961288603022694588e-04
-3.976773296017199755e-04
-3.852199297398328781e-04
-4.242570139467716217e-04
-4.115635529160499573e-04
-4.296147963032126427e-04
-4.331828968133777380e-04
-4.005941445939242840e-04
-3.804098232649266720e-04
-3.565710794646292925e-04
-3.157155297230929136e-04
-3.154667792841792107e-04
-3.462884342297911644e-04
-3.366014279890805483e-04
-3.094687708653509617e-04
-2.380220830673351884e-04
-1.617332891328260303e-04
-1.684369926806539297e-04
-1.613216445548459888e-04
-2.360833314014598727e-04
-3.274987393524497747e-04
-3.499800805002450943e-04
-3.394815139472484589e-04
-3.256048366893082857e-04
-3.593482833821326494e-04
-3.897486312780529261e-04
-4.082210652995854616e-04
-3.821223508566617966e-04
-3.543905331753194332e-04
-4.155413771513849497e-04
-3.600425552576780319e-04
-3.630591672845184803e-04
-4.105434636585414410e-04
-4.290548968128859997e-04
-3.927950165234506130e-04
-3.650811268016695976e-04
-3.541073820088058710e-04
-2.920885162893682718e-04
-2.969830820802599192e-04
-3.127883828710764647e-04
-3.326191799715161324e-04
-3.475202829577028751e-04
-3.096022119279950857e-04
-2.202459290856495500e-04
-1.620340190129354596e-04
-1.558883086545392871e-04
-1.676585088716819882e-04
-2.587239141575992107e-04
-3.315717913210391998e-04
-3.301909018773585558e-04
-3.412872902117669582e-04
-3.315709764137864113e-04
-3.494864213280379772e-04
-3.764448047149926424e-04
-3.746082657016813755e-04
-3.713148180395364761e-04
-3.721249813679605722e-04
-3.606583341024816036e-04
-3.721403481904417276e-04
-3.761571715585887432e-04
-4.159483651164919138e-04
-4.177444498054683208e-04
-4.057448531966656446e-04
-3.798880788963288069e-04
-3.277864598203450441e-04
-2.506590681150555611e-04
-2.638566656969487667e-04
-2.801665395963937044e-04
-3.358328249305486679e-04
-3.238196659367531538e-04
-3.022583550773561001e-04
-2.154763642465695739e-04
-1.621684059500694275e-04
-1.625457225600257516e-04
-1.673131773713976145e-04
-2.709872787818312645e-04
-3.385148884262889624e-04
-3.386315365787595510e-04
-3.467617498245090246e-04
-3.131772391498088837e-04
-3.313494962640106678e-04
-3.665273252408951521e-04
-3.626294201239943504e-04
-3.744757559616118670e-04
-3.883166646119207144e-04
-3.908025682903826237e-04
-3.864944737870246172e-04
-3.973399288952350616e-04
-3.669882717076689005e-04
-4.618394596036523581e-04
-4.056913894601166248e-04
-3.400983987376093864e-04
-2.747643447946757078e-04
-2.659544406924396753e-04
-2.812714956235140562e-04
-3.025846090167760849e-04
-3.336089430376887321e-04
-3.200462961103767157e-04
-2.960440760944038630e-04
-2.082282153423875570e-04
-1.609498722245916724e-04
-1.525358966318890452e-04
-1.643753494136035442e-04
-2.621097955852746964e-04
-3.227795532438904047e-04
-3.636962792370468378e-04
-3.599648189265280962e-04
-3.548375971149653196e-04
-3.137594903819262981e-04
-3.224392130505293608e-04
-3.888511855620890856e-04
-3.705312556121498346e-04
-4.660911799874156713e-04
-4.183994606137275696e-04
-4.036051104776561260e-04
-4.164867859799414873e-04
-4.240310227032750845e-04
-4.066654073540121317e-04
-3.266445710323750973e-04
-2.950937196146696806e-04
-3.000742872245609760e-04
-2.725627564359456301e-04
-3.132232523057609797e-04
-3.280594537500292063e-04
-3.306170401629060507e-04
-3.258434880990535021e-04
-2.808403223752975464e-04
-1.819941535359248519e-04
-1.573811314301565289e-04
-1.574966154294088483e-04
-1.638555841054767370e-04
-2.298906620126217604e-04
-3.232730960007756948e-04
-3.604382218327373266e-04
-3.677437489386647940e-04
-3.586108796298503876e-04
-3.395379753783345222e-04
-3.618988266680389643e-04
-3.905621706508100033e-04
-3.960177418775856495e-04
-4.580312815960496664e-04
-4.598064406309276819e-04
-4.464224912226200104e-04
-4.516915068961679935e-04
-4.414029244799166918e-04
-3.634204040281474590e-04
-3.547655360307544470e-04
-3.220539947506040335e-04
-3.334054199513047934e-04
-3.351897466927766800e-04
-3.343796997796744108e-04
-3.298979718238115311e-04
-3.336729423608630896e-04
-2.979717683047056198e-04
-2.266371157020330429e-04
-1.678743574302643538e-04
-1.539636868983507156e-04
-1.592494372744113207e-04
-1.584509736858308315e-04
-1.945544790942221880e-04
-2.887278969865292311e-04
-3.527581866364926100e-04
-3.923590120393782854e-04
-3.916491405107080936e-04
-4.317116399761289358e-04
-4.304036847315728664e-04
-4.512815503403544426e-04
-4.994351183995604515e-04
-5.173609242774546146e-04
-5.173662793822586536e-04
-4.774367844220250845e-04
-4.104939580429345369e-04
-4.019007028546184301e-04
-3.884318575728684664e-04
-3.692360187415033579e-04
-3.455438127275556326e-04
-3.503291227389127016e-04
-3.495260316412895918e-04
-3.449455543886870146e-04
-3.259762888774275780e-04
-3.107256779912859201e-04
-2.609697694424539804e-04
-1.825257641030475497e-04
-1.654335064813494682e-04
-1.578244555275887251e-04
-1.541238307254388928e-04
-1.567685540067031980e-04
-1.659503759583458304e-04
-2.120361314155161381e-04
-3.022673772647976875e-04
-3.544642531778663397e-04
-3.846926556434482336e-04
-4.146985302213579416e-04
-4.205731383990496397e-04
-4.440305347088724375e-04
-4.881875356659293175e-04
-4.861889465246349573e-04
-4.984404658898711205e-04
-4.491986474022269249e-04
-4.384547937661409378e-04
-3.508995287120342255e-04
-3.568580723367631435e-04
-3.305017016828060150e-04
-3.294802736490964890e-04
-3.246719134040176868e-04
-2.981884754262864590e-04
-2.968657645396888256e-04
-2.858189982362091541e-04
-2.600796578917652369e-04
-1.947518321685492992e-04
-1.665644522290676832e-04
-1.623931748326867819e-04
-1.638295798329636455e-04
-1.540099619887769222e-04
-1.599321403773501515e-04
-1.569151208968833089e-04
-1.709745993139222264e-04
-2.088557957904413342e-04
-2.793112653307616711e-04
-2.942485443782061338e-04
-3.259127843193709850e-04
-3.619631170295178890e-04
-3.729780437424778938e-04
-4.037320904899388552e-04
-4.214000364299863577e-04
-3.957487060688436031e-04
-3.867625782731920481e-04
-3.620689676608890295e-04
-3.185023088008165359e-04
-3.134740982204675674e-04
-2.708166430238634348e-04
-2.767665719147771597e-04
-2.665789215825498104e-04
-2.702477504499256611e-04
-2.549202472437173128e-04
-2.465473371557891369e-04
-2.103468723362311721e-04
-1.735495316097512841e-04
-1.632769417483359575e-04
-1.620113325770944357e-04
-1.545859413454309106e-04
-1.593496854184195399e-04
-1.617113885004073381e-04
-1.590159372426569462e-04
-1.595957874087616801e-04
-1.730403746478259563e-04
-2.163401222787797451e-04
-2.563616435509175062e-04
-2.462520205881446600e-04
-2.549306955188512802e-04
-2.690739347599446774e-04
-2.782170777209103107e-04
-2.726072270888835192e-04
-2.643175539560616016e-04
-2.828284050337970257e-04
-2.556146646384149790e-04
-2.662389015313237906e-04
-2.462204429320991039e-04
-2.457398804835975170e-04
-2.554152160882949829e-04
-2.489772159606218338e-04
-2.522791328374296427e-04
-2.207518118666484952e-04
-1.805965875973924994e-04
-1.629500766284763813e-04
-1.589849853189662099e-04
-1.672426733421161771e-04
-1.571123721078038216e-04
-1.625370787223801017e-04
-1.671457284828647971e-04
-1.599797542439773679e-04
-1.552935573272407055e-04
-1.580235548317432404e-04
-1.614645152585580945e-04
-1.638711837586015463e-04
-1.784707274055108428e-04
-1.929786521941423416e-04
-2.100484853144735098e-04
-2.300398919032886624e-04
-2.547596814110875130e-04
-2.585501933936029673e-04
-2.579305728431791067e-04
-2.566857438068836927e-04
-2.381549711572006345e-04
-2.367274573771283031e-04
-2.413853362668305635e-04
-2.447797742206603289e-04
-2.216771536041051149e-04
-1.878090552054345608e-04
-1.769685477484017611e-04
-1.615911460248753428e-04
-1.618603128008544445e-04
-1.619652757653966546e-04
-1.632207568036392331e-04
-1.574390189489349723e-04
-1.602574484422802925e-04
-1.577522198203951120e-04
