3.299942181911319494e-04
4.831873811781406403e-04
4.561138339340686798e-04
4.561562091112136841e-04
5.089996848255395889e-04
4.549275909084826708e-04
2.253693237435072660e-04
4.226797318551689386e-04
4.588597512338310480e-04
1.092649326892569661e-04
1.622194686206057668e-04
5.084202857688069344e-04
4.644452710635960102e-04
1.937853958224877715e-04
2.571812947280704975e-04
4.141908430028706789e-04
4.200115508865565062e-04
1.230375055456534028e-04
4.923983360640704632e-04
3.986822557635605335e-04
3.794441872742027044e-04
3.255702031310647726e-04
3.844078164547681808e-04
3.376546083018183708e-04
4.168421146459877491e-04
4.147611616645008326e-04
4.023709916509687901e-04
4.642668645828962326e-04
3.034501278307288885e-04
4.682088620029389858e-04
3.062886826228350401e-04
2.203012118116021156e-04
3.575537411961704493e-04
3.592562570702284575e-04
4.490817955229431391e-04
3.962947812397032976e-04
2.593423705548048019e-04
3.579791518859565258e-04
4.722604644484817982e-04
4.238163237459957600e-04
3.106068470515310764e-04
3.740854444913566113e-04
3.197466139681637287e-04
3.705960989464074373e-04
4.590137104969471693e-04
4.598343221005052328e-04
3.036345297005027533e-04
3.690790617838501930e-04
3.726451250258833170e-04
2.978283737320452929e-04
3.000511496793478727e-04
2.373514435021206737e-04
4.543105605989694595e-04
5.153770907782018185e-04
3.561994817573577166e-04
4.745835030917078257e-04
2.946919121313840151e-04
3.313654742669314146e-04
5.044116987846791744e-04
4.675579839386045933e-04
2.038061211351305246e-04
4.607278970070183277e-04
4.453176516108214855e-04
3.133345453534275293e-04
4.348440852481871843e-04
4.022478824481368065e-04
3.565598162822425365e-04
3.613515000324696302e-04
3.910211380571126938e-04
3.807130560744553804e-04
3.825233725365251303e-04
5.141639849171042442e-04
3.957484150305390358e-04
4.303021996747702360e-04
2.931856142822653055e-04
4.383313353173434734e-04
2.611743402667343616e-04
2.549981290940195322e-04
3.947591758333146572e-04
4.787122597917914391e-04
2.937543322332203388e-04
3.914060362149029970e-04
2.360042126383632421e-04
3.755730867851525545e-04
3.589458938222378492e-04
2.692592097446322441e-04
2.891996409744024277e-04
3.509763046167790890e-04
3.083040064666420221e-04
4.171256150584667921e-04
4.333507386036217213e-04
3.591464192140847445e-04
4.234947555232793093e-04
4.531683225650340319e-04
3.006038023158907890e-04
3.918218426406383514e-04
3.955450083594769239e-04
4.605171270668506622e-04
4.648353205993771553e-04
4.565187555272132158e-04
4.180587420705705881e-04
4.516769258771091700e-04
4.200343682896345854e-04
3.781240957323461771e-04
5.030144820921123028e-04
4.316333797760307789e-04
4.044787492603063583e-04
4.420527839101850986e-04
8.588641503592953086e-05
2.209665399277582765e-04
5.303466459736227989e-04
4.502481606323271990e-04
4.296426486689597368e-04
4.349861701484769583e-04
3.080799651797860861e-04
3.205993562005460262e-04
4.144541744608432055e-04
3.096865257248282433e-04
4.210777115076780319e-04
4.123049729969352484e-04
3.703581169247627258e-04
4.265099414624273777e-04
3.816881799139082432e-04
4.784534976352006197e-04
3.758504171855747700e-04
2.189890656154602766e-04
2.930724585894495249e-04
4.005959490314126015e-04
4.334313271101564169e-04
3.154934383928775787e-04
4.062087682541459799e-04
2.224444906460121274e-04
3.873918612953275442e-04
3.664513351395726204e-04
3.357971145305782557e-04
4.066949768457561731e-04
3.542859049048274755e-04
3.405616444069892168e-04
-1.572849214426241815e-05
3.490333911031484604e-04
3.131820703856647015e-04
4.097631026525050402e-04
3.741870168596506119e-04
5.764625966548919678e-04
4.712124355137348175e-04
2.352560259168967605e-04
3.611490246839821339e-04
4.309305804781615734e-04
1.897130860015749931e-04
3.106757940258830786e-04
3.995397419203072786e-04
1.230672787642106414e-04
4.316286649554967880e-04
3.655414620880037546e-04
4.375563876237720251e-04
4.232140199746936560e-04
3.931207465939223766e-04
5.008067819289863110e-04
5.164977046661078930e-04
3.636903711594641209e-04
3.316304646432399750e-04
4.263464070390909910e-04
3.094257263001054525e-04
4.078231868334114552e-04
3.891810774803161621e-04
3.559484030120074749e-04
4.102125240024179220e-04
2.097250689985230565e-04
2.986016625072807074e-04
4.748551873490214348e-04
4.230746708344668150e-04
1.873584988061338663e-04
4.283099260646849871e-04
4.856508458033204079e-04
4.118513897992670536e-04
4.613657947629690170e-04
3.514504933264106512e-04
3.836579853668808937e-04
1.553300680825486779e-04
3.863279707729816437e-04
4.117008065804839134e-04
4.062241932842880487e-04
5.790249560959637165e-04
3.984822251368314028e-04
4.917840124107897282e-04
2.571886579971760511e-04
3.888844221364706755e-04
3.658864006865769625e-04
3.509037778712809086e-04
3.223852545488625765e-04
3.715220955200493336e-04
5.021110409870743752e-04
3.301844408269971609e-04
5.255841533653438091e-04
4.325008776504546404e-04
3.757190715987235308e-04
2.838711661752313375e-04
3.772096824832260609e-04
3.162769426126033068e-04
1.872639550128951669e-04
3.721223911270499229e-04
4.249508783686906099e-04
4.336250713095068932e-04
5.126493633724749088e-04
7.768130308249965310e-05
4.733154783025383949e-04
3.457835409790277481e-04
5.149496137164533138e-04
4.845016228500753641e-04
3.301762335468083620e-04
3.269925073254853487e-04
3.289447922725230455e-04
3.771195479203015566e-04
4.798524605575948954e-04
4.555831546895205975e-04
4.916352918371558189e-04
4.212396452203392982e-04
4.410553083289414644e-04
3.743335255421698093e-04
3.227066190447658300e-04
2.592271775938570499e-04
4.201848641969263554e-04
3.449164505582302809e-04
8.249397797044366598e-05
4.425334045663475990e-04
