-2.325857058167457581e-04 -1.405841321684420109e-04 -1.611922343727201223e-04 -2.696049050427973270e-04 -2.447768347337841988e-04 -2.518047695048153400e-04 -1.833967253332957625e-04 -2.294753649039193988e-04 -2.602124295663088560e-04 -2.690603432711213827e-04
-2.755886525847017765e-04 -1.260609715245664120e-04 -2.386560227023437619e-04 -2.581869775895029306e-04 -1.635937514947727323e-04 -2.452660701237618923e-04 -2.375697513343766332e-04 -1.246070169145241380e-04 -2.561966248322278261e-04 -1.948731078300625086e-04
-2.259704488096758723e-04 -6.853148806840181351e-05 -2.114417438860982656e-04 -2.143104502465575933e-04 -1.629173348192125559e-04 -1.889093546196818352e-04 -2.066163287963718176e-04 -1.055860120686702430e-04 -2.013340126723051071e-04 -1.533097965875640512e-04
-3.165623638778924942e-04 -2.836746862158179283e-04 -3.429347416386008263e-04 -3.769961185753345490e-04 -3.294554189778864384e-04 -3.222086816094815731e-04 -2.873420889955013990e-04 -4.061586514580994844e-04 -3.239215293433517218e-04 -3.150354314129799604e-04
-3.250163863413035870e-04 -1.651261554798111320e-04 -3.043726319447159767e-04 -3.531292895786464214e-04 -3.015631518792361021e-04 -3.002613957505673170e-04 -2.872913901228457689e-04 -3.405820461921393871e-04 -3.024561156053096056e-04 -3.422165464144200087e-04
-4.284472379367798567e-04 -4.810990940313786268e-04 -5.150563083589076996e-04 -4.067484696861356497e-04 -5.047708400525152683e-04 -4.560222150757908821e-04 -4.429711552802473307e-04 -4.719278949778527021e-04 -4.570414603222161531e-04 -4.904688103124499321e-04
-3.465975751169025898e-04 -2.316481404704973102e-04 -3.484308836050331593e-04 -3.391589852981269360e-04 -3.083569463342428207e-04 -3.120197216048836708e-04 -3.329234023112803698e-04 -2.364201791351661086e-04 -3.166708629578351974e-04 -2.902522974181920290e-04
-4.991845926269888878e-04 -4.243974108248949051e-04 -3.836440155282616615e-04 -4.171992186456918716e-04 -4.159631207585334778e-04 -4.652171337511390448e-04 -4.136429633945226669e-04 -4.196224908810108900e-04 -4.356003773864358664e-04 -4.340207087807357311e-04
-2.936520322691649199e-04 -1.518005010439082980e-04 -1.560590171720832586e-04 -2.602876338642090559e-04 -2.167437050957232714e-04 -2.763892407529056072e-04 -1.543075923109427094e-04 -3.337928210385143757e-04 -2.918697136919945478e-04 -3.012661763932555914e-04
-2.121405996149405837e-04 -2.808642457239329815e-04 -4.104493418708443642e-04 -2.935896918643265963e-04 -3.762225969694554806e-04 -2.687520172912627459e-04 -3.520758764352649450e-04 -3.664521500468254089e-04 -3.956208529416471720e-04 -4.012526187580078840e-04
-2.847473078873008490e-04 -2.886298461817204952e-04 -3.668278222903609276e-04 -3.278429212514311075e-04 -2.972992660943418741e-04 -3.021422598976641893e-04 -2.709895197767764330e-04 -2.958352852147072554e-04 -3.173022123519331217e-04 -2.783699019346386194e-04
-2.157785056624561548e-04 -8.371584408450871706e-05 -1.408283278578892350e-04 -2.290510747116059065e-04 -2.067523892037570477e-04 -2.160230797016993165e-04 -1.560821838211268187e-04 -2.301690401509404182e-04 -2.196569839725270867e-04 -2.360390353715047240e-04
-3.106695949099957943e-04 -2.042972046183422208e-04 -2.781578223221004009e-04 -2.996870025526732206e-04 -1.782376057235524058e-04 -2.705803490243852139e-04 -1.976181229110807180e-04 -1.593631313880905509e-04 -2.898378588724881411e-04 -2.271205012220889330e-04
-4.918621270917356014e-04 -3.778377140406519175e-04 -3.708062286023050547e-04 -4.754908150061964989e-04 -4.482089134398847818e-04 -4.466317186597734690e-04 -4.054112941958010197e-04 -3.930778184439986944e-04 -3.983686619903892279e-04 -4.248351324349641800e-04
-4.620221152435988188e-04 -5.154011887498199940e-04 -5.887640290893614292e-04 -4.673412477131932974e-04 -4.952942836098372936e-04 -4.853887658100575209e-04 -4.852559650316834450e-04 -5.843757535330951214e-04 -4.984977422282099724e-04 -5.202102474868297577e-04
-3.025050682481378317e-04 -1.351807004539296031e-04 -2.575518155936151743e-04 -2.667357621248811483e-04 -1.754019467625766993e-04 -2.598136197775602341e-04 -2.623203035909682512e-04 -9.620458877179771662e-05 -2.302033244632184505e-04 -1.699549029581248760e-04
-3.698017972055822611e-04 -2.982011064887046814e-04 -3.853195521514862776e-04 -3.235548792872577906e-04 -3.350537735968828201e-04 -3.349136968608945608e-04 -3.923069452866911888e-04 -2.891080221161246300e-04 -3.336098743602633476e-04 -3.397353866603225470e-04
-2.188709622714668512e-04 -2.759085327852517366e-04 -2.306515234522521496e-04 -2.770781575236469507e-04 -2.255057479487732053e-04 -2.666354121174663305e-04 -1.935030886670574546e-04 -2.693402639124542475e-04 -2.470321196597069502e-04 -2.617157879285514355e-04
-1.897874462883919477e-04 -4.233304207446053624e-05 -1.593592460267245770e-04 -1.894642919069156051e-04 -2.119663258781656623e-04 -1.692656660452485085e-04 -1.391017431160435081e-04 -2.442359109409153461e-04 -2.016073412960395217e-04 -2.375854091951623559e-04
-2.691379340831190348e-04 -1.526700070826336741e-04 -2.440853277221322060e-04 -2.339778293389827013e-04 -1.389434910379350185e-04 -2.298745384905487299e-04 -2.477873058523982763e-04 -7.425938383676111698e-05 -2.111825160682201385e-04 -1.274476962862536311e-04
-3.914685221388936043e-04 -3.258711949456483126e-04 -3.107090888079255819e-04 -3.962206828873604536e-04 -3.236045886296778917e-04 -3.638619091361761093e-04 -3.821014834102243185e-04 -3.441570443101227283e-04 -3.651278675533831120e-04 -3.499877930153161287e-04
-3.096329164691269398e-04 -2.346107357880100608e-04 -2.969497290905565023e-04 -2.636369899846613407e-04 -2.685203508008271456e-04 -2.022806584136560559e-04 -1.918241614475846291e-04 -3.244100953452289104e-04 -2.784697862807661295e-04 -2.646741631906479597e-04
-2.565856848377734423e-04 -2.501941926311701536e-04 -3.171021817252039909e-04 -3.270624147262424231e-04 -2.101181889884173870e-04 -2.519221161492168903e-04 -2.983802696689963341e-04 -1.883586082840338349e-04 -2.897666417993605137e-04 -1.928970596054568887e-04
-5.746097303926944733e-04 -4.887240356765687466e-04 -4.427867825143039227e-04 -6.072990363463759422e-04 -4.968834691680967808e-04 -5.953592481091618538e-04 -4.564479168038815260e-04 -5.624030600301921368e-04 -5.053993663750588894e-04 -5.355117027647793293e-04
-2.542625588830560446e-04 -1.183926869998686016e-04 -2.251733239972963929e-04 -2.588561037555336952e-04 -1.818996097426861525e-04 -2.355007745791226625e-04 -2.587606431916356087e-04 -1.580485113663598895e-04 -2.474916400387883186e-04 -2.025192079599946737e-04
-2.532576327212154865e-04 -4.912076838081702590e-05 -2.139547868864610791e-04 -2.339827042305842042e-04 -1.754878903739154339e-04 -2.066107263090088964e-04 -2.446717116981744766e-04 -6.805777957197278738e-05 -2.007775474339723587e-04 -1.506342669017612934e-04
-5.297988536767661572e-04 -6.036999402567744255e-04 -6.322354311123490334e-04 -5.186079652048647404e-04 -5.781303625553846359e-04 -5.443267873488366604e-04 -5.842861719429492950e-04 -5.154146929271519184e-04 -5.183141911402344704e-04 -5.368595011532306671e-04
-1.316572015639394522e-04 -2.081846760120242834e-04 -2.365549880778416991e-04 -2.820535446517169476e-04 -2.841954119503498077e-04 -2.381813974352553487e-04 -1.913922897074371576e-04 -2.913188654929399490e-04 -2.597720886114984751e-04 -2.907003508880734444e-04
-4.645813023671507835e-04 -5.395812331698834896e-04 -5.205240449868142605e-04 -4.913625889457762241e-04 -5.575209506787359715e-04 -5.161843728274106979e-04 -6.546911899931728840e-04 -5.226500798016786575e-04 -4.926163819618523121e-04 -5.664016352966427803e-04
-2.735930029302835464e-04 -3.932668769266456366e-04 -3.431152435950934887e-04 -3.661375376395881176e-04 -2.899514220189303160e-04 -3.149216354358941317e-04 -2.684789360500872135e-04 -3.531746915541589260e-04 -3.290124004706740379e-04 -3.040827577933669090e-04
-5.008572479709982872e-04 -3.002907324116677046e-04 -4.090491565875709057e-04 -3.963227791246026754e-04 -3.971468249801546335e-04 -4.470270068850368261e-04 -4.388570669107139111e-04 -3.008075291290879250e-04 -3.396568936295807362e-04 -3.403783775866031647e-04
-2.559729618951678276e-04 -3.755131328944116831e-04 -3.303497214801609516e-04 -3.162820939905941486e-04 -3.309456224087625742e-04 -3.862131852656602859e-04 -3.365302982274442911e-04 -3.165388479828834534e-04 -3.452114469837397337e-04 -3.081719041801989079e-04
-3.150693082716315985e-04 -3.751975600607693195e-04 -3.554164723027497530e-04 -3.070390666835010052e-04 -3.022306482307612896e-04 -3.188047558069229126e-04 -3.272577596362680197e-04 -3.787876921705901623e-04 -3.111633704975247383e-04 -3.184777451679110527e-04
-3.097985463682562113e-04 -2.316675527254119515e-04 -3.088591620326042175e-04 -2.233904233435168862e-04 -1.612262858543545008e-04 -2.283631765749305487e-04 -3.184796660207211971e-04 -1.470120041631162167e-04 -2.432233886793255806e-04 -1.473945303587242961e-04
-3.403011942282319069e-04 -3.217173798475414515e-04 -2.848860749509185553e-04 -3.559445030987262726e-04 -2.962396247312426567e-04 -3.361128910910338163e-04 -3.067527140956372023e-04 -3.174594603478908539e-04 -3.223971871193498373e-04 -3.030300722457468510e-04
-2.987563493661582470e-04 -1.301904267165809870e-04 -2.580662549007683992e-04 -2.073341020150110126e-04 -1.942684466484934092e-04 -2.366498374613001943e-04 -2.581283915787935257e-04 -1.565877173561602831e-04 -2.496573724783957005e-04 -1.462979707866907120e-04
-2.616390993352979422e-04 -1.694873499218374491e-04 -2.371435548411682248e-04 -2.863098343368619680e-04 -2.263779024360701442e-04 -2.694666618481278419e-04 -1.425205991836264729e-04 -2.412006288068369031e-04 -2.673627459444105625e-04 -2.148971398128196597e-04
-1.874225272331386805e-04 5.692876948160119355e-05 -1.300614967476576567e-04 -1.359023008262738585e-04 -1.611037150723859668e-04 -1.299538416787981987e-04 -1.357598666800186038e-04 -1.363481569569557905e-04 -9.987570956582203507e-05 -1.576291979290544987e-04
-1.330948289250954986e-04 -2.364173560636118054e-04 -2.372010785620659590e-04 -2.483178395777940750e-04 -2.384011895628646016e-04 -2.121848083334043622e-04 -2.235963183920830488e-04 -2.449369931127876043e-04 -2.640952880028635263e-04 -2.651260001584887505e-04
-3.500240854918956757e-04 -3.562391793821007013e-04 -4.128627479076385498e-04 -3.153400029987096786e-04 -5.149302305653691292e-04 -3.516649012453854084e-04 -4.607731534633785486e-04 -4.815947322640568018e-04 -3.498645091895014048e-04 -4.922318039461970329e-04
-4.191352345515042543e-04 -1.320248848060145974e-04 -2.755363238975405693e-04 -3.249167057219892740e-04 -3.263977996539324522e-04 -3.122231864836066961e-04 -3.495935234241187572e-04 -3.007415507454425097e-04 -2.319676423212513328e-04 -3.089891979470849037e-04
-2.908811438828706741e-04 -3.727783623617142439e-04 -3.483906621113419533e-04 -3.861240984406322241e-04 -3.297002695035189390e-04 -3.369521582499146461e-04 -3.187527181580662727e-04 -3.830793430097401142e-04 -3.403882146812975407e-04 -3.014128305949270725e-04
-1.703204179648309946e-04 -2.361467631999403238e-04 -1.892379368655383587e-04 -1.239504636032506824e-04 -2.009330200962722301e-04 -2.039869141299277544e-04 -2.400649245828390121e-04 -2.161421725759282708e-04 -2.072779752779752016e-04 -2.162650198442861438e-04
-5.218246369622647762e-04 -4.559317603707313538e-04 -4.378741723485291004e-04 -4.843403876293450594e-04 -4.759403527714312077e-04 -4.903257940895855427e-04 -4.451031563803553581e-04 -3.995735896751284599e-04 -4.782894102390855551e-04 -4.329868534114211798e-04
-2.677821321412920952e-04 -2.763408992905169725e-04 -1.621568808332085609e-04 -3.092875704169273376e-04 -1.270832144655287266e-04 -2.775680331978946924e-04 -1.575655624037608504e-04 -1.826057705329731107e-04 -2.605866466183215380e-04 -1.854042347986251116e-04
-1.839188043959438801e-04 3.910652230842970312e-05 -1.031155261443927884e-04 -1.283960882574319839e-04 -1.292989181820303202e-04 -1.478093618061393499e-04 -1.614130887901410460e-04 -1.320059527643024921e-04 -1.382923946948722005e-04 -1.618550159037113190e-04
-4.916815087199211121e-04 -5.228198715485632420e-04 -4.958280478604137897e-04 -4.614526405930519104e-04 -4.475844325497746468e-04 -5.206048372201621532e-04 -4.336146812420338392e-04 -4.725439939647912979e-04 -5.140126449987292290e-04 -4.613128548953682184e-04
-5.932128988206386566e-04 -4.102354869246482849e-04 -4.346787463873624802e-04 -5.427823634818196297e-04 -4.297177074477076530e-04 -5.145744071342051029e-04 -4.420322366058826447e-04 -5.327115068212151527e-04 -4.373876727186143398e-04 -4.486095567699521780e-04
-1.756333222147077322e-04 -3.738037485163658857e-04 -3.864977043122053146e-04 -2.509644255042076111e-04 -3.630646970123052597e-04 -2.440637908875942230e-04 -3.778341051656752825e-04 -3.158235631417483091e-04 -3.547361411619931459e-04 -3.396979300305247307e-04
-2.050949551630765200e-04 -2.064455766230821609e-04 -3.260940720792859793e-04 -1.775702403392642736e-04 -3.242082602810114622e-04 -2.214940323028713465e-04 -3.682046371977776289e-04 -3.319810784887522459e-04 -2.770564751699566841e-04 -3.302799595985561609e-04
-2.110215864377096295e-04 -2.386122796451672912e-04 -2.690547844395041466e-04 -2.676046860869973898e-04 -3.293712507002055645e-04 -3.060709568671882153e-04 -3.236555203329771757e-04 -3.685607516672462225e-04 -3.264105180278420448e-04 -3.294660709798336029e-04
-4.799211455974727869e-04 -4.223212017677724361e-04 -4.281266301404684782e-04 -4.588385927490890026e-04 -4.580839304253458977e-04 -4.618318926077336073e-04 -4.926625988446176052e-04 -3.842625592369586229e-04 -4.766787751577794552e-04 -4.294031241443008184e-04
-3.175608580932021141e-04 -1.174691496999002993e-04 -1.905829267343506217e-04 -1.882201613625511527e-04 -3.302434051875025034e-04 -2.917519304901361465e-04 -2.813876199070364237e-04 -3.542956255842000246e-04 -2.889800525736063719e-04 -3.527076332829892635e-04
-1.176962978206574917e-04 -3.065642667934298515e-04 -2.292457502335309982e-04 -2.994305104948580265e-04 -2.432309847790747881e-04 -2.236250875284895301e-04 -2.269061078550294042e-04 -2.747901016846299171e-04 -2.524185983929783106e-04 -2.517777611501514912e-04
-3.959708265028893948e-04 -1.065069154719822109e-04 -2.809296420309692621e-04 -3.167758695781230927e-04 -3.024293982889503241e-04 -3.216224431525915861e-04 -3.282382676843553782e-04 -2.394298935541883111e-04 -2.288024261360988021e-04 -2.873233170248568058e-04
-4.404792271088808775e-04 -3.826902539003640413e-04 -4.394347779452800751e-04 -3.748330054804682732e-04 -4.076568584423512220e-04 -4.165646969340741634e-04 -4.542607057373970747e-04 -4.218370595481246710e-04 -4.261783906258642673e-04 -4.269932687748223543e-04
-2.911624906118959188e-04 -2.039114915532991290e-04 -2.587252529338002205e-04 -1.482387888245284557e-04 -1.851867709774523973e-04 -2.092416252708062530e-04 -2.869871095754206181e-04 -2.114238741341978312e-04 -2.074858784908428788e-04 -1.914274034788832068e-04
-3.421868314035236835e-04 -4.001997585874050856e-04 -3.572743735276162624e-04 -3.604750090744346380e-04 -5.328883999027311802e-04 -4.167350707575678825e-04 -3.775825025513768196e-04 -4.968491266481578350e-04 -3.581043274607509375e-04 -5.256011500023305416e-04
-1.644753501750528812e-04 8.852175233187153935e-05 -1.183818458230234683e-04 -1.388318632962182164e-04 -1.595297508174553514e-04 -1.310358056798577309e-04 -1.516146730864420533e-04 -1.562718098284676671e-04 -1.044305972754955292e-04 -1.639143738429993391e-04
-2.641479077283293009e-04 -1.727471390040591359e-04 -2.451236359775066376e-04 -2.358871279284358025e-04 -2.159467112505808473e-04 -2.200253511546179652e-04 -1.088633434846997261e-04 -2.304495283169671893e-04 -2.630360540933907032e-04 -2.084724255837500095e-04
-2.927101450040936470e-04 -4.101615049876272678e-04 -4.223463474772870541e-04 -2.658387238625437021e-04 -3.324468561913818121e-04 -2.820513036567717791e-04 -4.085188847966492176e-04 -3.187389520462602377e-04 -3.253031754866242409e-04 -2.964860177598893642e-04
-5.352951702661812305e-04 -3.870160144288092852e-04 -4.888104158453643322e-04 -4.616864316631108522e-04 -4.251942154951393604e-04 -4.475851019378751516e-04 -5.551988142542541027e-04 -3.698211512528359890e-04 -3.937543078791350126e-04 -4.082279920112341642e-04
-3.859103890135884285e-04 -4.624256980605423450e-04 -4.255592648405581713e-04 -4.098258214071393013e-04 -3.829034103546291590e-04 -3.914463450200855732e-04 -3.478227590676397085e-04 -4.104867402929812670e-04 -4.086650442332029343e-04 -3.718912776093930006e-04
-2.689366519916802645e-04 -4.036753089167177677e-04 -3.913574619218707085e-04 -4.548620781861245632e-04 -3.446817572694271803e-04 -4.242994473315775394e-04 -3.456223348621279001e-04 -3.680995141621679068e-04 -4.266579926479607821e-04 -3.638500929810106754e-04
-5.049325409345328808e-04 -4.062147636432200670e-04 -4.453005967661738396e-04 -4.568441654555499554e-04 -4.320636217016726732e-04 -4.481737851165235043e-04 -4.642662534024566412e-04 -3.537959710229188204e-04 -4.127808206249028444e-04 -4.098651406820863485e-04
-2.798375207930803299e-04 -3.710913297254592180e-04 -2.828702563419938087e-04 -3.447741619311273098e-04 -4.176254151389002800e-04 -3.863384190481156111e-04 -3.189796407241374254e-04 -4.433239810168743134e-04 -4.063108935952186584e-04 -4.589284944813698530e-04
-5.863766418769955635e-04 -5.497321835719048977e-04 -4.770301748067140579e-04 -6.228032289072871208e-04 -5.352564621716737747e-04 -6.160917109809815884e-04 -4.998893127776682377e-04 -5.551030044443905354e-04 -5.426278221420943737e-04 -5.442243418656289577e-04
-3.205926623195409775e-04 -3.022138553205877542e-04 -3.898383583873510361e-04 -3.147149109281599522e-04 -3.124311333522200584e-04 -3.274063928984105587e-04 -3.654377360362559557e-04 -2.541443391237407923e-04 -3.561048069968819618e-04 -3.201742656528949738e-04
-4.143529804423451424e-04 -4.884924273937940598e-04 -3.841234138235449791e-04 -4.160586104262620211e-04 -4.058749182149767876e-04 -4.544929252006113529e-04 -4.248427576385438442e-04 -4.515483742579817772e-04 -4.277934203855693340e-04 -4.233466170262545347e-04
-4.547817225102335215e-04 -2.597726997919380665e-04 -3.660473448690026999e-04 -3.488023357931524515e-04 -3.703323600348085165e-04 -3.343674761708825827e-04 -3.869202919304370880e-04 -2.978399279527366161e-04 -3.400753485038876534e-04 -3.600157215259969234e-04
-3.658186760731041431e-04 -6.648086127825081348e-05 -2.470173349138349295e-04 -2.309343690285459161e-04 -3.206921974197030067e-04 -2.579643041826784611e-04 -3.031167434528470039e-04 -2.824518887791782618e-04 -2.063429274130612612e-04 -2.722225326579064131e-04
-4.695660609286278486e-04 -4.447170940693467855e-04 -4.555347841233015060e-04 -4.595658101607114077e-04 -5.285349325276911259e-04 -5.175417172722518444e-04 -4.761622112710028887e-04 -3.869707288686186075e-04 -4.696569812949746847e-04 -4.631991905625909567e-04
-5.781499203294515610e-04 -5.270373076200485229e-04 -4.912918666377663612e-04 -5.682596820406615734e-04 -5.280194454826414585e-04 -5.722925998270511627e-04 -5.097152316011488438e-04 -5.462818662635982037e-04 -4.911135765723884106e-04 -5.096113309264183044e-04
-2.670440590009093285e-04 -1.452085853088647127e-04 -2.637337020132690668e-04 -2.597516286186873913e-04 -1.399502798449248075e-04 -2.277928288094699383e-04 -2.695065631996840239e-04 -8.164710015989840031e-05 -2.272620040457695723e-04 -1.298771385336294770e-04
-3.686791751533746719e-04 -4.246096359565854073e-04 -3.740625106729567051e-04 -3.383286821190267801e-04 -3.816761018242686987e-04 -3.545954532455652952e-04 -3.840967547148466110e-04 -3.440717991907149553e-04 -3.649643040262162685e-04 -3.958457382395863533e-04
-3.389744670130312443e-04 -2.524373703636229038e-04 -2.504241419956088066e-04 -3.013341047335416079e-04 -2.497245150152593851e-04 -3.106212243437767029e-04 -3.047591599170118570e-04 -2.280333719681948423e-04 -2.466927107889205217e-04 -2.460562391206622124e-04
-2.984304446727037430e-04 -5.077788373455405235e-04 -5.009156884625554085e-04 -5.000141100026667118e-04 -3.690109297167509794e-04 -4.165888822171837091e-04 -4.062375810462981462e-04 -3.640201757661998272e-04 -4.558739310596138239e-04 -3.823823644779622555e-04
-2.442340191919356585e-04 -3.921885945601388812e-05 -1.831682457122951746e-04 -2.308063412783667445e-04 -1.924251992022618651e-04 -2.015403733821585774e-04 -2.215124259237200022e-04 -1.763709442457184196e-04 -1.836633455241099000e-04 -2.193966065533459187e-04
-1.839840988395735621e-04 -1.758320868248119950e-04 -1.904395467136055231e-04 -2.065783337457105517e-04 -1.994277845369651914e-04 -1.704068126855418086e-04 -4.165466089034453034e-05 -2.337504265597090125e-04 -1.950847072293981910e-04 -2.216364810010418296e-04
-3.460549050942063332e-04 -4.337618011049926281e-04 -4.658074758481234312e-04 -3.795794618781656027e-04 -4.140472738072276115e-04 -4.230415506754070520e-04 -3.805765591096132994e-04 -4.200857074465602636e-04 -4.333580727688968182e-04 -4.140663077123463154e-04
-3.916191926691681147e-04 -3.376525128260254860e-04 -3.371989587321877480e-04 -3.250000881962478161e-04 -3.184234083164483309e-04 -3.364695876371115446e-04 -3.149872063659131527e-04 -2.693228598218411207e-04 -2.945453161373734474e-04 -2.733881701715290546e-04
-2.970953646581619978e-04 -4.233047366142272949e-04 -2.630532835610210896e-04 -2.957615361083298922e-04 -3.312224289402365685e-04 -3.485909255687147379e-04 -3.864831232931464911e-04 -3.477611753623932600e-04 -3.020073927473276854e-04 -3.604920057114213705e-04
-4.620386171154677868e-04 -5.156411207281053066e-04 -4.459253104869276285e-04 -4.084880056325346231e-04 -5.395292537286877632e-04 -4.896844038739800453e-04 -4.658554680645465851e-04 -5.184335168451070786e-04 -4.370770766399800777e-04 -4.895687452517449856e-04
-7.611924957018345594e-05 -2.503121213521808386e-04 -1.847065432230010629e-04 -2.409263979643583298e-04 -2.139356947736814618e-04 -2.284828078700229526e-04 -2.132593363057821989e-04 -1.653206272749230266e-04 -2.759493072517216206e-04 -2.319263730896636844e-04
-3.247593704145401716e-04 -4.303438472561538219e-04 -3.725446877069771290e-04 -4.101324302610009909e-04 -4.626928421203047037e-04 -4.030282434541732073e-04 -3.765787987504154444e-04 -4.306810733396559954e-04 -3.849308995995670557e-04 -4.406320804264396429e-04
-3.970607067458331585e-04 -3.188416885677725077e-04 -3.000157303176820278e-04 -3.696217900142073631e-04 -3.095935389865189791e-04 -3.904505283571779728e-04 -2.915639197453856468e-04 -3.867058258038014174e-04 -3.582249337341636419e-04 -3.347931778989732265e-04
-4.792445106431841850e-04 -5.234323325566947460e-04 -5.461272085085511208e-04 -4.934020107612013817e-04 -4.495464672800153494e-04 -5.188164650462567806e-04 -4.606913425959646702e-04 -5.764389643445611000e-04 -4.948670975863933563e-04 -4.864047514274716377e-04
-2.353860327275469899e-04 -2.449423773214221001e-04 -2.303771761944517493e-04 -2.839925000444054604e-04 -1.781727187335491180e-04 -2.633766562212258577e-04 -1.488004054408520460e-04 -2.633617550600320101e-04 -3.079719899687916040e-04 -2.779805508907884359e-04
-3.533841518219560385e-04 -1.194059805129654706e-04 -2.520678681321442127e-04 -2.502519637346267700e-04 -3.444308531470596790e-04 -2.983208396472036839e-04 -3.320767718832939863e-04 -3.372553910594433546e-04 -2.354346070205792785e-04 -3.373795188963413239e-04
-3.212014562450349331e-04 -3.951520193368196487e-04 -2.834037004504352808e-04 -3.599399351514875889e-04 -3.838058037217706442e-04 -4.035269375890493393e-04 -3.128539246972650290e-04 -3.566313826013356447e-04 -3.784246800933033228e-04 -4.133555921725928783e-04
-2.822158567141741514e-04 -3.021376614924520254e-04 -2.823760441970080137e-04 -2.405640261713415384e-04 -3.185103705618530512e-04 -2.939307014457881451e-04 -3.111086261924356222e-04 -2.723839425016194582e-04 -3.049081424251198769e-04 -3.185522218700498343e-04
-4.115540359634906054e-04 -1.880075724329799414e-04 -3.350265615154057741e-04 -2.118796692229807377e-04 -4.337591235525906086e-04 -2.938283141702413559e-04 -4.083298263140022755e-04 -3.620702191255986691e-04 -2.563005837146192789e-04 -3.932344552595168352e-04
-4.431942943483591080e-04 -2.754600718617439270e-04 -3.442431625444442034e-04 -3.287844301667064428e-04 -3.246545966248959303e-04 -3.434190584812313318e-04 -4.096364136785268784e-04 -2.876243670471012592e-04 -3.257184289395809174e-04 -3.011250519193708897e-04
-4.273507511243224144e-04 -3.328991006128489971e-04 -2.816279302351176739e-04 -3.059250302612781525e-04 -3.525924112182110548e-04 -3.727877337951213121e-04 -3.328164748381823301e-04 -3.358644898980855942e-04 -2.993914531543850899e-04 -3.409127239137887955e-04
-3.793792566284537315e-04 -3.225449472665786743e-04 -3.524126950651407242e-04 -4.030990821775048971e-04 -3.371667698957026005e-04 -3.674221225082874298e-04 -3.752173215616494417e-04 -2.904893481172621250e-04 -3.885524929501116276e-04 -3.483701730147004128e-04
-4.468735714908689260e-04 -4.870485572610050440e-04 -4.288933123461902142e-04 -4.091219743713736534e-04 -4.458753392100334167e-04 -4.955882322974503040e-04 -4.377892182674258947e-04 -4.188779857940971851e-04 -4.191209154669195414e-04 -4.337445134297013283e-04
-3.515630087349563837e-04 -3.837218682747334242e-04 -3.687696880660951138e-04 -2.648035297170281410e-04 -3.124014183413237333e-04 -2.767659025266766548e-04 -2.791365550365298986e-04 -3.193000156898051500e-04 -3.459869767539203167e-04 -3.082903858739882708e-04
-2.309616684215143323e-04 -1.506718836026266217e-04 -2.195818087784573436e-04 -2.092311915475875139e-04 -5.914416760788299143e-05 -1.672744110692292452e-04 -2.135538525180891156e-04 -3.252562601119279861e-05 -1.811835245462134480e-04 -4.274136517778970301e-05
-3.792835632339119911e-04 -3.848868364002555609e-04 -4.153385234531015158e-04 -3.652349987532943487e-04 -3.050285740755498409e-04 -3.682395617943257093e-04 -4.846116062253713608e-04 -2.549376513343304396e-04 -3.044789191335439682e-04 -2.563554444350302219e-04
-3.930458042304962873e-04 -3.240171645302325487e-04 -3.155044105369597673e-04 -2.942372811958193779e-04 -3.697506326716393232e-04 -3.857432748191058636e-04 -3.528305969666689634e-04 -3.914442204404622316e-04 -3.701131208799779415e-04 -3.580235934350639582e-04
-3.167465620208531618e-04 -2.018263185163959861e-04 -2.682140620891004801e-04 -2.768178819678723812e-04 -1.899374183267354965e-04 -2.472629130352288485e-04 -3.172865835949778557e-04 -2.160016301786527038e-04 -2.436231443425640464e-04 -1.684111193753778934e-04
-2.023627457674592733e-04 -1.302574091823771596e-04 -1.654247607802972198e-04 -1.968470605788752437e-04 -1.153910125140100718e-04 -1.988452713703736663e-04 -1.115934646804817021e-04 -1.465215173084288836e-04 -1.897723559523001313e-04 -1.156714497483335435e-04
-2.761739888228476048e-04 -2.577802224550396204e-04 -2.518503752071410418e-04 -2.935830852948129177e-04 -1.838018215494230390e-04 -2.955965464934706688e-04 -2.549838682170957327e-04 -2.011016476899385452e-04 -3.066018107347190380e-04 -2.313304285053163767e-04
-3.349292092025279999e-04 -1.378540036967024207e-04 -2.469454193487763405e-04 -2.154464018531143665e-04 -3.142209607176482677e-04 -2.411651803413406014e-04 -2.244953793706372380e-04 -3.299995150882750750e-04 -2.736339520197361708e-04 -3.059630980715155602e-04
-3.965051437262445688e-04 -3.918591828551143408e-04 -2.741674252320080996e-04 -2.926996967289596796e-04 -4.101363592781126499e-04 -3.649691061582416296e-04 -3.607580147217959166e-04 -4.084151878487318754e-04 -3.927623620256781578e-04 -3.949081583414226770e-04
-3.669283760245889425e-04 -2.938340767286717892e-04 -3.039062721654772758e-04 -3.072468098253011703e-04 -3.214266616851091385e-04 -3.734721685759723186e-04 -2.671149268280714750e-04 -3.231911396142095327e-04 -3.917551948688924313e-04 -2.965214953292161226e-04
-4.331775999162346125e-04 -3.137660969514399767e-04 -3.615400055423378944e-04 -3.451963711995631456e-04 -3.694132610689848661e-04 -3.540487086866050959e-04 -3.914763801731169224e-04 -3.452865057624876499e-04 -3.450522781349718571e-04 -3.546075895428657532e-04
-2.616476558614522219e-04 -7.419647590722888708e-05 -2.168436185456812382e-04 -2.015483187278732657e-04 -2.293864818057045341e-04 -2.211465907748788595e-04 -2.322803775314241648e-04 -1.262842561118304729e-04 -2.076192904496565461e-04 -1.646761229494586587e-04
-6.161406054161489010e-04 -4.953481839038431644e-04 -4.694289527833461761e-04 -4.966760752722620964e-04 -4.916024045087397099e-04 -5.251881084404885769e-04 -4.836109583266079426e-04 -5.116075626574456692e-04 -4.970671725459396839e-04 -4.915147437714040279e-04
-1.841793709900230169e-04 -1.690153585514053702e-04 -1.684795861365273595e-04 -1.680644927546381950e-04 -1.347077195532619953e-04 -1.623177231522276998e-04 -1.945273688761517406e-04 -4.238558631186606362e-06 -1.694139937171712518e-04 -7.924380042823031545e-05
-3.570019907783716917e-04 -4.302446031942963600e-04 -4.169273888692259789e-04 -4.154680063948035240e-04 -3.374987281858921051e-04 -3.869602223858237267e-04 -2.901052939705550671e-04 -3.490273375064134598e-04 -4.411765257827937603e-04 -3.455497208051383495e-04
-5.051228217780590057e-04 -4.268321208655834198e-04 -3.702631511259824038e-04 -3.969661775045096874e-04 -4.891816060990095139e-04 -5.064877914264798164e-04 -3.950097598135471344e-04 -5.226235953159630299e-04 -4.463915538508445024e-04 -5.492955096997320652e-04
-3.542257472872734070e-04 -2.477089583408087492e-04 -2.816364867612719536e-04 -2.372180460952222347e-04 -2.815433836076408625e-04 -2.991360961459577084e-04 -2.552056685090065002e-04 -3.364632138982415199e-04 -2.836853091139346361e-04 -2.659979800228029490e-04
-2.339803177164867520e-04 -8.025177521631121635e-05 -1.918674679473042488e-04 -1.864516525529325008e-04 -2.400878584012389183e-04 -1.905511890072375536e-04 -8.365131361642852426e-05 -2.380350633757188916e-04 -2.317800681339576840e-04 -2.216284919995814562e-04
-3.317435912322252989e-04 -3.174653684254735708e-04 -3.406961914151906967e-04 -3.533185517881065607e-04 -1.867410028353333473e-04 -3.534558345563709736e-04 -3.207303816452622414e-04 -2.183089964091777802e-04 -3.522643237374722958e-04 -2.388030552538111806e-04
-3.460170992184430361e-04 -3.836499818135052919e-04 -3.955933789256960154e-04 -3.363382711540907621e-04 -3.151890414301306009e-04 -3.527162189129740000e-04 -4.669039335567504168e-04 -4.002847126685082912e-04 -3.260787052568048239e-04 -3.281957178842276335e-04
-2.871799806598573923e-04 -2.554664679337292910e-04 -2.736320893745869398e-04 -2.512274368200451136e-04 -2.398951910436153412e-04 -2.441375254420563579e-04 -1.837761519709601998e-04 -2.246503863716498017e-04 -2.685416257008910179e-04 -2.189795341109856963e-04
-2.225307398475706577e-04 -4.218779795337468386e-04 -3.387125325389206409e-04 -2.934670192189514637e-04 -3.861747973132878542e-04 -3.629561979323625565e-04 -3.245432744733989239e-04 -3.869812353514134884e-04 -3.785627486649900675e-04 -4.116925119888037443e-04
-2.202600153395906091e-04 -2.558553533162921667e-04 -2.488068712409585714e-04 -2.895063662435859442e-04 -4.257197724655270576e-04 -3.509529633447527885e-04 -3.602175856940448284e-04 -3.746236907318234444e-04 -3.356303495820611715e-04 -4.125958075746893883e-04
-2.792816085275262594e-04 -2.646909561008214951e-04 -2.905974979512393475e-04 -2.343238738831132650e-04 -2.332871808903291821e-04 -2.402253157924860716e-04 -2.895587240345776081e-04 -2.188700018450617790e-04 -2.454732893966138363e-04 -2.245439100079238415e-04
-1.814203278627246618e-04 -2.055460499832406640e-04 -2.647906658239662647e-04 -2.667989174369722605e-04 -3.538046439643949270e-04 -2.664902131073176861e-04 -1.959889632416889071e-04 -3.278666117694228888e-04 -2.921942796092480421e-04 -3.224005049560219049e-04
-1.975041232071816921e-04 5.251419497653841972e-05 -1.835076691349968314e-04 -1.548746513435617089e-04 -1.819153258111327887e-04 -1.713692327030003071e-04 -1.784789783414453268e-04 -1.716966071398928761e-04 -1.583112025400623679e-04 -1.817490701796486974e-04
-2.001154643949121237e-04 -9.688812133390456438e-05 -1.643737923586741090e-04 -2.178284921683371067e-04 -1.613808708498254418e-04 -1.895257737487554550e-04 -1.907293335534632206e-04 -1.385129144182428718e-04 -1.371071120956912637e-04 -1.600265532033517957e-04
-3.852623922284692526e-04 -3.078459994867444038e-04 -3.995994338765740395e-04 -3.383415460120886564e-04 -4.157059884164482355e-04 -3.437121049501001835e-04 -3.778450773097574711e-04 -4.071978619322180748e-04 -3.881046432070434093e-04 -3.961891634389758110e-04
-4.504950193222612143e-04 -2.663743216544389725e-04 -3.261981473769992590e-04 -2.458863891661167145e-04 -3.575860755518078804e-04 -3.236302291043102741e-04 -3.253612085245549679e-04 -3.497361321933567524e-04 -3.058656293433159590e-04 -3.564835060387849808e-04
-2.492975618224591017e-04 -5.358459748094901443e-05 -2.079482364933937788e-04 -2.487281744834035635e-04 -1.684810267761349678e-04 -2.144210011465474963e-04 -2.162164892069995403e-04 -1.539054501336067915e-04 -2.056408266071230173e-04 -1.846483210101723671e-04
-3.970565448980778456e-04 -3.184808301739394665e-04 -3.599652845878154039e-04 -3.355993248987942934e-04 -3.708575677592307329e-04 -3.933025582227855921e-04 -4.127015126869082451e-04 -2.346217952435836196e-04 -3.988901735283434391e-04 -2.831107703968882561e-04
-3.812194627244025469e-04 -2.569292555563151836e-04 -3.073679690714925528e-04 -2.462861593812704086e-04 -4.135029448661953211e-04 -3.471451054792851210e-04 -3.227381384931504726e-04 -3.900308802258223295e-04 -3.170272102579474449e-04 -3.737362276297062635e-04
-7.814334094291552901e-05 -2.865462447516620159e-04 -2.677481097634881735e-04 -2.062473504338413477e-04 -2.381593803875148296e-04 -1.893542794277891517e-04 -2.559420827310532331e-04 -1.343311159871518612e-04 -2.840863598976284266e-04 -2.424713020445778966e-04
-3.790436894632875919e-04 -3.183838562108576298e-04 -3.519763995427638292e-04 -2.219704037997871637e-04 -3.443465975578874350e-04 -2.965241437777876854e-04 -3.589425468817353249e-04 -2.886783913709223270e-04 -3.302127006463706493e-04 -3.028538776561617851e-04
-1.550440938444808125e-04 -9.651232539908960462e-05 -2.343650558032095432e-04 -1.059104906744323671e-04 -2.476570953149348497e-04 -1.375256833853200078e-04 -2.444260462652891874e-04 -2.198435977334156632e-04 -1.937136985361576080e-04 -2.081077691400423646e-04
-4.412635462358593941e-04 -3.967091615777462721e-04 -3.449547803029417992e-04 -4.712583904620260000e-04 -3.050310770049691200e-04 -4.647794412449002266e-04 -3.541676851455122232e-04 -3.073445986956357956e-04 -3.976497391704469919e-04 -3.457732382230460644e-04
-2.157085400540381670e-04 -2.087276952806860209e-04 -1.860730553744360805e-04 -2.861953398678451777e-04 -2.162746532121673226e-04 -2.820539812091737986e-04 -2.105142921209335327e-04 -1.456423633499071002e-04 -2.548294723965227604e-04 -1.889281702460721135e-04
-5.662488401867449284e-04 -4.224714648444205523e-04 -4.669284389819949865e-04 -4.928634734824299812e-04 -4.428375686984509230e-04 -4.589968302752822638e-04 -4.955140757374465466e-04 -5.091146449558436871e-04 -4.344814806245267391e-04 -4.271157085895538330e-04
-5.293176509439945221e-04 -3.632591397035866976e-04 -4.055764584336429834e-04 -4.272181249689310789e-04 -3.863359161186963320e-04 -4.434979346115142107e-04 -3.817341930698603392e-04 -5.041373078711330891e-04 -3.947217774111777544e-04 -4.059509083162993193e-04
-1.729866489768028259e-04 9.390344348503276706e-05 -1.247574982699006796e-04 -9.642470104154199362e-05 -1.349986268905922771e-04 -1.401401386829093099e-04 -1.326131605310365558e-04 -1.092448947019875050e-04 -1.108117648982442915e-04 -1.539707445772364736e-04
-5.358551861718297005e-04 -4.834338906221091747e-04 -5.807115812785923481e-04 -5.103564471937716007e-04 -5.541929858736693859e-04 -4.983402322977781296e-04 -5.265743238851428032e-04 -5.124250892549753189e-04 -5.462131812237203121e-04 -4.945491091348230839e-04
-4.326833586674183607e-04 -4.702211590483784676e-04 -5.151507793925702572e-04 -5.204800982028245926e-04 -5.085351876914501190e-04 -4.719667194876819849e-04 -4.645166918635368347e-04 -4.667933098971843719e-04 -4.621741827577352524e-04 -4.515295731835067272e-04
-3.673944447655230761e-04 -2.203234180342406034e-04 -3.224441607017070055e-04 -2.875252685043960810e-04 -2.555146056693047285e-04 -2.911056217271834612e-04 -3.220833896193653345e-04 -1.832526613725349307e-04 -2.440042153466492891e-04 -2.064291911665350199e-04
-3.601474745664745569e-04 -1.038077170960605145e-04 -2.698220487218350172e-04 -2.330196002731099725e-04 -2.857150393538177013e-04 -2.704370417632162571e-04 -2.658434095792472363e-04 -2.999821444973349571e-04 -2.441410906612873077e-04 -2.639306185301393270e-04
-3.450507356319576502e-04 -2.146994229406118393e-04 -2.703276695683598518e-04 -3.114842402283102274e-04 -3.031025698874145746e-04 -3.280898672528564930e-04 -2.111579815391451120e-04 -2.963923325296491385e-04 -3.361268609296530485e-04 -2.832044265232980251e-04
-4.789656377397477627e-04 -5.531398346647620201e-04 -5.705025396309792995e-04 -5.325906095094978809e-04 -5.567666376009583473e-04 -5.404588882811367512e-04 -4.839956527575850487e-04 -4.661423736251890659e-04 -5.259565077722072601e-04 -4.961584345437586308e-04
-3.084456548094749451e-04 -3.659141657408326864e-04 -3.340320254210382700e-04 -3.976005828008055687e-04 -3.258641227148473263e-04 -3.457889833953231573e-04 -2.932574134320020676e-04 -2.752871369011700153e-04 -3.056122513953596354e-04 -3.089347737841308117e-04
-2.672532573342323303e-04 -2.049815084319561720e-04 -3.236469929106533527e-04 -3.397775872144848108e-04 -2.952491049654781818e-04 -2.528895274735987186e-04 -2.095277159241959453e-04 -3.126690571662038565e-04 -2.888999588321894407e-04 -2.808599674608558416e-04
-3.026562626473605633e-04 -2.192852844018489122e-04 -3.008274070452898741e-04 -1.879931514849886298e-04 -1.722846936900168657e-04 -2.179627335863187909e-04 -2.665770007297396660e-04 -2.087718748953193426e-04 -2.638974401634186506e-04 -1.878293114714324474e-04
-3.303315606899559498e-04 -9.818968828767538071e-05 -2.164145407732576132e-04 -2.211957180406898260e-04 -3.585793601814657450e-04 -2.828838769346475601e-04 -2.740941999945789576e-04 -3.671185695566236973e-04 -2.379208599450066686e-04 -3.647443954832851887e-04
-4.027106624562293291e-04 -2.602463355287909508e-04 -3.117729211226105690e-04 -2.807264681905508041e-04 -3.290548920631408691e-04 -3.245317493565380573e-04 -2.358190540689975023e-04 -3.355540975462645292e-04 -3.634049789980053902e-04 -2.913539647124707699e-04
-3.102624614257365465e-04 -3.596387978177517653e-04 -3.501660830806940794e-04 -3.215580654796212912e-04 -3.111306577920913696e-04 -3.292505280114710331e-04 -3.998218744527548552e-04 -4.015851882286369801e-04 -3.254540788475424051e-04 -3.621884097810834646e-04
-2.113728696713224053e-04 -2.661049657035619020e-04 -2.408491563983261585e-04 -3.248399007134139538e-04 -3.242175152990967035e-04 -3.100365283899009228e-04 -3.155570593662559986e-04 -2.748968254309147596e-04 -3.471334348432719707e-04 -3.152134013362228870e-04
-2.646572538651525974e-04 -7.245250890264287591e-05 -2.398333599558100104e-04 -2.398616634309291840e-04 -1.875337766250595450e-04 -2.251204568892717361e-04 -2.298231265740469098e-04 -1.045837198034860194e-04 -2.081602870021015406e-04 -1.817219308577477932e-04
-2.275773294968530536e-04 -1.258001702808542177e-05 -1.255339739145711064e-04 -1.596080255694687366e-04 -2.235704887425526977e-04 -2.026668371399864554e-04 -1.944484101841226220e-04 -2.137911505997180939e-04 -1.553431502543389797e-04 -2.315785386599600315e-04
-3.639028000179678202e-04 -2.386878622928634286e-04 -2.971304929815232754e-04 -3.342898562550544739e-04 -2.443396369926631451e-04 -2.818018547259271145e-04 -3.492744581308215857e-04 -2.274357248097658157e-04 -2.295835001859813929e-04 -2.191542589571326971e-04
-2.866230206564068794e-04 -3.227090055588632822e-04 -2.408565633231773973e-04 -2.596215344965457916e-04 -2.541185240261256695e-04 -3.102646151091903448e-04 -2.479406539350748062e-04 -2.950324560515582561e-04 -2.999830758199095726e-04 -3.139141772408038378e-04
-2.680393226910382509e-04 -3.359327965881675482e-04 -1.957596105057746172e-04 -2.560178691055625677e-04 -2.205145428888499737e-04 -2.738113398663699627e-04 -2.149732026737183332e-04 -3.535750438459217548e-04 -2.693423593882471323e-04 -3.048644284717738628e-04
-3.168621624354273081e-04 -2.738099137786775827e-04 -3.525138599798083305e-04 -3.735606151167303324e-04 -3.133714490104466677e-04 -3.289624291937798262e-04 -3.052597166970372200e-04 -3.400493005756288767e-04 -3.183157532475888729e-04 -2.954989322461187840e-04
-3.790775663219392300e-04 -1.801901235012337565e-04 -3.320605901535600424e-04 -3.821341670118272305e-04 -2.833337930496782064e-04 -3.458321152720600367e-04 -3.639796923380345106e-04 -2.236193977296352386e-04 -3.222420054953545332e-04 -3.157727769576013088e-04
-2.929132606368511915e-04 -1.142224500654265285e-04 -2.546268515288829803e-04 -3.027972998097538948e-04 -1.972104364540427923e-04 -2.363398234592750669e-04 -2.658391022123396397e-04 -1.347073266515508294e-04 -2.285459340782836080e-04 -1.662625581957399845e-04
-3.618868358898907900e-04 -1.417935563949868083e-04 -2.709097752813249826e-04 -2.015820355154573917e-04 -3.173457807861268520e-04 -3.093064296990633011e-04 -3.189230337738990784e-04 -2.460102550685405731e-04 -2.654114214237779379e-04 -2.964593877550214529e-04
-2.498349640518426895e-04 -1.813158014556393027e-04 -2.297037426615133882e-04 -2.125293685821816325e-04 -1.095631014322862029e-04 -2.097193064400926232e-04 -2.017622027778998017e-04 -1.280981668969616294e-04 -2.444788988213986158e-04 -9.158756438409909606e-05
-4.243289586156606674e-04 -2.782537485472857952e-04 -3.480022423900663853e-04 -2.849306038115173578e-04 -3.246712731197476387e-04 -3.018574498128145933e-04 -3.766352892853319645e-04 -3.074825508520007133e-04 -3.239142533857375383e-04 -2.895070938393473625e-04
-2.558366104494780302e-04 -3.144012880511581898e-04 -3.289371088612824678e-04 -3.570348490029573441e-04 -2.856703649740666151e-04 -2.839578664861619473e-04 -2.410297456663101912e-04 -3.410127246752381325e-04 -3.115571453236043453e-04 -2.766870893537998199e-04
-2.370980946579948068e-04 -1.579163363203406334e-04 -2.750585263129323721e-04 -2.975709212478250265e-04 -2.462115371599793434e-04 -2.288859686814248562e-04 -2.374661271460354328e-04 -2.229292731499299407e-04 -2.464475692249834538e-04 -2.565612085163593292e-04
-2.332830044906586409e-04 -3.547596861608326435e-04 -2.850140735972672701e-04 -2.504175063222646713e-04 -3.133811987936496735e-04 -3.138173487968742847e-04 -3.261128149461001158e-04 -3.547917294781655073e-04 -3.024046309292316437e-04 -3.134025610052049160e-04
-3.453789686318486929e-04 -1.262486621271818876e-04 -2.709464461077004671e-04 -2.702516503632068634e-04 -2.895935031119734049e-04 -2.875474747270345688e-04 -3.127973177470266819e-04 -1.649658952374011278e-04 -2.496401721145957708e-04 -2.558437117841094732e-04
-5.484741268446668983e-05 -2.083874569507315755e-04 -2.202861360274255276e-04 -1.262555160792544484e-04 -2.236988948425278068e-04 -1.758260332280769944e-04 -2.578480634838342667e-04 -1.768105867085978389e-04 -2.248103119200095534e-04 -2.352990268263965845e-04
-3.048520593438297510e-04 -1.318364957114681602e-04 -2.409670414635911584e-04 -3.109837998636066914e-04 -2.560795983299612999e-04 -2.761897048912942410e-04 -2.875200298149138689e-04 -2.154908579541370273e-04 -2.166451013181358576e-04 -2.493738720659166574e-04
-1.401355257257819176e-04 -1.205828084493987262e-04 -1.231668429682031274e-04 -2.216566645074635744e-04 -2.173893299186602235e-04 -1.916868204716593027e-04 -1.750770607031881809e-04 -1.991645403904840350e-04 -2.143048477591946721e-04 -2.219252055510878563e-04
-4.508251149673014879e-04 -3.684211988002061844e-04 -3.720078966580331326e-04 -3.888463543262332678e-04 -3.489078662823885679e-04 -3.773076168727129698e-04 -4.363067564554512501e-04 -3.594681911636143923e-04 -3.651417209766805172e-04 -3.565851075109094381e-04
-2.747210382949560881e-04 -2.590619551483541727e-04 -2.428386651445180178e-04 -3.276125353295356035e-04 -3.862154844682663679e-04 -3.357580571901053190e-04 -2.688046661205589771e-04 -3.837899130303412676e-04 -3.804031293839216232e-04 -3.945837670471519232e-04
-3.004691679961979389e-04 -1.513188617536798120e-04 -2.730122650973498821e-04 -2.750052371993660927e-04 -2.759139460977166891e-04 -2.507583994884043932e-04 -2.613777178339660168e-04 -2.651153772603720427e-04 -2.206818026024848223e-04 -2.611447125673294067e-04
-3.585239173844456673e-04 -2.561190049163997173e-04 -2.423306432319805026e-04 -2.974269737023860216e-04 -2.740207710303366184e-04 -3.368956095073372126e-04 -3.448709903750568628e-04 -2.326266985619440675e-04 -2.899128885474056005e-04 -2.555195533204823732e-04
-4.107647982891649008e-04 -2.328422415303066373e-04 -3.226767003070563078e-04 -3.938962181564420462e-04 -3.301865945104509592e-04 -3.518903977237641811e-04 -3.871383669320493937e-04 -2.811909653246402740e-04 -3.136816376354545355e-04 -3.437821287661790848e-04
-4.338478320278227329e-04 -5.300672492012381554e-04 -4.143226251471787691e-04 -4.597144725266844034e-04 -4.767107020597904921e-04 -5.026921280659735203e-04 -4.427571839187294245e-04 -4.912680597044527531e-04 -4.535568878054618835e-04 -4.880055203102529049e-04
-4.163889389019459486e-04 -3.133099817205220461e-04 -3.580854390747845173e-04 -3.388655895832926035e-04 -3.087856457568705082e-04 -3.542583144735544920e-04 -4.129761364310979843e-04 -2.532627258915454149e-04 -3.258672077208757401e-04 -2.893634373322129250e-04
-4.695355892181396484e-04 -3.523942141328006983e-04 -4.565553972497582436e-04 -4.324694746173918247e-04 -3.951234684791415930e-04 -4.119095101486891508e-04 -4.028003895655274391e-04 -4.628138558473438025e-04 -4.338614526204764843e-04 -3.952869155909866095e-04
-4.168652521912008524e-04 -3.475069242995232344e-04 -3.824184532277286053e-04 -2.655083080753684044e-04 -3.401073918212205172e-04 -2.879186067730188370e-04 -3.555387665983289480e-04 -2.353893796680495143e-04 -3.394725208636373281e-04 -2.825332630891352892e-04
-2.896583173424005508e-04 -2.446540747769176960e-04 -2.826180134434252977e-04 -2.803234965540468693e-04 -1.651129714446142316e-04 -2.280481712659820914e-04 -2.977750555146485567e-04 -2.042313426500186324e-04 -2.691109548322856426e-04 -1.713129604468122125e-04
-4.113025497645139694e-04 -1.214296571561135352e-04 -2.806792908813804388e-04 -2.992102527059614658e-04 -3.391763602849096060e-04 -3.022504679393023252e-04 -3.700280503835529089e-04 -3.022151649929583073e-04 -2.281587076140567660e-04 -3.005332255270332098e-04
-4.429751716088503599e-04 -3.590483393054455519e-04 -3.292799810878932476e-04 -4.243673174642026424e-04 -4.359312588348984718e-04 -4.440659831743687391e-04 -3.536490548867732286e-04 -3.849648346658796072e-04 -4.110992595087736845e-04 -4.427767999004572630e-04
-2.641343453433364630e-04 -1.707801129668951035e-04 -2.446088474243879318e-04 -2.210282546002417803e-04 -1.288517523789778352e-04 -1.990818127524107695e-04 -2.368420973652973771e-04 -1.169412935269065201e-04 -2.289480617037042975e-04 -9.828877227846533060e-05
-2.830793382599949837e-04 -3.361830895300954580e-04 -2.566015173215419054e-04 -3.124694922007620335e-04 -2.615616540424525738e-04 -3.088175435550510883e-04 -2.841392997652292252e-04 -2.861780812963843346e-04 -3.093335544690489769e-04 -2.924031869042664766e-04
-2.951468341052532196e-04 -3.888995270244777203e-04 -3.151800483465194702e-04 -3.291095490567386150e-04 -2.998741692863404751e-04 -3.125780494883656502e-04 -2.310636918991804123e-04 -2.330452116439118981e-04 -3.154349396936595440e-04 -2.902754931710660458e-04
-4.887679824605584145e-04 -4.149500164203345776e-04 -4.579302039928734303e-04 -4.695665556937456131e-04 -5.029070889577269554e-04 -5.194078548811376095e-04 -5.040703108534216881e-04 -3.741258697118610144e-04 -4.641007981263101101e-04 -4.265622119419276714e-04
-4.967633285559713840e-04 -3.310195461381226778e-04 -4.613638448063284159e-04 -3.596928145270794630e-04 -4.741336451843380928e-04 -3.808556066360324621e-04 -5.115075036883354187e-04 -3.740309039130806923e-04 -3.668646386358886957e-04 -4.267807235009968281e-04
-2.316359605174511671e-04 -2.758797782007604837e-04 -2.406707062618806958e-04 -3.153879661113023758e-04 -2.784532262012362480e-04 -2.576418628450483084e-04 -1.759872393449768424e-04 -3.187107504345476627e-04 -3.037801361642777920e-04 -3.053212712984532118e-04
-4.044391680508852005e-04 -3.889052022714167833e-04 -4.494579043239355087e-04 -3.736125363502651453e-04 -4.423043283168226480e-04 -4.070656432304531336e-04 -4.288312338758260012e-04 -3.949094680137932301e-04 -3.956547880079597235e-04 -4.409354587551206350e-04
-3.100321919191628695e-04 -4.202724667266011238e-04 -4.629210161510854959e-04 -4.897844628430902958e-04 -3.240975493099540472e-04 -3.846600593533366919e-04 -4.264069430064409971e-04 -3.475215926300734282e-04 -4.083701060153543949e-04 -3.265010600443929434e-04
-1.241851859958842397e-04 -2.984499442391097546e-04 -2.679086755961179733e-04 -2.377094497205689549e-04 -2.923251013271510601e-04 -2.870330354198813438e-04 -2.950066700577735901e-04 -2.143377787433564663e-04 -3.136263403575867414e-04 -2.997093251906335354e-04
-4.221931740175932646e-04 -4.903736407868564129e-04 -5.016867653466761112e-04 -5.016566719859838486e-04 -4.448141553439199924e-04 -4.591703182086348534e-04 -4.154963244218379259e-04 -4.490958235692232847e-04 -4.399461904540657997e-04 -4.469792766030877829e-04
-1.556353527121245861e-04 -3.363613723195157945e-05 -1.402991329086944461e-04 -1.770203671185299754e-04 -1.346451899735257030e-04 -1.370651007164269686e-04 -1.433780416846275330e-04 -1.585416903253644705e-04 -1.402307825628668070e-04 -1.747416390571743250e-04
-2.181935269618406892e-04 -1.548137952340766788e-04 -1.984042173717170954e-04 -2.132951049134135246e-04 -1.085732947103679180e-04 -2.000987879000604153e-04 -1.144207708421163261e-04 -1.314237306360155344e-04 -1.813909766497090459e-04 -1.253053778782486916e-04
-4.222708230372518301e-04 -3.319329698570072651e-04 -2.795726468320935965e-04 -2.696873270906507969e-04 -3.469574148766696453e-04 -3.230626753065735102e-04 -3.342078416608273983e-04 -3.235811309423297644e-04 -3.012829110957682133e-04 -3.039632574655115604e-04
-4.193532804492861032e-04 -3.127591917291283607e-04 -3.197084006387740374e-04 -3.050793602596968412e-04 -3.573559224605560303e-04 -3.446841146796941757e-04 -2.929141337517648935e-04 -3.407217736821621656e-04 -3.738556697499006987e-04 -3.233868337702006102e-04
-1.298245770158246160e-04 1.211670678458176553e-04 -8.032358891796320677e-05 -9.535709978081285954e-05 -9.349768515676259995e-05 -9.235653851646929979e-05 -1.115944978664629161e-04 -8.913183410186320543e-05 -8.775335300015285611e-05 -1.141091124736703932e-04
-4.156403156230226159e-05 -1.219061232404783368e-04 -1.862715289462357759e-04 -1.270880165975540876e-04 -1.926131371874362230e-04 -1.071509759640321136e-04 -2.025703288381919265e-04 -1.644870935706421733e-04 -1.801987964427098632e-04 -1.737529964884743094e-04
-2.558181877247989178e-04 -1.835397706599906087e-04 -2.096706157317385077e-04 -2.817989443428814411e-04 -1.940082584042102098e-04 -2.652066468726843596e-04 -1.387670054100453854e-04 -2.353943564230576158e-04 -2.762841759249567986e-04 -2.046952577074989676e-04
-3.072787076234817505e-04 -3.056696732528507710e-04 -3.654379979707300663e-04 -2.629617811180651188e-04 -2.973590453621000051e-04 -2.859320666175335646e-04 -3.042098251171410084e-04 -3.250210720580071211e-04 -3.018557908944785595e-04 -3.040464653167873621e-04
-3.404664166737347841e-04 -2.613532997202128172e-04 -3.250500303693115711e-04 -3.316084621474146843e-04 -2.688739623408764601e-04 -2.916383964475244284e-04 -3.293967165518552065e-04 -2.062907879007980227e-04 -3.020174626726657152e-04 -2.697483869269490242e-04
-1.714372774586081505e-04 5.761959255323745310e-05 -1.178986713057383895e-04 -1.555876806378364563e-04 -1.487194822402670979e-04 -1.464689557906240225e-04 -1.485933025833219290e-04 -1.393406855640932918e-04 -1.323243632214143872e-04 -1.611402549315243959e-04
-2.221474569523707032e-04 -4.812108818441629410e-04 -3.478116705082356930e-04 -2.910026523750275373e-04 -3.483699983917176723e-04 -3.975204308517277241e-04 -3.646925906650722027e-04 -3.158856707159429789e-04 -4.325435147620737553e-04 -3.372177015990018845e-04
-2.582204760983586311e-04 -1.955170591827481985e-04 -2.447395527269691229e-04 -2.256969746667891741e-04 -1.283471501665189862e-04 -2.431332541164010763e-04 -1.594144705450162292e-04 -1.496546901762485504e-04 -2.391739544691517949e-04 -1.534191978862509131e-04
-2.475480723660439253e-04 -6.556496373377740383e-05 -2.117559924954548478e-04 -2.030357136391103268e-04 -1.808500092010945082e-04 -1.961079542525112629e-04 -2.325465611647814512e-04 -5.584564496530219913e-05 -2.061948034679517150e-04 -1.488686393713578582e-04
-3.227865672670304775e-04 -2.783189120236784220e-04 -2.172113017877563834e-04 -3.020252624992281199e-04 -3.956309228669852018e-04 -3.571893903426826000e-04 -2.024612622335553169e-04 -4.136101051699370146e-04 -3.334663924761116505e-04 -4.400180187076330185e-04
-4.948990535922348499e-04 -3.402539878152310848e-04 -4.704143211711198092e-04 -3.382140130270272493e-04 -4.472871369216591120e-04 -3.918263537343591452e-04 -4.634908400475978851e-04 -3.662293602246791124e-04 -4.147586296312510967e-04 -3.717394138220697641e-04
-3.137727035209536552e-04 -2.643760817591100931e-04 -2.629886730574071407e-04 -3.378341789357364178e-04 -2.085165906464681029e-04 -3.038246068172156811e-04 -2.226537471869960427e-04 -2.428230218356475234e-04 -3.155346203129738569e-04 -2.063986612483859062e-04
-2.552210062276571989e-04 -3.276446368545293808e-04 -2.926304587163031101e-04 -3.464616311248391867e-04 -2.917991951107978821e-04 -2.960040292236953974e-04 -2.752518339548259974e-04 -3.641674120444804430e-04 -2.926815941464155912e-04 -3.150728007312864065e-04
-4.399916797410696745e-04 -4.926764522679150105e-04 -5.066740559414029121e-04 -3.694854094646871090e-04 -4.164298879913985729e-04 -4.368110094219446182e-04 -5.430782330222427845e-04 -4.031653515994548798e-04 -3.874691901728510857e-04 -4.108401190023869276e-04
-2.508172765374183655e-04 -2.519683330319821835e-04 -2.567525370977818966e-04 -2.416423230897635221e-04 -1.791060203686356544e-04 -2.296091406606137753e-04 -2.239699242636561394e-04 -1.920144422911107540e-04 -2.774512977339327335e-04 -2.054327924270182848e-04
-1.731211232254281640e-04 -3.631578874774277210e-04 -3.409948549233376980e-04 -1.905513199744746089e-04 -2.976620744448155165e-04 -2.326588582945987582e-04 -3.781176637858152390e-04 -2.610780938994139433e-04 -2.605245972517877817e-04 -2.405540872132405639e-04
-3.944638301618397236e-04 -2.449919120408594608e-04 -3.327018348500132561e-04 -3.071523969992995262e-04 -2.949977060779929161e-04 -2.977180993184447289e-04 -2.645000058691948652e-04 -3.284860576968640089e-04 -3.155158192384988070e-04 -2.636272984091192484e-04
-2.816854103002697229e-04 -2.703682694118469954e-04 -2.986210456583648920e-04 -3.076018765568733215e-04 -4.187442245893180370e-04 -2.942549472209066153e-04 -2.987560292240232229e-04 -3.962677146773785353e-04 -3.320494433864951134e-04 -4.266579053364694118e-04
-9.060917363967746496e-05 -1.786362263374030590e-04 -1.900058268802240491e-04 -1.960679219337180257e-04 -2.165568730561062694e-04 -1.625565928407013416e-04 -1.009689876809716225e-04 -2.267053059767931700e-04 -1.953250030055642128e-04 -2.293097786605358124e-04
-2.376269258093088865e-04 -2.049111790256574750e-04 -1.284623431274667382e-04 -2.715276787057518959e-04 -1.570035528857260942e-04 -2.527689794078469276e-04 -1.523125829407945275e-04 -1.976796484086662531e-04 -2.732245193328708410e-04 -2.216562570538371801e-04
-4.086826811544597149e-04 -3.634057065937668085e-04 -3.366773307789117098e-04 -3.683586546685546637e-04 -3.534881398081779480e-04 -3.649549325928092003e-04 -3.645077813416719437e-04 -2.675857977010309696e-04 -3.270663146395236254e-04 -2.987474726978689432e-04
-2.132360095856711268e-04 -1.473859592806547880e-04 -1.837944728322327137e-04 -2.173743996536359191e-04 -1.176051009679213166e-04 -2.046564623015001416e-04 -2.216735883848741651e-04 -1.070049111149273813e-04 -2.055897930404171348e-04 -1.358139124931767583e-04
-8.707134838914498687e-05 -2.346273104194551706e-04 -2.536854590289294720e-04 -1.399285247316583991e-04 -2.527110045775771141e-04 -1.781688479240983725e-04 -2.746913523878902197e-04 -1.217262397403828800e-04 -2.279825566802173853e-04 -2.195901761297136545e-04
-2.034020726568996906e-04 4.433179128682240844e-05 -1.342041068710386753e-04 -1.303140597883611917e-04 -1.894127635750919580e-04 -1.770098169799894094e-04 -1.600494433660060167e-04 -1.629854523343965411e-04 -1.602560369065031409e-04 -1.863855723058804870e-04
-4.443157231435179710e-04 -2.092942304443567991e-04 -3.099922032561153173e-04 -2.529149351175874472e-04 -3.582472272682934999e-04 -3.618890477810055017e-04 -3.959785390179604292e-04 -3.106393851339817047e-04 -3.253942995797842741e-04 -3.181921201758086681e-04
-3.161098575219511986e-04 -1.809726818464696407e-04 -2.682353369891643524e-04 -2.392889000475406647e-04 -1.721142180031165481e-04 -2.582060697022825480e-04 -1.705440809018909931e-04 -1.833948626881465316e-04 -2.755204041022807360e-04 -1.876485475804656744e-04
-4.349993541836738586e-04 -5.272990092635154724e-04 -5.180414882488548756e-04 -4.172135668341070414e-04 -4.751988744828850031e-04 -4.548220022115856409e-04 -4.760374431498348713e-04 -4.301049630157649517e-04 -4.489808634389191866e-04 -4.611168114934116602e-04
-3.775664081331342459e-04 -1.909488491946831346e-04 -1.816537114791572094e-04 -2.471060142852365971e-04 -3.161476051900535822e-04 -3.330831241328269243e-04 -3.137058229185640812e-04 -2.862465626094490290e-04 -2.708398678805679083e-04 -3.272212634328752756e-04
-3.773053176701068878e-04 -4.342584870755672455e-04 -4.546709824353456497e-04 -4.427962121553719044e-04 -3.944062627851963043e-04 -3.961709735449403524e-04 -3.907692735083401203e-04 -4.042489454150199890e-04 -3.889106737915426493e-04 -3.745272697415202856e-04
-3.813931252807378769e-04 -2.116538526024669409e-04 -2.788726997096091509e-04 -2.790346043184399605e-04 -3.122880007140338421e-04 -3.228593559470027685e-04 -2.045681176241487265e-04 -3.188738191965967417e-04 -3.468219947535544634e-04 -2.945767482742667198e-04
-4.179999232292175293e-04 -2.788594574667513371e-04 -3.231875598430633545e-04 -3.730405296664685011e-04 -3.467469941824674606e-04 -3.799356345552951097e-04 -3.088676603510975838e-04 -2.915447403211146593e-04 -3.784624568652361631e-04 -3.558904281817376614e-04
-3.591337299440056086e-04 -2.208133955718949437e-04 -2.780178328976035118e-04 -3.179582126904278994e-04 -2.177494316129013896e-04 -2.868848678190261126e-04 -3.180742496624588966e-04 -1.839047035900875926e-04 -3.062555333599448204e-04 -1.980299566639587283e-04
