1.405411493033170700e-02
1.405612006783485413e-02
1.405529771000146866e-02
1.405352726578712463e-02
1.405514962971210480e-02
1.405493263155221939e-02
1.405489351600408554e-02
1.405429374426603317e-02
1.405562181025743484e-02
1.405392214655876160e-02
1.405477430671453476e-02
1.405482739210128784e-02
1.405504439026117325e-02
1.405466813594102859e-02
1.405562739819288254e-02
1.405489351600408554e-02
1.405695173889398575e-02
1.405591517686843872e-02
1.405413541942834854e-02
1.405420433729887009e-02
1.405584532767534256e-02
1.405446324497461319e-02
1.405599806457757950e-02
1.405561342835426331e-02
1.405445672571659088e-02
1.405506581068038940e-02
1.405640970915555954e-02
1.405687350779771805e-02
1.405406370759010315e-02
1.405485719442367554e-02
1.405400969088077545e-02
1.405369117856025696e-02
1.405602507293224335e-02
1.405532564967870712e-02
1.405657269060611725e-02
1.405408792197704315e-02
1.405528839677572250e-02
1.405667513608932495e-02
1.405533403158187866e-02
1.405515056103467941e-02
1.405402366071939468e-02
1.405533403158187866e-02
1.405583322048187256e-02
1.405529864132404327e-02
1.405448373407125473e-02
1.405493635684251785e-02
1.405436638742685318e-02
1.405529677867889404e-02
1.405515428632497787e-02
1.405467372387647629e-02
1.405483949929475784e-02
1.405453216284513474e-02
1.405390258878469467e-02
1.405440829694271088e-02
1.405399478971958160e-02
1.405431982129812241e-02
1.405531447380781174e-02
1.405485812574625015e-02
1.405376102775335312e-02
1.405502203851938248e-02
1.405636593699455261e-02
1.405570562928915024e-02
1.405399292707443237e-02
1.405393611639738083e-02
1.405498571693897247e-02
1.405551936477422714e-02
1.405463274568319321e-02
1.405348442494869232e-02
1.405561063438653946e-02
1.405515708029270172e-02
1.405443623661994934e-02
1.405422948300838470e-02
1.405436825007200241e-02
1.405519992113113403e-02
1.405466254800558090e-02
1.405529491603374481e-02
1.405434496700763702e-02
1.405581645667552948e-02
1.405366789549589157e-02
1.405536197125911713e-02
1.405510585755109787e-02
1.405490748584270477e-02
1.405504811555147171e-02
1.405579131096601486e-02
1.405256520956754684e-02
1.405612658709287643e-02
1.405495218932628632e-02
1.405364926904439926e-02
1.405499782413244247e-02
1.405583880841732025e-02
1.405570097267627716e-02
1.405385229736566544e-02
1.405379455536603928e-02
1.405572704970836639e-02
1.405473425984382629e-02
1.405512541532516479e-02
1.405508629977703094e-02
1.405327487736940384e-02
1.405398920178413391e-02
1.405440550297498703e-02
1.405611447989940643e-02
1.405558921396732330e-02
1.405313331633806229e-02
1.405526231974363327e-02
1.405447814613580704e-02
1.405373401939868927e-02
1.405279431492090225e-02
1.405478548258543015e-02
1.405493915081024170e-02
1.405460480600595474e-02
1.405582018196582794e-02
1.405473984777927399e-02
1.405618898570537567e-02
1.405564136803150177e-02
1.405402086675167084e-02
1.405466720461845398e-02
1.405479293316602707e-02
1.405590306967496872e-02
1.405478548258543015e-02
1.405384484678506851e-02
1.405441295355558395e-02
1.405465323477983475e-02
1.405521668493747711e-02
1.405506581068038940e-02
1.405550353229045868e-02
1.405444741249084473e-02
1.405484415590763092e-02
1.405519992113113403e-02
1.405564974993467331e-02
1.405584439635276794e-02
1.405550073832273483e-02
1.405594591051340103e-02
1.405411679297685623e-02
1.405404601246118546e-02
1.405554916709661484e-02
1.405524462461471558e-02
1.405527163296937943e-02
1.405505742877721786e-02
1.405477710068225861e-02
1.405633706599473953e-02
1.405667699873447418e-02
1.405647397041320801e-02
1.405387651175260544e-02
1.405593845993280411e-02
