2.307501388713717461e-03
7.905306294560432434e-03
1.742475142236799002e-04
7.088513579219579697e-03
2.913102507591247559e-02
6.232623476535081863e-03
1.455668546259403229e-02
1.173058524727821350e-02
1.051738951355218887e-02
1.187875983305275440e-03
4.432875663042068481e-03
1.689521886873990297e-04
1.526495907455682755e-03
8.387315087020397186e-03
1.633695937925949693e-04
7.439270120812579989e-05
8.587935008108615875e-04
3.347158199176192284e-04
4.526134580373764038e-04
7.017057389020919800e-03
2.468623279128223658e-05
2.025497669819742441e-04
4.071368370205163956e-03
-9.296521602664142847e-05
1.522385608404874802e-02
8.868599310517311096e-03
3.345406847074627876e-03
3.410524129867553711e-02
1.985847391188144684e-02
1.711949938908219337e-03
2.606748975813388824e-02
9.849719703197479248e-03
-5.789102870039641857e-04
2.065279986709356308e-03
2.989241108298301697e-02
-2.919472195208072662e-02
2.076589269563555717e-03
2.629741327837109566e-03
4.069498274475336075e-03
1.291448716074228287e-03
4.767017380800098181e-04
4.141185854678042233e-06
-3.501631319522857666e-03
1.360856741666793823e-02
4.552541300654411316e-03
2.146704681217670441e-02
4.575529601424932480e-03
1.442235196009278297e-03
8.268821053206920624e-03
1.032057218253612518e-02
1.029231498250737786e-05
2.816847525537014008e-03
2.518249861896038055e-02
9.014053270220756531e-03
1.134126068791374564e-05
1.067541912198066711e-02
2.338788937777280807e-03
1.559145655483007431e-02
3.872905625030398369e-03
3.986882977187633514e-03
9.184955619275569916e-03
1.975842984393239021e-03
1.810458116233348846e-02
4.938578931614756584e-04
2.633640542626380920e-03
4.982661455869674683e-03
6.031180731952190399e-03
4.906777292490005493e-03
9.603911079466342926e-03
7.005893276073038578e-04
7.537715646321885288e-06
3.043137490749359131e-03
2.164681209251284599e-04
1.026773243211209774e-03
1.503146137110888958e-03
5.829834844917058945e-04
9.472368401475250721e-04
3.700008243322372437e-02
1.890778221422806382e-04
-2.566978801041841507e-03
8.513443171977996826e-03
3.452338743954896927e-03
1.007629092782735825e-03
1.072826999006792903e-04
9.842440485954284668e-04
1.461323723196983337e-02
3.481039311736822128e-03
2.069754526019096375e-02
3.294373396784067154e-03
2.240905351936817169e-02
2.901053754612803459e-03
2.666940272320061922e-04
-1.810198649764060974e-02
6.452985107898712158e-03
1.373450271785259247e-03
1.330745755694806576e-03
1.284777559340000153e-02
5.243797320872545242e-03
5.376692861318588257e-04
2.929371222853660583e-02
1.006086822599172592e-03
5.899179726839065552e-03
9.709784062579274178e-04
2.612119540572166443e-02
2.740918425843119621e-03
1.068682782351970673e-02
1.467227563261985779e-02
2.965033636428415775e-04
2.394735254347324371e-02
2.173566754208877683e-04
3.022699966095387936e-04
3.952846396714448929e-03
2.003906480967998505e-02
8.395537734031677246e-03
1.004636846482753754e-02
2.235447801649570465e-02
8.940640836954116821e-03
7.149651355575770140e-05
1.583652920089662075e-03
3.729489399120211601e-03
8.047731593251228333e-03
-7.873624563217163086e-03
9.446847252547740936e-04
2.215598477050662041e-03
2.350144460797309875e-02
3.712961915880441666e-03
3.506248351186513901e-03
2.077489160001277924e-02
2.324054250493645668e-03
-8.917165920138359070e-03
4.272963633411563933e-05
6.811029743403196335e-03
1.178342383354902267e-02
5.133739672601222992e-03
6.432296941056847572e-04
-2.618720382452011108e-02
-3.739177249372005463e-03
4.832047503441572189e-03
2.079559635603800416e-04
-2.407623469480313361e-06
3.027121128980070353e-04
1.422337070107460022e-02
2.031900512520223856e-04
1.755399629473686218e-02
1.268390752375125885e-02
-2.298211911693215370e-03
6.044309429853456095e-06
2.699977252632379532e-03
1.026070327498018742e-03
1.928005483932793140e-03
4.785791970789432526e-03
2.858490310609340668e-02
7.250701310113072395e-04
8.280827314592897892e-04
2.893402241170406342e-03
1.082623749971389771e-02
-2.485080040059983730e-04
6.728634703904390335e-03
9.707350283861160278e-03
8.453686023131012917e-04
3.507438581436872482e-03
9.521706961095333099e-04
1.605363190174102783e-02
4.229447513353079557e-04
3.609295468777418137e-03
4.265886964276432991e-04
4.358893784228712320e-04
8.133354276651516557e-05
1.036828104406595230e-02
2.496832530596293509e-05
5.475693251355551183e-05
4.819660913199186325e-03
-7.428100216202437878e-04
5.245378240942955017e-03
7.308157626539468765e-03
1.608384540304541588e-03
7.671992294490337372e-03
5.786926485598087311e-04
-7.240756985993357375e-06
1.321766292676329613e-03
5.594559479504823685e-03
1.313170650973916054e-05
2.515626512467861176e-02
1.630211621522903442e-02
3.049484919756650925e-03
2.407758496701717377e-02
6.560603156685829163e-03
1.899696327745914459e-02
1.976203202502802014e-04
9.662162512540817261e-03
1.787111163139343262e-02
1.204839162528514862e-02
1.393583370372653008e-03
3.320753807201981544e-03
1.545796840218827128e-05
9.579194593243300915e-04
3.583278885344043374e-05
1.058364054188132286e-03
9.764151647686958313e-03
7.244451902806758881e-03
1.754326862283051014e-03
3.401416540145874023e-02
7.794881705194711685e-03
1.019325340166687965e-03
1.814298448152840137e-03
4.443708749022334814e-04
-5.989409051835536957e-03
2.199056325480341911e-03
1.273702830076217651e-03
1.477456744760274887e-02
1.466687582433223724e-02
5.880422890186309814e-03
1.073368592187762260e-03
2.297742582868522732e-07
1.396568026393651962e-03
-7.370815146714448929e-03
6.373924668878316879e-03
2.554018050432205200e-03
3.001909644808620214e-04
9.471102617681026459e-03
2.255023922771215439e-03
-1.545762526802718639e-03
2.002828195691108704e-02
2.728713443502783775e-03
1.292978134006261826e-02
2.294788137078285217e-02
1.200683228671550751e-02
4.973365576006472111e-04
1.889495179057121277e-02
-3.015916445292532444e-05
3.603751538321375847e-03
5.462923552840948105e-03
7.276412798091769218e-04
1.481005363166332245e-02
1.010689069516956806e-03
1.289212051779031754e-02
1.391404960304498672e-02
-4.300646105548366904e-05
6.831306498497724533e-03
1.271338667720556259e-02
6.966266082599759102e-04
1.255991403013467789e-02
4.223075695335865021e-03
2.693666331470012665e-02
1.353584136813879013e-02
2.865081478375941515e-04
4.928994923830032349e-03
8.310156874358654022e-03
1.024054549634456635e-02
1.276517473161220551e-02
1.627401681616902351e-03
2.582516288384795189e-03
8.146056788973510265e-04
4.002046305686235428e-03
1.132923789555206895e-04
7.582849357277154922e-03
-6.414691597456112504e-05
7.303045131266117096e-04
2.562357671558856964e-02
1.230485620908439159e-03
5.366645287722349167e-03
2.195060066878795624e-02
1.824665348976850510e-03
5.562435835599899292e-04
2.059381920844316483e-03
3.008699510246515274e-03
1.172309834510087967e-02
-7.877608732087537646e-05
1.910372520796954632e-05
2.009350061416625977e-02
1.216720324009656906e-02
3.297610906884074211e-03
8.095760222204262391e-07
1.268137013539671898e-03
1.470248971600085497e-04
3.234784351661801338e-03
4.418380558490753174e-03
1.162026729434728622e-02
6.759986747056245804e-03
7.143545430153608322e-03
-5.713063292205333710e-03
2.303703874349594116e-02
2.023320458829402924e-02
1.808936148881912231e-02
3.822320373728871346e-03
3.962933551520109177e-03
-2.222750103101134300e-03
3.401368856430053711e-03
1.647390238940715790e-02
5.397179163992404938e-03
8.940404281020164490e-03
2.729438617825508118e-02
-5.142673850059509277e-03
1.357795724743482424e-07
4.779831971973180771e-03
-2.832874655723571777e-02
3.130094707012176514e-02
9.901492157950997353e-04
2.013372613873798400e-05
1.001778582576662302e-05
4.369755275547504425e-03
2.532508005970157683e-05
2.658449520822614431e-04
5.924243945628404617e-03
-7.845218293368816376e-03
6.964081898331642151e-03
-5.295505616231821477e-05
1.439064217265695333e-04
-4.357192665338516235e-06
7.193600176833570004e-04
2.616779413074254990e-03
2.011641394346952438e-03
1.515773218125104904e-02
6.149782711872830987e-05
1.712936209514737129e-03
8.430082350969314575e-03
1.583447679877281189e-03
7.787363720126450062e-04
5.128394113853573799e-04
9.053250541910529137e-04
1.052419561892747879e-02
3.211108036339282990e-03
1.800495944917201996e-02
4.938158235745504498e-05
1.650021597743034363e-02
5.220400635153055191e-04
1.942118816077709198e-02
1.053111511282622814e-03
7.104065152816474438e-04
3.147095048916526139e-05
1.109376171370968223e-06
-1.045538345351815224e-03
5.976350512355566025e-04
1.583894481882452965e-03
2.286775968968868256e-03
4.930587019771337509e-03
3.519121930003166199e-02
6.916976068168878555e-03
-3.474038676358759403e-04
2.857753308489918709e-03
7.231003255583345890e-04
7.340569049119949341e-03
1.303715445101261139e-02
7.101092021912336349e-03
1.632090861676260829e-04
9.199990890920162201e-03
9.232247066393028945e-06
2.562903100624680519e-03
5.646563295158557594e-06
9.465465554967522621e-04
1.429450581781566143e-03
9.485033340752124786e-03
6.079757586121559143e-04
7.782649248838424683e-03
1.136713661253452301e-02
5.549143534153699875e-03
6.227567791938781738e-03
2.894787583500146866e-03
7.105207769200205803e-04
1.725451275706291199e-02
8.605145267210900784e-04
9.797511156648397446e-04
2.910161623731255531e-03
1.908226171508431435e-03
2.740657888352870941e-03
2.014700323343276978e-02
1.370390527881681919e-03
8.764547528699040413e-04
4.173853900283575058e-03
2.536954358220100403e-03
3.642295996542088687e-05
5.329668521881103516e-03
1.492734905332326889e-02
8.279591384052764624e-06
2.046598494052886963e-02
2.929330430924892426e-02
4.595389589667320251e-03
2.938775578513741493e-04
1.080445479601621628e-02
5.584502359852194786e-04
9.364304423797875643e-05
1.231877878308296204e-02
2.972755208611488342e-02
1.584697701036930084e-02
3.182830987498164177e-03
3.337829411975690164e-06
-9.884686733130365610e-05
1.333974860608577728e-02
3.467029819148592651e-05
1.620126329362392426e-02
3.342421492561697960e-03
2.771431021392345428e-02
2.467346936464309692e-02
4.557016654871404171e-04
7.286825566552579403e-04
3.074933483731001616e-04
5.483339009515475482e-07
-7.346404716372489929e-03
4.630044859368354082e-04
1.545479800552129745e-02
