-9.454549290239810944e-03
-8.000004105269908905e-03
-8.909095078706741333e-03
-1.100000739097595215e-02
-1.054545957595109940e-02
-9.636368602514266968e-03
-9.181822650134563446e-03
-1.009091362357139587e-02
-1.109091471880674362e-02
-1.063636876642704010e-02
-1.027273293584585190e-02
-1.054545957595109940e-02
-1.004599314182996750e-02
-7.105173543095588684e-03
-1.010481640696525574e-02
-1.072406955063343048e-02
-1.018182281404733658e-02
-1.063636969774961472e-02
-8.818186819553375244e-03
-9.818186052143573761e-03
-1.027273293584585190e-02
-8.363639935851097107e-03
-8.818185888230800629e-03
-1.036364026367664337e-02
-1.018182374536991119e-02
-1.090909726917743683e-02
-9.545457549393177032e-03
-9.454551152884960175e-03
-1.063636690378189087e-02
-9.272731840610504150e-03
-9.545458480715751648e-03
-8.545458316802978516e-03
-9.994301013648509979e-03
-9.071305394172668457e-03
-9.255975484848022461e-03
-8.153300732374191284e-03
-9.370414540171623230e-03
-9.117294102907180786e-03
-8.945815265178680420e-03
-8.797150105237960815e-03
-8.669164031744003296e-03
-9.809625335037708282e-03
-9.095901623368263245e-03
-1.014332007616758347e-02
-1.042139437049627304e-02
-1.008057314902544022e-02
-9.050627239048480988e-03
-9.581823833286762238e-03
-9.394656866788864136e-03
-1.009697467088699341e-02
-1.175151951611042023e-02
-8.469879627227783203e-03
-9.090913459658622742e-03
-8.363639935851097107e-03
-1.063636876642704010e-02
-9.727275930345058441e-03
-9.000002406537532806e-03
-1.036364212632179260e-02
-8.704460225999355316e-03
-9.898757562041282654e-03
-1.097077131271362305e-02
-9.722641669213771820e-03
-9.566490538418292999e-03
-1.001818664371967316e-02
-8.286631666123867035e-03
-7.009625434875488281e-03
-1.045168470591306686e-02
-1.194331329315900803e-02
-1.464991457760334015e-02
-1.623208262026309967e-02
-1.670766621828079224e-02
-1.727878674864768982e-02
-1.575971208512783051e-02
-1.698252931237220764e-02
-1.614045724272727966e-02
-1.748485118150711060e-02
-1.663066260516643524e-02
-1.194010209292173386e-02
-8.924065157771110535e-03
-9.393583983182907104e-03
-9.197863750159740448e-03
-1.017897110432386398e-02
-1.036364026367664337e-02
-1.000000536441802979e-02
-9.000003337860107422e-03
-9.454549290239810944e-03
-9.203569963574409485e-03
-1.002638507634401321e-02
-9.072018787264823914e-03
-9.471661411225795746e-03
-7.900535129010677338e-03
-7.675579749047756195e-03
-6.911942735314369202e-03
-1.256790943443775177e-02
-1.438323315232992172e-02
-1.596541143953800201e-02
-1.495221909135580063e-02
-1.464383956044912338e-02
-1.415898930281400681e-02
-1.293688546866178513e-02
-1.466308534145355225e-02
-1.388768851757049561e-02
-1.144811976701021194e-02
-1.183100882917642593e-02
-1.226701773703098297e-02
-1.549696736037731171e-02
-1.108555868268013000e-02
-1.098609808832406998e-02
-9.438863024115562439e-03
-8.905172348022460938e-03
-1.071052160114049911e-02
-8.545457385480403900e-03
-8.545458316802978516e-03
-1.033654715865850449e-02
-1.107023470103740692e-02
-9.864176623523235321e-03
-9.958649054169654846e-03
-7.526915986090898514e-03
-5.417467560619115829e-03
-1.149483118206262589e-02
-9.637781418859958649e-03
-1.138394698500633240e-02
-9.628150612115859985e-03
-7.914411835372447968e-03
-5.417431704699993134e-03
-5.811010021716356277e-03
-3.305828897282481194e-03
-4.784616641700267792e-03
-5.941117182374000549e-03
-6.858773995190858841e-03
-1.138034928590059280e-02
-1.354043558239936829e-02
-1.256433315575122833e-02
-1.524348463863134384e-02
-1.580961607396602631e-02
-1.438752282410860062e-02
-8.854903280735015869e-03
-7.482711225748062134e-03
-9.752233512699604034e-03
-9.297687560319900513e-03
-1.054545957595109940e-02
-1.136364042758941650e-02
-9.190734475851058960e-03
-9.996793232858181000e-03
-6.662387400865554810e-03
-9.117288514971733093e-03
-1.032690983265638351e-02
-7.937245070934295654e-03
-7.126186508685350418e-03
-3.473767312243580818e-03
-3.357176668941974640e-03
9.694026666693389416e-04
-1.018457347527146339e-03
-1.487599452957510948e-03
-1.038741203956305981e-03
-1.811638241633772850e-03
-3.620187519118189812e-03
-6.183838471770286560e-03
-7.657658308744430542e-03
-9.907240048050880432e-03
-9.480881504714488983e-03
-1.176432333886623383e-02
-1.441316958516836166e-02
-1.966310292482376099e-02
-1.776113361120223999e-02
-1.080178562551736832e-02
-9.004634805023670197e-03
-1.044741924852132797e-02
-9.818186052143573761e-03
-8.996082469820976257e-03
-9.385030716657638550e-03
-9.950091131031513214e-03
-5.491620395332574844e-03
-1.163457985967397690e-02
-7.980380207300186157e-03
-4.975024610757827759e-03
-4.616398364305496216e-04
1.949073863215744495e-03
3.893964458256959915e-05
-2.257996005937457085e-03
-5.439067725092172623e-03
-6.160252727568149567e-03
-8.293216116726398468e-03
-9.092125110328197479e-03
-8.958082646131515503e-03
-8.315681479871273041e-03
-9.172039106488227844e-03
-1.006655115634202957e-02
-5.907226819545030594e-03
-9.970358572900295258e-03
-1.405273191630840302e-02
-1.713474281132221222e-02
-1.773367822170257568e-02
-1.624206826090812683e-02
-1.024099811911582947e-02
-1.010053884238004684e-02
-1.063636876642704010e-02
-1.083280332386493683e-02
-9.552585892379283905e-03
-6.802495103329420090e-03
-1.192227657884359360e-02
-1.154580619186162949e-02
-5.933669861406087875e-03
-8.224250632338225842e-04
1.918055815622210503e-03
2.026464324444532394e-03
-3.207734553143382072e-03
-9.698604233562946320e-03
-8.890023455023765564e-03
-9.509958326816558838e-03
-1.050495542585849762e-02
-1.150636654347181320e-02
-7.712071295827627182e-03
-6.651483941823244095e-03
-9.696422144770622253e-03
-8.636578917503356934e-03
-7.646594662219285965e-03
-7.666954770684242249e-03
-1.377821620553731918e-02
-1.690693013370037079e-02
-1.689090020954608917e-02
-1.690231449902057648e-02
-8.287345059216022491e-03
-9.022820740938186646e-03
-1.007201988250017166e-02
-9.237793274223804474e-03
-7.772193290293216705e-03
-1.030302792787551880e-02
-1.213475037366151810e-02
-8.031359873712062836e-03
-4.852029494941234589e-03
1.083110226318240166e-03
1.227520988322794437e-03
-5.828411784023046494e-03
-1.198738347738981247e-02
-1.201335992664098740e-02
-1.296984776854515076e-02
-1.061582937836647034e-02
-9.832594543695449829e-03
-1.172921340912580490e-02
-4.353450145572423935e-03
-4.196940455585718155e-03
-3.833667142316699028e-03
-4.519611597061157227e-03
-4.272243939340114594e-03
-8.567476645112037659e-03
-1.038355659693479538e-02
-1.437359675765037537e-02
-1.443314366042613983e-02
-1.649232581257820129e-02
-9.374333545565605164e-03
-8.412122726440429688e-03
-1.102531701326370239e-02
-9.570414200425148010e-03
-6.749019492417573929e-03
-1.351835951209068298e-02
-9.996425360441207886e-03
-6.181089673191308975e-03
-3.111914498731493950e-03
-1.328649581409990788e-03
-1.615241286344826221e-03
-1.018454879522323608e-02
-1.251676771789789200e-02
-1.269643474370241165e-02
-8.728871122002601624e-03
-2.884665271267294884e-03
-2.706443192437291145e-03
-2.811619313433766365e-03
1.645439420826733112e-03
4.418372176587581635e-03
1.312126754783093929e-03
-2.383078448474407196e-03
-8.093283511698246002e-03
-7.677992340177297592e-03
-9.830608963966369629e-03
-1.300567947328090668e-02
-1.239856146275997162e-02
-1.319180056452751160e-02
-1.013903506100177765e-02
-1.067772228270769119e-02
-1.019608229398727417e-02
-9.303745813667774200e-03
-8.268449455499649048e-03
-1.301960833370685577e-02
-8.707302622497081757e-03
-6.860233843326568604e-03
-1.904784701764583588e-03
-5.662604235112667084e-05
-2.635912969708442688e-03
-9.348887018859386444e-03
-6.449400912970304489e-03
-5.229060072451829910e-03
1.554875983856618404e-03
4.204407799988985062e-03
4.419734235852956772e-03
4.968404304236173630e-03
6.671801209449768066e-03
6.269690580666065216e-03
6.811033235862851143e-04
-4.326407331973314285e-03
-7.474403362721204758e-03
-7.155001629143953323e-03
-7.454148493707180023e-03
-1.301531307399272919e-02
-1.060284674167633057e-02
-1.075080130249261856e-02
-8.275581523776054382e-03
-9.067382663488388062e-03
-1.020285859704017639e-02
-9.423890151083469391e-03
-8.504813537001609802e-03
-1.127522066235542297e-02
-6.949724629521369934e-03
-4.332252312451601028e-03
-7.956908084452152252e-04
-6.986948428675532341e-04
-2.342856721952557564e-03
-5.723928101360797882e-03
-3.376310225576162338e-03
8.511303458362817764e-04
5.343802273273468018e-03
8.908133022487163544e-03
3.856092691421508789e-03
5.830427631735801697e-03
3.873596433550119400e-03
1.808726810850203037e-03
-4.265721654519438744e-04
-5.359224509447813034e-03
-9.959260001778602600e-03
-6.776406429708003998e-03
-1.040103193372488022e-02
-1.082280091941356659e-02
-1.038395147770643234e-02
-5.783957429230213165e-03
-9.617115370929241180e-03
-1.120214629918336868e-02
-8.496973663568496704e-03
-8.648843504488468170e-03
-7.564349565654993057e-03
-6.219254806637763977e-03
-6.332257762551307678e-03
-3.675211919471621513e-03
-2.503352006897330284e-03
-3.579968586564064026e-03
-3.340358147397637367e-03
-4.720354918390512466e-03
-2.904298715293407440e-03
-3.681325470097362995e-04
6.236481480300426483e-03
6.159121636301279068e-03
1.084629795514047146e-03
3.930272068828344345e-04
1.745281391777098179e-03
1.288616098463535309e-03
-5.121182184666395187e-04
-6.313592195510864258e-03
-6.392072886228561401e-03
-9.506532922387123108e-03
-8.183921687304973602e-03
-1.032904069870710373e-02
-1.015614345669746399e-02
-7.451337762176990509e-03
-9.671303443610668182e-03
-9.019254706799983978e-03
-1.136364229023456573e-02
-8.996439166367053986e-03
-7.448129821568727493e-03
-5.534044001251459122e-03
-7.895182818174362183e-03
-5.468080285936594009e-03
-2.625987166538834572e-03
-3.745020832866430283e-03
-3.342841751873493195e-03
-4.114291630685329437e-03
-5.665811710059642792e-03
-1.496835378929972649e-03
-6.030693184584379196e-04
-2.190585248172283173e-03
-6.329951807856559753e-03
-4.145259037613868713e-03
-1.433293800801038742e-03
-5.947877652943134308e-04
-4.893212113529443741e-03
-4.192389082163572311e-03
-5.797064397484064102e-03
-6.544688250869512558e-03
-6.630980409681797028e-03
-8.793563582003116608e-03
-9.402489289641380310e-03
-5.490550771355628967e-03
-9.243852458894252777e-03
-1.021782960742712021e-02
-8.545459248125553131e-03
-9.084496647119522095e-03
-9.801072999835014343e-03
-5.576113238930702209e-03
-5.696608219295740128e-03
-5.390359088778495789e-03
-4.532222636044025421e-03
-3.137891180813312531e-03
-4.112895112484693527e-03
-3.688630415126681328e-03
-5.588095169514417648e-03
-8.772769942879676819e-03
-1.060448586940765381e-02
-8.929934352636337280e-03
-1.042440347373485565e-02
-5.470721982419490814e-03
1.288998639211058617e-03
3.535137511789798737e-04
-4.977723117917776108e-03
-5.565300583839416504e-03
-7.803484331816434860e-03
-6.107605062425136566e-03
-7.300140336155891418e-03
-5.720834247767925262e-03
-9.883412159979343414e-03
-5.817469675093889236e-03
-7.431373465806245804e-03
-1.041676197201013565e-02
-8.452053181827068329e-03
-1.018182281404733658e-02
-1.006417442113161087e-02
-6.932619493454694748e-03
-7.696249987930059433e-03
-8.317627012729644775e-03
-5.709399934858083725e-03
-2.166767604649066925e-03
-2.196321962401270866e-03
-3.791310591623187065e-03
-3.856901545077562332e-03
-1.174104027450084686e-02
-1.360695436596870422e-02
-1.074204035103321075e-02
-9.248623624444007874e-03
3.111013211309909821e-04
2.784528303891420364e-03
3.524236381053924561e-04
-8.695746771991252899e-03
-7.234468124806880951e-03
-8.246972225606441498e-03
-6.705817766487598419e-03
-7.494434714317321777e-03
-9.829927235841751099e-03
-7.752220612019300461e-03
-7.063459604978561401e-03
-8.909805677831172943e-03
-9.509452618658542633e-03
-9.167562238872051239e-03
-1.005811523646116257e-02
-9.258823469281196594e-03
-6.901960819959640503e-03
-9.235288947820663452e-03
-9.585002437233924866e-03
-7.592823822051286697e-03
-3.529687644913792610e-03
-3.487241920083761215e-03
-1.272255554795265198e-03
-5.260124336928129196e-03
-7.452268153429031372e-03
-3.599115414544939995e-03
-6.364150438457727432e-03
-1.307090511545538902e-03
-3.477432765066623688e-04
1.701437402516603470e-03
-2.707480918616056442e-03
-8.905731141567230225e-03
-7.551390677690505981e-03
-1.125944964587688446e-02
-8.349311538040637970e-03
-5.883026402443647385e-03
-5.776093341410160065e-03
-9.382167831063270569e-03
-9.367558173835277557e-03
-1.066096313297748566e-02
-1.129768695682287216e-02
-9.909094311296939850e-03
-1.135722547769546509e-02
-8.977544493973255157e-03
-1.063386537134647369e-02
-1.263920869678258896e-02
-1.127591170370578766e-02
-1.019566785544157028e-02
-5.372827872633934021e-03
-3.636271692812442780e-03
-2.459791256114840508e-03
-1.975298859179019928e-03
-9.652956505306065083e-04
-7.417426677420735359e-04
7.039071060717105865e-04
-4.793247207999229431e-04
1.160968793556094170e-03
-2.719608135521411896e-03
-8.001253008842468262e-03
-8.406985551118850708e-03
-7.645154371857643127e-03
-1.073538418859243393e-02
-7.620975375175476074e-03
-3.038466209545731544e-03
-3.507292130962014198e-03
-9.808907285332679749e-03
-1.058181561529636383e-02
-6.469875574111938477e-03
-1.119287405163049698e-02
-1.132299937307834625e-02
-8.803568780422210693e-03
-1.093333773314952850e-02
-1.007201429456472397e-02
-1.541816908866167068e-02
-1.387840136885643005e-02
-9.447359479963779449e-03
-8.252685889601707458e-03
-4.270141012966632843e-03
-3.149629104882478714e-03
-5.301099736243486404e-05
2.531678648665547371e-03
8.083375287242233753e-04
1.190178794786334038e-03
-2.566321054473519325e-03
-3.290007123723626137e-03
-3.691448364406824112e-03
-9.858654811978340149e-03
-1.142657827585935593e-02
-7.778838742524385452e-03
-7.587436120957136154e-03
-5.212776828557252884e-03
-3.531516063958406448e-03
-6.512284278869628906e-03
-9.660243056714534760e-03
-1.138645224273204803e-02
-9.429589845240116119e-03
-9.422107599675655365e-03
-9.631020016968250275e-03
-1.017469260841608047e-02
-8.086990565061569214e-03
-1.290302816778421402e-02
-1.774295046925544739e-02
-1.701138168573379517e-02
-1.140956766903400421e-02
-1.088298484683036804e-02
-9.447677060961723328e-03
-3.732152283191680908e-03
-4.428409971296787262e-03
-1.648707198910415173e-03
3.151618875563144684e-05
1.214075135067105293e-03
-3.267212072387337685e-03
-5.393040832132101059e-03
-8.853998035192489624e-03
-9.666840545833110809e-03
-7.274708244949579239e-03
-3.146416740491986275e-03
-3.125409130007028580e-03
-1.252357382327318192e-03
-1.469844835810363293e-03
-6.334390956908464432e-03
-9.913724847137928009e-03
-9.150087833404541016e-03
-9.505528956651687622e-03
-8.868096396327018738e-03
-9.727277792990207672e-03
-9.465246461331844330e-03
-8.505169302225112915e-03
-1.494188513606786728e-02
-1.693688519299030304e-02
-1.418678089976310730e-02
-1.219209656119346619e-02
-9.197063744068145752e-03
-7.962105795741081238e-03
-6.533212494105100632e-03
-4.740687552839517593e-03
-1.801268896088004112e-03
-3.830842440947890282e-03
-7.847573608160018921e-03
-6.514596752822399139e-03
-8.646515198051929474e-03
-6.562738679349422455e-03
-6.100720260292291641e-03
-5.142466630786657333e-03
-1.180301769636571407e-03
6.057649734430015087e-04
1.253510825335979462e-03
-3.357198089361190796e-03
-5.833857692778110504e-03
-1.187913864850997925e-02
-6.561852991580963135e-03
-8.704102598130702972e-03
-9.982178919017314911e-03
-1.117041520774364471e-02
-1.015722472220659256e-02
-8.874867111444473267e-03
-1.435364875942468643e-02
-1.602744683623313904e-02
-1.506129465997219086e-02
-1.251688692718744278e-02
-1.037959754467010498e-02
-6.279743742197751999e-03
-8.147098124027252197e-03
-5.939937662333250046e-03
-5.405867472290992737e-03
-3.157716477289795876e-03
-6.989439018070697784e-03
-5.934532266110181808e-03
-7.299979217350482941e-03
-4.119253717362880707e-03
-5.602792371064424515e-04
-2.836729399859905243e-04
1.990086631849408150e-03
-5.443423287943005562e-04
-5.732385907322168350e-04
-3.241697326302528381e-03
-9.141882881522178650e-03
-8.657753467559814453e-03
-7.584667764604091644e-03
-9.182531386613845825e-03
-9.363640099763870239e-03
-1.080713514238595963e-02
-1.025169808417558670e-02
-8.738683536648750305e-03
-1.370695419609546661e-02
-1.740070804953575134e-02
-1.735863089561462402e-02
-1.270691584795713425e-02
-1.271117106080055237e-02
-1.034358050674200058e-02
-5.871172528713941574e-03
-3.779166843742132187e-03
-7.734200451523065567e-03
-7.801205851137638092e-03
-3.230448812246322632e-03
-4.177332855761051178e-03
-3.130663651973009109e-03
2.903426066040992737e-04
2.398321870714426041e-03
1.445343601517379284e-03
3.961218753829598427e-04
-3.780368249863386154e-03
-5.373965017497539520e-03
-7.231009192764759064e-03
-7.666665595024824142e-03
-6.197501905262470245e-03
-8.211762644350528717e-03
-1.011479925364255905e-02
-9.363641031086444855e-03
-1.118182390928268433e-02
-1.054545957595109940e-02
-7.865956053137779236e-03
-7.920145057141780853e-03
-1.511550042778253555e-02
-1.698323898017406464e-02
-1.730409450829029083e-02
-1.835361495614051819e-02
-1.774325780570507050e-02
-1.420561783015727997e-02
-8.769218809902667999e-03
-9.224443696439266205e-03
-1.094778440892696381e-02
-8.685745298862457275e-03
-9.409122169017791748e-03
-4.757458809763193130e-03
-3.171393182128667831e-03
-3.853231319226324558e-04
-1.810301328077912331e-03
-5.153988488018512726e-03
-1.008697692304849625e-02
-8.859887719154357910e-03
-8.722279220819473267e-03
-5.422100890427827835e-03
-7.638857699930667877e-03
-1.002816669642925262e-02
-9.597153402864933014e-03
-9.454550221562385559e-03
-9.363641031086444855e-03
-9.363641031086444855e-03
-9.755083359777927399e-03
-9.200360625982284546e-03
-7.662744261324405670e-03
-1.454260013997554779e-02
-1.748626865446567535e-02
-1.862886361777782440e-02
-1.683669909834861755e-02
-1.646235212683677673e-02
-1.686803624033927917e-02
-1.563022844493389130e-02
-1.575322449207305908e-02
-9.849477559328079224e-03
-1.133861299604177475e-02
-8.596382103860378265e-03
-6.463419646024703979e-03
-6.559332832694053650e-03
-6.661660969257354736e-03
-1.166772842407226562e-02
-1.352406013756990433e-02
-1.043707691133022308e-02
-6.297680549323558807e-03
-6.920855026692152023e-03
-8.402495644986629486e-03
-9.238149039447307587e-03
-8.958649821579456329e-03
-9.454550221562385559e-03
-1.100000552833080292e-02
-1.036364119499921799e-02
-9.421038441359996796e-03
-9.145102463662624359e-03
-1.025846786797046661e-02
-7.695188280194997787e-03
-1.375650241971015930e-02
-1.593760401010513306e-02
-1.578430831432342529e-02
-1.562529802322387695e-02
-1.413581147789955139e-02
-1.307412981986999512e-02
-1.204917207360267639e-02
-1.337644178420305252e-02
-1.156575325876474380e-02
-1.153866481035947800e-02
-1.211335510015487671e-02
-1.362530142068862915e-02
-1.150444895029067993e-02
-1.506594941020011902e-02
-1.144705619663000107e-02
-8.125132881104946136e-03
-6.904100067913532257e-03
-9.757577441632747650e-03
-9.407847188413143158e-03
-9.741893038153648376e-03
-8.599290624260902405e-03
-9.454550221562385559e-03
-1.063636876642704010e-02
-1.045455131679773331e-02
-8.909095078706741333e-03
-9.090913459658622742e-03
-1.132763270288705826e-02
-1.104420889168977737e-02
-7.715507876127958298e-03
-1.446309871971607208e-02
-1.523493602871894836e-02
-1.643137447535991669e-02
-1.421639230102300644e-02
-1.267022453248500824e-02
-1.373118534684181213e-02
-1.408983115106821060e-02
-1.426701527088880539e-02
-1.445347163826227188e-02
-1.423992216587066650e-02
-1.665810868144035339e-02
-1.431479305028915405e-02
-1.255365461111068726e-02
-9.340105578303337097e-03
-7.830659858882427216e-03
-9.562569670379161835e-03
-9.749736636877059937e-03
-9.442428126931190491e-03
-9.433515369892120361e-03
-9.727277792990207672e-03
-1.045455131679773331e-02
-8.636367507278919220e-03
-1.054546050727367401e-02
-1.100000552833080292e-02
-1.218182407319545746e-02
-9.218541905283927917e-03
-9.002499282360076904e-03
-1.063494291156530380e-02
-1.078610029071569443e-02
-8.488416671752929688e-03
-9.877005591988563538e-03
-9.118717163801193237e-03
-9.825668297708034515e-03
-1.235508359968662262e-02
-1.188841462135314941e-02
-1.333368662744760513e-02
-1.099251583218574524e-02
-7.073441054672002792e-03
-8.756509050726890564e-03
-5.658468697220087051e-03
-9.641358628869056702e-03
-1.141141541302204132e-02
-8.491982705891132355e-03
-1.101462263613939285e-02
-9.320859797298908234e-03
-1.118182390928268433e-02
-8.727277629077434540e-03
-8.727276697754859924e-03
-9.727276861667633057e-03
