-1.107719019055366516e-01 1.350017786026000977e-01 -4.455471783876419067e-02 -2.758259885013103485e-02 -7.287536561489105225e-02 3.496067598462104797e-02 4.047928005456924438e-02 -8.247872814536094666e-03 -1.783382892608642578e-02 -6.660192273557186127e-03
-3.306153789162635803e-02 -5.574140697717666626e-02 -3.137570247054100037e-02 3.881005942821502686e-02 -2.634514123201370239e-02 2.316615357995033264e-02 -6.033762544393539429e-02 -3.754936531186103821e-02 -8.418234437704086304e-02 -3.113718004897236824e-03
-3.662765026092529297e-02 -6.550243496894836426e-02 2.059200545772910118e-03 -8.258367329835891724e-02 4.801252484321594238e-02 -3.598817810416221619e-02 1.407387014478445053e-02 2.949844487011432648e-02 -8.041670173406600952e-02 2.583143301308155060e-02
-7.226955145597457886e-02 -3.891326859593391418e-02 -1.331380382180213928e-02 3.703338652849197388e-02 -2.257898636162281036e-02 -7.886565476655960083e-02 -3.407808393239974976e-02 3.550252690911293030e-02 8.719515055418014526e-03 2.921532839536666870e-03
-1.051998883485794067e-01 -7.660997658967971802e-02 -3.745538368821144104e-02 4.130704328417778015e-02 6.216321606189012527e-03 1.490369066596031189e-02 -9.632240980863571167e-02 4.605694115161895752e-02 3.029499202966690063e-02 2.999573945999145508e-02
7.133627682924270630e-02 -5.276037752628326416e-02 -1.047889813780784607e-01 -3.794554993510246277e-02 -1.497377292253077030e-03 -5.778027325868606567e-02 1.701051555573940277e-02 -3.728220611810684204e-02 -5.137934535741806030e-02 -5.085425078868865967e-02
3.277910500764846802e-02 -3.870344534516334534e-02 -7.097520679235458374e-02 5.529419705271720886e-02 -8.186075836420059204e-02 6.836208701133728027e-02 -3.222204744815826416e-02 -6.292098015546798706e-02 3.118477761745452881e-02 -7.772211730480194092e-02
-6.807412207126617432e-02 6.783948745578527451e-03 4.907610267400741577e-02 6.464525312185287476e-02 -4.427350591868162155e-03 -8.862084150314331055e-02 -5.102090165019035339e-02 5.385969951748847961e-02 -7.446581870317459106e-02 -7.902447879314422607e-02
-3.083411045372486115e-02 -3.330676257610321045e-02 5.960715562105178833e-02 -7.818990945816040039e-02 -7.421480119228363037e-02 -1.429286506026983261e-02 9.800315648317337036e-02 -6.888117641210556030e-02 -2.795385569334030151e-02 -4.605082049965858459e-02
6.489040330052375793e-03 -6.806404888629913330e-02 9.312595427036285400e-02 -7.502893451601266861e-03 -8.642072975635528564e-02 -6.200283393263816833e-02 5.669976584613323212e-03 -7.902044802904129028e-02 5.929123237729072571e-02 -6.453642994165420532e-02
4.447568953037261963e-02 -5.149827525019645691e-02 -7.954705506563186646e-02 -6.695995479822158813e-02 -2.621448971331119537e-02 -4.627614095807075500e-02 2.996833063662052155e-02 -3.247928619384765625e-02 -5.556590482592582703e-02 2.566236257553100586e-02
1.588587881997227669e-03 -1.730466075241565704e-02 -4.074403271079063416e-02 3.533141687512397766e-02 -3.049620613455772400e-02 3.008658811450004578e-02 -3.805673215538263321e-03 -4.041048139333724976e-02 -8.424852788448333740e-02 -3.892175480723381042e-02
3.536026179790496826e-02 -3.615998849272727966e-02 2.163375914096832275e-02 3.339423565194010735e-04 -6.239691004157066345e-02 1.161108259111642838e-02 -6.206978484988212585e-02 -1.879935152828693390e-02 1.607753708958625793e-02 -9.043749421834945679e-02
-9.101152420043945312e-02 -5.354418233036994934e-02 3.249792382121086121e-02 -2.637049555778503418e-02 2.709674648940563202e-02 4.251586738973855972e-03 -2.047010511159896851e-02 -6.153908371925354004e-02 1.520795095711946487e-02 -3.692857222631573677e-03
7.620935142040252686e-02 -5.287457257509231567e-02 -6.207440793514251709e-02 -4.096136987209320068e-02 -2.603662759065628052e-02 3.297166898846626282e-02 -4.830893129110336304e-02 -2.854072675108909607e-02 -1.782593689858913422e-02 -8.119294047355651855e-02
-1.806838624179363251e-02 -5.390224605798721313e-02 -2.798784896731376648e-02 -8.270347863435745239e-02 5.044346675276756287e-02 2.919426001608371735e-02 4.103007540106773376e-02 -1.035506725311279297e-01 3.260595351457595825e-02 5.172872915863990784e-02
9.416203945875167847e-02 -5.991746112704277039e-02 -1.091596335172653198e-01 -5.084718763828277588e-02 8.385640103369951248e-04 -3.463483601808547974e-02 -6.578984856605529785e-02 -1.097398926503956318e-04 -9.977730363607406616e-02 -4.363524913787841797e-02
7.535582035779953003e-02 -5.038148164749145508e-02 7.610357552766799927e-02 -2.981591597199440002e-02 -1.003377884626388550e-01 -1.739518530666828156e-02 -6.408017128705978394e-02 -5.483865365386009216e-02 -4.366316273808479309e-02 -1.057416945695877075e-01
5.203628912568092346e-02 -8.841379731893539429e-02 -1.009498462080955505e-01 -3.178596496582031250e-02 -2.579386159777641296e-02 1.458644052036106586e-03 7.561765611171722412e-03 1.536534633487462997e-02 1.643997617065906525e-02 -7.033302681520581245e-04
-1.257489807903766632e-02 -5.832996591925621033e-02 1.356077939271926880e-02 1.693823933601379395e-02 -8.166694641113281250e-02 1.713384501636028290e-02 -5.133102461695671082e-02 9.230879694223403931e-02 -3.440377488732337952e-02 -9.784059599041938782e-03
-2.418971247971057892e-02 6.564195454120635986e-02 -2.663892880082130432e-02 -9.591779857873916626e-02 -9.387917071580886841e-02 -4.693745076656341553e-02 -3.438876941800117493e-02 -5.389130115509033203e-02 -2.170948777347803116e-03 -9.285484254360198975e-02
-5.617422610521316528e-02 -3.115674294531345367e-02 3.744802251458168030e-02 -7.064786553382873535e-02 3.877597674727439880e-02 -4.464586451649665833e-02 -8.263772726058959961e-02 4.163676872849464417e-02 5.239043384790420532e-02 3.200870705768465996e-03
-1.327378302812576294e-01 -5.074437707662582397e-02 1.235219184309244156e-02 -1.009832136332988739e-02 -8.266863971948623657e-02 -1.888033875729888678e-05 -1.868870295584201813e-02 -5.108943954110145569e-02 -1.176878437399864197e-02 -1.529697142541408539e-02
-1.711943745613098145e-02 -4.656676575541496277e-02 7.385778427124023438e-02 -8.003526180982589722e-02 -9.330501407384872437e-02 -3.040644153952598572e-02 2.952165529131889343e-02 -6.138752773404121399e-02 -2.158637344837188721e-02 -3.835027664899826050e-02
-3.564767073839902878e-03 -2.539247646927833557e-02 -2.029861696064472198e-02 1.535017322748899460e-02 2.325521968305110931e-02 -1.869924366474151611e-02 -5.812170449644327164e-03 -8.320151269435882568e-02 -7.843524217605590820e-03 -1.178538147360086441e-02
