-8.904661983251571655e-03 -8.904648944735527039e-03 -8.904654532670974731e-03 -8.904622867703437805e-03 -8.904648944735527039e-03 -8.904676884412765503e-03 -8.904663845896720886e-03 -8.904654532670974731e-03 -8.904645219445228577e-03 -8.904617279767990112e-03 -8.904650807380676270e-03 -8.904643356800079346e-03 -8.904648944735527039e-03 -8.904667571187019348e-03 -8.904663845896720886e-03 -8.904648944735527039e-03
-1.883762702345848083e-02 -1.883766613900661469e-02 -1.883765682578086853e-02 -1.883763819932937622e-02 -1.883762516081333160e-02 -1.883763261139392853e-02 -1.883765310049057007e-02 -1.883763633668422699e-02 -1.883763074874877930e-02 -1.883763633668422699e-02 -1.883763633668422699e-02 -1.883762702345848083e-02 -1.883762888610363007e-02 -1.883764937520027161e-02 -1.883764378726482391e-02 -1.883762329816818237e-02
-2.789516001939773560e-03 -2.789516001939773560e-03 -2.789506688714027405e-03 -2.789516001939773560e-03 -2.789510414004325867e-03 -2.789529040455818176e-03 -2.789514139294624329e-03 -2.789512276649475098e-03 -2.789504826068878174e-03 -2.789514139294624329e-03 -2.789495512843132019e-03 -2.789516001939773560e-03 -2.789525315165519714e-03 -2.789510414004325867e-03 -2.789495512843132019e-03 -2.789521589875221252e-03
1.477506849914789200e-02 1.477505546063184738e-02 1.477506291121244431e-02 1.477507408708333969e-02 1.477504894137382507e-02 1.477505173534154892e-02 1.477506291121244431e-02 1.477507594972848892e-02 1.477505639195442200e-02 1.477507408708333969e-02 1.477506663650274277e-02 1.477506104856729507e-02 1.477504614740610123e-02 1.477504987269639969e-02 1.477506291121244431e-02 1.477504801005125046e-02
-1.575133390724658966e-02 -1.575130410492420197e-02 -1.575132831931114197e-02 -1.575133018195629120e-02 -1.575131900608539581e-02 -1.575132086873054504e-02 -1.575131714344024658e-02 -1.575132273137569427e-02 -1.575132831931114197e-02 -1.575133390724658966e-02 -1.575132831931114197e-02 -1.575131341814994812e-02 -1.575134508311748505e-02 -1.575132831931114197e-02 -1.575130969285964966e-02 -1.575133949518203735e-02
7.186306640505790710e-03 7.186324335634708405e-03 7.186325266957283020e-03 7.186312228441238403e-03 7.186292670667171478e-03 7.186315953731536865e-03 7.186304777860641479e-03 7.186308503150939941e-03 7.186301052570343018e-03 7.186328992247581482e-03 7.186297327280044556e-03 7.186328992247581482e-03 7.186315953731536865e-03 7.186296395957469940e-03 7.186315953731536865e-03 7.186320610344409943e-03
-3.886156529188156128e-02 -3.886153548955917358e-02 -3.886155784130096436e-02 -3.886155411601066589e-02 -3.886156529188156128e-02 -3.886155039072036743e-02 -3.886157274246215820e-02 -3.886153548955917358e-02 -3.886155411601066589e-02 -3.886155784130096436e-02 -3.886155784130096436e-02 -3.886155784130096436e-02 -3.886157274246215820e-02 -3.886155784130096436e-02 -3.886155784130096436e-02 -3.886156529188156128e-02
-9.280452504754066467e-03 -9.280448779463768005e-03 -9.280452504754066467e-03 -9.280443191528320312e-03 -9.280435740947723389e-03 -9.280458092689514160e-03 -9.280456230044364929e-03 -9.280433878302574158e-03 -9.280443191528320312e-03 -9.280437603592872620e-03 -9.280426427721977234e-03 -9.280446916818618774e-03 -9.280424565076828003e-03 -9.280439466238021851e-03 -9.280420839786529541e-03 -9.280458092689514160e-03
1.977892220020294189e-02 1.977894827723503113e-02 1.977895572781562805e-02 1.977895200252532959e-02 1.977894082665443420e-02 1.977894827723503113e-02 1.977895945310592651e-02 1.977894827723503113e-02 1.977896317839622498e-02 1.977897062897682190e-02 1.977894455194473267e-02 1.977896317839622498e-02 1.977893337607383728e-02 1.977894082665443420e-02 1.977892592549324036e-02 1.977894455194473267e-02
1.153848506510257721e-02 1.153849624097347260e-02 1.153849624097347260e-02 1.153847575187683105e-02 1.153849437832832336e-02 1.153848692774772644e-02 1.153847947716712952e-02 1.153848133981227875e-02 1.153847575187683105e-02 1.153848320245742798e-02 1.153847388923168182e-02 1.153849810361862183e-02 1.153847947716712952e-02 1.153847202658653259e-02 1.153847761452198029e-02 1.153847575187683105e-02
4.029512405395507812e-03 4.029526375234127045e-03 4.029538482427597046e-03 4.029541276395320892e-03 4.029527306556701660e-03 4.029531031847000122e-03 4.029520787298679352e-03 4.029531031847000122e-03 4.029526375234127045e-03 4.029541276395320892e-03 4.029537551105022430e-03 4.029542207717895508e-03 4.029507748782634735e-03 4.029543139040470123e-03 4.029528237879276276e-03 4.029546864330768585e-03
-4.644322022795677185e-02 -4.644322395324707031e-02 -4.644319787621498108e-02 -4.644318670034408569e-02 -4.644319042563438416e-02 -4.644321277737617493e-02 -4.644319042563438416e-02 -4.644319415092468262e-02 -4.644319042563438416e-02 -4.644319787621498108e-02 -4.644320532679557800e-02 -4.644319787621498108e-02 -4.644319787621498108e-02 -4.644319415092468262e-02 -4.644320905208587646e-02 -4.644320532679557800e-02
-5.904549732804298401e-02 -5.904548242688179016e-02 -5.904549360275268555e-02 -5.904548242688179016e-02 -5.904549732804298401e-02 -5.904549732804298401e-02 -5.904549732804298401e-02 -5.904550105333328247e-02 -5.904547870159149170e-02 -5.904549732804298401e-02 -5.904550477862358093e-02 -5.904549732804298401e-02 -5.904546752572059631e-02 -5.904548242688179016e-02 -5.904549360275268555e-02 -5.904548987746238708e-02
-1.249686256051063538e-02 -1.249689608812332153e-02 -1.249689050018787384e-02 -1.249689608812332153e-02 -1.249688118696212769e-02 -1.249689795076847076e-02 -1.249688491225242615e-02 -1.249688118696212769e-02 -1.249688304960727692e-02 -1.249690167605876923e-02 -1.249687559902667999e-02 -1.249689236283302307e-02 -1.249689608812332153e-02 -1.249689050018787384e-02 -1.249690353870391846e-02 -1.249690353870391846e-02
-2.568059414625167847e-02 -2.568058483302593231e-02 -2.568058483302593231e-02 -2.568061091005802155e-02 -2.568060718476772308e-02 -2.568059787154197693e-02 -2.568059600889682770e-02 -2.568059414625167847e-02 -2.568058110773563385e-02 -2.568060904741287231e-02 -2.568056993186473846e-02 -2.568058855831623077e-02 -2.568058483302593231e-02 -2.568060159683227539e-02 -2.568060532212257385e-02 -2.568058297038078308e-02
-6.984117440879344940e-03 -6.984117440879344940e-03 -6.984113715589046478e-03 -6.984107196331024170e-03 -6.984100677073001862e-03 -6.984101608395576477e-03 -6.984125357121229172e-03 -6.984130479395389557e-03 -6.984144449234008789e-03 -6.984127219766378403e-03 -6.984136067330837250e-03 -6.984147243201732635e-03 -6.984124891459941864e-03 -6.984121166169643402e-03 -6.984134204685688019e-03 -6.984106265008449554e-03
-2.029576711356639862e-02 -2.029576711356639862e-02 -2.029577642679214478e-02 -2.029576711356639862e-02 -2.029575780034065247e-02 -2.029578201472759247e-02 -2.029576711356639862e-02 -2.029576711356639862e-02 -2.029577083885669708e-02 -2.029578946530818939e-02 -2.029577828943729401e-02 -2.029578946530818939e-02 -2.029578015208244324e-02 -2.029578760266304016e-02 -2.029578201472759247e-02 -2.029577642679214478e-02
6.472791545093059540e-03 6.472793407738208771e-03 6.472787819802761078e-03 6.472782231867313385e-03 6.472780369222164154e-03 6.472798995673656464e-03 6.472785957157611847e-03 6.472798995673656464e-03 6.472789682447910309e-03 6.472782231867313385e-03 6.472776643931865692e-03 6.472785957157611847e-03 6.472812034189701080e-03 6.472785957157611847e-03 6.472797133028507233e-03 6.472772918641567230e-03
-1.168941333889961243e-02 -1.168942265212535858e-02 -1.168940868228673935e-02 -1.168942078948020935e-02 -1.168940402567386627e-02 -1.168941706418991089e-02 -1.168941333889961243e-02 -1.168941147625446320e-02 -1.168940030038356781e-02 -1.168942451477050781e-02 -1.168940588831901550e-02 -1.168942078948020935e-02 -1.168940030038356781e-02 -1.168939657509326935e-02 -1.168942824006080627e-02 -1.168941333889961243e-02
6.694745272397994995e-02 6.694745272397994995e-02 6.694747507572174072e-02 6.694747507572174072e-02 6.694747507572174072e-02 6.694746017456054688e-02 6.694747507572174072e-02 6.694745272397994995e-02 6.694746762514114380e-02 6.694747507572174072e-02 6.694746762514114380e-02 6.694746017456054688e-02 6.694746762514114380e-02 6.694745272397994995e-02 6.694746762514114380e-02 6.694748997688293457e-02
8.620433509349822998e-04 8.620284497737884521e-04 8.620442822575569153e-04 8.620265871286392212e-04 8.620284497737884521e-04 8.620209991931915283e-04 8.620470762252807617e-04 8.620359003543853760e-04 8.620116859674453735e-04 8.620405569672584534e-04 8.620349690318107605e-04 8.620489388704299927e-04 8.620284497737884521e-04 8.620452135801315308e-04 8.620303124189376831e-04 8.620340377092361450e-04
-3.368953615427017212e-02 -3.368955105543136597e-02 -3.368952870368957520e-02 -3.368955105543136597e-02 -3.368953615427017212e-02 -3.368953615427017212e-02 -3.368954733014106750e-02 -3.368952870368957520e-02 -3.368952870368957520e-02 -3.368955105543136597e-02 -3.368956595659255981e-02 -3.368953615427017212e-02 -3.368954360485076904e-02 -3.368955105543136597e-02 -3.368955850601196289e-02 -3.368955105543136597e-02
-5.990485660731792450e-04 -5.990262143313884735e-04 -5.990169011056423187e-04 -5.990467034280300140e-04 -5.990541540086269379e-04 -5.990411154925823212e-04 -5.990392528474330902e-04 -5.990280769765377045e-04 -5.990383215248584747e-04 -5.990276113152503967e-04 -5.990299396216869354e-04 -5.990243516862392426e-04 -5.990392528474330902e-04 -5.990574136376380920e-04 -5.990299396216869354e-04 -5.990392528474330902e-04
2.420053072273731232e-02 2.420051209628582001e-02 2.420051395893096924e-02 2.420051954686641693e-02 2.420052886009216309e-02 2.420051209628582001e-02 2.420052327215671539e-02 2.420051582157611847e-02 2.420052513480186462e-02 2.420050837099552155e-02 2.420054003596305847e-02 2.420051209628582001e-02 2.420052140951156616e-02 2.420052886009216309e-02 2.420054003596305847e-02 2.420052513480186462e-02
-2.676111645996570587e-02 -2.676112763583660126e-02 -2.676112949848175049e-02 -2.676111087203025818e-02 -2.676112577319145203e-02 -2.676112391054630280e-02 -2.676112204790115356e-02 -2.676109224557876587e-02 -2.676112577319145203e-02 -2.676112949848175049e-02 -2.676111087203025818e-02 -2.676111645996570587e-02 -2.676111459732055664e-02 -2.676112949848175049e-02 -2.676111273467540741e-02 -2.676112018525600433e-02
-5.164966918528079987e-03 -5.164960399270057678e-03 -5.164938047528266907e-03 -5.164956673979759216e-03 -5.164955742657184601e-03 -5.164955742657184601e-03 -5.164966918528079987e-03 -5.164950154721736908e-03 -5.164935253560543060e-03 -5.164970643818378448e-03 -5.164955742657184601e-03 -5.164963193237781525e-03 -5.164952017366886139e-03 -5.164960399270057678e-03 -5.164964124560356140e-03 -5.164952948689460754e-03
-4.355388507246971130e-02 -4.355388507246971130e-02 -4.355389252305030823e-02 -4.355390369892120361e-02 -4.355389997363090515e-02 -4.355390369892120361e-02 -4.355391114950180054e-02 -4.355391114950180054e-02 -4.355390369892120361e-02 -4.355393722653388977e-02 -4.355391114950180054e-02 -4.355389624834060669e-02 -4.355389997363090515e-02 -4.355391114950180054e-02 -4.355390369892120361e-02 -4.355389252305030823e-02
-2.916966751217842102e-02 -2.916965261101722717e-02 -2.916968800127506256e-02 -2.916966564953327179e-02 -2.916968241333961487e-02 -2.916967123746871948e-02 -2.916968800127506256e-02 -2.916966751217842102e-02 -2.916965633630752563e-02 -2.916968241333961487e-02 -2.916965261101722717e-02 -2.916966564953327179e-02 -2.916965633630752563e-02 -2.916968613862991333e-02 -2.916966378688812256e-02 -2.916966564953327179e-02
1.015374902635812759e-02 1.015376020222902298e-02 1.015371177345514297e-02 1.015371177345514297e-02 1.015370804816484451e-02 1.015374530106782913e-02 1.015372481197118759e-02 1.015372108668088913e-02 1.015373785048723221e-02 1.015375647693872452e-02 1.015372481197118759e-02 1.015373598784208298e-02 1.015371549874544144e-02 1.015372853726148605e-02 1.015372853726148605e-02 1.015374530106782913e-02
7.727055996656417847e-02 7.727057486772537231e-02 7.727055251598358154e-02 7.727055251598358154e-02 7.727054506540298462e-02 7.727057486772537231e-02 7.727055996656417847e-02 7.727055996656417847e-02 7.727057486772537231e-02 7.727055251598358154e-02 7.727056741714477539e-02 7.727054506540298462e-02 7.727056741714477539e-02 7.727056741714477539e-02 7.727053761482238770e-02 7.727058231830596924e-02
-2.438503317534923553e-02 -2.438505180180072784e-02 -2.438505180180072784e-02 -2.438505180180072784e-02 -2.438505180180072784e-02 -2.438505180180072784e-02 -2.438504807651042938e-02 -2.438504248857498169e-02 -2.438506484031677246e-02 -2.438506297767162323e-02 -2.438504621386528015e-02 -2.438505925238132477e-02 -2.438505366444587708e-02 -2.438506856560707092e-02 -2.438504807651042938e-02 -2.438505366444587708e-02
-4.152937978506088257e-02 -4.152938351035118103e-02 -4.152937233448028564e-02 -4.152937978506088257e-02 -4.152937605977058411e-02 -4.152939096093177795e-02 -4.152935743331909180e-02 -4.152937233448028564e-02 -4.152938351035118103e-02 -4.152936488389968872e-02 -4.152937978506088257e-02 -4.152937978506088257e-02 -4.152939468622207642e-02 -4.152937233448028564e-02 -4.152938351035118103e-02 -4.152936488389968872e-02
2.154749631881713867e-02 2.154748886823654175e-02 2.154748141765594482e-02 2.154749631881713867e-02 2.154747396707534790e-02 2.154749631881713867e-02 2.154748514294624329e-02 2.154749259352684021e-02 2.154750376939773560e-02 2.154748886823654175e-02 2.154750376939773560e-02 2.154748514294624329e-02 2.154750004410743713e-02 2.154750004410743713e-02 2.154748886823654175e-02 2.154749631881713867e-02
-2.838467061519622803e-02 -2.838468179106712341e-02 -2.838466688990592957e-02 -2.838468551635742188e-02 -2.838466688990592957e-02 -2.838466316461563110e-02 -2.838466688990592957e-02 -2.838467434048652649e-02 -2.838466688990592957e-02 -2.838466688990592957e-02 -2.838465943932533264e-02 -2.838467061519622803e-02 -2.838465198874473572e-02 -2.838468179106712341e-02 -2.838465571403503418e-02 -2.838467806577682495e-02
-6.030341144651174545e-03 -6.030320655554533005e-03 -6.030343938618898392e-03 -6.030339282006025314e-03 -6.030359771102666855e-03 -6.030350457876920700e-03 -6.030350457876920700e-03 -6.030329968780279160e-03 -6.030331831425428391e-03 -6.030346732586622238e-03 -6.030328106135129929e-03 -6.030363496392965317e-03 -6.030354183167219162e-03 -6.030342075973749161e-03 -6.030354183167219162e-03 -6.030324380844831467e-03
7.855950854718685150e-03 7.855955511331558228e-03 7.855952717363834381e-03 7.855940610170364380e-03 7.855950854718685150e-03 7.855938747525215149e-03 7.855941541492938995e-03 7.855953648686408997e-03 7.855944335460662842e-03 7.855955511331558228e-03 7.855948992073535919e-03 7.855945266783237457e-03 7.855952717363834381e-03 7.855943404138088226e-03 7.855941541492938995e-03 7.855950854718685150e-03
-4.405936226248741150e-02 -4.405934736132621765e-02 -4.405935853719711304e-02 -4.405936226248741150e-02 -4.405936971306800842e-02 -4.405934736132621765e-02 -4.405936226248741150e-02 -4.405936226248741150e-02 -4.405936598777770996e-02 -4.405937716364860535e-02 -4.405935481190681458e-02 -4.405934736132621765e-02 -4.405935481190681458e-02 -4.405935481190681458e-02 -4.405936226248741150e-02 -4.405934736132621765e-02
-6.808146834373474121e-03 -6.808152422308921814e-03 -6.808158010244369507e-03 -6.808156147599220276e-03 -6.808150559663772583e-03 -6.808137521147727966e-03 -6.808139383792877197e-03 -6.808165460824966431e-03 -6.808139383792877197e-03 -6.808135658502578735e-03 -6.808163598179817200e-03 -6.808135658502578735e-03 -6.808152422308921814e-03 -6.808135658502578735e-03 -6.808111444115638733e-03 -6.808152422308921814e-03
-3.990760073065757751e-02 -3.990757465362548828e-02 -3.990759700536727905e-02 -3.990757465362548828e-02 -3.990758582949638367e-02 -3.990757837891578674e-02 -3.990758955478668213e-02 -3.990758210420608521e-02 -3.990756720304489136e-02 -3.990759700536727905e-02 -3.990760073065757751e-02 -3.990757465362548828e-02 -3.990758955478668213e-02 -3.990759700536727905e-02 -3.990758582949638367e-02 -3.990758582949638367e-02
-2.907864376902580261e-02 -2.907862886786460876e-02 -2.907862141728401184e-02 -2.907861769199371338e-02 -2.907864749431610107e-02 -2.907863631844520569e-02 -2.907862886786460876e-02 -2.907864376902580261e-02 -2.907864004373550415e-02 -2.907863259315490723e-02 -2.907864376902580261e-02 -2.907863259315490723e-02 -2.907862514257431030e-02 -2.907862886786460876e-02 -2.907862514257431030e-02 -2.907862514257431030e-02
-8.835984393954277039e-03 -8.835999295115470886e-03 -8.835993707180023193e-03 -8.835969492793083191e-03 -8.836001157760620117e-03 -8.835995569825172424e-03 -8.835989981889724731e-03 -8.835971355438232422e-03 -8.836005814373493195e-03 -8.835982531309127808e-03 -8.835999295115470886e-03 -8.835983462631702423e-03 -8.836003020405769348e-03 -8.835982531309127808e-03 -8.835989981889724731e-03 -8.835984393954277039e-03
1.088179647922515869e-02 1.088179275393486023e-02 1.088179834187030792e-02 1.088180020451545715e-02 1.088180113583803177e-02 1.088178902864456177e-02 1.088180206716060638e-02 1.088180579245090485e-02 1.088180579245090485e-02 1.088178902864456177e-02 1.088181510567665100e-02 1.088181696832180023e-02 1.088178902864456177e-02 1.088179834187030792e-02 1.088181324303150177e-02 1.088182069361209869e-02
-2.737469971179962158e-02 -2.737470343708992004e-02 -2.737470343708992004e-02 -2.737468853592872620e-02 -2.737471088767051697e-02 -2.737470716238021851e-02 -2.737470343708992004e-02 -2.737472578883171082e-02 -2.737470716238021851e-02 -2.737469971179962158e-02 -2.737471088767051697e-02 -2.737471833825111389e-02 -2.737469598650932312e-02 -2.737469598650932312e-02 -2.737469598650932312e-02 -2.737470343708992004e-02
-1.662824861705303192e-02 -1.662828214466571808e-02 -1.662824489176273346e-02 -1.662825420498847961e-02 -1.662824489176273346e-02 -1.662825047969818115e-02 -1.662828028202056885e-02 -1.662826165556907654e-02 -1.662826165556907654e-02 -1.662823557853698730e-02 -1.662825047969818115e-02 -1.662825047969818115e-02 -1.662824675440788269e-02 -1.662825234234333038e-02 -1.662824489176273346e-02 -1.662824675440788269e-02
1.368839293718338013e-03 1.368835568428039551e-03 1.368861645460128784e-03 1.368843019008636475e-03 1.368813216686248779e-03 1.368846744298934937e-03 1.368857920169830322e-03 1.368854194879531860e-03 1.368831843137741089e-03 1.368843019008636475e-03 1.368857920169830322e-03 1.368839293718338013e-03 1.368835568428039551e-03 1.368828117847442627e-03 1.368824392557144165e-03 1.368831843137741089e-03
1.829954981803894043e-02 1.829955726861953735e-02 1.829954609274864197e-02 1.829956844449043274e-02 1.829957962036132812e-02 1.829955354332923889e-02 1.829954795539379120e-02 1.829955913126468658e-02 1.829954423010349274e-02 1.829955726861953735e-02 1.829955354332923889e-02 1.829955540597438812e-02 1.829956471920013428e-02 1.829954981803894043e-02 1.829958707094192505e-02 1.829956099390983582e-02
1.459448970854282379e-02 1.459448970854282379e-02 1.459448598325252533e-02 1.459446363151073456e-02 1.459450088441371918e-02 1.459447667002677917e-02 1.459449715912342072e-02 1.459448784589767456e-02 1.459448039531707764e-02 1.459446549415588379e-02 1.459449157118797302e-02 1.459447108209133148e-02 1.459449715912342072e-02 1.459448598325252533e-02 1.459448970854282379e-02 1.459448970854282379e-02
3.255985211580991745e-03 3.255990333855152130e-03 3.255971707403659821e-03 3.255960997194051743e-03 3.255974035710096359e-03 3.255982883274555206e-03 3.256000112742185593e-03 3.255986608564853668e-03 3.255978692322969437e-03 3.255979157984256744e-03 3.255958668887615204e-03 3.255977295339107513e-03 3.255990799516439438e-03 3.255985211580991745e-03 3.255951683968305588e-03 3.255981486290693283e-03
-5.458941683173179626e-03 -5.458917468786239624e-03 -5.458954721689224243e-03 -5.458939820528030396e-03 -5.458937957882881165e-03 -5.458932369947433472e-03 -5.458936095237731934e-03 -5.458928644657135010e-03 -5.458937957882881165e-03 -5.458950996398925781e-03 -5.458934232592582703e-03 -5.458952859044075012e-03 -5.458926782011985779e-03 -5.458917468786239624e-03 -5.458928644657135010e-03 -5.458947271108627319e-03
-4.689265042543411255e-02 -4.689263179898262024e-02 -4.689265042543411255e-02 -4.689265042543411255e-02 -4.689265042543411255e-02 -4.689262807369232178e-02 -4.689265787601470947e-02 -4.689264297485351562e-02 -4.689264670014381409e-02 -4.689265787601470947e-02 -4.689264297485351562e-02 -4.689265042543411255e-02 -4.689264297485351562e-02 -4.689263552427291870e-02 -4.689264297485351562e-02 -4.689263924956321716e-02
9.498102590441703796e-03 9.498059749603271484e-03 9.498063474893569946e-03 9.498063474893569946e-03 9.498057886958122253e-03 9.498078376054763794e-03 9.498093277215957642e-03 9.498082101345062256e-03 9.498059749603271484e-03 9.498070925474166870e-03 9.498089551925659180e-03 9.498100727796554565e-03 9.498078376054763794e-03 9.498069062829017639e-03 9.498076513409614563e-03 9.498074650764465332e-03
-3.020999021828174591e-03 -3.020969219505786896e-03 -3.020984120666980743e-03 -3.020963631570339203e-03 -3.020965494215488434e-03 -3.020989708602428436e-03 -3.020999021828174591e-03 -3.020967356860637665e-03 -3.020963631570339203e-03 -3.020971082150936127e-03 -3.020984120666980743e-03 -3.020978532731533051e-03 -3.020978532731533051e-03 -3.021012060344219208e-03 -3.020982258021831512e-03 -3.020978532731533051e-03
5.667524412274360657e-03 5.667530931532382965e-03 5.667550489306449890e-03 5.667534656822681427e-03 5.667553283274173737e-03 5.667546764016151428e-03 5.667554214596748352e-03 5.667528137564659119e-03 5.667560733854770660e-03 5.667528137564659119e-03 5.667523480951786041e-03 5.667557008564472198e-03 5.667538382112979889e-03 5.667539313435554504e-03 5.667530931532382965e-03 5.667516030371189117e-03
1.613848283886909485e-02 1.613847538828849792e-02 1.613847166299819946e-02 1.613846793770790100e-02 1.613846048712730408e-02 1.613846048712730408e-02 1.613848656415939331e-02 1.613846421241760254e-02 1.613847166299819946e-02 1.613846793770790100e-02 1.613846048712730408e-02 1.613847538828849792e-02 1.613845676183700562e-02 1.613847166299819946e-02 1.613848283886909485e-02 1.613846793770790100e-02
1.497248467057943344e-02 1.497246883809566498e-02 1.497247256338596344e-02 1.497247628867626190e-02 1.497247163206338882e-02 1.497248653322458267e-02 1.497248373925685883e-02 1.497247535735368729e-02 1.497247628867626190e-02 1.497246883809566498e-02 1.497247070074081421e-02 1.497248746454715729e-02 1.497247256338596344e-02 1.497249305248260498e-02 1.497247628867626190e-02 1.497247442603111267e-02
1.192828640341758728e-04 1.192567870020866394e-04 1.192698255181312561e-04 1.192679628729820251e-04 1.192679628729820251e-04 1.192623749375343323e-04 1.192595809698104858e-04 1.192772760987281799e-04 1.192679628729820251e-04 1.192884519696235657e-04 1.192735508084297180e-04 1.192754134535789490e-04 1.192623749375343323e-04 1.192716881632804871e-04 1.192651689052581787e-04 1.192567870020866394e-04
-5.794531106948852539e-02 -5.794528499245643616e-02 -5.794531106948852539e-02 -5.794532597064971924e-02 -5.794531479477882385e-02 -5.794530734419822693e-02 -5.794530361890792847e-02 -5.794530361890792847e-02 -5.794529616832733154e-02 -5.794530361890792847e-02 -5.794532224535942078e-02 -5.794529989361763000e-02 -5.794529244303703308e-02 -5.794529989361763000e-02 -5.794529616832733154e-02 -5.794532224535942078e-02
-4.643907770514488220e-02 -4.643908143043518066e-02 -4.643906280398368835e-02 -4.643907025456428528e-02 -4.643906280398368835e-02 -4.643908888101577759e-02 -4.643906652927398682e-02 -4.643908143043518066e-02 -4.643908515572547913e-02 -4.643909260630607605e-02 -4.643908515572547913e-02 -4.643906652927398682e-02 -4.643906280398368835e-02 -4.643907025456428528e-02 -4.643909260630607605e-02 -4.643906652927398682e-02
5.673491396009922028e-04 5.673379637300968170e-04 5.673514679074287415e-04 5.673528648912906647e-04 5.673468112945556641e-04 5.673452978953719139e-04 5.673398263752460480e-04 5.673364503309130669e-04 5.673426203429698944e-04 5.673196865245699883e-04 5.673448322340846062e-04 5.673454143106937408e-04 5.673305131494998932e-04 5.673381965607404709e-04 5.673378473147749901e-04 5.673267878592014313e-04
-2.777638286352157593e-02 -2.777637541294097900e-02 -2.777637727558612823e-02 -2.777638472616672516e-02 -2.777635678648948669e-02 -2.777637168765068054e-02 -2.777636982500553131e-02 -2.777636237442493439e-02 -2.777635306119918823e-02 -2.777636051177978516e-02 -2.777635306119918823e-02 -2.777636237442493439e-02 -2.777637541294097900e-02 -2.777638658881187439e-02 -2.777638100087642670e-02 -2.777636796236038208e-02
-7.271814160048961639e-03 -7.271832786500453949e-03 -7.271817885339260101e-03 -7.271829061210155487e-03 -7.271836511790752411e-03 -7.271832786500453949e-03 -7.271817885339260101e-03 -7.271810900419950485e-03 -7.271829061210155487e-03 -7.271817885339260101e-03 -7.271836511790752411e-03 -7.271833252161741257e-03 -7.271830923855304718e-03 -7.271810434758663177e-03 -7.271825335919857025e-03 -7.271829061210155487e-03
4.184819385409355164e-02 4.184819012880325317e-02 4.184817895293235779e-02 4.184821248054504395e-02 4.184817895293235779e-02 4.184819385409355164e-02 4.184818267822265625e-02 4.184818640351295471e-02 4.184820130467414856e-02 4.184819012880325317e-02 4.184818267822265625e-02 4.184817522764205933e-02 4.184817150235176086e-02 4.184818640351295471e-02 4.184818640351295471e-02 4.184816777706146240e-02
9.333696216344833374e-03 9.333686903119087219e-03 9.333683177828788757e-03 9.333696216344833374e-03 9.333688765764236450e-03 9.333692491054534912e-03 9.333696216344833374e-03 9.333714842796325684e-03 9.333692491054534912e-03 9.333698078989982605e-03 9.333699941635131836e-03 9.333690628409385681e-03 9.333698078989982605e-03 9.333681315183639526e-03 9.333716705441474915e-03 9.333710186183452606e-03
2.896873280405998230e-03 2.896887250244617462e-03 2.896867692470550537e-03 2.896880730986595154e-03 2.896887250244617462e-03 2.896876074373722076e-03 2.896890975534915924e-03 2.896880730986595154e-03 2.896863035857677460e-03 2.896896563470363617e-03 2.896890975534915924e-03 2.896878868341445923e-03 2.896868623793125153e-03 2.896890044212341309e-03 2.896876074373722076e-03 2.896889112889766693e-03
-3.162490949034690857e-02 -3.162492811679840088e-02 -3.162489831447601318e-02 -3.162491694092750549e-02 -3.162489458918571472e-02 -3.162491321563720703e-02 -3.162494301795959473e-02 -3.162491694092750549e-02 -3.162491694092750549e-02 -3.162488341331481934e-02 -3.162490203976631165e-02 -3.162491321563720703e-02 -3.162493184208869934e-02 -3.162491321563720703e-02 -3.162492439150810242e-02 -3.162490576505661011e-02
-2.041641995310783386e-02 -2.041641250252723694e-02 -2.041642740368843079e-02 -2.041640505194664001e-02 -2.041639760136604309e-02 -2.041639760136604309e-02 -2.041639760136604309e-02 -2.041640132665634155e-02 -2.041641063988208771e-02 -2.041643485426902771e-02 -2.041640505194664001e-02 -2.041639015078544617e-02 -2.041641250252723694e-02 -2.041641250252723694e-02 -2.041640132665634155e-02 -2.041640877723693848e-02
3.808006271719932556e-02 3.808007016777992249e-02 3.808005526661872864e-02 3.808006644248962402e-02 3.808006271719932556e-02 3.808006644248962402e-02 3.808004781603813171e-02 3.808007761836051941e-02 3.808004781603813171e-02 3.808005526661872864e-02 3.808006644248962402e-02 3.808006271719932556e-02 3.808006644248962402e-02 3.808007016777992249e-02 3.808007761836051941e-02 3.808004036545753479e-02
1.739814877510070801e-02 1.739816553890705109e-02 1.739814504981040955e-02 1.739817485213279724e-02 1.739818975329399109e-02 1.739814877510070801e-02 1.739815622568130493e-02 1.739815995097160339e-02 1.739815622568130493e-02 1.739817298948764801e-02 1.739816926419734955e-02 1.739815436303615570e-02 1.739816367626190186e-02 1.739817485213279724e-02 1.739815250039100647e-02 1.739818230271339417e-02
3.423801809549331665e-02 3.423805907368659973e-02 3.423802182078361511e-02 3.423804789781570435e-02 3.423803299665451050e-02 3.423805162310600281e-02 3.423805162310600281e-02 3.423802927136421204e-02 3.423806279897689819e-02 3.423804789781570435e-02 3.423804044723510742e-02 3.423804044723510742e-02 3.423804044723510742e-02 3.423803299665451050e-02 3.423802182078361511e-02 3.423802554607391357e-02
-1.805877126753330231e-02 -1.805874891579151154e-02 -1.805877126753330231e-02 -1.805876009166240692e-02 -1.805878430604934692e-02 -1.805877499282360077e-02 -1.805876754224300385e-02 -1.805878058075904846e-02 -1.805875822901725769e-02 -1.805876195430755615e-02 -1.805877871811389923e-02 -1.805876754224300385e-02 -1.805875450372695923e-02 -1.805877313017845154e-02 -1.805875077843666077e-02 -1.805878430604934692e-02
-2.380201406776905060e-02 -2.380203641951084137e-02 -2.380201406776905060e-02 -2.380201779305934906e-02 -2.380202524363994598e-02 -2.380202896893024445e-02 -2.380201779305934906e-02 -2.380201779305934906e-02 -2.380202151834964752e-02 -2.380202524363994598e-02 -2.380204387009143829e-02 -2.380204387009143829e-02 -2.380202896893024445e-02 -2.380203641951084137e-02 -2.380202524363994598e-02 -2.380205504596233368e-02
-3.481607651337981224e-03 -3.481615101918578148e-03 -3.481635591015219688e-03 -3.481619060039520264e-03 -3.481596475467085838e-03 -3.481609513983130455e-03 -3.481613472104072571e-03 -3.481605788692831993e-03 -3.481607884168624878e-03 -3.481600433588027954e-03 -3.481602296233177185e-03 -3.481600200757384300e-03 -3.481613472104072571e-03 -3.481611609458923340e-03 -3.481635823845863342e-03 -3.481628373265266418e-03
4.955458920449018478e-03 4.955459851771593094e-03 4.955473821610212326e-03 4.955471958965063095e-03 4.955468233674764633e-03 4.955484997481107712e-03 4.955462645739316940e-03 4.955462645739316940e-03 4.955458920449018478e-03 4.955484997481107712e-03 4.955460783094167709e-03 4.955462645739316940e-03 4.955490585416555405e-03 4.955469164997339249e-03 4.955460783094167709e-03 4.955463577061891556e-03
1.900422573089599609e-02 1.900420710444450378e-02 1.900420337915420532e-02 1.900424063205718994e-02 1.900419592857360840e-02 1.900420710444450378e-02 1.900424808263778687e-02 1.900421082973480225e-02 1.900421828031539917e-02 1.900421082973480225e-02 1.900420710444450378e-02 1.900420337915420532e-02 1.900424063205718994e-02 1.900421455502510071e-02 1.900424063205718994e-02 1.900420710444450378e-02
1.705372333526611328e-02 1.705369353294372559e-02 1.705370098352432251e-02 1.705370098352432251e-02 1.705370470881462097e-02 1.705369725823402405e-02 1.705371215939521790e-02 1.705370098352432251e-02 1.705370098352432251e-02 1.705368794500827789e-02 1.705369353294372559e-02 1.705372333526611328e-02 1.705369167029857635e-02 1.705370470881462097e-02 1.705368235707283020e-02 1.705370843410491943e-02
-3.111251257359981537e-02 -3.111250512301921844e-02 -3.111252561211585999e-02 -3.111252933740615845e-02 -3.111250512301921844e-02 -3.111255355179309845e-02 -3.111250326037406921e-02 -3.111252188682556152e-02 -3.111253306269645691e-02 -3.111253120005130768e-02 -3.111251629889011383e-02 -3.111251816153526306e-02 -3.111251443624496460e-02 -3.111250139772891998e-02 -3.111253678798675537e-02 -3.111251629889011383e-02
1.544148754328489304e-02 1.544150244444608688e-02 1.544149871915578842e-02 1.544149685651063919e-02 1.544148940593004227e-02 1.544150430709123611e-02 1.544148940593004227e-02 1.544148940593004227e-02 1.544148568063974380e-02 1.544148009270429611e-02 1.544152479618787766e-02 1.544149313122034073e-02 1.544149499386548996e-02 1.544150430709123611e-02 1.544150803238153458e-02 1.544150803238153458e-02
-2.610378339886665344e-02 -2.610377036035060883e-02 -2.610376849770545959e-02 -2.610377408564090729e-02 -2.610378712415695190e-02 -2.610378153622150421e-02 -2.610378898680210114e-02 -2.610381878912448883e-02 -2.610376477241516113e-02 -2.610378712415695190e-02 -2.610378153622150421e-02 -2.610377594828605652e-02 -2.610377594828605652e-02 -2.610379457473754883e-02 -2.610377222299575806e-02 -2.610378712415695190e-02
-2.034552581608295441e-02 -2.034553699195384979e-02 -2.034552022814750671e-02 -2.034554257988929749e-02 -2.034554071724414825e-02 -2.034555561840534210e-02 -2.034553885459899902e-02 -2.034552395343780518e-02 -2.034553885459899902e-02 -2.034554071724414825e-02 -2.034553140401840210e-02 -2.034552767872810364e-02 -2.034553326666355133e-02 -2.034553699195384979e-02 -2.034551836550235748e-02 -2.034554444253444672e-02
1.954215578734874725e-02 1.954215019941329956e-02 1.954216696321964264e-02 1.954214274883270264e-02 1.954215392470359802e-02 1.954216696321964264e-02 1.954215951263904572e-02 1.954215392470359802e-02 1.954214274883270264e-02 1.954216510057449341e-02 1.954215951263904572e-02 1.954212971031665802e-02 1.954215764999389648e-02 1.954216882586479187e-02 1.954215019941329956e-02 1.954215392470359802e-02
4.337448999285697937e-02 4.337447509169578552e-02 4.337446764111518860e-02 4.337448626756668091e-02 4.337446764111518860e-02 4.337445273995399475e-02 4.337447136640548706e-02 4.337447509169578552e-02 4.337446391582489014e-02 4.337448626756668091e-02 4.337446391582489014e-02 4.337448999285697937e-02 4.337447881698608398e-02 4.337449371814727783e-02 4.337449371814727783e-02 4.337448254227638245e-02
1.808511652052402496e-02 1.808511652052402496e-02 1.808512397110462189e-02 1.808513514697551727e-02 1.808512769639492035e-02 1.808511652052402496e-02 1.808512397110462189e-02 1.808512024581432343e-02 1.808512769639492035e-02 1.808512397110462189e-02 1.808512769639492035e-02 1.808514632284641266e-02 1.808512397110462189e-02 1.808511279523372650e-02 1.808512769639492035e-02 1.808510906994342804e-02
2.866251859813928604e-03 2.866263268515467644e-03 2.866227645426988602e-03 2.866253955289721489e-03 2.866233233362436295e-03 2.866240683943033218e-03 2.866220194846391678e-03 2.866252092644572258e-03 2.866250229999423027e-03 2.866253955289721489e-03 2.866251859813928604e-03 2.866229740902781487e-03 2.866251859813928604e-03 2.866257680580019951e-03 2.866220194846391678e-03 2.866236958652734756e-03
-8.684005588293075562e-02 -8.684008568525314331e-02 -8.684007078409194946e-02 -8.684005588293075562e-02 -8.684006333351135254e-02 -8.684005588293075562e-02 -8.684007078409194946e-02 -8.684007823467254639e-02 -8.684005588293075562e-02 -8.684007823467254639e-02 -8.684005588293075562e-02 -8.684007078409194946e-02 -8.684007078409194946e-02 -8.684005588293075562e-02 -8.684005588293075562e-02 -8.684007078409194946e-02
-1.425618678331375122e-02 -1.425618678331375122e-02 -1.425618119537830353e-02 -1.425618864595890045e-02 -1.425618305802345276e-02 -1.425618492066860199e-02 -1.425620354712009430e-02 -1.425617747008800507e-02 -1.425616443157196045e-02 -1.425615698099136353e-02 -1.425618678331375122e-02 -1.425619609653949738e-02 -1.425620168447494507e-02 -1.425619423389434814e-02 -1.425619423389434814e-02 -1.425618864595890045e-02
-3.977270796895027161e-02 -3.977269679307937622e-02 -3.977268934249877930e-02 -3.977271541953086853e-02 -3.977270424365997314e-02 -3.977269679307937622e-02 -3.977270796895027161e-02 -3.977268189191818237e-02 -3.977268561720848083e-02 -3.977270051836967468e-02 -3.977270051836967468e-02 -3.977270424365997314e-02 -3.977270051836967468e-02 -3.977268189191818237e-02 -3.977270424365997314e-02 -3.977268561720848083e-02
-6.087113171815872192e-03 -6.087101995944976807e-03 -6.087130866944789886e-03 -6.087117828428745270e-03 -6.087107583880424500e-03 -6.087129935622215271e-03 -6.087118759751319885e-03 -6.087129004299640656e-03 -6.087126210331916809e-03 -6.087124347686767578e-03 -6.087122485041618347e-03 -6.087143905460834503e-03 -6.087125279009342194e-03 -6.087115965783596039e-03 -6.087117828428745270e-03 -6.087128072977066040e-03
-1.674042642116546631e-02 -1.674041710793972015e-02 -1.674040593206882477e-02 -1.674042269587516785e-02 -1.674039848148822784e-02 -1.674041152000427246e-02 -1.674041524529457092e-02 -1.674041524529457092e-02 -1.674041152000427246e-02 -1.674043200910091400e-02 -1.674041152000427246e-02 -1.674040406942367554e-02 -1.674041710793972015e-02 -1.674041710793972015e-02 -1.674043573439121246e-02 -1.674044132232666016e-02
-8.961366489529609680e-03 -8.961347863078117371e-03 -8.961360901594161987e-03 -8.961360901594161987e-03 -8.961360901594161987e-03 -8.961370214819908142e-03 -8.961375802755355835e-03 -8.961346000432968140e-03 -8.961362764239311218e-03 -8.961355313658714294e-03 -8.961370214819908142e-03 -8.961349725723266602e-03 -8.961377665400505066e-03 -8.961368352174758911e-03 -8.961360901594161987e-03 -8.961373940110206604e-03
-3.378088772296905518e-02 -3.378088027238845825e-02 -3.378088027238845825e-02 -3.378087654709815979e-02 -3.378086537122726440e-02 -3.378087654709815979e-02 -3.378090262413024902e-02 -3.378086537122726440e-02 -3.378088027238845825e-02 -3.378086909651756287e-02 -3.378087282180786133e-02 -3.378087282180786133e-02 -3.378089517354965210e-02 -3.378088399767875671e-02 -3.378088027238845825e-02 -3.378087282180786133e-02
8.844371885061264038e-03 8.844338357448577881e-03 8.844369091093540192e-03 8.844369091093540192e-03 8.844361640512943268e-03 8.844351395964622498e-03 8.844357915222644806e-03 8.844368159770965576e-03 8.844375610351562500e-03 8.844364434480667114e-03 8.844353258609771729e-03 8.844368159770965576e-03 8.844354189932346344e-03 8.844350464642047882e-03 8.844378404319286346e-03 8.844352327287197113e-03
-2.015762962400913239e-03 -2.015726640820503235e-03 -2.015740610659122467e-03 -2.015752717852592468e-03 -2.015745267271995544e-03 -2.015748061239719391e-03 -2.015743404626846313e-03 -2.015745267271995544e-03 -2.015746664255857468e-03 -2.015742473304271698e-03 -2.015755511820316315e-03 -2.015741541981697083e-03 -2.015753649175167084e-03 -2.015751786530017853e-03 -2.015754580497741699e-03 -2.015753649175167084e-03
6.422173231840133667e-02 6.422174721956253052e-02 6.422173976898193359e-02 6.422171741724014282e-02 6.422173976898193359e-02 6.422175467014312744e-02 6.422174721956253052e-02 6.422173976898193359e-02 6.422174721956253052e-02 6.422175467014312744e-02 6.422174721956253052e-02 6.422173976898193359e-02 6.422174721956253052e-02 6.422173976898193359e-02 6.422173976898193359e-02 6.422173976898193359e-02
1.065657590515911579e-03 1.065662130713462830e-03 1.065649208612740040e-03 1.065652002580463886e-03 1.065662479959428310e-03 1.065662247128784657e-03 1.065646763890981674e-03 1.065645483322441578e-03 1.065672957338392735e-03 1.065645832568407059e-03 1.065652002580463886e-03 1.065651071257889271e-03 1.065640826709568501e-03 1.065655727870762348e-03 1.065650954842567444e-03 1.065658521838486195e-03
2.999747171998023987e-02 2.999747730791568756e-02 2.999747544527053833e-02 2.999747358262538910e-02 2.999746426939964294e-02 2.999748662114143372e-02 2.999747544527053833e-02 2.999747917056083679e-02 2.999746799468994141e-02 2.999749034643173218e-02 2.999748475849628448e-02 2.999745681881904602e-02 2.999745868146419525e-02 2.999748848378658295e-02 2.999748475849628448e-02 2.999748475849628448e-02
-1.981517672538757324e-02 -1.981517858803272247e-02 -1.981518045067787170e-02 -1.981517672538757324e-02 -1.981518976390361786e-02 -1.981516554951667786e-02 -1.981517486274242401e-02 -1.981517672538757324e-02 -1.981517672538757324e-02 -1.981518045067787170e-02 -1.981518417596817017e-02 -1.981516927480697632e-02 -1.981519162654876709e-02 -1.981518417596817017e-02 -1.981516927480697632e-02 -1.981520280241966248e-02
-3.039225004613399506e-03 -3.039206378161907196e-03 -3.039222210645675659e-03 -3.039213828742504120e-03 -3.039225004613399506e-03 -3.039213828742504120e-03 -3.039221279323101044e-03 -3.039241768419742584e-03 -3.039195202291011810e-03 -3.039208240807056427e-03 -3.039226867258548737e-03 -3.039225004613399506e-03 -3.039187751710414886e-03 -3.039213828742504120e-03 -3.039206378161907196e-03 -3.039217554032802582e-03
-5.555515177547931671e-03 -5.555528216063976288e-03 -5.555515177547931671e-03 -5.555533803999423981e-03 -5.555531941354274750e-03 -5.555514246225357056e-03 -5.555509589612483978e-03 -5.555535666644573212e-03 -5.555529613047838211e-03 -5.555523559451103210e-03 -5.555542185902595520e-03 -5.555526353418827057e-03 -5.555531941354274750e-03 -5.555518902838230133e-03 -5.555528216063976288e-03 -5.555507726967334747e-03
-5.012828856706619263e-03 -5.012846551835536957e-03 -5.012845620512962341e-03 -5.012824200093746185e-03 -5.012836307287216187e-03 -5.012806504964828491e-03 -5.012832581996917725e-03 -5.012849345803260803e-03 -5.012840963900089264e-03 -5.012839101254940033e-03 -5.012856796383857727e-03 -5.012821406126022339e-03 -5.012837238609790802e-03 -5.012849345803260803e-03 -5.012844689190387726e-03 -5.012829788029193878e-03
1.636304706335067749e-02 1.636303216218948364e-02 1.636304333806037903e-02 1.636304333806037903e-02 1.636305265128612518e-02 1.636305637657642365e-02 1.636304706335067749e-02 1.636303402483463287e-02 1.636306010186672211e-02 1.636303775012493134e-02 1.636305823922157288e-02 1.636303961277008057e-02 1.636305451393127441e-02 1.636303216218948364e-02 1.636303961277008057e-02 1.636303588747978210e-02
-8.289346471428871155e-03 -8.289357647299766541e-03 -8.289355784654617310e-03 -8.289346471428871155e-03 -8.289361372590065002e-03 -8.289327844977378845e-03 -8.289340883493423462e-03 -8.289342746138572693e-03 -8.289337158203125000e-03 -8.289339020848274231e-03 -8.289352059364318848e-03 -8.289368823170661926e-03 -8.289342746138572693e-03 -8.289368823170661926e-03 -8.289335295557975769e-03 -8.289340883493423462e-03
-1.877306727692484856e-03 -1.877303468063473701e-03 -1.877305330708622932e-03 -1.877312897704541683e-03 -1.877314643934369087e-03 -1.877312315627932549e-03 -1.877309172414243221e-03 -1.877301721833646297e-03 -1.877334667369723320e-03 -1.877318485639989376e-03 -1.877311035059392452e-03 -1.877311035059392452e-03 -1.877281232737004757e-03 -1.877318369224667549e-03 -1.877316622994840145e-03 -1.877323957160115242e-03
2.737717889249324799e-02 2.737715840339660645e-02 2.737717144191265106e-02 2.737715840339660645e-02 2.737716771662235260e-02 2.737719193100929260e-02 2.737717144191265106e-02 2.737717702984809875e-02 2.737717889249324799e-02 2.737716399133205414e-02 2.737717889249324799e-02 2.737719193100929260e-02 2.737715281546115875e-02 2.737716957926750183e-02 2.737715654075145721e-02 2.737715840339660645e-02
2.123499847948551178e-02 2.123497985303401947e-02 2.123497612774372101e-02 2.123499102890491486e-02 2.123500593006610870e-02 2.123500220477581024e-02 2.123497240245342255e-02 2.123500593006610870e-02 2.123497612774372101e-02 2.123499475419521332e-02 2.123497240245342255e-02 2.123499475419521332e-02 2.123498730361461639e-02 2.123499847948551178e-02 2.123502828180789948e-02 2.123497240245342255e-02
1.620853506028652191e-02 1.620852015912532806e-02 1.620853692293167114e-02 1.620853319764137268e-02 1.620851829648017883e-02 1.620851270854473114e-02 1.620851270854473114e-02 1.620853506028652191e-02 1.620853506028652191e-02 1.620853878557682037e-02 1.620851643383502960e-02 1.620853878557682037e-02 1.620853133499622345e-02 1.620853133499622345e-02 1.620853692293167114e-02 1.620850153267383575e-02
-1.748386025428771973e-02 -1.748385094106197357e-02 -1.748386397957801819e-02 -1.748385466635227203e-02 -1.748385839164257050e-02 -1.748383045196533203e-02 -1.748384349048137665e-02 -1.748385652899742126e-02 -1.748386025428771973e-02 -1.748384162783622742e-02 -1.748385652899742126e-02 -1.748385280370712280e-02 -1.748388633131980896e-02 -1.748385280370712280e-02 -1.748384907841682434e-02 -1.748384907841682434e-02
-3.265607357025146484e-02 -3.265607729554176331e-02 -3.265606984496116638e-02 -3.265607729554176331e-02 -3.265605866909027100e-02 -3.265606239438056946e-02 -3.265606611967086792e-02 -3.265606611967086792e-02 -3.265606239438056946e-02 -3.265607357025146484e-02 -3.265605121850967407e-02 -3.265606984496116638e-02 -3.265607729554176331e-02 -3.265609219670295715e-02 -3.265605494379997253e-02 -3.265607357025146484e-02
-3.567299246788024902e-02 -3.567302227020263672e-02 -3.567300736904144287e-02 -3.567300364375114441e-02 -3.567300364375114441e-02 -3.567301481962203979e-02 -3.567302227020263672e-02 -3.567298874258995056e-02 -3.567302227020263672e-02 -3.567302227020263672e-02 -3.567300364375114441e-02 -3.567299991846084595e-02 -3.567301481962203979e-02 -3.567299991846084595e-02 -3.567300736904144287e-02 -3.567300736904144287e-02
-1.386040821671485901e-03 -1.386021263897418976e-03 -1.386050134897232056e-03 -1.386050134897232056e-03 -1.386055722832679749e-03 -1.386033371090888977e-03 -1.386048272252082825e-03 -1.386033371090888977e-03 -1.386050134897232056e-03 -1.386024989187717438e-03 -1.386048272252082825e-03 -1.386025920510292053e-03 -1.386057585477828979e-03 -1.386027783155441284e-03 -1.386053860187530518e-03 -1.386038959026336670e-03
8.657394908368587494e-03 8.657392114400863647e-03 8.657380007207393646e-03 8.657371625304222107e-03 8.657381869852542877e-03 8.657383732497692108e-03 8.657391183078289032e-03 8.657387457787990570e-03 8.657374419271945953e-03 8.657390251755714417e-03 8.657393045723438263e-03 8.657407946884632111e-03 8.657377213239669800e-03 8.657387457787990570e-03 8.657393977046012878e-03 8.657389320433139801e-03
-2.939550206065177917e-03 -2.939544618129730225e-03 -2.939535304903984070e-03 -2.939570695161819458e-03 -2.939559519290924072e-03 -2.939574420452117920e-03 -2.939559519290924072e-03 -2.939563244581222534e-03 -2.939559519290924072e-03 -2.939559519290924072e-03 -2.939550206065177917e-03 -2.939559519290924072e-03 -2.939563244581222534e-03 -2.939566969871520996e-03 -2.939544618129730225e-03 -2.939548343420028687e-03
2.781146205961704254e-03 2.781132236123085022e-03 2.781156916171312332e-03 2.781158313155174255e-03 2.781150396913290024e-03 2.781150862574577332e-03 2.781134098768234253e-03 2.781119197607040405e-03 2.781148534268140793e-03 2.781154587864875793e-03 2.781154587864875793e-03 2.781160175800323486e-03 2.781154587864875793e-03 2.781159710139036179e-03 2.781147602945566177e-03 2.781126648187637329e-03
-2.868324704468250275e-02 -2.868324145674705505e-02 -2.868322469294071198e-02 -2.868323959410190582e-02 -2.868324518203735352e-02 -2.868324890732765198e-02 -2.868324890732765198e-02 -2.868322283029556274e-02 -2.868325635790824890e-02 -2.868324145674705505e-02 -2.868323773145675659e-02 -2.868324518203735352e-02 -2.868324890732765198e-02 -2.868323773145675659e-02 -2.868324518203735352e-02 -2.868324331939220428e-02
-9.481519460678100586e-03 -9.481523185968399048e-03 -9.481512010097503662e-03 -9.481541812419891357e-03 -9.481523185968399048e-03 -9.481526911258697510e-03 -9.481539949774742126e-03 -9.481523185968399048e-03 -9.481498971581459045e-03 -9.481539949774742126e-03 -9.481508284807205200e-03 -9.481510147452354431e-03 -9.481534361839294434e-03 -9.481526911258697510e-03 -9.481534361839294434e-03 -9.481493383646011353e-03
4.726501181721687317e-03 4.726508632302284241e-03 4.726504907011985779e-03 4.726523067802190781e-03 4.726508166640996933e-03 4.726495593786239624e-03 4.726516082882881165e-03 4.726499319076538086e-03 4.726521205157041550e-03 4.726514220237731934e-03 4.726500716060400009e-03 4.726490005850791931e-03 4.726519808173179626e-03 4.726516082882881165e-03 4.726521670818328857e-03 4.726514220237731934e-03
-2.755992487072944641e-02 -2.755990996956825256e-02 -2.755992859601974487e-02 -2.755993418395519257e-02 -2.755993045866489410e-02 -2.755994349718093872e-02 -2.755992673337459564e-02 -2.755992859601974487e-02 -2.755991183221340179e-02 -2.755993977189064026e-02 -2.755992859601974487e-02 -2.755990624427795410e-02 -2.755993604660034180e-02 -2.755994163453578949e-02 -2.755992487072944641e-02 -2.755992487072944641e-02
5.068820901215076447e-04 5.069109611213207245e-04 5.068695172667503357e-04 5.068825557827949524e-04 5.068932659924030304e-04 5.068941973149776459e-04 5.068718455731868744e-04 5.068741738796234131e-04 5.068597383797168732e-04 5.068597383797168732e-04 5.068858154118061066e-04 5.068904720246791840e-04 5.068988539278507233e-04 5.068890750408172607e-04 5.068811587989330292e-04 5.068914033472537994e-04
-2.197947353124618530e-02 -2.197948843240737915e-02 -2.197948843240737915e-02 -2.197948470711708069e-02 -2.197947353124618530e-02 -2.197949588298797607e-02 -2.197948098182678223e-02 -2.197949588298797607e-02 -2.197947353124618530e-02 -2.197946980595588684e-02 -2.197948098182678223e-02 -2.197948098182678223e-02 -2.197947725653648376e-02 -2.197944745421409607e-02 -2.197948098182678223e-02 -2.197947353124618530e-02
-1.894278824329376221e-02 -1.894278824329376221e-02 -1.894278824329376221e-02 -1.894277147948741913e-02 -1.894277334213256836e-02 -1.894275471568107605e-02 -1.894277893006801605e-02 -1.894277520477771759e-02 -1.894279569387435913e-02 -1.894278079271316528e-02 -1.894278638064861298e-02 -1.894277706742286682e-02 -1.894278451800346375e-02 -1.894279755651950836e-02 -1.894277520477771759e-02 -1.894277520477771759e-02
3.069954179227352142e-02 3.069955296814441681e-02 3.069954179227352142e-02 3.069953992962837219e-02 3.069953806698322296e-02 3.069954179227352142e-02 3.069953620433807373e-02 3.069954365491867065e-02 3.069954365491867065e-02 3.069953620433807373e-02 3.069953434169292450e-02 3.069956600666046143e-02 3.069953620433807373e-02 3.069952875375747681e-02 3.069953806698322296e-02 3.069955296814441681e-02
-1.211061328649520874e-02 -1.211061794310808182e-02 -1.211061608046293259e-02 -1.211061701178550720e-02 -1.211062353104352951e-02 -1.211060862988233566e-02 -1.211062166839838028e-02 -1.211062073707580566e-02 -1.211064122617244720e-02 -1.211061142385005951e-02 -1.211062353104352951e-02 -1.211062446236610413e-02 -1.211060862988233566e-02 -1.211060304194688797e-02 -1.211061980575323105e-02 -1.211061421781778336e-02
-2.962047234177589417e-02 -2.962045371532440186e-02 -2.962047606706619263e-02 -2.962046489119529724e-02 -2.962046489119529724e-02 -2.962044999003410339e-02 -2.962046116590499878e-02 -2.962046116590499878e-02 -2.962045371532440186e-02 -2.962046489119529724e-02 -2.962045744061470032e-02 -2.962046116590499878e-02 -2.962047979235649109e-02 -2.962047606706619263e-02 -2.962047979235649109e-02 -2.962047979235649109e-02
2.052985504269599915e-02 2.052985131740570068e-02 2.052986994385719299e-02 2.052986249327659607e-02 2.052985131740570068e-02 2.052986249327659607e-02 2.052986249327659607e-02 2.052986994385719299e-02 2.052987366914749146e-02 2.052985131740570068e-02 2.052984759211540222e-02 2.052986249327659607e-02 2.052987366914749146e-02 2.052987739443778992e-02 2.052987366914749146e-02 2.052987739443778992e-02
5.129759013652801514e-02 5.129758268594741821e-02 5.129759013652801514e-02 5.129760876297950745e-02 5.129760503768920898e-02 5.129758268594741821e-02 5.129759013652801514e-02 5.129759386181831360e-02 5.129758268594741821e-02 5.129760876297950745e-02 5.129759758710861206e-02 5.129758641123771667e-02 5.129761621356010437e-02 5.129760131239891052e-02 5.129759758710861206e-02 5.129759386181831360e-02
1.274728216230869293e-02 1.274728588759899139e-02 1.274729706346988678e-02 1.274728216230869293e-02 1.274727098643779755e-02 1.274729706346988678e-02 1.274727098643779755e-02 1.274730451405048370e-02 1.274726726114749908e-02 1.274727098643779755e-02 1.274730637669563293e-02 1.274728588759899139e-02 1.274727471172809601e-02 1.274727098643779755e-02 1.274729333817958832e-02 1.274728588759899139e-02
1.008379273116588593e-02 1.008379273116588593e-02 1.008375547826290131e-02 1.008376292884349823e-02 1.008379273116588593e-02 1.008380204439163208e-02 1.008379273116588593e-02 1.008381135761737823e-02 1.008377037942409515e-02 1.008377783000469208e-02 1.008378528058528900e-02 1.008378155529499054e-02 1.008378528058528900e-02 1.008377410471439362e-02 1.008378900587558746e-02 1.008378155529499054e-02
1.498676929622888565e-02 1.498675998300313950e-02 1.498676650226116180e-02 1.498677022755146027e-02 1.498675905168056488e-02 1.498675625771284103e-02 1.498676370829343796e-02 1.498679816722869873e-02 1.498677488416433334e-02 1.498675439506769180e-02 1.498675439506769180e-02 1.498677674680948257e-02 1.498675718903541565e-02 1.498675812035799026e-02 1.498676091432571411e-02 1.498674880713224411e-02
-1.702680625021457672e-02 -1.702680625021457672e-02 -1.702680625021457672e-02 -1.702679134905338287e-02 -1.702680625021457672e-02 -1.702681370079517365e-02 -1.702677644789218903e-02 -1.702681742608547211e-02 -1.702679507434368134e-02 -1.702679507434368134e-02 -1.702681370079517365e-02 -1.702680625021457672e-02 -1.702681370079517365e-02 -1.702682115137577057e-02 -1.702678762376308441e-02 -1.702679879963397980e-02
6.038450449705123901e-02 6.038449332118034363e-02 6.038448214530944824e-02 6.038450449705123901e-02 6.038451194763183594e-02 6.038449332118034363e-02 6.038452684879302979e-02 6.038450449705123901e-02 6.038450449705123901e-02 6.038448214530944824e-02 6.038449704647064209e-02 6.038450077176094055e-02 6.038451194763183594e-02 6.038450449705123901e-02 6.038449332118034363e-02 6.038450449705123901e-02
2.718113828450441360e-03 2.718141768127679825e-03 2.718130592256784439e-03 2.718100789934396744e-03 2.718113828450441360e-03 2.718126866966485977e-03 2.718115691095590591e-03 2.718130592256784439e-03 2.718111965805292130e-03 2.718139905482530594e-03 2.718132454901933670e-03 2.718104515224695206e-03 2.718121279031038284e-03 2.718108240514993668e-03 2.718136180192232132e-03 2.718102652579545975e-03
-3.036677464842796326e-02 -3.036676719784736633e-02 -3.036677837371826172e-02 -3.036677092313766479e-02 -3.036677278578281403e-02 -3.036676719784736633e-02 -3.036677837371826172e-02 -3.036677837371826172e-02 -3.036676719784736633e-02 -3.036678209900856018e-02 -3.036676719784736633e-02 -3.036676347255706787e-02 -3.036677092313766479e-02 -3.036676906049251556e-02 -3.036677837371826172e-02 -3.036678582429885864e-02
-9.109671227633953094e-03 -9.109669364988803864e-03 -9.109676815569400787e-03 -9.109689854085445404e-03 -9.109667502343654633e-03 -9.109647013247013092e-03 -9.109661914408206940e-03 -9.109678678214550018e-03 -9.109658189117908478e-03 -9.109687060117721558e-03 -9.109666571021080017e-03 -9.109656326472759247e-03 -9.109654463827610016e-03 -9.109663777053356171e-03 -9.109670296311378479e-03 -9.109691716730594635e-03
8.028298616409301758e-02 8.028300106525421143e-02 8.028301596641540527e-02 8.028301596641540527e-02 8.028298616409301758e-02 8.028298616409301758e-02 8.028300106525421143e-02 8.028298616409301758e-02 8.028298616409301758e-02 8.028300106525421143e-02 8.028300106525421143e-02 8.028300106525421143e-02 8.028301596641540527e-02 8.028300106525421143e-02 8.028301596641540527e-02 8.028300106525421143e-02
2.457894943654537201e-02 2.457894943654537201e-02 2.457893826067447662e-02 2.457894943654537201e-02 2.457896806299686432e-02 2.457894571125507355e-02 2.457895688712596893e-02 2.457894384860992432e-02 2.457893826067447662e-02 2.457896433770656586e-02 2.457894198596477509e-02 2.457894757390022278e-02 2.457893453538417816e-02 2.457894943654537201e-02 2.457894012331962585e-02 2.457894943654537201e-02
-1.673054508864879608e-02 -1.673053950071334839e-02 -1.673053205013275146e-02 -1.673055067658424377e-02 -1.673051901161670685e-02 -1.673056744039058685e-02 -1.673054322600364685e-02 -1.673055998980998993e-02 -1.673053577542304993e-02 -1.673055440187454224e-02 -1.673052646219730377e-02 -1.673056371510028839e-02 -1.673053763806819916e-02 -1.673056185245513916e-02 -1.673055812716484070e-02 -1.673052459955215454e-02
-9.124518372118473053e-03 -9.124510921537876129e-03 -9.124507196247577667e-03 -9.124497883021831512e-03 -9.124529547989368439e-03 -9.124510921537876129e-03 -9.124507196247577667e-03 -9.124524891376495361e-03 -9.124499745666980743e-03 -9.124507196247577667e-03 -9.124499745666980743e-03 -9.124514646828174591e-03 -9.124514646828174591e-03 -9.124507196247577667e-03 -9.124503470957279205e-03 -9.124496020376682281e-03
-1.109324488788843155e-02 -1.109326258301734924e-02 -1.109322998672723770e-02 -1.109322439879179001e-02 -1.109324116259813309e-02 -1.109324302524328232e-02 -1.109324116259813309e-02 -1.109323743730783463e-02 -1.109323929995298386e-02 -1.109321229159832001e-02 -1.109323743730783463e-02 -1.109322998672723770e-02 -1.109327282756567001e-02 -1.109326537698507309e-02 -1.109325233846902847e-02 -1.109323278069496155e-02
-5.968029797077178955e-02 -5.968029052019119263e-02 -5.968028679490089417e-02 -5.968029797077178955e-02 -5.968028306961059570e-02 -5.968026071786880493e-02 -5.968027934432029724e-02 -5.968026444315910339e-02 -5.968027189373970032e-02 -5.968027561902999878e-02 -5.968027934432029724e-02 -5.968028679490089417e-02 -5.968026816844940186e-02 -5.968030169606208801e-02 -5.968028306961059570e-02 -5.968027561902999878e-02
2.984540536999702454e-03 2.984549850225448608e-03 2.984557300806045532e-03 2.984527498483657837e-03 2.984547987580299377e-03 2.984518185257911682e-03 2.984542399644851685e-03 2.984538674354553223e-03 2.984547987580299377e-03 2.984553575515747070e-03 2.984531223773956299e-03 2.984542399644851685e-03 2.984546124935150146e-03 2.984536811709403992e-03 2.984527498483657837e-03 2.984536811709403992e-03
5.677859112620353699e-02 5.677856877446174622e-02 5.677856877446174622e-02 5.677859112620353699e-02 5.677858367562294006e-02 5.677857622504234314e-02 5.677856877446174622e-02 5.677856877446174622e-02 5.677859112620353699e-02 5.677856504917144775e-02 5.677858367562294006e-02 5.677859112620353699e-02 5.677859112620353699e-02 5.677857622504234314e-02 5.677857622504234314e-02 5.677856132388114929e-02
-2.882228977978229523e-02 -2.882227115333080292e-02 -2.882228791713714600e-02 -2.882227487862110138e-02 -2.882229164242744446e-02 -2.882227487862110138e-02 -2.882228046655654907e-02 -2.882228232920169830e-02 -2.882228419184684753e-02 -2.882228232920169830e-02 -2.882229909300804138e-02 -2.882228232920169830e-02 -2.882228605449199677e-02 -2.882228419184684753e-02 -2.882229723036289215e-02 -2.882227860391139984e-02
1.875786855816841125e-02 1.875787228345870972e-02 1.875786297023296356e-02 1.875787973403930664e-02 1.875787973403930664e-02 1.875786297023296356e-02 1.875787228345870972e-02 1.875786855816841125e-02 1.875786669552326202e-02 1.875788159668445587e-02 1.875786669552326202e-02 1.875786483287811279e-02 1.875785738229751587e-02 1.875787787139415741e-02 1.875787414610385895e-02 1.875788904726505280e-02
7.039217650890350342e-02 7.039218395948410034e-02 7.039219141006469727e-02 7.039216905832290649e-02 7.039217650890350342e-02 7.039216160774230957e-02 7.039217650890350342e-02 7.039216160774230957e-02 7.039219141006469727e-02 7.039217650890350342e-02 7.039215415716171265e-02 7.039218395948410034e-02 7.039218395948410034e-02 7.039216160774230957e-02 7.039217650890350342e-02 7.039217650890350342e-02
2.186226285994052887e-02 2.186231501400470734e-02 2.186226844787597656e-02 2.186227217316627502e-02 2.186227031052112579e-02 2.186229079961776733e-02 2.186225540935993195e-02 2.186227031052112579e-02 2.186227217316627502e-02 2.186228893697261810e-02 2.186229079961776733e-02 2.186226658523082733e-02 2.186226285994052887e-02 2.186228707432746887e-02 2.186228148639202118e-02 2.186228893697261810e-02
-1.716153137385845184e-02 -1.716152206063270569e-02 -1.716152764856815338e-02 -1.716152764856815338e-02 -1.716152578592300415e-02 -1.716152019798755646e-02 -1.716153882443904877e-02 -1.716153882443904877e-02 -1.716152951121330261e-02 -1.716152951121330261e-02 -1.716152578592300415e-02 -1.716151274740695953e-02 -1.716152578592300415e-02 -1.716152578592300415e-02 -1.716153323650360107e-02 -1.716153323650360107e-02
-9.583510458469390869e-03 -9.583512321114540100e-03 -9.583516046404838562e-03 -9.583510458469390869e-03 -9.583510458469390869e-03 -9.583501145243644714e-03 -9.583488106727600098e-03 -9.583527222275733948e-03 -9.583499282598495483e-03 -9.583529084920883179e-03 -9.583503007888793945e-03 -9.583504870533943176e-03 -9.583521634340286255e-03 -9.583514183759689331e-03 -9.583497419953346252e-03 -9.583527222275733948e-03
3.448372334241867065e-02 3.448371589183807373e-02 3.448370099067687988e-02 3.448372334241867065e-02 3.448370844125747681e-02 3.448370844125747681e-02 3.448371961712837219e-02 3.448370844125747681e-02 3.448372334241867065e-02 3.448373079299926758e-02 3.448371216654777527e-02 3.448371589183807373e-02 3.448369726538658142e-02 3.448369354009628296e-02 3.448371589183807373e-02 3.448371589183807373e-02
-1.373441331088542938e-02 -1.373442448675632477e-02 -1.373441703617572784e-02 -1.373439654707908630e-02 -1.373439095914363861e-02 -1.373440213501453400e-02 -1.373439654707908630e-02 -1.373440586030483246e-02 -1.373442448675632477e-02 -1.373442262411117554e-02 -1.373443379998207092e-02 -1.373441331088542938e-02 -1.373440027236938477e-02 -1.373439654707908630e-02 -1.373440213501453400e-02 -1.373441517353057861e-02
6.735280156135559082e-03 6.735287606716156006e-03 6.735283881425857544e-03 6.735268980264663696e-03 6.735274568200111389e-03 6.735257804393768311e-03 6.735278293490409851e-03 6.735270842909812927e-03 6.735282018780708313e-03 6.735286675393581390e-03 6.735255941748619080e-03 6.735283881425857544e-03 6.735283881425857544e-03 6.735317409038543701e-03 6.735276430845260620e-03 6.735295057296752930e-03
1.839503273367881775e-02 1.839502900838851929e-02 1.839502528309822083e-02 1.839501410722732544e-02 1.839502528309822083e-02 1.839501783251762390e-02 1.839502900838851929e-02 1.839501783251762390e-02 1.839502155780792236e-02 1.839501783251762390e-02 1.839502528309822083e-02 1.839503273367881775e-02 1.839502155780792236e-02 1.839500665664672852e-02 1.839501783251762390e-02 1.839501410722732544e-02
-1.291046757251024246e-02 -1.291046570986509323e-02 -1.291047688573598862e-02 -1.291044428944587708e-02 -1.291045919060707092e-02 -1.291045360267162323e-02 -1.291048340499401093e-02 -1.291045919060707092e-02 -1.291046850383281708e-02 -1.291047595441341400e-02 -1.291045360267162323e-02 -1.291047036647796631e-02 -1.291044987738132477e-02 -1.291047409176826477e-02 -1.291046477854251862e-02 -1.291046477854251862e-02
-1.581162214279174805e-04 -1.581301912665367126e-04 -1.580901443958282471e-04 -1.581124961376190186e-04 -1.581162214279174805e-04 -1.581236720085144043e-04 -1.581255346536636353e-04 -1.581273972988128662e-04 -1.581287942826747894e-04 -1.581180840730667114e-04 -1.581367105245590210e-04 -1.581506803631782532e-04 -1.581218093633651733e-04 -1.581218093633651733e-04 -1.581180840730667114e-04 -1.581422984600067139e-04
1.092803664505481720e-03 1.092818565666675568e-03 1.092803664505481720e-03 1.092822290956974030e-03 1.092799939215183258e-03 1.092812977731227875e-03 1.092807389795780182e-03 1.092803664505481720e-03 1.092814840376377106e-03 1.092840917408466339e-03 1.092805527150630951e-03 1.092826016247272491e-03 1.092811115086078644e-03 1.092799939215183258e-03 1.092796213924884796e-03 1.092814840376377106e-03
5.934840999543666840e-03 5.934844724833965302e-03 5.934850312769412994e-03 5.934861488640308380e-03 5.934848450124263763e-03 5.934842862188816071e-03 5.934863351285457611e-03 5.934854038059711456e-03 5.934824235737323761e-03 5.934878252446651459e-03 5.934846587479114532e-03 5.934846587479114532e-03 5.934844724833965302e-03 5.934837274253368378e-03 5.934874527156352997e-03 5.934852175414562225e-03
-2.915167016908526421e-03 -2.915148856118321419e-03 -2.915156306698918343e-03 -2.915163757279515266e-03 -2.915172604843974113e-03 -2.915129764005541801e-03 -2.915161428973078728e-03 -2.915137214586138725e-03 -2.915155841037631035e-03 -2.915152115747332573e-03 -2.915156306698918343e-03 -2.915161428973078728e-03 -2.915131626650691032e-03 -2.915143268182873726e-03 -2.915165154263377190e-03 -2.915133954957127571e-03
-2.069920115172863007e-02 -2.069921046495437622e-02 -2.069920673966407776e-02 -2.069919742643833160e-02 -2.069923840463161469e-02 -2.069920673966407776e-02 -2.069920673966407776e-02 -2.069922722876071930e-02 -2.069921046495437622e-02 -2.069920487701892853e-02 -2.069920487701892853e-02 -2.069921605288982391e-02 -2.069919556379318237e-02 -2.069922722876071930e-02 -2.069919183850288391e-02 -2.069920860230922699e-02
2.265829220414161682e-02 2.265829220414161682e-02 2.265829779207706451e-02 2.265830524265766144e-02 2.265832386910915375e-02 2.265829220414161682e-02 2.265829592943191528e-02 2.265831455588340759e-02 2.265828475356101990e-02 2.265829779207706451e-02 2.265830524265766144e-02 2.265831455588340759e-02 2.265827357769012451e-02 2.265830338001251221e-02 2.265830710530281067e-02 2.265829592943191528e-02
-3.369288891553878784e-02 -3.369287773966789246e-02 -3.369288146495819092e-02 -3.369286656379699707e-02 -3.369288519024848938e-02 -3.369285911321640015e-02 -3.369286283850669861e-02 -3.369285911321640015e-02 -3.369286656379699707e-02 -3.369287401437759399e-02 -3.369288146495819092e-02 -3.369288146495819092e-02 -3.369286656379699707e-02 -3.369288146495819092e-02 -3.369287401437759399e-02 -3.369288146495819092e-02
3.400518791750073433e-03 3.400541376322507858e-03 3.400513436645269394e-03 3.400529734790325165e-03 3.400526475161314011e-03 3.400516230612993240e-03 3.400541376322507858e-03 3.400548361241817474e-03 3.400532994419336319e-03 3.400523215532302856e-03 3.400538349524140358e-03 3.400540910661220551e-03 3.400539280846714973e-03 3.400526242330670357e-03 3.400525776669383049e-03 3.400539280846714973e-03
-7.407485973089933395e-03 -7.407487835735082626e-03 -7.407476659864187241e-03 -7.407491561025381088e-03 -7.407499011605978012e-03 -7.407499011605978012e-03 -7.407474797219038010e-03 -7.407500874251127243e-03 -7.407471071928739548e-03 -7.407484110444784164e-03 -7.407500874251127243e-03 -7.407491561025381088e-03 -7.407497148960828781e-03 -7.407489698380231857e-03 -7.407493423670530319e-03 -7.407482247799634933e-03
-2.521299943327903748e-02 -2.521302923560142517e-02 -2.521300502121448517e-02 -2.521301805973052979e-02 -2.521302364766597748e-02 -2.521300688385963440e-02 -2.521303109824657440e-02 -2.521303668618202209e-02 -2.521302178502082825e-02 -2.521301433444023132e-02 -2.521301060914993286e-02 -2.521303296089172363e-02 -2.521299198269844055e-02 -2.521300688385963440e-02 -2.521300688385963440e-02 -2.521302364766597748e-02
2.683691913262009621e-03 2.683701226487755775e-03 2.683710539713501930e-03 2.683707280084490776e-03 2.683710539713501930e-03 2.683710074052214622e-03 2.683693775907158852e-03 2.683686325326561928e-03 2.683697501197457314e-03 2.683692378923296928e-03 2.683701226487755775e-03 2.683716593310236931e-03 2.683711005374789238e-03 2.683694241568446159e-03 2.683707280084490776e-03 2.683708677068352699e-03
8.775659650564193726e-02 8.775658905506134033e-02 8.775659650564193726e-02 8.775658905506134033e-02 8.775660395622253418e-02 8.775658160448074341e-02 8.775658160448074341e-02 8.775658905506134033e-02 8.775654435157775879e-02 8.775660395622253418e-02 8.775660395622253418e-02 8.775658905506134033e-02 8.775660395622253418e-02 8.775661140680313110e-02 8.775659650564193726e-02 8.775661140680313110e-02
1.019696518778800964e-01 1.019696295261383057e-01 1.019696369767189026e-01 1.019696369767189026e-01 1.019696295261383057e-01 1.019696146249771118e-01 1.019696369767189026e-01 1.019695997238159180e-01 1.019696071743965149e-01 1.019696220755577087e-01 1.019696220755577087e-01 1.019696295261383057e-01 1.019696369767189026e-01 1.019696444272994995e-01 1.019696295261383057e-01 1.019696369767189026e-01
1.135079376399517059e-02 1.135081425309181213e-02 1.135079376399517059e-02 1.135081239044666290e-02 1.135081239044666290e-02 1.135078445076942444e-02 1.135081425309181213e-02 1.135080866515636444e-02 1.135080121457576752e-02 1.135081425309181213e-02 1.135079376399517059e-02 1.135081052780151367e-02 1.135083101689815521e-02 1.135080680251121521e-02 1.135081611573696136e-02 1.135080866515636444e-02
1.276315003633499146e-02 1.276316680014133453e-02 1.276313047856092453e-02 1.276314724236726761e-02 1.276315376162528992e-02 1.276317331939935684e-02 1.276317983865737915e-02 1.276317797601222992e-02 1.276314072310924530e-02 1.276314910501241684e-02 1.276315934956073761e-02 1.276314537972211838e-02 1.276315934956073761e-02 1.276315376162528992e-02 1.276315189898014069e-02 1.276316680014133453e-02
1.451878901571035385e-02 1.451880391687154770e-02 1.451879274100065231e-02 1.451876107603311539e-02 1.451877225190401077e-02 1.451880950480699539e-02 1.451880391687154770e-02 1.451878901571035385e-02 1.451879832893610001e-02 1.451879553496837616e-02 1.451880577951669693e-02 1.451878529042005539e-02 1.451880577951669693e-02 1.451878715306520462e-02 1.451877504587173462e-02 1.451880577951669693e-02
2.707603946328163147e-02 2.707605808973312378e-02 2.707605063915252686e-02 2.707602269947528839e-02 2.707604318857192993e-02 2.707602828741073608e-02 2.707603760063648224e-02 2.707604691386222839e-02 2.707603946328163147e-02 2.707605250179767609e-02 2.707605436444282532e-02 2.707603946328163147e-02 2.707606367766857147e-02 2.707603015005588531e-02 2.707604505121707916e-02 2.707604505121707916e-02
1.338188257068395615e-02 1.338186487555503845e-02 1.338187418878078461e-02 1.338187232613563538e-02 1.338185649365186691e-02 1.338188629597425461e-02 1.338188070803880692e-02 1.338188350200653076e-02 1.338187418878078461e-02 1.338186953216791153e-02 1.338188629597425461e-02 1.338188350200653076e-02 1.338188257068395615e-02 1.338187046349048615e-02 1.338188163936138153e-02 1.338189933449029922e-02
8.149050176143646240e-02 8.149048686027526855e-02 8.149051666259765625e-02 8.149052411317825317e-02 8.149050921201705933e-02 8.149049431085586548e-02 8.149050176143646240e-02 8.149048686027526855e-02 8.149052411317825317e-02 8.149049431085586548e-02 8.149051666259765625e-02 8.149050176143646240e-02 8.149051666259765625e-02 8.149051666259765625e-02 8.149050921201705933e-02 8.149048686027526855e-02
-5.534748546779155731e-03 -5.534735508263111115e-03 -5.534748546779155731e-03 -5.534770898520946503e-03 -5.534759722650051117e-03 -5.534742958843708038e-03 -5.534754134714603424e-03 -5.534765310585498810e-03 -5.534744821488857269e-03 -5.534739233553409576e-03 -5.534755997359752655e-03 -5.534757860004901886e-03 -5.534750409424304962e-03 -5.534755997359752655e-03 -5.534761585295200348e-03 -5.534761585295200348e-03
-2.412736788392066956e-02 -2.412736788392066956e-02 -2.412734553217887878e-02 -2.412736788392066956e-02 -2.412737160921096802e-02 -2.412736043334007263e-02 -2.412733435630798340e-02 -2.412734553217887878e-02 -2.412737905979156494e-02 -2.412735670804977417e-02 -2.412734553217887878e-02 -2.412736788392066956e-02 -2.412736415863037109e-02 -2.412733063101768494e-02 -2.412735298275947571e-02 -2.412735298275947571e-02
-6.637702137231826782e-02 -6.637700647115707397e-02 -6.637699902057647705e-02 -6.637699156999588013e-02 -6.637700647115707397e-02 -6.637697666883468628e-02 -6.637699156999588013e-02 -6.637699902057647705e-02 -6.637696921825408936e-02 -6.637697666883468628e-02 -6.637699902057647705e-02 -6.637698411941528320e-02 -6.637698411941528320e-02 -6.637699902057647705e-02 -6.637699902057647705e-02 -6.637699156999588013e-02
-2.927903272211551666e-02 -2.927904576063156128e-02 -2.927903831005096436e-02 -2.927905693650245667e-02 -2.927904017269611359e-02 -2.927901968359947205e-02 -2.927905507385730743e-02 -2.927903644740581512e-02 -2.927903085947036743e-02 -2.927904948592185974e-02 -2.927906997501850128e-02 -2.927904762327671051e-02 -2.927906997501850128e-02 -2.927905321121215820e-02 -2.927906252443790436e-02 -2.927902340888977051e-02
-5.052268505096435547e-03 -5.052270367741584778e-03 -5.052259191870689392e-03 -5.052262917160987854e-03 -5.052286200225353241e-03 -5.052274093031883240e-03 -5.052260123193264008e-03 -5.052268505096435547e-03 -5.052266642451286316e-03 -5.052252672612667084e-03 -5.052272230386734009e-03 -5.052279680967330933e-03 -5.052275955677032471e-03 -5.052257329225540161e-03 -5.052279680967330933e-03 -5.052264779806137085e-03
-1.300535071641206741e-02 -1.300535816699266434e-02 -1.300533954054117203e-02 -1.300535071641206741e-02 -1.300535444170236588e-02 -1.300536934286355972e-02 -1.300535071641206741e-02 -1.300537679344415665e-02 -1.300535257905721664e-02 -1.300535257905721664e-02 -1.300535444170236588e-02 -1.300537679344415665e-02 -1.300535444170236588e-02 -1.300535630434751511e-02 -1.300533395260572433e-02 -1.300534140318632126e-02
-7.248232141137123108e-03 -7.248223759233951569e-03 -7.248215377330780029e-03 -7.248219568282365799e-03 -7.248234469443559647e-03 -7.248230744153261185e-03 -7.248229812830686569e-03 -7.248213980346918106e-03 -7.248205132782459259e-03 -7.248208392411470413e-03 -7.248212117701768875e-03 -7.248222362250089645e-03 -7.248208392411470413e-03 -7.248216774314641953e-03 -7.248211652040481567e-03 -7.248213980346918106e-03
-2.711674198508262634e-02 -2.711673639714717865e-02 -2.711671963334083557e-02 -2.711673639714717865e-02 -2.711673267185688019e-02 -2.711672522127628326e-02 -2.711675129830837250e-02 -2.711673453450202942e-02 -2.711672708392143250e-02 -2.711674198508262634e-02 -2.711672894656658173e-02 -2.711673639714717865e-02 -2.711671777069568634e-02 -2.711672522127628326e-02 -2.711672708392143250e-02 -2.711674198508262634e-02
2.105753868818283081e-02 2.105754613876342773e-02 2.105755731463432312e-02 2.105754241347312927e-02 2.105754613876342773e-02 2.105755358934402466e-02 2.105757594108581543e-02 2.105756849050521851e-02 2.105756476521492004e-02 2.105756103992462158e-02 2.105757594108581543e-02 2.105754613876342773e-02 2.105756103992462158e-02 2.105756103992462158e-02 2.105753868818283081e-02 2.105755731463432312e-02
2.763839997351169586e-02 2.763839997351169586e-02 2.763838879764080048e-02 2.763838879764080048e-02 2.763841487467288971e-02 2.763839252293109894e-02 2.763841487467288971e-02 2.763840369880199432e-02 2.763838507235050201e-02 2.763840928673744202e-02 2.763842605054378510e-02 2.763838134706020355e-02 2.763839252293109894e-02 2.763838879764080048e-02 2.763839252293109894e-02 2.763838507235050201e-02
-6.887564808130264282e-02 -6.887564808130264282e-02 -6.887564808130264282e-02 -6.887567043304443359e-02 -6.887564063072204590e-02 -6.887563318014144897e-02 -6.887564063072204590e-02 -6.887563318014144897e-02 -6.887565553188323975e-02 -6.887563318014144897e-02 -6.887563318014144897e-02 -6.887565553188323975e-02 -6.887565553188323975e-02 -6.887564808130264282e-02 -6.887565553188323975e-02 -6.887565553188323975e-02
1.500901579856872559e-02 1.500901579856872559e-02 1.500899437814950943e-02 1.500904187560081482e-02 1.500900648534297943e-02 1.500898506492376328e-02 1.500900089740753174e-02 1.500900276005268097e-02 1.500900648534297943e-02 1.500902045518159866e-02 1.500902324914932251e-02 1.500897854566574097e-02 1.500902138650417328e-02 1.500902138650417328e-02 1.500902324914932251e-02 1.500903256237506866e-02
-3.008749149739742279e-02 -3.008750267326831818e-02 -3.008749708533287048e-02 -3.008750826120376587e-02 -3.008749522268772125e-02 -3.008748032152652740e-02 -3.008750826120376587e-02 -3.008749336004257202e-02 -3.008749336004257202e-02 -3.008751571178436279e-02 -3.008749336004257202e-02 -3.008750453591346741e-02 -3.008750639855861664e-02 -3.008751012384891510e-02 -3.008748590946197510e-02 -3.008751384913921356e-02
-3.398895263671875000e-02 -3.398897498846054077e-02 -3.398896753787994385e-02 -3.398897871375083923e-02 -3.398898243904113770e-02 -3.398898243904113770e-02 -3.398894146084785461e-02 -3.398897498846054077e-02 -3.398897126317024231e-02 -3.398897126317024231e-02 -3.398897871375083923e-02 -3.398897126317024231e-02 -3.398896381258964539e-02 -3.398897126317024231e-02 -3.398899734020233154e-02 -3.398895636200904846e-02
1.695126295089721680e-02 1.695122569799423218e-02 1.695124618709087372e-02 1.695123128592967987e-02 1.695125550031661987e-02 1.695126667618751526e-02 1.695123314857482910e-02 1.695124432444572449e-02 1.695122942328453064e-02 1.695123128592967987e-02 1.695122569799423218e-02 1.695126295089721680e-02 1.695123314857482910e-02 1.695125363767147064e-02 1.695123687386512756e-02 1.695123501121997833e-02
3.537506610155105591e-02 3.537507355213165283e-02 3.537507727742195129e-02 3.537506982684135437e-02 3.537507727742195129e-02 3.537505120038986206e-02 3.537508472800254822e-02 3.537505492568016052e-02 3.537504374980926514e-02 3.537507355213165283e-02 3.537504374980926514e-02 3.537505865097045898e-02 3.537505492568016052e-02 3.537506982684135437e-02 3.537506237626075745e-02 3.537504374980926514e-02
4.752378445118665695e-03 4.752377513796091080e-03 4.752346780151128769e-03 4.752366337925195694e-03 4.752356093376874924e-03 4.752356559038162231e-03 4.752368200570344925e-03 4.752375651150941849e-03 4.752337001264095306e-03 4.752379376441240311e-03 4.752351436764001846e-03 4.752348642796278000e-03 4.752349574118852615e-03 4.752360749989748001e-03 4.752387758344411850e-03 4.752371925860643387e-03
3.512679785490036011e-02 3.512677922844886780e-02 3.512680530548095703e-02 3.512680158019065857e-02 3.512682393193244934e-02 3.512680158019065857e-02 3.512679785490036011e-02 3.512678667902946472e-02 3.512681275606155396e-02 3.512679785490036011e-02 3.512679785490036011e-02 3.512681648135185242e-02 3.512677922844886780e-02 3.512682765722274780e-02 3.512679412961006165e-02 3.512679040431976318e-02
-4.465597122907638550e-02 -4.465596750378608704e-02 -4.465597122907638550e-02 -4.465596750378608704e-02 -4.465596005320549011e-02 -4.465596005320549011e-02 -4.465597867965698242e-02 -4.465598985552787781e-02 -4.465597867965698242e-02 -4.465597122907638550e-02 -4.465597122907638550e-02 -4.465597122907638550e-02 -4.465597495436668396e-02 -4.465596750378608704e-02 -4.465596750378608704e-02 -4.465595632791519165e-02
-3.579914942383766174e-02 -3.579918295145034790e-02 -3.579915687441825867e-02 -3.579914942383766174e-02 -3.579913452267646790e-02 -3.579916432499885559e-02 -3.579916432499885559e-02 -3.579916059970855713e-02 -3.579916432499885559e-02 -3.579916805028915405e-02 -3.579914197325706482e-02 -3.579916059970855713e-02 -3.579916059970855713e-02 -3.579916805028915405e-02 -3.579916059970855713e-02 -3.579914942383766174e-02
-3.419114276766777039e-03 -3.419090528041124344e-03 -3.419087268412113190e-03 -3.419104963541030884e-03 -3.419099375605583191e-03 -3.419072832912206650e-03 -3.419088665395975113e-03 -3.419112879782915115e-03 -3.419080749154090881e-03 -3.419095184653997421e-03 -3.419085871428251266e-03 -3.419101703912019730e-03 -3.419083077460527420e-03 -3.419090062379837036e-03 -3.419114276766777039e-03 -3.419089596718549728e-03
-1.410979125648736954e-02 -1.410978101193904877e-02 -1.410978753119707108e-02 -1.410978753119707108e-02 -1.410978380590677261e-02 -1.410976704210042953e-02 -1.410977449268102646e-02 -1.410977542400360107e-02 -1.410978008061647415e-02 -1.410980429500341415e-02 -1.410977914929389954e-02 -1.410976517945528030e-02 -1.410980056971311569e-02 -1.410980056971311569e-02 -1.410976704210042953e-02 -1.410979125648736954e-02
-5.373321473598480225e-03 -5.373334512114524841e-03 -5.373313091695308685e-03 -5.373323336243629456e-03 -5.373332649469375610e-03 -5.373301915824413300e-03 -5.373329855501651764e-03 -5.373314954340457916e-03 -5.373344756662845612e-03 -5.373313091695308685e-03 -5.373325198888778687e-03 -5.373315885663032532e-03 -5.373314023017883301e-03 -5.373320542275905609e-03 -5.373313091695308685e-03 -5.373316816985607147e-03
2.368856780230998993e-02 2.368854172527790070e-02 2.368856593966484070e-02 2.368855848908424377e-02 2.368855662643909454e-02 2.368857152760028839e-02 2.368855290114879608e-02 2.368852309882640839e-02 2.368854358792304993e-02 2.368856035172939301e-02 2.368854917585849762e-02 2.368854917585849762e-02 2.368854172527790070e-02 2.368855662643909454e-02 2.368853427469730377e-02 2.368853427469730377e-02
-2.904171682894229889e-02 -2.904171869158744812e-02 -2.904170937836170197e-02 -2.904170751571655273e-02 -2.904170192778110504e-02 -2.904169261455535889e-02 -2.904169820249080658e-02 -2.904171310365200043e-02 -2.904169633984565735e-02 -2.904171310365200043e-02 -2.904169820249080658e-02 -2.904168888926506042e-02 -2.904171869158744812e-02 -2.904170751571655273e-02 -2.904167026281356812e-02 -2.904170751571655273e-02
-3.047828562557697296e-02 -3.047827444970607758e-02 -3.047828935086727142e-02 -3.047830052673816681e-02 -3.047830052673816681e-02 -3.047831170260906219e-02 -3.047827444970607758e-02 -3.047827817499637604e-02 -3.047829307615756989e-02 -3.047827817499637604e-02 -3.047827444970607758e-02 -3.047827072441577911e-02 -3.047827072441577911e-02 -3.047827444970607758e-02 -3.047827072441577911e-02 -3.047827072441577911e-02
6.378072313964366913e-03 6.378079764544963837e-03 6.378057412803173065e-03 6.378093734383583069e-03 6.378093734383583069e-03 6.378074176609516144e-03 6.378066726028919220e-03 6.378081627190113068e-03 6.378077901899814606e-03 6.378072313964366913e-03 6.378062069416046143e-03 6.378086283802986145e-03 6.378085352480411530e-03 6.378079764544963837e-03 6.378078833222389221e-03 6.378087215125560760e-03
2.935678511857986450e-02 2.935678139328956604e-02 2.935680001974105835e-02 2.935678511857986450e-02 2.935678884387016296e-02 2.935679629445075989e-02 2.935678511857986450e-02 2.935678511857986450e-02 2.935680747032165527e-02 2.935679256916046143e-02 2.935678139328956604e-02 2.935678511857986450e-02 2.935681492090225220e-02 2.935679629445075989e-02 2.935680001974105835e-02 2.935678884387016296e-02
-2.071831934154033661e-02 -2.071833238005638123e-02 -2.071832306683063507e-02 -2.071832492947578430e-02 -2.071831002831459045e-02 -2.071832865476608276e-02 -2.071831934154033661e-02 -2.071831375360488892e-02 -2.071833051741123199e-02 -2.071832120418548584e-02 -2.071832679212093353e-02 -2.071834355592727661e-02 -2.071832306683063507e-02 -2.071830630302429199e-02 -2.071831747889518738e-02 -2.071831375360488892e-02
-8.925070986151695251e-03 -8.925057947635650635e-03 -8.925054222345352173e-03 -8.925054222345352173e-03 -8.925050497055053711e-03 -8.925050497055053711e-03 -8.925063535571098328e-03 -8.925035595893859863e-03 -8.925063535571098328e-03 -8.925039321184158325e-03 -8.925044909119606018e-03 -8.925063535571098328e-03 -8.925056084990501404e-03 -8.925041183829307556e-03 -8.925044909119606018e-03 -8.925050497055053711e-03
1.027841819450259209e-03 1.027849270030856133e-03 1.027831574901938438e-03 1.027857651934027672e-03 1.027856720611453056e-03 1.027862308546900749e-03 1.027852995321154594e-03 1.027845544740557671e-03 1.027834368869662285e-03 1.027825055643916130e-03 1.027858583256602287e-03 1.027854857966303825e-03 1.027852995321154594e-03 1.027832506224513054e-03 1.027823192998766899e-03 1.027832506224513054e-03
-3.641904890537261963e-02 -3.641904145479202271e-02 -3.641903027892112732e-02 -3.641904145479202271e-02 -3.641904145479202271e-02 -3.641904890537261963e-02 -3.641903400421142578e-02 -3.641901910305023193e-02 -3.641904890537261963e-02 -3.641903027892112732e-02 -3.641903400421142578e-02 -3.641904890537261963e-02 -3.641902655363082886e-02 -3.641903027892112732e-02 -3.641902655363082886e-02 -3.641901910305023193e-02
-8.817347884178161621e-02 -8.817347139120101929e-02 -8.817347884178161621e-02 -8.817350864410400391e-02 -8.817350864410400391e-02 -8.817347884178161621e-02 -8.817347884178161621e-02 -8.817348629236221313e-02 -8.817348629236221313e-02 -8.817347884178161621e-02 -8.817347884178161621e-02 -8.817349374294281006e-02 -8.817347139120101929e-02 -8.817349374294281006e-02 -8.817350119352340698e-02 -8.817349374294281006e-02
-3.438749909400939941e-02 -3.438751399517059326e-02 -3.438752517104148865e-02 -3.438749536871910095e-02 -3.438748791813850403e-02 -3.438750281929969788e-02 -3.438748791813850403e-02 -3.438748419284820557e-02 -3.438751399517059326e-02 -3.438750281929969788e-02 -3.438748791813850403e-02 -3.438750654458999634e-02 -3.438750281929969788e-02 -3.438751026988029480e-02 -3.438750281929969788e-02 -3.438748791813850403e-02
-3.580651804804801941e-02 -3.580651432275772095e-02 -3.580651804804801941e-02 -3.580651804804801941e-02 -3.580649569630622864e-02 -3.580651432275772095e-02 -3.580650687217712402e-02 -3.580651059746742249e-02 -3.580649942159652710e-02 -3.580652549862861633e-02 -3.580651432275772095e-02 -3.580651432275772095e-02 -3.580652177333831787e-02 -3.580652549862861633e-02 -3.580649942159652710e-02 -3.580651804804801941e-02
-9.108247235417366028e-03 -9.108228608965873718e-03 -9.108213707804679871e-03 -9.108202531933784485e-03 -9.108206257224082947e-03 -9.108224883675575256e-03 -9.108209982514381409e-03 -9.108232334256172180e-03 -9.108230471611022949e-03 -9.108232334256172180e-03 -9.108226746320724487e-03 -9.108217433094978333e-03 -9.108200669288635254e-03 -9.108230471611022949e-03 -9.108221158385276794e-03 -9.108230471611022949e-03
2.573085017502307892e-02 2.573083154857158661e-02 2.573085017502307892e-02 2.573083341121673584e-02 2.573083154857158661e-02 2.573082596063613892e-02 2.573083899915218353e-02 2.573083154857158661e-02 2.573082596063613892e-02 2.573084644973278046e-02 2.573082409799098969e-02 2.573085017502307892e-02 2.573084272444248199e-02 2.573082037270069122e-02 2.573083527386188507e-02 2.573081664741039276e-02
3.494667820632457733e-03 3.494682721793651581e-03 3.494701348245143890e-03 3.494692035019397736e-03 3.494673408567905426e-03 3.494670614600181580e-03 3.494668751955032349e-03 3.494669683277606964e-03 3.494712524116039276e-03 3.494660370051860809e-03 3.494686447083950043e-03 3.494687378406524658e-03 3.494665957987308502e-03 3.494656644761562347e-03 3.494695760309696198e-03 3.494690172374248505e-03
7.397040724754333496e-02 7.397042959928512573e-02 7.397043704986572266e-02 7.397042214870452881e-02 7.397043704986572266e-02 7.397043704986572266e-02 7.397043704986572266e-02 7.397042959928512573e-02 7.397042214870452881e-02 7.397042214870452881e-02 7.397042214870452881e-02 7.397040724754333496e-02 7.397043704986572266e-02 7.397042214870452881e-02 7.397041469812393188e-02 7.397042214870452881e-02
-9.207699447870254517e-03 -9.207699447870254517e-03 -9.207706898450851440e-03 -9.207725524902343750e-03 -9.207697585225105286e-03 -9.207705035805702209e-03 -9.207716211676597595e-03 -9.207712486386299133e-03 -9.207707829773426056e-03 -9.207701310515403748e-03 -9.207716211676597595e-03 -9.207710623741149902e-03 -9.207714349031448364e-03 -9.207694791257381439e-03 -9.207716211676597595e-03 -9.207721799612045288e-03
-3.642056137323379517e-02 -3.642055392265319824e-02 -3.642057627439498901e-02 -3.642054647207260132e-02 -3.642056882381439209e-02 -3.642056137323379517e-02 -3.642054647207260132e-02 -3.642055392265319824e-02 -3.642054647207260132e-02 -3.642055392265319824e-02 -3.642054647207260132e-02 -3.642056137323379517e-02 -3.642053902149200439e-02 -3.642055392265319824e-02 -3.642053157091140747e-02 -3.642055019736289978e-02
-2.962930500507354736e-02 -2.962930314242839813e-02 -2.962929382920265198e-02 -2.962929569184780121e-02 -2.962929755449295044e-02 -2.962930686771869659e-02 -2.962929382920265198e-02 -2.962929010391235352e-02 -2.962928824126720428e-02 -2.962929010391235352e-02 -2.962929382920265198e-02 -2.962930127978324890e-02 -2.962929941713809967e-02 -2.962930127978324890e-02 -2.962927892804145813e-02 -2.962927334010601044e-02
-1.725820451974868774e-02 -1.725821197032928467e-02 -1.725818961858749390e-02 -1.725820451974868774e-02 -1.725821197032928467e-02 -1.725822128355503082e-02 -1.725820638239383698e-02 -1.725820265710353851e-02 -1.725820824503898621e-02 -1.725821010768413544e-02 -1.725819893181324005e-02 -1.725818961858749390e-02 -1.725820451974868774e-02 -1.725821010768413544e-02 -1.725819520652294159e-02 -1.725820265710353851e-02
-2.412936417385935783e-03 -2.412930829450488091e-03 -2.412934554740786552e-03 -2.412934554740786552e-03 -2.412925241515040398e-03 -2.412928966805338860e-03 -2.412928966805338860e-03 -2.412925241515040398e-03 -2.412905683740973473e-03 -2.412945730611681938e-03 -2.412910340353846550e-03 -2.412928966805338860e-03 -2.412912202998995781e-03 -2.412934554740786552e-03 -2.412928966805338860e-03 -2.412927104160189629e-03
-2.444240078330039978e-02 -2.444241568446159363e-02 -2.444240264594554901e-02 -2.444240078330039978e-02 -2.444240450859069824e-02 -2.444237656891345978e-02 -2.444240078330039978e-02 -2.444238960742950439e-02 -2.444240823388099670e-02 -2.444239705801010132e-02 -2.444238588213920593e-02 -2.444239705801010132e-02 -2.444239333271980286e-02 -2.444240078330039978e-02 -2.444238960742950439e-02 -2.444238588213920593e-02
3.015229105949401855e-02 3.015225008130073547e-02 3.015227615833282471e-02 3.015225380659103394e-02 3.015227057039737701e-02 3.015225566923618317e-02 3.015225194394588470e-02 3.015229105949401855e-02 3.015224449336528778e-02 3.015228360891342163e-02 3.015226684510707855e-02 3.015226684510707855e-02 3.015226498246192932e-02 3.015225753188133240e-02 3.015227615833282471e-02 3.015226498246192932e-02
8.808778598904609680e-03 8.808776736259460449e-03 8.808778598904609680e-03 8.808787912130355835e-03 8.808810263872146606e-03 8.808786049485206604e-03 8.808787912130355835e-03 8.808769285678863525e-03 8.808786049485206604e-03 8.808782324194908142e-03 8.808782324194908142e-03 8.808787912130355835e-03 8.808800950646400452e-03 8.808780461549758911e-03 8.808780461549758911e-03 8.808782324194908142e-03
-1.721340790390968323e-02 -1.721339672803878784e-02 -1.721339859068393707e-02 -1.721341349184513092e-02 -1.721341535449028015e-02 -1.721338555216789246e-02 -1.721337623894214630e-02 -1.721339114010334015e-02 -1.721340045332908630e-02 -1.721340417861938477e-02 -1.721340604126453400e-02 -1.721339300274848938e-02 -1.721340045332908630e-02 -1.721340417861938477e-02 -1.721339486539363861e-02 -1.721337996423244476e-02
-5.223833024501800537e-03 -5.223857238888740540e-03 -5.223842337727546692e-03 -5.223859101533889771e-03 -5.223838612437248230e-03 -5.223839543759822845e-03 -5.223844200372695923e-03 -5.223833955824375153e-03 -5.223833024501800537e-03 -5.223819054663181305e-03 -5.223824642598628998e-03 -5.223843269050121307e-03 -5.223842337727546692e-03 -5.223831161856651306e-03 -5.223834887146949768e-03 -5.223853513598442078e-03
-6.045097485184669495e-02 -6.045099347829818726e-02 -6.045099347829818726e-02 -6.045098975300788879e-02 -6.045099720358848572e-02 -6.045098975300788879e-02 -6.045096367597579956e-02 -6.045098602771759033e-02 -6.045100092887878418e-02 -6.045100092887878418e-02 -6.045098975300788879e-02 -6.045097485184669495e-02 -6.045098975300788879e-02 -6.045097857713699341e-02 -6.045100092887878418e-02 -6.045098602771759033e-02
1.075388118624687195e-02 1.075388863682746887e-02 1.075387187302112579e-02 1.075386069715023041e-02 1.075387187302112579e-02 1.075387559831142426e-02 1.075387373566627502e-02 1.075386442244052887e-02 1.075387373566627502e-02 1.075387559831142426e-02 1.075387001037597656e-02 1.075384952127933502e-02 1.075385138392448425e-02 1.075386628508567810e-02 1.075386628508567810e-02 1.075387373566627502e-02
-7.860993966460227966e-03 -7.861001417040824890e-03 -7.861008867621421814e-03 -7.861005142331123352e-03 -7.861016318202018738e-03 -7.861012592911720276e-03 -7.861008867621421814e-03 -7.861016318202018738e-03 -7.861008867621421814e-03 -7.861008867621421814e-03 -7.861012592911720276e-03 -7.861005142331123352e-03 -7.860990241169929504e-03 -7.861008867621421814e-03 -7.861016318202018738e-03 -7.861016318202018738e-03
3.309027478098869324e-02 3.309026733040809631e-02 3.309025987982749939e-02 3.309026360511779785e-02 3.309025242924690247e-02 3.309025987982749939e-02 3.309026360511779785e-02 3.309025987982749939e-02 3.309028595685958862e-02 3.309024497866630554e-02 3.309025615453720093e-02 3.309024870395660400e-02 3.309024497866630554e-02 3.309026360511779785e-02 3.309025242924690247e-02 3.309024125337600708e-02
-1.263161562383174896e-02 -1.263161748647689819e-02 -1.263161376118659973e-02 -1.263162121176719666e-02 -1.263162866234779358e-02 -1.263160444796085358e-02 -1.263159699738025665e-02 -1.263160817325115204e-02 -1.263161562383174896e-02 -1.263159699738025665e-02 -1.263160072267055511e-02 -1.263162679970264435e-02 -1.263161562383174896e-02 -1.263159327208995819e-02 -1.263162307441234589e-02 -1.263161003589630127e-02
-3.228291869163513184e-02 -3.228290379047393799e-02 -3.228291124105453491e-02 -3.228289633989334106e-02 -3.228290379047393799e-02 -3.228291124105453491e-02 -3.228294104337692261e-02 -3.228290379047393799e-02 -3.228291124105453491e-02 -3.228290751576423645e-02 -3.228290379047393799e-02 -3.228291869163513184e-02 -3.228292614221572876e-02 -3.228292241692543030e-02 -3.228291124105453491e-02 -3.228291869163513184e-02
