-2.503252215683460236e-02
-2.457084320485591888e-02
-2.512010186910629272e-02
-2.575610205531120300e-02
-2.574760839343070984e-02
-2.518894150853157043e-02
-2.485409006476402283e-02
-2.348336949944496155e-02
-2.377167902886867523e-02
-2.376675419509410858e-02
-2.581771463155746460e-02
-2.514214254915714264e-02
-2.534148469567298889e-02
-2.506256848573684692e-02
-2.424561046063899994e-02
-2.362120710313320160e-02
-2.461120113730430603e-02
-2.359737642109394073e-02
-2.516746893525123596e-02
-2.435408718883991241e-02
-2.459430322051048279e-02
-2.441204525530338287e-02
-2.409319765865802765e-02
-2.497612126171588898e-02
-2.490507438778877258e-02
-2.387371659278869629e-02
-2.505316026508808136e-02
-2.441008575260639191e-02
-2.457210980355739594e-02
-2.357550337910652161e-02
-2.553350478410720825e-02
-2.487571910023689270e-02
-2.585908211767673492e-02
-2.434161119163036346e-02
-2.499762177467346191e-02
-2.519777230918407440e-02
-2.683867886662483215e-02
-2.462598867714405060e-02
-2.849113568663597107e-02
-3.131731227040290833e-02
-3.334930166602134705e-02
-3.109534457325935364e-02
-3.181083500385284424e-02
-2.883491106331348419e-02
-3.077419660985469818e-02
-3.036751225590705872e-02
-2.731487154960632324e-02
-2.542210742831230164e-02
-2.526622824370861053e-02
-2.611096389591693878e-02
-2.605102397501468658e-02
-2.432757616043090820e-02
-2.403573505580425262e-02
-2.391990460455417633e-02
-2.342073619365692139e-02
-2.471393719315528870e-02
-2.411723323166370392e-02
-2.343979850411415100e-02
-2.558393590152263641e-02
-2.366492524743080139e-02
-2.402003668248653412e-02
-2.411217987537384033e-02
-2.674429304897785187e-02
-2.799465134739875793e-02
-3.105134330689907074e-02
-3.576013818383216858e-02
-3.998484462499618530e-02
-4.217775166034698486e-02
-4.458053037524223328e-02
-4.456840828061103821e-02
-4.384299740195274353e-02
-4.091830179095268250e-02
-3.940491005778312683e-02
-3.583099320530891418e-02
-3.281423076987266541e-02
-3.014639951288700104e-02
-3.478927910327911377e-02
-3.128686547279357910e-02
-2.991159819066524506e-02
-2.649853937327861786e-02
-2.389672957360744476e-02
-2.520091831684112549e-02
-2.456261217594146729e-02
-2.480062097311019897e-02
-2.406228892505168915e-02
-2.519484236836433411e-02
-2.533228509128093719e-02
-2.504450269043445587e-02
-2.373591810464859009e-02
-2.572028152644634247e-02
-3.100360184907913208e-02
-3.399413824081420898e-02
-3.665941581130027771e-02
-3.988716751337051392e-02
-4.409087821841239929e-02
-4.743286967277526855e-02
-4.555130004882812500e-02
-5.183880031108856201e-02
-4.650742188096046448e-02
-4.840072616934776306e-02
-4.703693464398384094e-02
-4.432706162333488464e-02
-3.508429974317550659e-02
-3.094269149005413055e-02
-2.291936613619327545e-02
-2.927957288920879364e-02
-2.989371679723262787e-02
-2.832300774753093719e-02
-2.676493488252162933e-02
-2.520279213786125183e-02
-2.494801953434944153e-02
-2.465766668319702148e-02
-2.329380065202713013e-02
-2.353012189269065857e-02
-2.484168298542499542e-02
-2.484282851219177246e-02
-2.686146087944507599e-02
-3.516363352537155151e-02
-3.434266895055770874e-02
-3.791592270135879517e-02
-4.018928855657577515e-02
-3.320856392383575439e-02
-3.330548852682113647e-02
-4.130774736404418945e-02
-4.260638728737831116e-02
-4.429269582033157349e-02
-4.832955822348594666e-02
-4.072629660367965698e-02
-4.270181059837341309e-02
-2.794366329908370972e-02
-2.673436328768730164e-02
-2.741943672299385071e-02
-2.089218795299530029e-02
-2.639170922338962555e-02
-2.886942774057388306e-02
-3.195358812808990479e-02
-3.044095262885093689e-02
-2.850951440632343292e-02
-2.609271369874477386e-02
-2.575254626572132111e-02
-2.556860260665416718e-02
-2.334234677255153656e-02
-2.482862025499343872e-02
-2.719223685562610626e-02
-3.531407564878463745e-02
-3.857955336570739746e-02
-3.820461034774780273e-02
-3.951327502727508545e-02
-3.655565157532691956e-02
-4.166715964674949646e-02
-3.806711733341217041e-02
-5.035047605633735657e-02
-4.396905004978179932e-02
-2.798907831311225891e-02
-3.984901309013366699e-02
-3.476309403777122498e-02
-3.380169346928596497e-02
-2.999962866306304932e-02
-4.398894682526588440e-02
-2.947236225008964539e-02
-2.274258434772491455e-02
-2.376683242619037628e-02
-2.952870912849903107e-02
-3.282333165407180786e-02
-3.018962033092975616e-02
-3.160510957241058350e-02
-2.573637291789054871e-02
-2.596392668783664703e-02
-2.364100515842437744e-02
-2.364847250282764435e-02
-2.594825066626071930e-02
-3.117209114134311676e-02
-3.578183427453041077e-02
-3.936550393700599670e-02
-4.016648605465888977e-02
-4.183714091777801514e-02
-4.035783559083938599e-02
-4.130963608622550964e-02
-4.571021348237991333e-02
-4.657896235585212708e-02
-5.351317673921585083e-02
-4.608936980366706848e-02
-4.048196971416473389e-02
-2.462046593427658081e-02
-1.818426512181758881e-02
-2.433189749717712402e-02
-4.338173195719718933e-02
-2.536857873201370239e-02
-1.307092327624559402e-02
-2.263955958187580109e-02
-3.050664812326431274e-02
-2.995941787958145142e-02
-2.506322227418422699e-02
-2.994528412818908691e-02
-3.124405629932880402e-02
-2.446929365396499634e-02
-2.440643683075904846e-02
-2.598615363240242004e-02
-2.730094827711582184e-02
-3.664109483361244202e-02
-3.970450907945632935e-02
-3.557699546217918396e-02
-4.632459208369255066e-02
-3.897593915462493896e-02
-5.177946388721466064e-02
-4.352595657110214233e-02
-4.704358056187629700e-02
-5.125383287668228149e-02
-7.234680652618408203e-02
-3.265805542469024658e-02
-2.769485861063003540e-02
-1.966575719416141510e-02
-2.270936407148838043e-02
-1.438343711197376251e-02
-1.830483600497245789e-02
-2.417634613811969757e-02
-3.023435547947883606e-02
-2.067683078348636627e-02
-2.249309793114662170e-02
-1.334220077842473984e-02
-2.363784797489643097e-02
-2.789846807718276978e-02
-3.035715967416763306e-02
-2.620472200214862823e-02
-2.542099729180335999e-02
-2.648589387536048889e-02
-3.247406333684921265e-02
-3.693239763379096985e-02
-3.924761340022087097e-02
-3.939144313335418701e-02
-4.644936695694923401e-02
-4.426290467381477356e-02
-4.662873968482017517e-02
-4.972520843148231506e-02
-5.313253402709960938e-02
-4.417941346764564514e-02
-4.543915018439292908e-02
-2.306592836976051331e-02
-3.030242957174777985e-02
-4.734670743346214294e-03
-2.820588834583759308e-02
-3.921293467283248901e-02
-2.163847722113132477e-02
-9.197268635034561157e-03
-1.994333602488040924e-02
-9.033257141709327698e-03
-2.189104072749614716e-02
-1.867592707276344299e-02
-1.545910537242889404e-02
-2.478599362075328827e-02
-3.073174133896827698e-02
-2.589642442762851715e-02
-2.561845630407333374e-02
-2.663351036608219147e-02
-3.442112356424331665e-02
-3.739661723375320435e-02
-3.611829131841659546e-02
-3.637536987662315369e-02
-3.670048341155052185e-02
-4.555428400635719299e-02
-3.216585516929626465e-02
-5.178501084446907043e-02
-6.294871121644973755e-02
-5.568201467394828796e-02
-3.853892534971237183e-02
-7.559598889201879501e-03
-1.103072054684162140e-02
-2.303857728838920593e-02
-3.573570400476455688e-02
-4.761239141225814819e-02
-3.662412613630294800e-02
-1.478808466345071793e-02
-1.377905253320932388e-02
2.995801856741309166e-03
1.586093276273459196e-04
-6.334281992167234421e-03
-1.271491218358278275e-02
-2.211072854697704315e-02
-2.853465080261230469e-02
-2.577043883502483368e-02
-2.448962256312370300e-02
-2.728834003210067749e-02
-3.511048853397369385e-02
-3.422967717051506042e-02
-3.790289536118507385e-02
-3.551968187093734741e-02
-3.864908590912818909e-02
-3.298770636320114136e-02
-3.866522759199142456e-02
-4.985824227333068848e-02
-5.335367098450660706e-02
-1.322793215513229370e-02
-3.272848576307296753e-02
-9.987466037273406982e-03
-8.504646830260753632e-03
-3.061771206557750702e-02
-5.385220795869827271e-02
-5.117658525705337524e-02
-4.998674243688583374e-02
-4.509803652763366699e-02
-2.732698433101177216e-02
1.704892260022461414e-03
-5.559389479458332062e-03
-1.147617120295763016e-02
-1.443190127611160278e-02
-2.697958424687385559e-02
-2.838817238807678223e-02
-2.557781152427196503e-02
-2.437623217701911926e-02
-2.556616626679897308e-02
-3.489680960774421692e-02
-3.494286164641380310e-02
-3.901267796754837036e-02
-3.356952965259552002e-02
-3.818587586283683777e-02
-3.342130407691001892e-02
-3.006616234779357910e-02
-4.273753613233566284e-02
-3.433691710233688354e-02
-2.685981243848800659e-02
-1.466085319407284260e-03
-3.835786599665880203e-03
-1.415426842868328094e-02
-3.606254607439041138e-02
-4.015214741230010986e-02
-6.202550604939460754e-02
-4.313049465417861938e-02
-3.011905215680599213e-02
-1.279217377305030823e-02
-7.991250604391098022e-03
-1.643199590034782887e-03
-8.419846184551715851e-03
-1.810068823397159576e-02
-3.022536449134349823e-02
-2.630262449383735657e-02
-2.578482963144779205e-02
-2.464377321302890778e-02
-2.725154720246791840e-02
-3.199867904186248779e-02
-3.654819726943969727e-02
-3.519084304571151733e-02
-3.002311848104000092e-02
-2.007115632295608521e-02
-3.697029873728752136e-02
-3.664754331111907959e-02
-3.143495693802833557e-02
-3.452447801828384399e-02
-4.312552884221076965e-02
-2.190118096768856049e-02
-3.068752214312553406e-02
-3.385687246918678284e-02
-3.066105768084526062e-02
-5.050099268555641174e-02
-6.005274504423141479e-02
-4.546478018164634705e-02
-6.001789495348930359e-02
-1.510202698409557343e-02
-1.906280871480703354e-03
-1.324099372141063213e-03
-1.033972855657339096e-02
-1.840516179800033569e-02
-3.129310160875320435e-02
-2.654858864843845367e-02
-2.407272346317768097e-02
-2.512230165302753448e-02
-2.436376549303531647e-02
-2.675946056842803955e-02
-3.614091873168945312e-02
-3.557486832141876221e-02
-2.322944626212120056e-02
-2.500123530626296997e-02
-2.838137745857238770e-02
-2.696929685771465302e-02
-1.949602179229259491e-02
-2.002569660544395447e-02
-3.265386074781417847e-02
-2.651230990886688232e-02
-3.692752867937088013e-02
-2.522068284451961517e-02
-5.108690634369850159e-02
-6.924225389957427979e-02
-6.617638468742370605e-02
-2.830405347049236298e-02
-2.693227492272853851e-02
-1.570937782526016235e-02
-6.924063782207667828e-04
-1.267717685550451279e-02
-1.220392249524593353e-02
-1.888644881546497345e-02
-3.244625777006149292e-02
-2.841640636324882507e-02
-2.499932982027530670e-02
-2.386004850268363953e-02
-2.524857595562934875e-02
-2.505482733249664307e-02
-3.421950712800025940e-02
-3.154236823320388794e-02
-1.336386613547801971e-02
-9.216520003974437714e-03
-1.541648246347904205e-02
-1.864163950085639954e-02
-2.761417627334594727e-02
-4.097473248839378357e-02
-4.077392816543579102e-02
-4.237499833106994629e-02
-4.951829463243484497e-02
-3.238703683018684387e-02
-5.406060814857482910e-02
-6.034591421484947205e-02
-6.006465852260589600e-02
-5.189216136932373047e-02
-2.988789230585098267e-02
-1.079285051673650742e-03
-6.231566658243536949e-04
2.112678717821836472e-03
-1.719934120774269104e-02
-2.679710462689399719e-02
-3.436831757426261902e-02
-2.702666446566581726e-02
-2.333517745137214661e-02
-2.512213774025440216e-02
-2.312197349965572357e-02
-2.622848190367221832e-02
-3.174767270684242249e-02
-2.781035378575325012e-02
-1.321850065141916275e-02
-1.954362960532307625e-03
-7.995824329555034637e-03
-2.220828272402286530e-02
-3.589631244540214539e-02
-5.017809569835662842e-02
-4.864044487476348877e-02
-5.273156240582466125e-02
-4.596236720681190491e-02
-6.594446301460266113e-02
-6.333751976490020752e-02
-4.889359697699546814e-02
-5.660493671894073486e-02
-4.916998371481895447e-02
-6.759728770703077316e-03
-1.320778485387563705e-02
8.247849182225763798e-04
-1.246682833880186081e-02
-1.817498356103897095e-02
-2.612410858273506165e-02
-3.607782721519470215e-02
-2.921445854008197784e-02
-2.475408464670181274e-02
-2.423369698226451874e-02
-2.509110420942306519e-02
-2.536841668188571930e-02
-3.118075989186763763e-02
-1.887268386781215668e-02
-7.925260812044143677e-03
-1.249701716005802155e-02
-1.203435659408569336e-02
-2.102936059236526489e-02
-4.063883423805236816e-02
-4.197026044130325317e-02
-4.554294422268867493e-02
-6.023114174604415894e-02
-4.146413132548332214e-02
-4.909835010766983032e-02
-5.956193804740905762e-02
-5.696247518062591553e-02
-6.688682734966278076e-02
-5.336209759116172791e-02
-1.626899465918540955e-02
-8.080510422587394714e-03
-1.641892828047275543e-02
-7.165426388382911682e-03
-2.221666276454925537e-02
-3.068388812243938446e-02
-4.015059396624565125e-02
-3.138693794608116150e-02
-2.499673515558242798e-02
-2.569199167191982269e-02
-2.586048841476440430e-02
-2.735771611332893372e-02
-2.957509271800518036e-02
-1.681171916425228119e-02
-3.015402005985379219e-03
-5.894999951124191284e-03
-3.152938792482018471e-03
-2.982727810740470886e-02
-3.813323006033897400e-02
-4.390259087085723877e-02
-5.438423901796340942e-02
-4.869332164525985718e-02
-4.206416755914688110e-02
-4.483630508184432983e-02
-4.663685336709022522e-02
-6.104663014411926270e-02
-4.625009745359420776e-02
-4.216855019330978394e-02
-1.920800097286701202e-02
-5.762267857789993286e-03
-1.489508710801601410e-02
-7.131429854780435562e-03
-2.726193144917488098e-02
-3.679203614592552185e-02
-3.994023799896240234e-02
-3.095763176679611206e-02
-2.409996278584003448e-02
-2.482454478740692139e-02
-2.524736523628234863e-02
-2.919205464422702789e-02
-2.847211807966232300e-02
-1.717065833508968353e-02
-8.552760817110538483e-03
-1.900365808978676796e-03
-1.056724973022937775e-02
-3.956444934010505676e-02
-3.579847142100334167e-02
-5.555431544780731201e-02
-4.627099633216857910e-02
-5.050569772720336914e-02
-3.748716786503791809e-02
-3.873711079359054565e-02
-4.515025019645690918e-02
-3.321089968085289001e-02
-4.242428764700889587e-02
-4.055234044790267944e-02
-2.805894054472446442e-02
-1.765500009059906006e-02
-2.406819909811019897e-02
-2.641411870718002319e-02
-2.773509174585342407e-02
-3.780267760157585144e-02
-3.915237262845039368e-02
-2.925940044224262238e-02
-2.480446361005306244e-02
-2.396149933338165283e-02
-2.475694380700588226e-02
-2.749671600759029388e-02
-3.096384368836879730e-02
-2.053175121545791626e-02
-1.029310841113328934e-02
1.065809093415737152e-02
-1.450799033045768738e-02
-1.370498165488243103e-02
-2.549661882221698761e-02
-1.535553298890590668e-02
-1.569259725511074066e-02
-2.350978553295135498e-02
-2.250634320080280304e-02
-3.819704428315162659e-02
-2.831476554274559021e-02
-3.623327240347862244e-02
-3.876483812928199768e-02
-4.051422327756881714e-02
-3.235548734664916992e-02
-2.166229858994483948e-02
-2.335326746106147766e-02
-2.871717512607574463e-02
-3.261471167206764221e-02
-3.771898150444030762e-02
-4.012068361043930054e-02
-2.938531897962093353e-02
-2.399439923465251923e-02
-2.435494959354400635e-02
-2.460597269237041473e-02
-2.934193052351474762e-02
-2.668953873217105865e-02
-1.891395263373851776e-02
-5.909536033868789673e-03
3.759691724553704262e-03
1.942732371389865875e-03
-1.102360058575868607e-02
-4.921954125165939331e-03
-1.618051342666149139e-02
-4.031047224998474121e-03
-3.233725205063819885e-02
-2.004250138998031616e-02
-2.482203766703605652e-02
-2.754257619380950928e-02
-3.186172246932983398e-02
-4.742034152150154114e-02
-3.192585334181785583e-02
-3.225450962781906128e-02
-3.225994855165481567e-02
-2.445874735713005066e-02
-3.335234522819519043e-02
-2.885785512626171112e-02
-4.215893521904945374e-02
-4.104632139205932617e-02
-2.981799840927124023e-02
-2.415143139660358429e-02
-2.472019195556640625e-02
-2.597287297248840332e-02
-2.918963693082332611e-02
-2.956987544894218445e-02
-2.889291383326053619e-02
-1.605032756924629211e-02
-1.564519479870796204e-02
-1.075169444084167480e-02
4.094338975846767426e-03
-3.146066563203930855e-03
5.934049841016530991e-03
-1.404382288455963135e-02
-8.984955027699470520e-03
-9.982494637370109558e-03
-1.021336112171411514e-02
-2.689499780535697937e-02
-5.046192929148674011e-02
-5.143402144312858582e-02
-5.219314992427825928e-02
-2.468992024660110474e-02
-3.592658042907714844e-02
-2.781833894550800323e-02
-3.255922347307205200e-02
-4.016892611980438232e-02
-4.670136421918869019e-02
-3.668649122118949890e-02
-2.706601470708847046e-02
-2.426989749073982239e-02
-2.406268939375877380e-02
-2.466409839689731598e-02
-3.008893877267837524e-02
-2.952657453715801239e-02
-2.512062899768352509e-02
-1.501404959708452225e-02
-2.480790577828884125e-02
-8.431830443441867828e-03
-1.434045284986495972e-02
-9.875808842480182648e-03
-1.786781288683414459e-02
-3.911314997822046280e-03
-3.043279051780700684e-02
-1.978696882724761963e-02
-2.502127178013324738e-02
-5.453019961714744568e-02
-5.906420946121215820e-02
-4.873404279351234436e-02
-4.524516314268112183e-02
-4.372147843241691589e-02
-4.199842363595962524e-02
-3.395887091755867004e-02
-4.202293977141380310e-02
-3.971247002482414246e-02
-3.708759695291519165e-02
-3.254960477352142334e-02
-2.577704191207885742e-02
-2.446261607110500336e-02
-2.366208285093307495e-02
-2.401169016957283020e-02
-2.633364684879779816e-02
-2.720890007913112640e-02
-2.700743637979030609e-02
-2.729226276278495789e-02
-2.753786556422710419e-02
-2.521758340299129486e-02
-3.162752836942672729e-02
-2.502691932022571564e-02
-1.927272416651248932e-02
-3.074099309742450714e-02
-4.959307610988616943e-02
-4.005445167422294617e-02
-4.934430122375488281e-02
-5.694155395030975342e-02
-5.665589869022369385e-02
-4.897978156805038452e-02
-4.367179796099662781e-02
-4.370380565524101257e-02
-4.293495789170265198e-02
-4.143020883202552795e-02
-3.904337435960769653e-02
-3.837684541940689087e-02
-3.304549679160118103e-02
-2.604438550770282745e-02
-2.467219531536102295e-02
-2.456302195787429810e-02
-2.540609426796436310e-02
-2.483502589166164398e-02
-2.451590448617935181e-02
-2.853159792721271515e-02
-3.187008202075958252e-02
-2.900015003979206085e-02
-2.886988036334514618e-02
-3.391505777835845947e-02
-3.397515043616294861e-02
-5.119642242789268494e-02
-4.301822558045387268e-02
-4.442390054464340210e-02
-4.919005557894706726e-02
-5.835454165935516357e-02
-4.675798863172531128e-02
-5.210069939494132996e-02
-5.482245609164237976e-02
-5.460819974541664124e-02
-5.286557599902153015e-02
-4.946922510862350464e-02
-4.547888785600662231e-02
-3.685846179723739624e-02
-3.752135857939720154e-02
-3.332039713859558105e-02
-2.754323184490203857e-02
-2.578224055469036102e-02
-2.564262785017490387e-02
-2.497005835175514221e-02
-2.389427460730075836e-02
-2.502267248928546906e-02
-2.439961209893226624e-02
-2.467126213014125824e-02
-2.621752955019474030e-02
-2.983982115983963013e-02
-2.997712977230548859e-02
-2.785901911556720734e-02
-3.413713350892066956e-02
-3.484526276588439941e-02
-4.287340492010116577e-02
-4.833730682730674744e-02
-4.734266176819801331e-02
-4.916647076606750488e-02
-4.679440706968307495e-02
-5.546234548091888428e-02
-6.132557615637779236e-02
-5.354973673820495605e-02
-5.369105562567710876e-02
-4.877039790153503418e-02
-4.289650171995162964e-02
-4.015361145138740540e-02
-3.395587950944900513e-02
-2.962822467088699341e-02
-2.438231185078620911e-02
-2.487778104841709137e-02
-2.417420968413352966e-02
-2.485690638422966003e-02
-2.513848245143890381e-02
-2.436561882495880127e-02
-2.546830102801322937e-02
-2.594095654785633087e-02
-2.669828571379184723e-02
-2.815953083336353302e-02
-2.938123606145381927e-02
-3.090479411184787750e-02
-3.218506649136543274e-02
-3.460675105452537537e-02
-4.038524627685546875e-02
-4.333304986357688904e-02
-4.737395420670509338e-02
-4.650650918483734131e-02
-4.678593948483467102e-02
-5.195264145731925964e-02
-5.276682600378990173e-02
-4.855739697813987732e-02
-4.807838052511215210e-02
-4.511522874236106873e-02
-3.906864672899246216e-02
-3.073923848569393158e-02
-2.594498358666896820e-02
-2.569928392767906189e-02
-2.481277659535408020e-02
-2.510029077529907227e-02
-2.489970810711383820e-02
-2.502261660993099213e-02
-2.465542219579219818e-02
-2.366631105542182922e-02
-2.501121535897254944e-02
-2.412192337214946747e-02
-2.391597256064414978e-02
-2.571620605885982513e-02
-2.546569891273975372e-02
-2.642347849905490875e-02
-2.686123549938201904e-02
-3.170651197433471680e-02
-3.267813846468925476e-02
-3.400615230202674866e-02
-3.626825287938117981e-02
-3.958417475223541260e-02
-4.005973786115646362e-02
-4.124707728624343872e-02
-3.761851042509078979e-02
-3.634384647011756897e-02
-2.977643348276615143e-02
-2.744673751294612885e-02
-2.669264003634452820e-02
-2.539934962987899780e-02
-2.451738156378269196e-02
-2.484127506613731384e-02
-2.249883487820625305e-02
-2.466220594942569733e-02
-2.419763803482055664e-02
-2.349464595317840576e-02
