2.855729007933405228e-06
3.101854645137791522e-06
1.581432297825813293e-02
2.557496372901368886e-06
2.916686753451358527e-06
1.532308291643857956e-02
2.881757382056093775e-06
3.122589987469837070e-06
2.797535898935166188e-06
1.997349597513675690e-02
2.980124918394722044e-06
2.456225047353655100e-06
2.706621899051242508e-06
2.917491656262427568e-06
3.148020823573460802e-06
3.122986072412459180e-06
3.091905000474071130e-06
2.786385266517754644e-06
2.913540583904250525e-06
1.819509293454757426e-06
3.262945028836838901e-06
2.863872623493080027e-06
4.391790926456451416e-02
5.000101774930953979e-02
3.393772203708067536e-06
1.405800730935879983e-06
1.599160581827163696e-02
2.604655037430347875e-06
-1.266374625265598297e-02
3.427597448535379954e-06
2.515670985303586349e-06
2.832218569892575033e-06
3.297217562794685364e-02
2.670520416359067895e-06
2.816704181896056980e-06
2.657437789821415208e-06
3.103417611782788299e-06
1.839692890644073486e-02
8.205275889849872328e-07
2.945448841273901053e-06
1.388558416692831088e-06
-1.660250872373580933e-02
2.701013727346435189e-06
1.971538364887237549e-02
2.355588151203846792e-07
2.646568646014202386e-06
3.266581870775553398e-06
2.895108309530769475e-06
2.787983930829796009e-06
2.725400918279774487e-06
3.017679546246654354e-06
3.036114321730565280e-06
3.093066879955586046e-06
2.977868234665947966e-06
2.592752707641921006e-06
2.825931233019218780e-06
2.612243179100914858e-06
3.169251158396946266e-06
3.129647893729270436e-06
3.061226152567542158e-06
1.199082192033529282e-02
2.827807747962651774e-06
3.018952156708110124e-06
8.033215068280696869e-03
1.085474807769060135e-02
3.042912112505291589e-06
2.931171366071794182e-06
1.235151671608036850e-06
2.887590653699589893e-06
3.180453404638683423e-06
3.476372285149409436e-06
1.802706345915794373e-02
2.882409035009914078e-06
1.174551993608474731e-02
2.478784153936430812e-06
9.814810939133167267e-03
3.340075863889069296e-06
2.524265710235340521e-06
2.593636281744693406e-06
3.904815763235092163e-02
2.975735014842939563e-06
1.543705817312002182e-02
2.909539489337475970e-06
2.747817688941722736e-06
2.887372374971164390e-06
1.976501380340778269e-06
2.993997668454539962e-06
3.740041516721248627e-03
6.774824857711791992e-02
2.661690674722194672e-02
4.952742531895637512e-02
2.618376129248645157e-06
5.000391509383916855e-03
3.176708105456782505e-06
-5.777268204838037491e-03
2.839623221007059328e-06
2.063972130417823792e-02
3.002862740686396137e-06
5.461646992444002535e-07
2.807929149639676325e-06
