1.110306102782487869e-02
-1.599617674946784973e-02
-2.876988425850868225e-02
-5.302073433995246887e-03
1.794442161917686462e-02
-3.192831575870513916e-02
-1.547147240489721298e-02
-2.915626578032970428e-02
-5.901386961340904236e-03
1.308872736990451813e-02
1.293671689927577972e-02
1.713716983795166016e-02
4.136166244279593229e-04
-5.242242332315072417e-05
1.034780871123075485e-02
7.545591797679662704e-03
-6.927889306098222733e-03
-1.062633190304040909e-02
-4.758974071592092514e-03
4.222412128001451492e-03
9.607318788766860962e-03
7.474296260625123978e-03
-1.172850839793682098e-02
-1.275291759520769119e-02
1.247997861355543137e-02
