-2.488067746162414551e-02
-6.597589701414108276e-03
-4.767628852277994156e-03
-1.018172362819314003e-03
-2.999594144057482481e-04
-6.371223367750644684e-03
-1.675243675708770752e-02
-1.677370164543390274e-03
-2.734606678131967783e-04
-1.102204713970422745e-02
-6.327419076114892960e-03
-1.433328073471784592e-02
-1.425457932054996490e-02
-1.196757424622774124e-02
-3.436775878071784973e-03
-1.701566157862544060e-03
-2.016174420714378357e-02
-2.188916318118572235e-02
-3.192502073943614960e-03
-4.552617203444242477e-03
-5.889833439141511917e-03
-2.183288743253797293e-04
2.613169781398028135e-04
-2.143930178135633469e-03
1.680675521492958069e-02
-3.080327995121479034e-03
-7.576788309961557388e-03
-2.043709158897399902e-02
-8.953657001256942749e-03
-2.057293988764286041e-02
-7.747822441160678864e-03
-1.019072160124778748e-02
-1.754047721624374390e-02
-1.536367926746606827e-03
-1.710770465433597565e-02
-1.294477190822362900e-02
-1.094882097095251083e-02
-9.811801835894584656e-03
-8.485803118674084544e-05
-1.523800659924745560e-03
1.330048427917063236e-03
-1.848718151450157166e-02
-2.761446172371506691e-03
1.444717170670628548e-03
-1.625106087885797024e-03
-7.090929429978132248e-03
-7.821530452929437160e-04
-1.337381824851036072e-02
1.728548854589462280e-02
-1.999721489846706390e-02
-3.518264973536133766e-03
9.737815707921981812e-05
-1.078373985365033150e-03
-3.274200856685638428e-02
-2.305054664611816406e-02
-8.402056992053985596e-03
-1.740776817314326763e-03
-9.236371144652366638e-03
7.197307422757148743e-04
-7.443787530064582825e-03
-5.522188730537891388e-03
4.034407436847686768e-03
-1.707685925066471100e-02
-5.527723114937543869e-03
