-7.679247111082077026e-02 -8.165194094181060791e-02 -1.038582324981689453e-01 -8.447123318910598755e-02 -5.201424658298492432e-02 -2.227236516773700714e-02 -8.731286972761154175e-02 -9.435480087995529175e-02 -5.962925404310226440e-02 -1.117604225873947144e-01
2.367858588695526123e-01 -1.100614443421363831e-01 -1.085325777530670166e-01 -1.912575662136077881e-01 -2.352189123630523682e-01 5.334572494029998779e-02 8.000116050243377686e-02 1.094998442567884922e-03 -1.408021599054336548e-01 -4.134120047092437744e-02
-2.398904711008071899e-01 -2.065394818782806396e-01 2.535364031791687012e-01 -1.642841100692749023e-01 4.631725847721099854e-01 -8.270677179098129272e-02 -1.337428241968154907e-01 -1.185467615723609924e-01 -1.750443130731582642e-01 -2.120878361165523529e-02
-2.822950184345245361e-01 6.314253062009811401e-02 -2.702760398387908936e-01 -2.461531162261962891e-01 2.138135433197021484e-01 -2.725089192390441895e-01 -1.825665235519409180e-01 2.211031913757324219e-01 2.237320691347122192e-01 1.359021961688995361e-01
-7.687176764011383057e-02 -9.181488305330276489e-02 -1.103620678186416626e-01 -7.549917697906494141e-02 -4.086592793464660645e-02 -1.792805083096027374e-02 -9.441620856523513794e-02 -8.660557866096496582e-02 -5.118602886795997620e-02 -1.051801815629005432e-01
-1.941217184066772461e-01 -2.382407188415527344e-01 6.117739249020814896e-03 4.008600115776062012e-01 -2.309548109769821167e-01 -1.668006554245948792e-02 3.585772514343261719e-01 -1.976857632398605347e-01 -1.647922545671463013e-01 -1.564801931381225586e-01
-1.259958595037460327e-01 -1.979371756315231323e-01 -6.458202004432678223e-02 3.733141720294952393e-01 -1.853192448616027832e-01 -2.421921938657760620e-01 1.178565323352813721e-01 2.680058479309082031e-01 -1.226093620061874390e-01 -2.495892494916915894e-01
-2.730978429317474365e-01 2.990896105766296387e-01 1.950193196535110474e-01 -1.101976111531257629e-01 -1.772150546312332153e-01 -6.014499068260192871e-02 2.858192920684814453e-01 -2.210663110017776489e-01 -2.375790029764175415e-01 -2.091075628995895386e-01
2.927282592281699181e-03 -6.601900607347488403e-02 -2.635948657989501953e-01 -2.973272502422332764e-01 1.471646726131439209e-01 1.954199075698852539e-01 9.353171288967132568e-02 1.988490484654903412e-02 -1.952491551637649536e-01 -4.959302023053169250e-03
-1.879304088652133942e-02 -4.767582193017005920e-02 -5.321105942130088806e-02 -1.254196316003799438e-01 -2.000364102423191071e-02 6.919025909155607224e-03 -2.591668963432312012e-01 -7.574278861284255981e-02 -2.514480426907539368e-02 -7.573837786912918091e-02
-7.499080151319503784e-02 -7.228945940732955933e-02 -9.957520663738250732e-02 -8.301593363285064697e-02 -5.141016840934753418e-02 -1.888651400804519653e-02 -8.829981088638305664e-02 -1.023233309388160706e-01 -5.879459157586097717e-02 -1.070022284984588623e-01
2.570269703865051270e-01 -2.331684082746505737e-01 8.793360739946365356e-02 -2.346906512975692749e-01 6.815852224826812744e-02 -3.213448226451873779e-01 -8.327659964561462402e-02 -3.076482713222503662e-01 1.899591684341430664e-01 2.263803184032440186e-01
-3.629804821684956551e-03 -5.479863844811916351e-03 -1.608737162314355373e-03 -1.823969930410385132e-02 6.098782178014516830e-04 -1.995018869638442993e-02 -2.177300676703453064e-02 4.121574573218822479e-03 -1.138851512223482132e-03 1.312846411019563675e-02
-8.160635083913803101e-02 -1.269344985485076904e-01 -2.376024127006530762e-01 -1.602533161640167236e-01 -3.243618905544281006e-01 -3.142305314540863037e-01 3.330926895141601562e-01 4.611200392246246338e-01 -1.640696376562118530e-01 3.112447559833526611e-01
-7.226710021495819092e-02 -7.388910651206970215e-02 -9.875887632369995117e-02 -8.353852480649948120e-02 -5.032776668667793274e-02 -1.220052782446146011e-02 -8.256032317876815796e-02 -1.139113977551460266e-01 -5.864581093192100525e-02 -1.068124473094940186e-01
5.144435167312622070e-02 -1.516899615526199341e-01 3.545160293579101562e-01 -1.467468589544296265e-01 3.694698447361588478e-03 -2.031304687261581421e-01 1.743801534175872803e-01 -1.515315771102905273e-01 -1.072264090180397034e-01 -2.267105281352996826e-01
1.491468101739883423e-01 -1.780717819929122925e-01 -2.967979907989501953e-01 -5.735632777214050293e-02 -1.294708997011184692e-01 1.613590866327285767e-01 1.140122935175895691e-01 2.515554986894130707e-02 -2.288470566272735596e-01 -5.074346903711557388e-03
-2.797468006610870361e-01 -1.655181944370269775e-01 -1.477479934692382812e-01 2.431530505418777466e-01 -2.760493159294128418e-01 2.228716313838958740e-01 -2.446904778480529785e-01 2.361886352300643921e-01 -2.730587422847747803e-01 2.864992916584014893e-01
3.962566554546356201e-01 -1.583611071109771729e-01 2.542272210121154785e-01 -1.603094339370727539e-01 -1.078432574868202209e-01 -1.879801452159881592e-01 -1.491428464651107788e-01 -1.557822376489639282e-01 7.611730694770812988e-02 -2.053838074207305908e-01
5.664114840328693390e-03 -8.081394247710704803e-03 5.984385963529348373e-03 -3.850490599870681763e-02 1.657634624280035496e-03 -4.539762437343597412e-02 -4.202320054173469543e-02 -4.359623417258262634e-04 -5.096712149679660797e-03 4.449995234608650208e-02
-5.636005848646163940e-02 -5.969686061143875122e-02 -6.945559382438659668e-02 -1.085904687643051147e-01 -4.451430961489677429e-02 -1.544391363859176636e-02 -1.844466477632522583e-01 -7.915603369474411011e-02 -4.230673983693122864e-02 -1.075749993324279785e-01
-7.558703422546386719e-02 -7.563336193561553955e-02 -9.977996349334716797e-02 -8.283870667219161987e-02 -5.388524010777473450e-02 -1.673433557152748108e-02 -8.585646003484725952e-02 -1.101446598768234253e-01 -6.210320442914962769e-02 -1.123871654272079468e-01
9.042357653379440308e-02 -2.292138189077377319e-01 6.481935083866119385e-02 -1.428897231817245483e-01 -2.261562496423721313e-01 -7.348810881376266479e-02 -7.109656929969787598e-02 -2.861676514148712158e-01 1.904383674263954163e-02 3.888525962829589844e-01
-2.722433805465698242e-01 4.044902622699737549e-01 2.133109420537948608e-01 -7.483538985252380371e-02 -1.817602962255477905e-01 -9.719871729612350464e-02 1.605952978134155273e-01 -1.473336070775985718e-01 -3.125642538070678711e-01 -1.528675556182861328e-01
-2.808620035648345947e-01 2.848513126373291016e-01 6.641104817390441895e-02 2.578373849391937256e-01 -3.363867402076721191e-01 -3.451830446720123291e-01 -3.204970955848693848e-01 -3.337666764855384827e-02 4.593410789966583252e-01 -1.753288358449935913e-01
