6.220915317535400391e-01
5.236841440200805664e-01
2.402112632989883423e-01
8.576091527938842773e-01
8.710386753082275391e-01
7.829588055610656738e-01
2.959055304527282715e-01
4.355269074440002441e-01
5.867305994033813477e-01
9.788014292716979980e-01
7.494189143180847168e-01
8.916498422622680664e-01
6.132932901382446289e-01
2.441596835851669312e-01
9.412471652030944824e-01
6.029908061027526855e-01
5.006722211837768555e-01
8.871214389801025391e-01
2.803745269775390625e-01
6.719980239868164062e-01
6.685841083526611328e-01
7.563610076904296875e-01
7.060503959655761719e-01
7.821907401084899902e-01
1.813392937183380127e-01
5.422459840774536133e-01
6.571282744407653809e-01
7.662643790245056152e-01
6.205375790596008301e-01
-1.532476488500833511e-02
9.804250001907348633e-01
8.165916204452514648e-01
8.825739026069641113e-01
9.141940474510192871e-01
6.633291840553283691e-01
8.623302578926086426e-01
6.482553482055664062e-01
4.593015611171722412e-01
6.889230608940124512e-01
4.572490155696868896e-01
6.926580667495727539e-01
6.658769249916076660e-01
4.001374244689941406e-01
4.399372339248657227e-01
3.093431293964385986e-01
8.228319287300109863e-01
5.721624493598937988e-01
1.948710381984710693e-01
8.398276567459106445e-01
5.527318269014358521e-02
6.972458362579345703e-01
6.482381820678710938e-01
4.514890313148498535e-01
5.237897038459777832e-01
-1.985217258334159851e-02
8.144735693931579590e-01
7.769826054573059082e-01
5.632620453834533691e-01
2.713110148906707764e-01
4.454997777938842773e-01
7.369754910469055176e-01
6.042688488960266113e-01
3.657018542289733887e-01
9.491285681724548340e-01
7.244998812675476074e-01
8.630996346473693848e-01
4.798123538494110107e-01
4.216560721397399902e-01
9.003448486328125000e-01
8.314815163612365723e-01
3.181540369987487793e-01
7.418285012245178223e-01
5.670748949050903320e-01
9.268414378166198730e-01
5.793275237083435059e-01
4.541465938091278076e-01
9.089375138282775879e-01
5.991870760917663574e-01
8.787911534309387207e-01
9.088945388793945312e-01
5.493603348731994629e-01
6.968644857406616211e-01
4.189033508300781250e-01
6.380994915962219238e-01
9.509217143058776855e-01
9.586840271949768066e-01
7.003281712532043457e-01
4.340039193630218506e-01
6.636593341827392578e-01
7.306150794029235840e-01
1.049048423767089844e+00
4.834906756877899170e-01
9.025236964225769043e-01
4.172856509685516357e-01
8.509405255317687988e-01
3.180560767650604248e-01
3.461513519287109375e-01
7.141397595405578613e-01
3.114510774612426758e-01
6.854925155639648438e-01
8.280059695243835449e-01
3.630078732967376709e-01
4.930710494518280029e-01
4.453067481517791748e-01
8.049188256263732910e-01
5.737073421478271484e-01
1.092247143387794495e-01
3.034643828868865967e-01
3.836294114589691162e-01
8.689686059951782227e-01
7.639155983924865723e-01
8.914003968238830566e-01
6.819813251495361328e-01
8.756191730499267578e-01
6.628196239471435547e-01
8.436718583106994629e-01
1.044062137603759766e+00
1.219364851713180542e-01
5.187193751335144043e-01
6.305372714996337891e-01
6.506292819976806641e-01
4.316141605377197266e-01
8.129350543022155762e-01
9.570787101984024048e-02
7.486392855644226074e-01
5.972356200218200684e-01
8.000304698944091797e-01
7.728699445724487305e-01
2.889497578144073486e-01
5.017125606536865234e-01
2.882785797119140625e-01
2.120644897222518921e-01
5.708830356597900391e-01
8.713721036911010742e-01
8.651236891746520996e-01
7.738271355628967285e-01
6.581557393074035645e-01
8.066024780273437500e-01
6.270369291305541992e-01
5.022862553596496582e-01
7.524538636207580566e-01
3.452497720718383789e-01
4.794128537178039551e-01
8.859581947326660156e-01
4.262310862541198730e-01
5.230807065963745117e-01
7.019549608230590820e-01
8.064175248146057129e-01
1.150340810418128967e-01
6.198520064353942871e-01
7.411720752716064453e-01
2.769318222999572754e-01
8.515388965606689453e-01
5.618793964385986328e-01
3.396217823028564453e-01
6.358383297920227051e-01
7.448270320892333984e-01
8.913027048110961914e-01
7.477747797966003418e-01
2.896407842636108398e-01
6.288415193557739258e-01
4.891897439956665039e-01
7.955108284950256348e-01
6.614122390747070312e-01
7.755329012870788574e-01
6.281588077545166016e-01
8.215662240982055664e-01
9.028245210647583008e-01
1.024545788764953613e+00
5.240945219993591309e-01
5.786225795745849609e-01
5.207992792129516602e-01
4.437906742095947266e-01
5.893504023551940918e-01
2.929801642894744873e-01
8.578472733497619629e-01
9.081053137779235840e-01
9.917805790901184082e-01
6.103827357292175293e-01
2.793742716312408447e-01
7.566111087799072266e-01
6.735668182373046875e-01
5.565872788429260254e-01
9.534432888031005859e-01
1.249797642230987549e-01
8.047517538070678711e-01
1.056209683418273926e+00
8.325073719024658203e-01
4.709242284297943115e-01
6.951487064361572266e-01
1.810193359851837158e-01
5.183346569538116455e-02
7.392417788505554199e-01
9.714027494192123413e-02
8.082833290100097656e-01
6.341086626052856445e-01
1.012679576873779297e+00
8.119094967842102051e-01
4.119859039783477783e-01
7.125692963600158691e-01
4.498052895069122314e-01
5.150733590126037598e-01
4.566491842269897461e-01
3.406456112861633301e-01
9.350372552871704102e-01
9.322733283042907715e-01
7.041860818862915039e-01
7.652234435081481934e-01
4.020020663738250732e-01
3.345316648483276367e-01
8.305242657661437988e-01
3.330917358398437500e-01
5.872252583503723145e-01
4.979248642921447754e-01
8.707416057586669922e-01
4.579648375511169434e-01
-4.667545109987258911e-02
7.557901740074157715e-01
6.901201605796813965e-01
7.805823087692260742e-01
3.627838790416717529e-01
9.001893401145935059e-01
1.142094582319259644e-01
1.917055100202560425e-01
8.347576260566711426e-01
