9.086931496858596802e-02 -1.754326939582824707e+00 7.463219165802001953e-01 -1.282471776008605957e+00 2.029048949480056763e-01 -1.264493703842163086e+00 -5.836989283561706543e-01 -1.075562953948974609e+00 -1.268627285957336426e+00 -1.000815987586975098e+00
2.999692559242248535e-01 -9.821212291717529297e-01 -2.615244984626770020e-01 -1.152980089187622070e+00 4.615769982337951660e-01 -9.146080017089843750e-01 3.444970846176147461e-01 1.379606723785400391e+00 2.984235584735870361e-01 8.099489808082580566e-01
-1.678131371736526489e-01 -5.248224362730979919e-02 6.869347095489501953e-01 6.605336070060729980e-01 1.299227595329284668e+00 -1.394260525703430176e-01 6.244313120841979980e-01 -1.250490188598632812e+00 1.042145133018493652e+00 9.081810712814331055e-01
-1.373257994651794434e+00 -1.750524044036865234e+00 -1.227671504020690918e+00 -1.455754876136779785e+00 1.123417377471923828e+00 -1.135685324668884277e+00 3.781173229217529297e-01 3.371713757514953613e-01 -1.398253798484802246e+00 -2.585145831108093262e-01
-1.114133358001708984e+00 9.123185873031616211e-01 2.380859851837158203e-01 -4.181570708751678467e-01 -1.229420900344848633e+00 -5.635740756988525391e-01 -6.521368622779846191e-01 -1.520362615585327148e+00 -1.107956409454345703e+00 -1.465833544731140137e+00
-1.512183427810668945e+00 7.935611009597778320e-01 -1.090825438499450684e+00 -1.103124856948852539e+00 -1.426227331161499023e+00 -1.214140415191650391e+00 -1.466629981994628906e+00 -1.503371953964233398e+00 -1.286311507225036621e+00 -1.465876102447509766e+00
-1.146420121192932129e+00 3.014682792127132416e-02 3.400249481201171875e-01 2.844933867454528809e-01 -3.973709642887115479e-01 -6.135721504688262939e-02 -1.507820010185241699e+00 6.968153715133666992e-01 1.137239813804626465e+00 9.795662164688110352e-01
9.345056414604187012e-01 -3.387886881828308105e-01 2.611505687236785889e-01 -6.711128950119018555e-01 -7.818683385848999023e-01 -3.674000203609466553e-01 7.763016223907470703e-01 -6.032514572143554688e-02 -9.133129715919494629e-01 -1.000939249992370605e+00
-1.465002775192260742e+00 1.637521944940090179e-02 -1.346331477165222168e+00 -1.383693456649780273e+00 -2.181184589862823486e-01 -5.167441964149475098e-01 -1.482282161712646484e+00 6.204532384872436523e-01 -3.142147660255432129e-01 -1.541071385145187378e-01
-1.489646911621093750e+00 2.602778673171997070e-01 -1.049956440925598145e+00 -3.497380316257476807e-01 -6.278251409530639648e-01 1.296065300703048706e-01 -8.049528002738952637e-01 -1.020924448966979980e+00 -5.821204781532287598e-01 -1.914166063070297241e-01
-1.461549758911132812e+00 2.177726328372955322e-01 -1.268828868865966797e+00 -1.519145488739013672e+00 -8.211328983306884766e-01 -7.883287072181701660e-01 -1.422526597976684570e+00 -6.041439175605773926e-01 -1.010526776313781738e+00 -1.080076456069946289e+00
-1.407865047454833984e+00 1.242518305778503418e+00 4.040061533451080322e-01 2.301577925682067871e-01 -1.100894689559936523e+00 -6.866741180419921875e-01 -6.718736886978149414e-01 -1.250327348709106445e+00 -3.420511186122894287e-01 -1.319723486900329590e+00
-1.132211446762084961e+00 -1.267028152942657471e-01 -1.138708114624023438e+00 -6.506698131561279297e-01 3.380587697029113770e-01 2.620304524898529053e-01 -8.807681798934936523e-01 1.008763551712036133e+00 3.854550123214721680e-01 6.110631823539733887e-01
5.268829464912414551e-01 -5.204242467880249023e-01 -1.047067642211914062e-01 -2.656568400561809540e-02 5.962765216827392578e-01 7.081337571144104004e-01 5.216787457466125488e-01 -1.488745331764221191e+00 5.604494214057922363e-01 -4.949766993522644043e-01
-1.500884175300598145e+00 -3.618456125259399414e-01 -1.300619721412658691e+00 -1.263872861862182617e+00 -4.976927340030670166e-01 -1.172498345375061035e+00 -1.467362046241760254e+00 8.454938530921936035e-01 -1.343978643417358398e+00 3.531691431999206543e-01
-8.508387207984924316e-01 2.339145094156265259e-01 1.156951427459716797e+00 1.309241771697998047e+00 -1.002403378486633301e+00 -1.970519423484802246e-01 -1.401584893465042114e-01 -3.197457790374755859e-01 -1.924076080322265625e-01 -1.141471982002258301e+00
-6.719660162925720215e-01 -8.394545316696166992e-01 -1.179199337959289551e+00 1.508162260055541992e+00 5.521142482757568359e-01 9.641911387443542480e-01 9.074698202311992645e-03 -3.831771910190582275e-01 6.371718049049377441e-01 2.531805038452148438e-01
-1.442946076393127441e+00 8.409118652343750000e-01 -1.084477424621582031e+00 -6.947578191757202148e-01 -1.415393352508544922e+00 -4.743532240390777588e-01 -4.068935513496398926e-01 -1.560314774513244629e+00 -1.090957880020141602e+00 -1.482575654983520508e+00
1.765888184309005737e-01 3.430044651031494141e-01 -6.980798244476318359e-01 1.598180413246154785e+00 6.784407794475555420e-02 1.068489313125610352e+00 -3.412414789199829102e-01 9.333903193473815918e-01 1.146021246910095215e+00 9.659748077392578125e-01
-1.525860667228698730e+00 5.297665596008300781e-01 -1.336066126823425293e+00 -1.471801280975341797e+00 -1.437656283378601074e+00 -1.224439978599548340e+00 -1.485566854476928711e+00 -1.532709121704101562e+00 -1.360113263130187988e+00 -1.490527987480163574e+00
4.004847407341003418e-01 -2.584531903266906738e-01 1.378242850303649902e+00 1.092502832412719727e+00 1.661465018987655640e-01 -3.005713522434234619e-01 -1.583732515573501587e-01 -7.365481257438659668e-01 -3.110884726047515869e-01 -6.604251265525817871e-01
-1.123725891113281250e+00 7.443844079971313477e-01 6.884900927543640137e-01 4.523402750492095947e-01 -1.180156588554382324e+00 -5.523583889007568359e-01 1.715215444564819336e-01 -1.473144769668579102e+00 -8.054022192955017090e-01 -1.406358242034912109e+00
-1.508660435676574707e+00 6.714125275611877441e-01 -4.292594790458679199e-01 -1.301827430725097656e+00 -1.390297412872314453e+00 -1.192573785781860352e+00 -1.472179055213928223e+00 -1.299502968788146973e+00 -1.031068563461303711e+00 -1.479582309722900391e+00
-1.469163179397583008e+00 8.780823945999145508e-01 -3.834269344806671143e-01 -2.726527452468872070e-01 -1.232229828834533691e+00 -8.898499011993408203e-01 -1.373284697532653809e+00 6.160427927970886230e-01 -2.592754662036895752e-01 -1.024186730384826660e+00
1.302535891532897949e+00 -1.050137639045715332e+00 1.034544587135314941e+00 -9.655088782310485840e-01 3.200223743915557861e-01 -9.675101637840270996e-01 -6.526629924774169922e-01 4.259420931339263916e-01 1.063045740127563477e+00 -2.043470889329910278e-01
1.078634709119796753e-01 4.786378145217895508e-02 -7.723122835159301758e-01 -1.209550857543945312e+00 -6.009316444396972656e-01 2.630660776048898697e-03 4.136446416378021240e-01 -1.067085623741149902e+00 -6.369473934173583984e-01 -8.198882937431335449e-01
-6.596381664276123047e-01 1.723194271326065063e-01 -1.026354908943176270e+00 -1.460768342018127441e+00 -3.287492096424102783e-01 6.486520171165466309e-02 4.948022067546844482e-01 -1.096570968627929688e+00 1.469520628452301025e-01 -6.494054198265075684e-02
9.685987830162048340e-01 -2.691991031169891357e-01 3.534031510353088379e-01 -1.280822634696960449e+00 1.269074678421020508e+00 -2.674167752265930176e-01 1.628945350646972656e+00 -1.409349799156188965e+00 -1.044064164161682129e+00 4.904639422893524170e-01
-1.520592570304870605e+00 3.000966310501098633e-01 -1.353511929512023926e+00 -1.487446308135986328e+00 -1.456918597221374512e+00 -1.204838752746582031e+00 -1.455506324768066406e+00 -1.585477113723754883e+00 -1.403689622879028320e+00 -1.522416949272155762e+00
1.844376921653747559e+00 9.256216138601303101e-02 1.163006901741027832e+00 1.070665717124938965e+00 -6.732583791017532349e-02 1.191680908203125000e+00 -5.387982726097106934e-01 3.946544229984283447e-01 1.192902207374572754e+00 -3.837929368019104004e-01
-1.408214449882507324e+00 -3.085162341594696045e-01 -1.040014743804931641e+00 -2.982760667800903320e-01 -1.144580364227294922e+00 -3.087959885597229004e-01 6.686277389526367188e-01 -1.303790926933288574e+00 -1.059019446372985840e+00 -6.665345430374145508e-01
-1.512573838233947754e+00 1.088810563087463379e+00 -9.186806082725524902e-01 -1.400196313858032227e+00 -1.081968665122985840e+00 -8.997712731361389160e-01 -1.419559359550476074e+00 -8.714349865913391113e-01 -4.989322647452354431e-02 -1.159909129142761230e+00
-1.493307471275329590e+00 2.640046179294586182e-01 -8.752706646919250488e-01 4.053183495998382568e-01 -8.322637081146240234e-01 -3.891208469867706299e-01 -1.451727271080017090e+00 -4.421068429946899414e-01 -5.833133459091186523e-01 1.501189917325973511e-01
-1.482192635536193848e+00 1.111978173255920410e+00 -2.481585890054702759e-01 -5.402858257293701172e-01 -4.134989380836486816e-01 8.792871236801147461e-02 -1.138357996940612793e+00 -5.925594568252563477e-01 1.330040246248245239e-01 -8.419720456004142761e-03
-1.517698287963867188e+00 4.849143028259277344e-01 -1.364713788032531738e+00 -1.502459406852722168e+00 -1.452754497528076172e+00 -1.202994108200073242e+00 -1.497463703155517578e+00 -1.548188686370849609e+00 -1.386750936508178711e+00 -1.507475852966308594e+00
-1.511642575263977051e+00 -7.553351521492004395e-01 -1.359221816062927246e+00 -1.391703128814697266e+00 -4.167759716510772705e-01 -1.184285044670104980e+00 -1.460184335708618164e+00 2.972216606140136719e-01 -1.388911724090576172e+00 2.266995012760162354e-01
-1.511391043663024902e+00 1.180651411414146423e-02 -1.363560199737548828e+00 -1.434845685958862305e+00 -9.565061926841735840e-01 -1.090073347091674805e+00 -1.488280892372131348e+00 5.867047235369682312e-02 -1.200065135955810547e+00 -4.885927140712738037e-01
-9.695729613304138184e-01 -2.563184201717376709e-01 1.334829211235046387e+00 1.062465906143188477e+00 -6.947922110557556152e-01 2.046202421188354492e-01 -8.038946986198425293e-01 -5.948762595653533936e-02 4.232096970081329346e-01 -8.107453584671020508e-01
-1.281482458114624023e+00 -4.679200425744056702e-02 5.305102467536926270e-01 -2.502173781394958496e-01 1.283450275659561157e-01 -8.248642683029174805e-01 -2.772967517375946045e-01 -2.125295549631118774e-01 -1.021346356719732285e-02 3.979932069778442383e-01
5.025584697723388672e-01 1.707222014665603638e-01 -4.510488510131835938e-01 -5.848831534385681152e-01 -1.346969127655029297e+00 3.564749285578727722e-02 2.757743000984191895e-01 -1.498154044151306152e+00 -9.082552194595336914e-01 -1.433247208595275879e+00
-1.378476977348327637e+00 2.273188158869743347e-02 -1.311107397079467773e+00 -1.089358329772949219e+00 6.311111897230148315e-02 -2.790916562080383301e-01 -1.307030200958251953e+00 7.922614812850952148e-01 -4.131998717784881592e-01 3.022557199001312256e-01
-1.481503009796142578e+00 -3.989465236663818359e-01 -1.301245570182800293e+00 -1.393639564514160156e+00 -2.731684744358062744e-01 -1.095534682273864746e+00 -1.409040451049804688e+00 7.047262191772460938e-01 -1.255692958831787109e+00 -1.208803523331880569e-02
-1.760845333337783813e-01 -4.825802445411682129e-01 -1.224544048309326172e+00 -3.817209303379058838e-01 3.863617479801177979e-01 4.815507829189300537e-01 -1.273506522178649902e+00 7.298862338066101074e-01 1.509661823511123657e-01 1.875412613153457642e-01
2.768790125846862793e-01 -7.811067104339599609e-01 4.555081129074096680e-01 4.290885031223297119e-01 1.023051142692565918e+00 5.217898637056350708e-02 1.072874546051025391e+00 -1.049858689308166504e+00 -8.205305933952331543e-01 6.211202740669250488e-01
-1.064747810363769531e+00 -6.303158402442932129e-01 9.153880476951599121e-01 1.018223404884338379e+00 4.138245582580566406e-01 5.830054879188537598e-01 -2.732366025447845459e-01 -2.769728004932403564e-01 8.842371106147766113e-01 7.317329049110412598e-01
-1.503076791763305664e+00 -1.279088482260704041e-02 -1.309547066688537598e+00 -1.298571228981018066e+00 -1.225473284721374512e+00 -1.096435308456420898e+00 -1.420982837677001953e+00 1.163616701960563660e-01 -1.232688784599304199e+00 -4.085369110107421875e-01
-7.222800850868225098e-01 1.153381228446960449e+00 1.649398326873779297e+00 2.370687723159790039e-01 8.009982109069824219e-01 1.752394735813140869e-01 1.577464461326599121e+00 3.674433529376983643e-01 1.180642127990722656e+00 3.352156877517700195e-01
-6.631649732589721680e-01 -4.562860727310180664e-01 3.900284767150878906e-01 1.247105121612548828e+00 -4.170012846589088440e-02 7.558051943778991699e-01 -1.428604722023010254e+00 1.190800070762634277e+00 1.095703840255737305e+00 3.808372020721435547e-01
-1.517437100410461426e+00 1.173205137252807617e+00 -1.065596699714660645e+00 -1.298486709594726562e+00 -1.254670262336730957e+00 -1.097864151000976562e+00 -1.470427513122558594e+00 -8.702188730239868164e-01 -5.633450150489807129e-01 -1.147900581359863281e+00
1.205507993698120117e+00 -5.709803104400634766e-01 1.333862662315368652e+00 1.440253138542175293e+00 -1.755093336105346680e-01 5.479068160057067871e-01 1.009099006652832031e+00 -2.602388560771942139e-01 1.151809573173522949e+00 6.593008637428283691e-01
-1.506249308586120605e+00 -5.769194960594177246e-01 -1.400724053382873535e+00 -1.438696384429931641e+00 -3.515319228172302246e-01 -1.033669471740722656e+00 -1.503793835639953613e+00 6.540777087211608887e-01 -1.339268445968627930e+00 1.247815936803817749e-01
-5.114498138427734375e-01 -8.161011338233947754e-01 9.868967533111572266e-01 -1.462371110916137695e+00 3.249096572399139404e-01 -1.065721750259399414e+00 6.005015373229980469e-01 -8.858193159103393555e-01 -1.201727032661437988e+00 -1.125507235527038574e+00
1.265589147806167603e-01 -9.188315272331237793e-01 -9.727874994277954102e-01 4.606524109840393066e-02 6.667344570159912109e-01 1.329991668462753296e-01 -1.492012262344360352e+00 1.234041094779968262e+00 7.852702736854553223e-01 1.007182598114013672e+00
-1.854162663221359253e-02 -7.584549784660339355e-01 -3.223723471164703369e-01 4.760442674160003662e-02 1.492345809936523438e+00 1.334743052721023560e-01 -9.178651571273803711e-01 1.448920130729675293e+00 5.189090371131896973e-01 1.248684763908386230e+00
1.858577847480773926e+00 7.274727523326873779e-02 7.980844974517822266e-01 1.498834729194641113e+00 -3.260895907878875732e-01 1.271376252174377441e+00 -1.054252147674560547e+00 6.119631528854370117e-01 1.261112213134765625e+00 -3.571093976497650146e-01
-2.262322157621383667e-01 -2.250718772411346436e-01 2.244919538497924805e-01 -7.238717079162597656e-01 -5.808578133583068848e-01 -1.141050696372985840e+00 1.143075108528137207e+00 -6.646580994129180908e-02 -8.671397566795349121e-01 2.847636938095092773e-01
-1.291054248809814453e+00 5.568156242370605469e-01 -6.212298274040222168e-01 4.150478541851043701e-01 -7.686793208122253418e-01 -6.447533965110778809e-01 -1.370005488395690918e+00 1.366641283035278320e+00 -5.344215631484985352e-01 1.065103173255920410e+00
-1.448454856872558594e+00 3.355596661567687988e-01 -1.285571932792663574e+00 -1.158280849456787109e+00 -3.915296792984008789e-01 -3.717014491558074951e-01 -1.461610555648803711e+00 7.281854748725891113e-01 1.509850025177001953e-01 2.725497074425220490e-02
1.564663290977478027e+00 -7.747666835784912109e-01 -1.514875441789627075e-01 -1.351340860128402710e-01 -1.371855437755584717e-01 5.475345849990844727e-01 -1.410144805908203125e+00 5.224469304084777832e-01 8.599938154220581055e-01 2.920377552509307861e-01
1.408401727676391602e+00 -4.345673322677612305e-01 -8.309987783432006836e-01 1.594808250665664673e-01 3.113889396190643311e-01 6.601622700691223145e-01 -1.696233600378036499e-01 -1.499466449022293091e-01 -6.897854804992675781e-01 -2.201405465602874756e-01
-1.016252040863037109e+00 -4.154964089393615723e-01 -1.248078465461730957e+00 -9.613097459077835083e-02 2.262176573276519775e-01 8.391195535659790039e-01 5.174102634191513062e-02 5.165849924087524414e-01 1.356187313795089722e-01 7.967348694801330566e-01
-1.448927760124206543e+00 1.087975949048995972e-01 -1.315869688987731934e+00 -1.415424227714538574e+00 -1.709865480661392212e-01 -7.305074334144592285e-01 -1.412876009941101074e+00 6.241520047187805176e-01 -8.136296272277832031e-01 -2.145568579435348511e-01
1.788177728652954102e+00 -6.099385768175125122e-02 5.836289525032043457e-01 9.845845103263854980e-01 -2.756061851978302002e-01 4.647085964679718018e-01 1.156615614891052246e+00 -1.091427262872457504e-02 -7.002397179603576660e-01 -3.130537271499633789e-01
-1.463968515396118164e+00 7.885338664054870605e-01 -1.368287056684494019e-01 6.101692914962768555e-01 -5.900188684463500977e-01 -6.944757699966430664e-01 -7.777785062789916992e-01 -1.156187057495117188e+00 -1.010064482688903809e+00 -9.570245742797851562e-01
-1.421998381614685059e+00 1.089797735214233398e+00 4.835119247436523438e-01 -2.609221935272216797e-01 -2.431054711341857910e-01 -4.795249700546264648e-01 -4.485454559326171875e-01 7.276512980461120605e-01 9.564412832260131836e-01 3.735208213329315186e-01
-1.411888003349304199e+00 -1.394440650939941406e+00 -9.683548212051391602e-01 -1.437941670417785645e+00 1.317946910858154297e+00 -1.129011631011962891e+00 -8.506146073341369629e-01 1.309311270713806152e+00 -1.311994075775146484e+00 5.283972620964050293e-01
-1.377631306648254395e+00 -6.364165544509887695e-01 2.723852992057800293e-01 7.120861411094665527e-01 3.647048175334930420e-01 -9.858694672584533691e-01 -1.418648719787597656e+00 7.764737308025360107e-02 -3.631128668785095215e-01 2.305958271026611328e-01
-3.385287895798683167e-02 3.558682501316070557e-01 -1.166862368583679199e+00 7.511564344167709351e-02 -9.392045140266418457e-01 2.462549209594726562e-01 2.810333669185638428e-01 5.269477143883705139e-02 -2.025217264890670776e-01 -3.497508168220520020e-01
-1.331701874732971191e+00 8.229843378067016602e-01 -8.239924907684326172e-01 -7.466378211975097656e-01 -2.154991477727890015e-01 7.757524847984313965e-01 8.234605193138122559e-01 -4.929959177970886230e-01 -1.587995290756225586e-01 7.030157446861267090e-01
-1.497372031211853027e+00 -8.448743820190429688e-01 -1.378830075263977051e+00 -1.325229644775390625e+00 -5.651757493615150452e-02 -9.346646666526794434e-01 -1.460235953330993652e+00 3.197259008884429932e-01 -1.262143492698669434e+00 4.529986083507537842e-01
-4.778950512409210205e-01 -1.657682776451110840e+00 8.536192178726196289e-01 1.116323947906494141e+00 9.485542774200439453e-01 -4.860340952873229980e-01 2.519798576831817627e-01 -8.272244334220886230e-01 8.222560584545135498e-02 4.044261276721954346e-01
-1.483967900276184082e+00 6.187243461608886719e-01 -1.339189052581787109e+00 -1.336893558502197266e+00 -5.390967726707458496e-01 -6.432642340660095215e-01 -1.424432873725891113e+00 -1.198232173919677734e-01 -4.964073300361633301e-01 1.564139267429709435e-03
-1.415233612060546875e+00 7.441790103912353516e-01 -2.876829206943511963e-01 -8.118335157632827759e-02 -1.262615323066711426e-01 -2.635338604450225830e-01 -1.186673998832702637e+00 9.551466107368469238e-01 9.010612368583679199e-01 1.481133401393890381e-01
-1.517592072486877441e+00 1.147021770477294922e+00 -9.308665990829467773e-01 -6.872106194496154785e-01 -1.133730649948120117e+00 -7.418531179428100586e-01 -1.249400973320007324e+00 -8.598381280899047852e-01 -2.113644480705261230e-01 -8.774625062942504883e-01
-2.681622803211212158e-01 -1.245762109756469727e+00 1.155957952141761780e-01 -1.405148506164550781e+00 -3.212006986141204834e-01 -6.534046530723571777e-01 4.294473528861999512e-01 -5.369954109191894531e-01 -1.206704378128051758e+00 -1.191210865974426270e+00
9.053629636764526367e-01 -8.153408169746398926e-01 2.170017063617706299e-01 1.342920660972595215e+00 -3.296333551406860352e-01 9.002958983182907104e-02 2.151498496532440186e-01 -3.489774167537689209e-01 1.521927863359451294e-01 -3.651296496391296387e-01
-1.496520042419433594e+00 9.282259941101074219e-01 -6.946565508842468262e-01 2.395070195198059082e-01 -1.321051001548767090e+00 -6.232659220695495605e-01 -1.081715345382690430e+00 -1.343559145927429199e+00 -5.911793708801269531e-01 -1.284650683403015137e+00
-7.435597181320190430e-01 -1.640206575393676758e-01 -7.803379893302917480e-01 1.817183941602706909e-01 8.909353017807006836e-01 -2.448610961437225342e-02 -2.884924113750457764e-01 4.934607744216918945e-01 5.140709877014160156e-01 5.007163286209106445e-01
-1.433557510375976562e+00 1.152132526040077209e-01 -7.389551401138305664e-01 8.917444944381713867e-01 -1.263996720314025879e+00 -2.598560452461242676e-01 -6.735876798629760742e-01 4.638728201389312744e-01 -9.899460077285766602e-01 -5.782234668731689453e-01
-1.514292597770690918e+00 1.049461126327514648e+00 -7.422752976417541504e-01 -5.839065313339233398e-01 -1.254614710807800293e+00 -1.172480463981628418e+00 -1.461654543876647949e+00 -8.509067893028259277e-01 -9.969416856765747070e-01 -1.095123648643493652e+00
1.414237380027770996e+00 -1.071945667266845703e+00 -1.098000288009643555e+00 -7.047761678695678711e-01 -7.352327108383178711e-01 8.805884718894958496e-01 1.674408465623855591e-02 6.890093088150024414e-01 -4.635740518569946289e-01 7.930799722671508789e-01
-1.495964884757995605e+00 -9.643839001655578613e-01 -1.397332787513732910e+00 -1.389755368232727051e+00 -5.007974505424499512e-01 -9.683239459991455078e-01 -1.504966616630554199e+00 9.265968203544616699e-01 -1.303516745567321777e+00 4.780027568340301514e-01
1.587591648101806641e+00 -1.639329552650451660e+00 -1.028630733489990234e+00 -1.523926019668579102e+00 1.883533746004104614e-01 -7.792059332132339478e-02 2.539145015180110931e-02 -6.377271562814712524e-02 -1.084179282188415527e+00 7.138884812593460083e-02
-1.526032805442810059e+00 4.011964499950408936e-01 -1.311556220054626465e+00 -1.491566896438598633e+00 -1.453555107116699219e+00 -1.225711464881896973e+00 -1.503042221069335938e+00 -1.541802406311035156e+00 -1.378156661987304688e+00 -1.509403347969055176e+00
-1.435008525848388672e+00 -9.935812950134277344e-01 -1.306827187538146973e+00 8.150544166564941406e-01 -8.814426660537719727e-01 -8.098591119050979614e-02 -9.597096443176269531e-01 -1.393729895353317261e-01 -1.252231955528259277e+00 -2.421120107173919678e-01
-1.486631870269775391e+00 -9.263895750045776367e-01 -1.367854714393615723e+00 -1.069011449813842773e+00 5.051893368363380432e-02 -9.376161694526672363e-01 -1.335296034812927246e+00 -2.466163039207458496e-01 -1.277315378189086914e+00 2.161976844072341919e-01
-1.456393599510192871e+00 -1.788910150527954102e+00 -1.343771100044250488e+00 -1.433491945266723633e+00 5.172507166862487793e-01 -1.159268140792846680e+00 -1.362780094146728516e+00 1.354184150695800781e-01 -1.418142795562744141e+00 1.712977141141891479e-02
1.075588583946228027e+00 -1.144513040781021118e-01 -1.814613193273544312e-01 1.453683376312255859e+00 -7.042470574378967285e-01 4.362811148166656494e-01 -7.261201143264770508e-01 1.890443265438079834e-01 5.242378115653991699e-01 -2.200245857238769531e-01
4.457060396671295166e-01 1.671017333865165710e-02 9.302160143852233887e-01 -1.254052966833114624e-01 -2.014610320329666138e-01 -5.492582321166992188e-01 2.357272505760192871e-01 -1.313561439514160156e+00 -1.132185697555541992e+00 -1.006653428077697754e+00
-1.296744942665100098e+00 9.669671952724456787e-02 -9.613638520240783691e-01 5.337828993797302246e-01 -7.451989054679870605e-01 4.867689013481140137e-01 -7.264394164085388184e-01 -1.361522436141967773e+00 -1.960812695324420929e-02 -8.475788235664367676e-01
-1.462157011032104492e+00 1.001799345016479492e+00 -5.417466163635253906e-01 -7.860830426216125488e-01 -5.870169401168823242e-01 -2.772018909454345703e-01 2.692714519798755646e-02 -7.365348935127258301e-01 -6.294682621955871582e-01 -5.109892487525939941e-01
1.571825265884399414e+00 -1.753395795822143555e+00 -1.343337535858154297e+00 -1.516289472579956055e+00 -8.770686388015747070e-02 -7.251315116882324219e-01 -1.142711043357849121e+00 6.645345091819763184e-01 -1.333883285522460938e+00 -2.168459594249725342e-01
-1.514730095863342285e+00 3.925109207630157471e-01 -1.153589606285095215e+00 -1.064085602760314941e+00 -1.296298146247863770e+00 -9.878583550453186035e-01 -4.758523702621459961e-01 -1.407411813735961914e+00 -1.244588375091552734e+00 -1.335066199302673340e+00
-1.362013369798660278e-01 -4.681048691272735596e-01 -1.072870194911956787e-01 1.018231391906738281e+00 5.790655612945556641e-01 3.948061764240264893e-01 7.479597330093383789e-01 -1.367081046104431152e+00 -1.037287414073944092e-01 3.680028915405273438e-01
-1.479866027832031250e+00 9.615794420242309570e-01 -4.648307263851165771e-01 -7.023478150367736816e-01 -1.231364369392395020e+00 -9.168508052825927734e-01 -1.255366086959838867e+00 9.381189346313476562e-01 -4.850034713745117188e-01 -5.527386665344238281e-01
8.138527274131774902e-01 -2.701385021209716797e-01 -1.252798080444335938e+00 7.648317813873291016e-01 7.394263744354248047e-01 8.865618109703063965e-01 9.711040258407592773e-01 -3.977819085121154785e-01 1.644464880228042603e-01 5.549588799476623535e-01
-4.534573107957839966e-02 -1.983048766851425171e-01 1.618940114974975586e+00 -3.622171878814697266e-01 1.494855403900146484e+00 -1.633022129535675049e-01 1.635729074478149414e+00 1.244657754898071289e+00 1.322021245956420898e+00 1.184723377227783203e+00
-1.510254502296447754e+00 -5.270084142684936523e-01 -1.394319295883178711e+00 -1.424460291862487793e+00 -7.423780560493469238e-01 -1.132064223289489746e+00 -1.439687252044677734e+00 7.549782097339630127e-02 -1.376304268836975098e+00 -1.967739462852478027e-01
-9.259359240531921387e-01 -8.052415251731872559e-01 7.680724859237670898e-01 9.822905063629150391e-01 4.637908339500427246e-01 -3.826952576637268066e-01 -3.022724092006683350e-01 3.110412061214447021e-01 2.898123562335968018e-01 7.511901259422302246e-01
-5.728904530405998230e-02 -5.966206789016723633e-01 5.922186374664306641e-01 -4.824891984462738037e-01 1.167736172676086426e+00 -2.641602456569671631e-01 -2.831749618053436279e-01 -7.730945348739624023e-01 1.925772130489349365e-01 4.964978098869323730e-01
3.636577427387237549e-01 -9.590436816215515137e-01 -1.242835640907287598e+00 -3.564846217632293701e-01 -1.254795908927917480e+00 7.107385247945785522e-02 4.158548414707183838e-01 -9.967480897903442383e-01 -1.176969289779663086e+00 -5.874684453010559082e-01
1.045225262641906738e+00 -1.662597656250000000e-01 -1.294711828231811523e+00 7.089475393295288086e-01 2.085106968879699707e-01 1.316463470458984375e+00 1.115333318710327148e+00 -1.130984649062156677e-01 3.830501139163970947e-01 5.502768158912658691e-01
1.483104228973388672e+00 -1.728976726531982422e+00 -1.408104300498962402e+00 3.621449470520019531e-01 -1.060266137123107910e+00 4.949299991130828857e-01 -1.479950189590454102e+00 -2.407143712043762207e-01 -1.324248909950256348e+00 -9.689896106719970703e-01
7.021577656269073486e-02 -1.801092386245727539e+00 -3.609441816806793213e-01 -1.179634928703308105e+00 6.727513670921325684e-01 -2.204826772212982178e-01 4.511759877204895020e-01 -1.549633264541625977e+00 1.848633736371994019e-01 -6.014029979705810547e-01
-1.343724370002746582e+00 -4.786971211433410645e-02 -9.603736996650695801e-01 1.048721432685852051e+00 -4.531763494014739990e-01 -1.182347461581230164e-01 -8.523182272911071777e-01 -1.614472568035125732e-01 -4.415196180343627930e-01 9.279209375381469727e-02
-5.625246763229370117e-01 7.010154128074645996e-01 6.962602734565734863e-01 -4.177725315093994141e-01 -3.675712347030639648e-01 -3.232037127017974854e-01 7.688158154487609863e-01 1.305018663406372070e+00 5.413474440574645996e-01 8.685773015022277832e-01
1.749379992485046387e+00 8.808366209268569946e-02 -1.477549672126770020e-01 1.534391999244689941e+00 -1.124618798494338989e-01 1.120065093040466309e+00 -5.066225528717041016e-01 5.358745455741882324e-01 1.119237422943115234e+00 5.069184303283691406e-01
9.181790351867675781e-01 -6.539463251829147339e-02 -6.541166305541992188e-01 -7.131462693214416504e-01 -7.161847352981567383e-01 8.372650146484375000e-01 1.924250274896621704e-01 -8.123187422752380371e-01 2.169460654258728027e-01 -4.646227061748504639e-01
1.219619154930114746e+00 -6.351410746574401855e-01 7.895555496215820312e-01 5.713718533515930176e-01 -8.420752882957458496e-01 -1.911921650171279907e-01 6.685271859169006348e-01 5.402103662490844727e-01 6.149882674217224121e-01 -4.192690253257751465e-01
-8.216766715049743652e-01 9.467998743057250977e-01 -1.140279054641723633e+00 -1.395103454589843750e+00 -7.252057790756225586e-01 1.362923532724380493e-01 -4.236676543951034546e-02 -1.423250317573547363e+00 -3.994663059711456299e-01 -7.685216665267944336e-01
-1.514341592788696289e+00 1.494052708148956299e-01 -1.368865013122558594e+00 -1.366552710533142090e+00 -7.834833860397338867e-01 -1.031724691390991211e+00 -1.426576495170593262e+00 -2.450835853815078735e-01 -1.197002649307250977e+00 -1.471475213766098022e-01
-1.426541805267333984e+00 8.892692923545837402e-01 -1.121357917785644531e+00 -6.035732030868530273e-01 -6.114857792854309082e-01 4.684912264347076416e-01 -7.989402413368225098e-01 3.540391027927398682e-01 -4.053907692432403564e-01 -5.912500619888305664e-02
-1.516435027122497559e+00 5.458105206489562988e-01 -1.083736896514892578e+00 -1.425280451774597168e+00 -1.431719660758972168e+00 -1.206587910652160645e+00 -1.464135289192199707e+00 -1.556190252304077148e+00 -1.335600018501281738e+00 -1.514329910278320312e+00
-1.514288663864135742e+00 6.045786738395690918e-01 -1.204934954643249512e+00 -6.082649230957031250e-01 -1.365013360977172852e+00 -9.002573490142822266e-01 -1.390616297721862793e+00 -1.230340957641601562e+00 -1.048464298248291016e+00 -1.272266507148742676e+00
-4.915979206562042236e-01 -1.324552416801452637e+00 -3.712680339813232422e-01 3.459322452545166016e-01 5.252519845962524414e-01 -5.643591880798339844e-01 1.667808592319488525e-01 1.625579297542572021e-01 2.064702659845352173e-02 -2.921245098114013672e-01
-1.515145063400268555e+00 3.593371212482452393e-01 -1.314451217651367188e+00 -1.314645051956176758e+00 -1.118781685829162598e+00 -1.033772230148315430e+00 -1.415937542915344238e+00 2.171115279197692871e-01 -1.295990705490112305e+00 -7.416424155235290527e-01
-1.429553866386413574e+00 -6.890107393264770508e-01 -6.539672613143920898e-01 -8.516698479652404785e-01 -6.997556686401367188e-01 -1.066344738006591797e+00 8.906725645065307617e-01 -7.287070155143737793e-01 -1.217868566513061523e+00 -2.306037694215774536e-01
1.411724686622619629e+00 -7.528726458549499512e-01 3.200959265232086182e-01 5.982763171195983887e-01 2.873661220073699951e-01 8.535141944885253906e-01 -5.811721086502075195e-01 2.899669706821441650e-01 6.819762587547302246e-01 -6.633284687995910645e-01
2.562078535556793213e-01 -5.069668870419263840e-03 3.524210155010223389e-01 -6.075689196586608887e-01 1.421779155731201172e+00 8.885750770568847656e-01 1.581086993217468262e+00 -1.108655571937561035e+00 1.162906765937805176e+00 1.212808370590209961e+00
-1.529124259948730469e+00 3.191278576850891113e-01 -1.335569024085998535e+00 -1.485116958618164062e+00 -1.461681723594665527e+00 -1.239934086799621582e+00 -1.505966067314147949e+00 -1.543433666229248047e+00 -1.408512592315673828e+00 -1.520384311676025391e+00
-1.442714571952819824e+00 -3.793854415416717529e-01 -1.299415707588195801e+00 -8.820269703865051270e-01 -2.453486621379852295e-01 -5.426095053553581238e-02 -1.468500852584838867e+00 7.369542717933654785e-01 2.574490010738372803e-01 2.450595051050186157e-01
9.016260504722595215e-01 -5.636879205703735352e-01 1.277458667755126953e-01 -1.972982138395309448e-01 -9.380082786083221436e-02 4.155025482177734375e-01 4.489169418811798096e-01 -1.343230843544006348e+00 -2.974430024623870850e-01 -1.172339081764221191e+00
-1.502259731292724609e+00 6.057158112525939941e-01 -1.270179271697998047e+00 -1.299162268638610840e+00 -8.356711268424987793e-01 -9.313010573387145996e-01 -1.438561081886291504e+00 2.767832577228546143e-01 -8.024901151657104492e-01 -1.094265803694725037e-01
1.802108645439147949e+00 2.904461324214935303e-01 -7.512413859367370605e-01 4.394612312316894531e-01 -5.982740521430969238e-01 1.106003522872924805e+00 8.886749744415283203e-01 7.515327334403991699e-01 1.147768497467041016e+00 2.130699455738067627e-01
-1.387073755264282227e+00 3.756266236305236816e-01 -1.182303190231323242e+00 -8.592013120651245117e-01 2.512971162796020508e-01 7.695463299751281738e-01 -9.206820726394653320e-01 -7.443288564682006836e-01 9.321279525756835938e-01 5.402131080627441406e-01
-6.438851952552795410e-01 -1.778783917427062988e+00 -5.872051715850830078e-01 -4.093318432569503784e-02 6.523166298866271973e-01 -6.912503838539123535e-01 -1.087848916649818420e-01 4.578927159309387207e-01 -4.612405002117156982e-01 2.560396194458007812e-01
-1.487574100494384766e+00 1.673217415809631348e-01 -1.267571330070495605e+00 -1.504304289817810059e+00 -7.105177044868469238e-01 -7.628240585327148438e-01 -1.417689085006713867e+00 -5.735163092613220215e-01 -1.027675390243530273e+00 -1.070964932441711426e+00
-1.083258867263793945e+00 -1.264044761657714844e+00 -1.070407986640930176e+00 9.926679730415344238e-01 -6.574341654777526855e-02 7.646175567060709000e-03 4.096977040171623230e-02 -1.944749951362609863e-01 -5.202934145927429199e-01 2.691904604434967041e-01
1.102610453963279724e-01 -7.540366649627685547e-01 -1.228576246649026871e-02 5.260913074016571045e-02 9.815216064453125000e-01 9.389630556106567383e-01 -4.915974140167236328e-01 -3.165977597236633301e-01 8.770611882209777832e-01 8.082434535026550293e-02
-1.232628345489501953e+00 -2.340341210365295410e-01 1.152396500110626221e-01 1.289182752370834351e-01 1.077332139015197754e+00 2.460922598838806152e-01 -1.411443114280700684e+00 8.259016871452331543e-01 6.439796686172485352e-01 7.943763136863708496e-01
1.537826657295227051e+00 5.844288691878318787e-02 1.121760845184326172e+00 8.518473505973815918e-01 -1.424005150794982910e+00 -4.893229603767395020e-01 -8.097883462905883789e-01 -1.406446576118469238e+00 -9.232409000396728516e-01 -1.452105760574340820e+00
7.440732121467590332e-01 1.076897159218788147e-01 1.609988451004028320e+00 -9.719339609146118164e-01 1.153091192245483398e+00 -3.775364458560943604e-01 1.579177260398864746e+00 -2.723335325717926025e-01 1.033403277397155762e+00 1.438698023557662964e-01
-2.324296981096267700e-01 -1.680831313133239746e+00 -3.966114521026611328e-01 -1.348410725593566895e+00 2.596768140792846680e-01 -4.933157265186309814e-01 3.334150910377502441e-01 5.399115681648254395e-01 -1.241461277008056641e+00 -6.867958903312683105e-01
-1.458886981010437012e+00 8.348624706268310547e-01 -1.028185606002807617e+00 -1.278365373611450195e+00 -4.360257387161254883e-01 -1.001644507050514221e-01 -4.475930333137512207e-01 -9.355471134185791016e-01 6.740336418151855469e-01 -3.632315099239349365e-01
-1.484169602394104004e+00 8.200842142105102539e-01 -1.260354042053222656e+00 -1.498643159866333008e+00 -7.711772918701171875e-01 -7.293828129768371582e-01 -1.288296461105346680e+00 -5.878606438636779785e-01 -8.870986104011535645e-01 -9.420532584190368652e-01
-1.510837554931640625e+00 9.375405907630920410e-01 -1.093777894973754883e+00 -1.368779659271240234e+00 -1.410356760025024414e+00 -1.095152020454406738e+00 -1.355045795440673828e+00 -1.527752757072448730e+00 -1.065788626670837402e+00 -1.490156769752502441e+00
-5.810111165046691895e-01 4.245851039886474609e-01 -8.294045925140380859e-01 -1.070324540138244629e+00 -6.228338479995727539e-01 8.184374123811721802e-02 7.402600049972534180e-01 -1.394210815429687500e+00 4.709568619728088379e-01 -2.671489715576171875e-01
-1.519273042678833008e+00 9.574062824249267578e-01 -1.194372892379760742e+00 -1.422445178031921387e+00 -1.283734202384948730e+00 -1.119598031044006348e+00 -1.481847524642944336e+00 -8.942892551422119141e-01 -1.010287642478942871e+00 -1.266308784484863281e+00
3.140605092048645020e-01 -7.697872519493103027e-01 1.487455844879150391e+00 -4.652466773986816406e-01 -9.203022718429565430e-01 -1.196535706520080566e+00 5.721620321273803711e-01 5.839678049087524414e-01 -3.564223051071166992e-01 -8.421676754951477051e-01
-3.999850153923034668e-01 -5.359543561935424805e-01 9.706858992576599121e-01 1.585003376007080078e+00 -1.695125997066497803e-01 1.047618389129638672e-01 6.690721511840820312e-01 -5.385909080505371094e-01 6.146880984306335449e-01 2.526040971279144287e-01
-8.066450953483581543e-01 -1.608887314796447754e+00 -1.699142158031463623e-01 -1.199988245964050293e+00 1.434113979339599609e+00 -8.518174290657043457e-01 1.360064148902893066e+00 1.301435589790344238e+00 -1.146688461303710938e+00 1.046960353851318359e+00
-3.681595325469970703e-01 -1.437770605087280273e+00 1.359655708074569702e-01 1.145644262433052063e-01 1.905236244201660156e-01 1.312231868505477905e-01 6.687169671058654785e-01 9.361603260040283203e-01 7.510406374931335449e-01 1.380478292703628540e-01
-1.261647343635559082e+00 6.637083888053894043e-01 1.280007362365722656e+00 -1.459916085004806519e-01 1.112580418586730957e+00 1.400452852249145508e-01 1.064520120620727539e+00 -2.215455174446105957e-01 1.407337188720703125e+00 9.647848606109619141e-01
-1.462063670158386230e+00 -9.148783683776855469e-01 -1.347014069557189941e+00 -2.203288972377777100e-01 4.686070084571838379e-01 -8.106922358274459839e-02 -1.469397187232971191e+00 4.401908218860626221e-01 -1.138727903366088867e+00 7.240079045295715332e-01
3.863293528556823730e-01 -7.791879773139953613e-01 5.159383416175842285e-01 7.147789001464843750e-02 -1.362661838531494141e+00 -2.073514610528945923e-01 4.312557578086853027e-01 -1.526818394660949707e+00 -2.812040448188781738e-01 -1.405935883522033691e+00
-6.067577004432678223e-01 2.103159278631210327e-01 -1.267860531806945801e-01 1.025194406509399414e+00 -1.497920900583267212e-01 5.372757315635681152e-01 -3.495599627494812012e-01 1.204384207725524902e+00 1.524614244699478149e-01 5.345352292060852051e-01
-1.502442121505737305e+00 2.538464367389678955e-01 -1.360854387283325195e+00 -1.482940435409545898e+00 -8.400620222091674805e-01 -8.969138264656066895e-01 -1.500983595848083496e+00 -1.569911092519760132e-01 -1.029199481010437012e+00 -8.536723256111145020e-01
-1.420866847038269043e+00 8.978735804557800293e-01 -1.305474042892456055e+00 -1.376394987106323242e+00 -1.079566106200218201e-01 -1.215719431638717651e-01 -1.108775734901428223e+00 -3.785921335220336914e-01 -1.038584560155868530e-01 -5.736358836293220520e-02
1.775007486343383789e+00 2.594841420650482178e-01 1.518132328987121582e+00 8.102118372917175293e-01 -1.387484550476074219e+00 1.996603012084960938e-01 -2.709890007972717285e-01 -1.326447129249572754e+00 5.271704494953155518e-02 -1.439118027687072754e+00
1.773321509361267090e+00 -1.505100607872009277e+00 -8.055894970893859863e-01 -4.466169700026512146e-02 -1.189132928848266602e+00 -3.946920037269592285e-01 -3.236811459064483643e-01 6.638653874397277832e-01 -1.421666622161865234e+00 -1.279425740242004395e+00
-1.412929296493530273e+00 1.080803647637367249e-01 3.494978249073028564e-01 -4.934941530227661133e-01 3.318904340267181396e-01 -6.233382225036621094e-01 3.860700726509094238e-01 -1.090305447578430176e+00 -2.728583477437496185e-02 -1.032971963286399841e-01
5.511493086814880371e-01 -3.192150294780731201e-01 1.946628093719482422e-02 1.090497851371765137e+00 7.310110926628112793e-01 1.206939458847045898e+00 -2.306246012449264526e-01 -1.159757852554321289e+00 8.214691281318664551e-01 -3.986551761627197266e-01
-1.460845470428466797e+00 1.198788404464721680e+00 3.232359290122985840e-01 -1.343236863613128662e-01 -1.104389786720275879e+00 -3.089183568954467773e-01 -7.819570899009704590e-01 1.905527114868164062e-01 4.986740052700042725e-01 -7.928414940834045410e-01
-1.241333961486816406e+00 1.123116493225097656e+00 6.527111530303955078e-01 3.810777664184570312e-01 8.076710104942321777e-01 1.012600421905517578e+00 1.268084883689880371e+00 1.950518786907196045e-02 1.305182456970214844e+00 1.053171753883361816e+00
1.716721892356872559e+00 -4.548080638051033020e-02 -5.307007431983947754e-01 -1.225250601768493652e+00 -1.524028778076171875e-01 3.974685966968536377e-01 -5.907584428787231445e-01 4.357588291168212891e-01 5.131758451461791992e-01 4.960861504077911377e-01
-2.815101146697998047e-01 1.207435846328735352e+00 3.836576044559478760e-01 2.878656685352325439e-01 -1.273976117372512817e-01 2.546862363815307617e-01 4.745718240737915039e-01 -7.095292955636978149e-02 3.779363036155700684e-01 2.924603819847106934e-01
-1.257656216621398926e+00 2.111632227897644043e-01 4.408619105815887451e-01 -1.367251396179199219e+00 2.615779042243957520e-01 -1.674962975084781647e-02 1.024085164070129395e+00 -1.052304387092590332e+00 7.883075475692749023e-01 1.470111161470413208e-01
-1.447331309318542480e+00 6.813361644744873047e-01 -1.067324206233024597e-01 2.584356665611267090e-01 -1.136072278022766113e+00 -8.216137886047363281e-01 5.537429451942443848e-01 -1.461801528930664062e+00 -9.752163887023925781e-01 -1.409715056419372559e+00
-1.270787119865417480e+00 -1.140480518341064453e+00 -1.207959055900573730e+00 -1.298140287399291992e+00 1.068227648735046387e+00 -3.875802457332611084e-01 -1.203278303146362305e+00 8.762390017509460449e-01 -1.099498748779296875e+00 5.664332509040832520e-01
5.359445214271545410e-01 -1.782630801200866699e+00 -1.369451522827148438e+00 -1.392709255218505859e+00 -6.071276664733886719e-01 2.867864370346069336e-01 -1.494510293006896973e+00 6.838387846946716309e-01 -1.006607174873352051e+00 5.502226352691650391e-01
1.454782962799072266e+00 -1.434367299079895020e+00 7.839353084564208984e-01 -1.364928841590881348e+00 -4.219451844692230225e-01 -1.270440816879272461e+00 1.697960197925567627e-01 -3.987184166908264160e-01 -1.376862764358520508e+00 -4.888746142387390137e-01
1.722981929779052734e+00 -4.703675210475921631e-01 -3.180601298809051514e-01 -1.121271371841430664e+00 9.356831908226013184e-01 -2.712625265121459961e-01 5.253906250000000000e-01 6.807906627655029297e-01 -7.648683190345764160e-01 3.511954545974731445e-01
-1.406154751777648926e+00 9.707874059677124023e-01 3.299116492271423340e-01 -3.443408012390136719e-01 -1.440390229225158691e+00 -7.976738214492797852e-01 -7.390520572662353516e-01 -1.556213498115539551e+00 -8.469381332397460938e-01 -1.521328210830688477e+00
-1.522847890853881836e+00 3.236979544162750244e-01 -1.348947167396545410e+00 -1.421829938888549805e+00 -1.454007506370544434e+00 -1.237292408943176270e+00 -1.492157578468322754e+00 -1.529619336128234863e+00 -1.395418286323547363e+00 -1.500698685646057129e+00
-1.234161853790283203e+00 5.764831900596618652e-01 -9.837383627891540527e-01 -1.452608704566955566e+00 -3.235444724559783936e-01 -4.741514325141906738e-01 -8.763408660888671875e-01 -1.796648800373077393e-01 -5.644242167472839355e-01 -5.752737522125244141e-01
-1.523732423782348633e+00 5.123368501663208008e-01 -1.265633702278137207e+00 -1.458094954490661621e+00 -1.458290457725524902e+00 -1.232403516769409180e+00 -1.511528253555297852e+00 -1.546861529350280762e+00 -1.353110194206237793e+00 -1.507218599319458008e+00
-1.521738052368164062e+00 8.659441471099853516e-01 -1.291637659072875977e+00 -1.474683880805969238e+00 -1.102224349975585938e+00 -1.093348264694213867e+00 -1.458436131477355957e+00 -5.489552617073059082e-01 -1.164463281631469727e+00 -9.841217994689941406e-01
-1.497395515441894531e+00 8.195611238479614258e-01 -4.155112504959106445e-01 3.313588201999664307e-01 -1.311311364173889160e+00 -9.225232601165771484e-01 -5.730183124542236328e-01 -1.401575207710266113e+00 -1.149133443832397461e+00 -1.397776961326599121e+00
-1.497255086898803711e+00 -4.306406974792480469e-01 -1.343564271926879883e+00 -3.411084711551666260e-01 -1.184081315994262695e+00 -6.055763959884643555e-01 -1.241386651992797852e+00 -8.405801840126514435e-03 -1.295334458351135254e+00 -4.082726836204528809e-01
5.899617075920104980e-02 -1.058390974998474121e+00 9.029939770698547363e-01 4.800301790237426758e-01 -1.356226652860641479e-01 -1.117455363273620605e+00 -1.178115725517272949e+00 -4.418204724788665771e-01 -1.052581787109375000e+00 -6.462771892547607422e-01
-2.806319296360015869e-01 9.598206281661987305e-01 1.634933948516845703e+00 -4.349638223648071289e-01 1.659061163663864136e-01 1.650669276714324951e-01 1.509610295295715332e+00 -7.645819187164306641e-01 1.307899236679077148e+00 -3.707239925861358643e-01
-8.879518508911132812e-01 6.224808469414710999e-02 1.241468429565429688e+00 1.413185954093933105e+00 -7.268579006195068359e-01 1.084134504199028015e-01 6.796853542327880859e-01 -1.306040763854980469e+00 3.243820667266845703e-01 -1.082885742187500000e+00
7.377788424491882324e-01 6.149276625365018845e-03 -9.167362004518508911e-02 -1.118171334266662598e+00 2.001714408397674561e-01 1.469907164573669434e-01 7.167341113090515137e-01 -1.255626201629638672e+00 -1.187807917594909668e-01 -1.157186254858970642e-01
-1.969698071479797363e-01 -1.433112025260925293e+00 5.198470950126647949e-01 -1.160172939300537109e+00 1.448811888694763184e+00 -1.047572568058967590e-01 1.421760439872741699e+00 1.042203187942504883e+00 -5.166979432106018066e-01 1.105606436729431152e+00
8.360436558723449707e-01 -2.646260559558868408e-01 -8.795494437217712402e-01 1.060403347015380859e+00 6.328737735748291016e-01 7.050104737281799316e-01 -5.712537765502929688e-01 1.253428220748901367e+00 1.341749906539916992e+00 1.211452722549438477e+00
-1.372136712074279785e+00 -1.090756773948669434e+00 2.549898326396942139e-01 -1.444306969642639160e+00 1.480107307434082031e+00 -9.549778699874877930e-01 1.196547746658325195e+00 -1.473132133483886719e+00 -1.146626710891723633e+00 2.900099456310272217e-01
-1.522049188613891602e+00 -6.744398474693298340e-01 -1.391375064849853516e+00 -7.842785120010375977e-01 -9.274021983146667480e-01 -8.907341361045837402e-01 -1.506476640701293945e+00 1.724539697170257568e-01 -1.284003019332885742e+00 3.885281980037689209e-01
-1.508020401000976562e+00 7.020727992057800293e-01 -6.589578390121459961e-01 -9.263475537300109863e-01 -9.679744243621826172e-01 -1.079225897789001465e+00 -3.743171095848083496e-01 -1.119576334953308105e+00 -1.184188008308410645e+00 -9.228370189666748047e-01
-1.356457710266113281e+00 2.631419897079467773e-01 -1.007172822952270508e+00 -5.205021500587463379e-01 2.731392085552215576e-01 1.773693785071372986e-02 -1.190420627593994141e+00 1.182060837745666504e+00 3.615638613700866699e-01 6.713356375694274902e-01
2.878856956958770752e-01 -8.392528295516967773e-01 -6.538703441619873047e-01 3.429757952690124512e-01 6.565144062042236328e-01 4.098352193832397461e-01 4.427203834056854248e-01 -1.286195993423461914e+00 7.333762049674987793e-01 2.625125348567962646e-01
-1.519484519958496094e+00 1.152405962347984314e-01 -1.293073773384094238e+00 -1.404295325279235840e+00 -1.402302145957946777e+00 -1.204736828804016113e+00 -1.492010593414306641e+00 4.598677903413772583e-02 -1.366980195045471191e+00 -1.253187417984008789e+00
-1.526587963104248047e+00 5.517702698707580566e-01 -1.243360757827758789e+00 -1.448948979377746582e+00 -1.461759805679321289e+00 -1.233709216117858887e+00 -1.490946292877197266e+00 -1.574494481086730957e+00 -1.384154677391052246e+00 -1.521794080734252930e+00
1.024356603622436523e+00 -8.034498691558837891e-01 1.111576199531555176e+00 -4.424079060554504395e-01 -9.913172721862792969e-01 -6.471018195152282715e-01 1.383870124816894531e+00 4.160628914833068848e-01 -1.103276491165161133e+00 -1.304957151412963867e+00
-1.321749806404113770e+00 1.058122396469116211e+00 5.092259049415588379e-01 -1.391443967819213867e+00 -1.061500549316406250e+00 -8.239505290985107422e-01 7.633090615272521973e-01 -1.387070655822753906e+00 -1.073368430137634277e+00 -1.315871119499206543e+00
1.498219251632690430e+00 -5.740894675254821777e-01 1.353558897972106934e+00 7.188467383384704590e-01 8.051964640617370605e-01 -2.863826043903827667e-02 -9.327417016029357910e-01 -9.897593259811401367e-01 3.741650283336639404e-01 -5.911074876785278320e-01
-1.495800375938415527e+00 9.389557838439941406e-01 -8.249132037162780762e-01 -1.228888750076293945e+00 -1.424628734588623047e+00 -1.032064199447631836e+00 -1.047692775726318359e+00 -1.569019794464111328e+00 -1.032795071601867676e+00 -1.514916539192199707e+00
-1.449598670005798340e+00 -6.506704688072204590e-01 -1.245604038238525391e+00 -9.400759935379028320e-01 7.429452538490295410e-01 -5.852236747741699219e-01 -3.797084391117095947e-01 5.343570709228515625e-01 -9.867495298385620117e-01 3.422693610191345215e-01
-1.055780649185180664e+00 1.097098588943481445e+00 1.389909982681274414e+00 1.509865880012512207e+00 -4.682587683200836182e-01 -3.051660358905792236e-01 -4.676102846860885620e-02 -5.243883728981018066e-01 -3.661625087261199951e-01 -1.155710339546203613e+00
-5.388661026954650879e-01 1.109518632292747498e-01 -1.176177501678466797e+00 -6.083520650863647461e-01 -1.507075428962707520e-01 1.344832777976989746e-01 -4.768929779529571533e-01 3.597415983676910400e-01 -1.273199766874313354e-01 -1.115870028734207153e-01
6.110344529151916504e-01 -1.966045647859573364e-01 -7.366039752960205078e-01 -2.937473058700561523e-01 -1.159845232963562012e+00 -6.129530668258666992e-01 7.888057231903076172e-01 -1.492730975151062012e+00 -1.175660848617553711e+00 -1.316989183425903320e+00
5.647825598716735840e-01 -8.687852323055267334e-02 1.229701042175292969e+00 -4.981997609138488770e-01 1.415605425834655762e+00 -1.366177052259445190e-01 1.524755477905273438e+00 -6.542339920997619629e-01 1.119948506355285645e+00 1.052020192146301270e+00
1.507261633872985840e+00 2.212202250957489014e-01 -5.082573294639587402e-01 3.990254998207092285e-01 -2.431151829659938812e-02 1.119804620742797852e+00 -5.637612342834472656e-01 4.861214756965637207e-01 1.005978107452392578e+00 1.100289002060890198e-01
-9.538660049438476562e-01 -6.261224746704101562e-01 1.042342185974121094e+00 -4.581270366907119751e-02 7.536640167236328125e-01 -4.959091544151306152e-01 8.906521201133728027e-01 -1.477942824363708496e+00 -2.695930600166320801e-01 -8.115944862365722656e-01
9.816303253173828125e-01 -3.776325583457946777e-01 9.678386449813842773e-01 1.169730186462402344e+00 -7.159346342086791992e-01 1.028293967247009277e-01 7.778930068016052246e-01 -1.065863221883773804e-01 6.987398862838745117e-01 -8.263468742370605469e-02
2.303304225206375122e-01 -1.231871485710144043e+00 -9.858248829841613770e-01 -1.222668290138244629e+00 1.437381505966186523e+00 -8.712219074368476868e-03 1.618698835372924805e+00 -8.192209526896476746e-03 -1.269838809967041016e+00 4.200163483619689941e-01
-1.427434682846069336e+00 1.065828323364257812e+00 7.158402800559997559e-01 7.572526335716247559e-01 -4.460690915584564209e-01 6.364290714263916016e-01 -4.576385319232940674e-01 -4.488801658153533936e-01 9.146804213523864746e-01 2.905621230602264404e-01
-1.479481220245361328e+00 2.946791350841522217e-01 -6.118811368942260742e-01 -1.083534955978393555e-01 -1.147806882858276367e+00 -8.502518534660339355e-01 7.809168100357055664e-01 -8.997516632080078125e-01 -1.230299949645996094e+00 -1.014405250549316406e+00
-1.492332100868225098e+00 4.751536250114440918e-01 -4.832488894462585449e-01 -1.393468856811523438e+00 -1.186228275299072266e+00 -1.043603777885437012e+00 -1.227054953575134277e+00 -1.462850928306579590e+00 -1.123141884803771973e+00 -1.470773220062255859e+00
9.177952408790588379e-01 -1.173587918281555176e+00 5.151437520980834961e-01 5.213020369410514832e-03 -8.015326857566833496e-01 -8.969240784645080566e-01 -7.880117893218994141e-01 1.184600472450256348e+00 -7.476062774658203125e-01 -6.909304857254028320e-01
-1.501236915588378906e+00 1.141171932220458984e+00 -1.057364195585250854e-01 -9.589489102363586426e-01 -1.206349134445190430e+00 -1.069587707519531250e+00 -1.456212759017944336e+00 -3.475022912025451660e-01 3.108664453029632568e-01 -1.129811167716979980e+00
1.034692645072937012e+00 -6.146208643913269043e-01 2.377677410840988159e-01 8.949235677719116211e-01 3.501662611961364746e-01 4.891025125980377197e-01 -9.854801893234252930e-01 -1.050215601921081543e+00 -6.434053182601928711e-01 -1.583319753408432007e-01
-2.728354185819625854e-03 -6.280326843261718750e-01 -2.524035274982452393e-01 -2.442287951707839966e-01 2.900256812572479248e-01 5.493183135986328125e-01 1.019883275032043457e+00 -1.398367762565612793e+00 -4.012272655963897705e-01 2.643782831728458405e-02
-1.507961899042129517e-01 -1.373259305953979492e+00 -1.282739639282226562e+00 5.460187792778015137e-01 1.629977673292160034e-01 7.769916653633117676e-01 -1.803194582462310791e-01 2.601888775825500488e-01 -1.420298069715499878e-01 3.411905169486999512e-01
9.934232831001281738e-01 -7.561528682708740234e-01 -1.115993499755859375e+00 -3.578584194183349609e-01 3.910530507564544678e-01 9.874517917633056641e-01 1.128678083419799805e+00 6.193424463272094727e-01 4.170794785022735596e-01 8.030127286911010742e-01
-1.502611994743347168e+00 8.074945807456970215e-01 -2.302711158990859985e-01 -1.085976839065551758e+00 -7.402731180191040039e-01 -1.192837595939636230e+00 -1.258091211318969727e+00 -4.539854824542999268e-01 -1.038384914398193359e+00 -6.094576120376586914e-01
-1.462375879287719727e+00 4.127583205699920654e-01 -5.966171026229858398e-01 -7.653658390045166016e-01 -5.110966563224792480e-01 -5.698410868644714355e-01 -7.961828708648681641e-01 -8.979827761650085449e-01 -4.505276978015899658e-01 -1.013387963175773621e-01
8.228302597999572754e-01 -4.038988351821899414e-01 -4.001808762550354004e-01 4.600159227848052979e-01 5.020644664764404297e-01 2.454527169466018677e-01 -3.919939100742340088e-01 -3.506677150726318359e-01 8.789854496717453003e-02 2.200220227241516113e-01
-1.517420291900634766e+00 7.402455806732177734e-01 -1.181652188301086426e+00 -9.375554919242858887e-01 -1.451138973236083984e+00 -1.175724864006042480e+00 -1.456597685813903809e+00 -1.535666584968566895e+00 -1.298600554466247559e+00 -1.500929832458496094e+00
1.416827082633972168e+00 -8.964616060256958008e-01 1.021909490227699280e-01 -1.294782400131225586e+00 3.859020471572875977e-01 4.226473346352577209e-02 5.903019309043884277e-01 -6.609763503074645996e-01 2.264056056737899780e-01 -6.912372708320617676e-01
6.942272782325744629e-01 9.198850393295288086e-01 -1.030890583992004395e+00 1.249759316444396973e+00 -2.789779603481292725e-01 1.189204692840576172e+00 4.463396668434143066e-01 -1.153863072395324707e+00 7.925311326980590820e-01 -2.128147184848785400e-01
-1.383933067321777344e+00 1.155923724174499512e+00 -2.656856924295425415e-02 -6.573487520217895508e-01 -1.054955959320068359e+00 -2.765145301818847656e-01 -2.711888551712036133e-01 1.745738089084625244e-01 3.419394493103027344e-01 -8.781692385673522949e-01
8.001461625099182129e-01 -2.100664973258972168e-01 -6.316521763801574707e-01 8.770686984062194824e-01 -1.482804536819458008e+00 -2.292645424604415894e-01 -1.524734377861022949e+00 -1.546882748603820801e+00 -6.236487627029418945e-01 -1.502374291419982910e+00
2.513488233089447021e-01 -1.758607983589172363e+00 -5.605288147926330566e-01 -1.063600063323974609e+00 8.027414083480834961e-01 -6.236774325370788574e-01 8.846027851104736328e-01 6.701439619064331055e-01 -1.367599129676818848e+00 1.063325926661491394e-01
1.354995667934417725e-01 -3.588659465312957764e-01 2.996590733528137207e-01 -3.485575020313262939e-01 -2.260580658912658691e-01 3.156054764986038208e-02 7.453771233558654785e-01 -1.082380175590515137e+00 -7.099405527114868164e-01 -8.229981064796447754e-01
-1.306734204292297363e+00 1.124611496925354004e+00 2.239741235971450806e-01 -1.096680521965026855e+00 -1.192956328392028809e+00 -5.290019512176513672e-01 -7.065371870994567871e-01 -1.299454569816589355e+00 -4.159151017665863037e-01 -1.335459470748901367e+00
2.110631465911865234e-01 -1.571016550064086914e+00 6.622845530509948730e-01 -9.785010814666748047e-01 -8.095122575759887695e-01 -1.307757854461669922e+00 -1.244700074195861816e+00 1.429472565650939941e-01 -9.930929541587829590e-01 -1.028886914253234863e+00
1.225337982177734375e+00 -1.379028111696243286e-01 1.296946883201599121e+00 1.334141373634338379e+00 2.107486873865127563e-01 9.964374303817749023e-01 -3.423701822757720947e-01 -4.514363110065460205e-01 1.288743138313293457e+00 3.817231208086013794e-02
-1.431357979774475098e+00 -6.621612310409545898e-01 -1.196166634559631348e+00 -1.050852760672569275e-01 1.237780675292015076e-01 5.255849361419677734e-01 -1.012923121452331543e+00 -2.110480815172195435e-01 3.645504117012023926e-01 2.835703492164611816e-01
-1.026330828666687012e+00 1.188631176948547363e+00 1.655311703681945801e+00 -1.215618550777435303e-01 -9.368361234664916992e-01 -6.053290367126464844e-01 5.521821975708007812e-01 1.480825990438461304e-01 1.780586093664169312e-01 -1.091040134429931641e+00
-9.869495630264282227e-01 -3.154913485050201416e-01 -8.895868659019470215e-01 3.320421576499938965e-01 8.275145888328552246e-01 3.523949682712554932e-01 -1.294354081153869629e+00 1.261650443077087402e+00 2.363139241933822632e-01 1.044058442115783691e+00
1.114304661750793457e+00 -2.396147847175598145e-01 -4.944483339786529541e-01 6.585090756416320801e-01 -5.165955424308776855e-01 6.801570057868957520e-01 9.421223402023315430e-01 -8.872904777526855469e-01 -5.030713081359863281e-01 -2.511259019374847412e-01
-1.286842226982116699e+00 7.196230292320251465e-01 -4.758587777614593506e-01 -5.758113265037536621e-01 -9.528069496154785156e-01 -3.171226084232330322e-01 4.080758988857269287e-01 -8.955998420715332031e-01 5.508403852581977844e-02 -5.248982906341552734e-01
1.493481755256652832e+00 -1.179522037506103516e+00 -1.275197744369506836e+00 6.868817210197448730e-01 -8.026688098907470703e-01 6.138685345649719238e-01 -1.560070872306823730e+00 1.302750825881958008e+00 4.163346886634826660e-01 8.903036713600158691e-01
1.101940989494323730e+00 1.708407253026962280e-01 1.500621795654296875e+00 1.453244209289550781e+00 -6.199855804443359375e-01 9.672179073095321655e-02 1.218460321426391602e+00 -5.422224402427673340e-01 1.103375077247619629e+00 2.568587064743041992e-01
-1.483132481575012207e+00 -8.783503770828247070e-01 -1.324297785758972168e+00 -1.492156744003295898e+00 5.881200432777404785e-01 -1.017690062522888184e+00 -1.480176925659179688e+00 5.491009354591369629e-01 -1.325758218765258789e+00 -4.077863693237304688e-01
