9.301578757003881037e-06 6.513563675980549306e-06 9.960875104297883809e-06
1.949808029166888446e-05 1.360147234663600102e-05 -3.100522462773369625e-06
-5.032856051911949180e-07 8.761976459936704487e-06 -1.251901448995340616e-05
-2.866863906092476100e-05 -4.297005034459289163e-06 1.332791634922614321e-05
3.510774604364996776e-06 -1.009211814562149812e-06 -1.831333793234080076e-05
1.157464157586218789e-05 9.374793080496601760e-06 1.381364745611790568e-05
3.856964667647844180e-06 5.656372650264529511e-06 6.693383511446882039e-06
3.842460500891320407e-06 -8.684604836162179708e-06 9.040020813699811697e-06
1.331124622083734721e-05 8.859245099301915616e-06 -7.747834388283081353e-06
4.318957053328631446e-06 1.066448021447286010e-05 1.366442666039802134e-05
6.377455974870827049e-06 -1.259718260371300858e-06 3.108853661615285091e-06
2.360725375183392316e-06 1.716455881251022220e-05 1.257498411177948583e-06
-2.283023059135302901e-05 6.266163836698979139e-06 -2.463528289808891714e-05
-1.231096757692284882e-05 2.270460026920773089e-05 -7.191961231001187116e-06
-5.911015321657941968e-08 -1.702972258499357849e-05 1.508299646957311779e-06
9.428085832041688263e-06 1.520022237855300773e-06 1.081278787751216441e-05
5.725494702346622944e-06 7.508689577662153170e-06 3.664291625682380982e-06
-1.969507366084144451e-06 -1.588789018569514155e-05 -2.447417273288010620e-06
1.499634709034580737e-05 1.890444036689586937e-05 -7.701232789258938283e-06
5.875662054677377455e-07 -5.142272243574552704e-07 5.879077889403561130e-06
-1.258635802514618263e-05 1.670050914981402457e-05 -6.215354346750245895e-07
-4.046176400152035058e-06 -1.354664982500253245e-05 8.855233318172395229e-06
7.183896741480566561e-06 -9.121248695009853691e-06 -6.327027676888974383e-06
-2.399995310042868368e-06 -1.924724165291991085e-05 -1.602612610440701246e-05
9.963046977645717561e-06 1.308816717937588692e-05 -1.061515558831160888e-05
2.821317139023449272e-05 5.601865723292576149e-06 1.103699196391971782e-05
1.180006984213832766e-05 -9.265684639103710651e-06 2.404404540357063524e-06
1.059303758665919304e-05 -1.408061143592931330e-05 2.399595177848823369e-05
-3.550276687747100368e-06 1.042402709572343156e-05 1.235338095284532756e-05
-1.266105869035527576e-07 1.453175718779675663e-05 1.597164737177081406e-05
1.225119922310113907e-05 -2.339078127988614142e-05 1.689434611762408167e-05
4.758762770507019013e-06 -9.515292731521185488e-06 -4.119942786928731948e-06
1.376836735289543867e-05 1.422256445948733017e-05 -3.070144884986802936e-06
-7.441701200150419027e-06 -4.715241175290429965e-06 7.239294063765555620e-06
6.161715646157972515e-06 1.214178519148845226e-05 4.243988769303541631e-06
-2.893096507250447758e-06 -4.618682851287303492e-06 3.754737008421216160e-06
-1.215303655044408515e-05 -1.373993382003391162e-05 1.203603551402920857e-05
-1.892284558380197268e-06 -1.816559051803778857e-05 -6.672293238807469606e-06
1.076209537131944671e-05 1.146368504123529419e-05 1.889976920210756361e-05
4.742135388369206339e-06 -1.015952875604853034e-05 -9.638469236961100250e-06
1.133519162976881489e-05 8.063019777182489634e-06 1.297968992730602622e-05
1.338510082860011607e-05 1.022631386149441823e-05 4.404433639138005674e-06
5.155283815838629380e-06 1.485297843828448094e-06 -1.470828010496916249e-06
4.310446456656791270e-06 -1.744487235555425286e-06 -1.943392999237403274e-05
8.847043318382930011e-06 -1.134844114858424291e-05 3.050976374652236700e-06
2.334356031497009099e-05 -3.279130396549589932e-06 -1.173235887108603492e-05
-1.117493525271129329e-06 -3.683503564388956875e-06 -1.655952473811339587e-05
9.212248187395744026e-06 6.017817213432863355e-07 -2.086475063833859167e-07
3.918946276826318353e-06 -4.050691131851635873e-06 -4.110171175852883607e-06
-1.334865032731613610e-06 -4.196301233605481684e-06 1.177428930532187223e-05
1.264346610696520656e-05 -6.922844590917520691e-07 4.141889803577214479e-06
4.500649993133265525e-06 1.301880456594517455e-05 2.602223730718833394e-06
-5.380679795052856207e-06 -5.360840532375732437e-06 1.924074013004428707e-06
-1.408045136486180127e-06 -2.318094857400865294e-06 5.097195298731094226e-06
1.098777738661738113e-05 -1.366315609629964456e-05 -7.678506335651036352e-06
3.071756509598344564e-06 -4.148823336436180398e-06 -3.770793000512639992e-06
7.563958661194192246e-06 2.920643964898772538e-06 1.242186044692061841e-06
-1.636499291635118425e-05 -2.216349230366176926e-06 1.188425267173442990e-05
1.387929387419717386e-06 -3.933870630135061219e-06 -6.679652869934216142e-06
-6.653358013863908127e-06 -1.500158032285980880e-05 9.838134246820118278e-06
-1.115805844165151939e-05 3.271250307079753838e-06 1.114231054089032114e-05
-5.171183602215023711e-06 -1.667044443820486777e-06 1.249455908691743389e-05
2.078210854961071163e-06 6.093612228141864762e-06 1.413757445334340446e-06
-2.589129053376382217e-06 -1.500260441389400512e-05 1.583093762747012079e-05
4.442025783646386117e-06 5.654331289406400174e-06 1.002617318590637296e-05
-2.963567567348945886e-06 -3.269805802119662985e-06 1.614211555533984210e-06
1.291983494411397260e-06 1.667382639425341040e-05 3.928957085008732975e-06
2.318939493761718040e-07 -1.982355570362415165e-06 -9.557528755976818502e-06
1.939124558703042567e-06 3.578021221528615570e-07 -1.104890657188661862e-06
4.644964519684435800e-07 8.226430509239435196e-06 -4.214553882775362581e-06
-1.908526428451295942e-06 -2.168999162677209824e-05 1.087566215574042872e-05
-2.943696699730935507e-06 6.144291742060659089e-09 -8.006094276424846612e-07
-5.186795078770956025e-06 -5.018971933168359101e-06 3.912914507964160293e-06
-9.613514748707530089e-07 -1.279698699363507330e-05 2.356982349738245830e-06
1.245427301910240203e-05 -9.167456482828129083e-06 9.616496754460968077e-06
1.970158564290613867e-06 -3.447350422902673017e-07 -4.453730980458203703e-06
-1.142134533438365906e-05 -1.879444789665285498e-05 2.182206117140594870e-06
-2.387050983543304028e-07 -1.272521149076055735e-05 1.374131898046471179e-05
8.397048986807931215e-06 -1.819051794882398099e-05 3.476556230452843010e-06
9.631789907871279866e-06 4.531536433205474168e-06 -1.821993691919487901e-06
-4.417509558152232785e-07 2.522619695355388103e-07 9.454326573177240789e-06
-4.342330157669493929e-06 -2.834765155057539232e-06 8.226422210100281518e-07
-1.226723270519869402e-05 8.114424417726695538e-06 5.818791123601840809e-06
5.367763606045627967e-06 -5.783753749710740522e-06 3.201392019036575221e-06
1.160777992481598631e-05 3.178128736180951819e-06 6.590244993276428431e-06
1.649878140597138554e-05 9.865802894637454301e-06 -4.259878778611891903e-07
-5.744062036683317274e-06 -1.013929431792348623e-05 -1.432498083886457607e-05
-6.603346264455467463e-06 -1.983967422347632237e-06 1.322456773777958006e-05
1.422838522557867691e-06 -2.575198595877736807e-05 1.308324158344476018e-06
-1.947279770320164971e-06 -1.921378679980989546e-05 9.776073966349940747e-06
1.261354668713465799e-06 6.351127922243904322e-06 1.328508005826734006e-05
6.770433174096979201e-06 3.248703933422802947e-06 -2.756352660071570426e-05
1.627404458304226864e-06 1.262317618966335431e-05 -8.423395229328889400e-06
1.019588580675190315e-05 1.759916085575241596e-05 -1.184735265269409865e-05
-2.508454372218693607e-06 -1.003774855234951247e-06 -2.468523803145217244e-07
-1.659599547565449029e-05 2.176397401854046620e-06 1.782786239346023649e-05
4.723704478237777948e-06 6.264227067731553689e-06 -1.133639671024866402e-05
3.053307864320231602e-06 1.172969632534659468e-06 3.458092123764799908e-06
1.066085678758099675e-05 -7.527577508881222457e-06 -9.702975148684345186e-06
6.255102562136016786e-06 -1.206269917020108551e-05 -9.484798283665440977e-06
2.124116690538357943e-05 -1.372560836898628622e-05 2.277058592881076038e-05
7.112246294127544388e-07 -7.221234227472450584e-06 -1.818116857066343073e-06
3.429190201131859794e-06 -9.361703632748685777e-06 -3.210357135685626417e-06
1.128599819821829442e-06 -1.299568975809961557e-05 1.724177536743809469e-06
1.107980915548978373e-05 2.578013300080783665e-05 -4.693863502325257286e-06
1.156737926066853106e-05 1.808362810606922721e-07 1.240763231180608273e-05
-6.235075943550327793e-06 4.580502263706875965e-06 -8.483936653647106141e-06
6.567708624061197042e-06 6.685772859782446176e-06 3.933983407478081062e-06
9.259157423002761789e-07 4.260918103682342917e-06 -1.382890877721365541e-05
-5.216221779846819118e-06 -1.034237016028782818e-06 -5.772315489593893290e-06
-4.014023033960256726e-06 5.613884241029154509e-06 -6.925980414962396026e-06
4.589200216287281364e-06 2.137184083039755933e-06 3.678143457364058122e-06
-8.244909622590057552e-06 -1.801245343813207000e-05 1.465314198867417872e-05
1.890097155410330743e-05 -7.841397746233269572e-06 4.423289283295162022e-06
3.152991439492325298e-06 3.909748556907288730e-06 -8.238394912041258067e-06
-7.992866812855936587e-06 1.372686983813764527e-05 -1.532944588689133525e-05
4.674260708270594478e-06 -4.043655735586071387e-06 1.381193760607857257e-05
-1.486448468313028570e-06 1.116914336307672784e-05 3.587773107938119210e-06
2.147115907291663461e-07 1.350840375380357727e-05 5.858875738340429962e-06
3.748193876162986271e-06 7.287957942025968805e-06 1.858059704318293370e-06
-4.288541731511941180e-06 -5.267997948976699263e-06 5.793358923256164417e-06
-6.475071586464764550e-06 4.867807092523435131e-06 -1.497956236562458798e-05
8.845400770951528102e-06 1.090778187062824145e-05 -5.090291779197286814e-06
-7.042236575216520578e-06 -1.440368009753001388e-06 -1.476016950618941337e-05
-3.839385044557275251e-06 7.789008122927043587e-06 -1.355509630229789764e-05
1.399098709953250363e-05 -4.619210358214331791e-06 -8.567392796976491809e-06
1.192611671285703778e-05 2.072994675472727977e-06 -1.109633376472629607e-05
-8.263168638222850859e-06 8.325429917022120208e-06 -9.844918167800642550e-06
1.607230842637363821e-05 1.872780103440163657e-06 -5.943679752817843109e-06
7.899051524873357266e-06 -9.810997653403319418e-06 1.649820114835165441e-05
-4.236913468957936857e-07 3.712516672749188729e-06 1.803348709472629707e-06
1.024254652293166146e-05 4.932271167490398511e-06 -1.137476101575884968e-05
-1.795621756173204631e-06 -1.265342416445491835e-05 1.054644599207676947e-06
-3.698508407978806645e-06 1.224692368850810453e-06 1.726672735458123498e-06
-7.262687631737207994e-06 5.499514372786507010e-06 4.154057023697532713e-06
3.955512966058449820e-06 -1.705069917079526931e-05 -1.404862814524676651e-05
-5.949682417849544436e-06 -4.181064014119328931e-06 2.504132226022193208e-06
3.239510760977282189e-06 -4.226584678690414876e-06 1.377616626996314153e-05
-6.831816790509037673e-06 -1.082990274881012738e-05 -7.442122296197339892e-06
1.334659032181662042e-06 8.775783157943806145e-07 -5.304025762598030269e-06
-9.876188414636999369e-06 1.102254464058205485e-05 1.419303225702606142e-05
-1.716425322229042649e-05 8.112375326163601130e-06 -1.525388597656274214e-05
-3.292890369266388007e-06 -2.948213250419939868e-06 7.729252502031158656e-06
1.519639135949546471e-05 -1.212940514960791916e-05 -1.563065052323509008e-05
-1.718649582471698523e-05 1.700919528957456350e-05 5.717157364415470511e-06
1.139727555710123852e-05 -1.189108843391295522e-05 2.771040954030468129e-06
8.127142791636288166e-06 3.864439804601715878e-06 -2.703987092900206335e-06
9.577284799888730049e-06 5.934938144491752610e-06 -1.331238854618277401e-05
7.958888659231888596e-07 -5.589380634773988277e-06 6.813424079155083746e-06
-1.123415472648048308e-06 -9.984435109799960628e-07 5.895638878428144380e-06
-1.185369114864442963e-06 -2.963369524877634831e-06 -9.550245522405020893e-06
5.940742994425818324e-06 -9.549309652356896549e-06 1.626306766411289573e-05
9.204337402479723096e-06 -4.293787696951767430e-06 -2.460382347635459155e-06
7.127735898393439129e-06 -7.417838332912651822e-06 1.469461767555912957e-05
1.309222989220870659e-05 -7.759741720292367972e-07 -2.479093200236093253e-05
1.227508710144320503e-05 3.020599251613020897e-05 1.023506865749368444e-05
-2.575216421973891556e-05 9.977959962270688266e-06 -1.157872156909434125e-05
1.153820721810916439e-05 -9.524183951725717634e-06 1.289709325646981597e-05
1.235036620528262574e-06 4.069932401762343943e-06 -8.062052984314505011e-06
-4.312899818614823744e-06 -5.226080247666686773e-06 8.982182407635264099e-06
3.155747890559723601e-06 4.539153451332822442e-06 -1.487410372646991163e-06
1.013518067338736728e-05 -5.826679512210830580e-07 2.145346343240817077e-06
1.036249250319087878e-05 4.522240146798139904e-07 -5.655735549225937575e-06
-9.063830930244876072e-07 2.304963527421932667e-05 6.127746132733591367e-07
-1.197716483147814870e-05 9.692875210021156818e-06 1.640688606130424887e-05
2.520042698961333372e-06 1.510108268121257424e-05 -1.985735798371024430e-05
-1.308234641328454018e-05 -1.916489782161079347e-05 1.427908409823430702e-05
-8.956293640949297696e-06 -2.170241941712447442e-06 4.558370619633933529e-06
-2.044326720351818949e-05 -3.606392340316233458e-07 1.395736762788146734e-05
1.393109050695784390e-05 5.672047791449585930e-06 8.197517672670073807e-06
-1.524880758552171756e-06 -1.484118547523394227e-05 1.141369102697353810e-05
-2.966462125186808407e-05 1.466465346311451867e-05 -1.642863389861304313e-05
-1.029844406730262563e-05 7.275373263837536797e-06 4.418730441102525219e-06
-3.965872565458994359e-06 -1.140621179729350843e-06 -4.060099854541476816e-06
5.803066414955537766e-06 -1.259397231478942558e-05 -8.404947038798127323e-06
7.419426140131690772e-08 -4.759064268000656739e-06 -1.130251257563941181e-05
-1.055956363416044042e-05 4.226782948535401374e-06 3.348071459186030552e-06
4.595268819684861228e-06 -1.294278808927629143e-05 -1.106290346797322854e-05
-6.828172445239033550e-06 9.028597673932381440e-07 5.391676495491992682e-06
-1.332050760538550094e-05 -9.884171959129162133e-06 -3.006030738106346689e-06
-8.915969374356791377e-06 1.501030419603921473e-05 -1.121087279898347333e-05
-7.864393865020247176e-07 7.730546712991781533e-06 7.290495886991266161e-06
-3.801160573857487179e-06 1.818739178816031199e-06 -2.163289991585770622e-06
5.686211352440295741e-06 1.078050354408333078e-05 -4.930460818286519498e-06
-1.375613555865129456e-05 2.820341478582122363e-06 -9.651016625866759568e-06
8.324584996444173157e-06 -4.907989477942464873e-06 3.065272267122054473e-06
7.399173227895516902e-06 1.197539768327260390e-05 -5.520390686797327362e-07
-7.351475801442575175e-07 9.064857295015826821e-06 -1.160456940851872787e-05
-9.643700877859373577e-07 -9.242497071682009846e-06 1.365179650747450069e-05
-3.987409399996977299e-06 1.456248355680145323e-05 -2.573945494077634066e-06
1.733294993755407631e-05 -4.634048309526406229e-06 2.139466778317000717e-05
-9.454684004595037550e-06 -5.285397037368966267e-06 -6.098569826917810133e-08
3.438701924096676521e-06 -2.702362735362839885e-06 1.206005345011362806e-05
-2.063550709863193333e-05 5.766820322605781257e-06 -1.856832568591926247e-05
3.027747879968956113e-06 -8.788366358203347772e-06 3.235137455703807063e-07
1.246996998816030100e-05 -8.686457476869691163e-06 8.901569117369945161e-07
1.767166395438835025e-05 4.658973921323195100e-06 -9.302187208959367126e-06
1.716858423606026918e-05 -6.906289399921661243e-06 1.399002599100640509e-06
-1.882222363747132476e-06 9.752687219588551670e-06 2.168372338928747922e-05
-1.904405053210211918e-06 4.204342076263856143e-06 -8.021673238545190543e-06
-9.314794624515343457e-06 -2.447539145578048192e-06 -3.922434643754968420e-06
-2.108544504153542221e-05 2.208973910455824807e-06 2.521569740565610118e-06
-7.096517038007732481e-06 -9.555122232995927334e-06 1.078069817594951019e-05
-1.923075842569232918e-06 1.424581569153815508e-05 4.767672180605586618e-06
-6.080525508878054097e-06 8.731608431844506413e-06 -9.874119314190465957e-06
-9.401859642821364105e-06 -3.610811518228729255e-06 6.001318524795351550e-06
1.076028456736821681e-05 2.335403451070305891e-06 4.158820399169371740e-09
-1.000402789941290393e-05 -3.116692823823541403e-06 -1.073289513442432508e-05
1.836415685829706490e-05 -8.711871487321332097e-06 -7.053329227346694097e-06
-7.360867584793595597e-06 8.324394684677827172e-07 2.459837332935421728e-06
1.111231085815234110e-06 -1.864089063019491732e-05 9.931401109497528523e-06
4.481306405068608001e-06 1.773365693225059658e-05 -4.401163096190430224e-06
1.883033473859541118e-05 7.579857992823235691e-06 1.552325375087093562e-05
6.326943093881709501e-06 4.140491000725887716e-06 8.745551895117387176e-06
1.248584158020094037e-05 1.026392055791802704e-05 5.958160727459471673e-06
9.228388080373406410e-06 -5.883302947040647268e-06 5.000193596060853451e-06
1.308327955484855920e-05 -3.897190708812559023e-06 4.666986114898463711e-06
-4.432184141478501260e-06 5.280686309561133385e-06 -1.221591082867234945e-05
1.865375634224619716e-05 9.999976100516505539e-06 -9.216242688125930727e-06
-1.173899181594606489e-05 4.077121047885157168e-06 -2.404242877673823386e-06
1.057651934388559312e-05 9.738966582517605275e-06 1.338765923719620332e-05
-1.674397572060115635e-05 -1.274953319807536900e-05 1.201377358484023716e-06
8.552678423257020768e-07 -6.963350188016192988e-06 -7.981946481550039607e-08
-8.447273671663424466e-07 -4.295892722439020872e-06 -1.273951056646183133e-06
1.589678140589967370e-05 2.529739958845311776e-06 -2.124096135958097875e-05
