-2.006530575454235077e-02 -1.953353174030780792e-02 -1.938414759933948517e-02 -1.514413207769393921e-02 -1.901221834123134613e-02 -1.650112494826316833e-02 -2.270972728729248047e-02 -2.161933667957782745e-02 -1.529510412365198135e-02 -2.165970765054225922e-02
-2.196664735674858093e-02 -3.337458521127700806e-02 -2.366528287529945374e-02 -1.613057777285575867e-02 -2.401053346693515778e-02 -2.116386219859123230e-02 -2.911546267569065094e-02 -2.209398522973060608e-02 -2.296658605337142944e-02 -2.282086946070194244e-02
-1.461314503103494644e-02 2.195184305310249329e-02 -3.400912741199135780e-03 -2.507764846086502075e-03 6.568549433723092079e-04 -1.535150513518601656e-04 1.037573348730802536e-02 -1.963376440107822418e-02 1.368731539696455002e-02 -6.048392038792371750e-03
-1.042401324957609177e-02 1.330314949154853821e-02 -1.029517874121665955e-02 2.075944840908050537e-02 -1.047230977565050125e-02 5.374239757657051086e-03 1.008045393973588943e-02 7.488637696951627731e-03 9.865618310868740082e-03 -8.159820572473108768e-05
-1.663211360573768616e-02 1.277095545083284378e-02 -6.221297197043895721e-03 -3.847163869068026543e-03 -1.141316490247845650e-03 1.551224850118160248e-03 2.551599871367216110e-03 -2.553354576230049133e-02 1.248113811016082764e-02 -9.315612725913524628e-03
2.184203639626502991e-02 -1.961855031549930573e-02 1.446125190705060959e-02 1.160133257508277893e-02 1.523190550506114960e-02 1.070149987936019897e-02 -1.999860629439353943e-03 1.258869841694831848e-02 -1.275153248570859432e-03 9.388913400471210480e-03
-5.419386550784111023e-03 1.942157000303268433e-02 1.398712629452347755e-03 -9.499871172010898590e-03 1.198169309645891190e-03 -3.294545458629727364e-03 9.070770815014839172e-03 -1.045095641165971756e-02 4.974182695150375366e-03 3.411093028262257576e-03
-1.077830512076616287e-02 8.101335726678371429e-03 -8.901499211788177490e-03 1.083902176469564438e-02 -1.881738193333148956e-02 -1.226098742336034775e-02 8.977794088423252106e-03 1.817327179014682770e-02 -5.636940244585275650e-03 -1.219618692994117737e-02
6.639007944613695145e-03 6.153059192001819611e-03 5.668069235980510712e-03 -2.237963955849409103e-03 -1.083702500909566879e-02 -1.665267720818519592e-02 7.440496236085891724e-03 2.881533280014991760e-02 -1.847646571695804596e-02 6.683283718302845955e-04
-1.978919282555580139e-02 2.465752698481082916e-02 -4.745826125144958496e-03 -2.729868888854980469e-02 -1.490696053951978683e-02 -2.646323293447494507e-02 3.872553585097193718e-03 -1.802491024136543274e-02 -9.994384832680225372e-03 -1.957530342042446136e-02
1.651302911341190338e-02 -2.915278077125549316e-02 1.357924891635775566e-03 3.747208975255489349e-03 -2.524683019146323204e-03 -7.742048182990401983e-05 -1.434638351202011108e-02 1.908709295094013214e-02 -1.648275181651115417e-02 1.726100035011768341e-02
2.010059356689453125e-02 -5.943778902292251587e-03 1.257053762674331665e-02 -1.865082071162760258e-03 1.484327204525470734e-02 8.003054186701774597e-03 2.315558260306715965e-03 9.533061645925045013e-03 -1.400392618961632252e-03 1.690679229795932770e-02
-1.967620477080345154e-02 1.291789673268795013e-02 -8.219636045396327972e-03 -2.548054419457912445e-02 -1.375768799334764481e-02 -2.089760638773441315e-02 -4.685726948082447052e-03 -2.036003954708576202e-02 -1.101515628397464752e-02 -1.842754147946834564e-02
-3.228370100259780884e-03 -5.085656419396400452e-03 2.267185365781188011e-03 -4.816899541765451431e-03 2.531369682401418686e-03 -6.635145284235477448e-03 5.400552414357662201e-03 -4.486427351366728544e-04 -1.199226593598723412e-03 -1.340122707188129425e-02
-3.335575340315699577e-03 -3.119664266705513000e-02 -1.039658766239881516e-02 2.216151356697082520e-02 1.339392270892858505e-03 1.701573841273784637e-02 -8.611341007053852081e-03 -4.369263537228107452e-03 7.847543805837631226e-03 -4.929034505039453506e-03
-1.314202905632555485e-03 2.160646393895149231e-02 1.273980550467967987e-02 -2.735481224954128265e-02 3.479764098301529884e-03 -2.154863253235816956e-02 1.440183445811271667e-02 -2.033346332609653473e-03 -9.426845237612724304e-03 -1.066973619163036346e-02
-2.188897505402565002e-02 -3.284932300448417664e-02 -2.337924018502235413e-02 -1.477870065718889236e-02 -2.334612235426902771e-02 -1.874852366745471954e-02 -2.867566235363483429e-02 -2.171298302710056305e-02 -2.188556455075740814e-02 -2.246534265577793121e-02
-2.089538797736167908e-02 -3.467620536684989929e-02 -2.325904741883277893e-02 -1.800201646983623505e-02 -2.333691716194152832e-02 -2.064498141407966614e-02 -2.916887588798999786e-02 -2.292245812714099884e-02 -2.309562452137470245e-02 -2.252895757555961609e-02
-2.084559015929698944e-02 -3.188381716609001160e-02 -2.334832958877086639e-02 -1.175614260137081146e-02 -2.199012227356433868e-02 -1.692329347133636475e-02 -2.771130762994289398e-02 -2.122661098837852478e-02 -1.873905584216117859e-02 -2.313512749969959259e-02
5.695639643818140030e-03 -3.521533682942390442e-02 -1.081203203648328781e-02 2.212349511682987213e-02 -2.090649679303169250e-03 1.844812557101249695e-02 -1.868386007845401764e-02 2.623724285513162613e-03 2.403500489890575409e-03 1.373715605586767197e-02
-2.517288178205490112e-02 1.808309555053710938e-02 -1.548742223531007767e-02 -4.313512239605188370e-03 -2.207870036363601685e-02 -1.713574305176734924e-02 -5.078093381598591805e-04 -1.604051887989044189e-02 -2.753330860286951065e-03 -2.175827510654926300e-02
-1.720067113637924194e-02 3.485257923603057861e-02 -3.964270465075969696e-03 -2.677632495760917664e-03 -1.059169601649045944e-02 -1.254930626600980759e-02 1.823615096509456635e-02 -2.180305891670286655e-04 4.596911836415529251e-03 -1.143280509859323502e-02
-2.092689462006092072e-02 2.527637965977191925e-02 -8.735429495573043823e-03 -4.299160558730363846e-03 -8.769819512963294983e-03 -6.019292399287223816e-03 7.658478803932666779e-03 -1.909610629081726074e-02 8.570561185479164124e-03 -1.073601376265287399e-02
-1.692063920199871063e-02 1.631651446223258972e-02 -6.645473651587963104e-03 9.991236031055450439e-03 -9.760917164385318756e-03 -4.615385551005601883e-03 1.472276821732521057e-02 8.386674453504383564e-04 7.235484663397073746e-03 -1.966358534991741180e-02
-2.321417629718780518e-02 1.240290328860282898e-02 -2.254898659884929657e-02 1.994238048791885376e-02 -2.579423971474170685e-02 -7.323907688260078430e-03 2.964942017570137978e-03 4.270594567060470581e-03 4.427952226251363754e-03 -1.379215624183416367e-02
-6.670254515483975410e-04 -3.824990615248680115e-02 -8.245233446359634399e-03 -3.565172664821147919e-05 5.240906495600938797e-03 1.181920524686574936e-02 -2.122223749756813049e-02 -2.085586264729499817e-02 8.305623196065425873e-04 3.366591176018118858e-03
1.618448732187971473e-04 6.760099437087774277e-03 1.449920795857906342e-02 -3.470955789089202881e-02 9.946463629603385925e-03 -1.464193779975175858e-02 1.472320524044334888e-03 -1.661806739866733551e-02 -8.026792667806148529e-03 -3.259559161961078644e-03
-9.335247799754142761e-03 -1.539044664241373539e-03 -4.630552604794502258e-03 7.473056321032345295e-04 3.926866222172975540e-03 7.808838505297899246e-03 -2.789990277960896492e-03 -2.515395358204841614e-02 1.135141775012016296e-02 -1.010440755635499954e-02
-2.203081548213958740e-02 -2.690326608717441559e-02 -2.267226949334144592e-02 -2.050190046429634094e-02 -2.334340289235115051e-02 -2.196121588349342346e-02 -2.683988586068153381e-02 -2.187529578804969788e-02 -2.321881055831909180e-02 -2.354185096919536591e-02
8.896284271031618118e-04 4.746291786432266235e-03 9.724719449877738953e-03 -2.832666411995887756e-02 1.321161910891532898e-02 -4.839621949940919876e-03 -7.941446383483707905e-04 -2.276544831693172455e-02 -1.656046661082655191e-04 1.967730000615119934e-03
-2.117571793496608734e-02 5.992777179926633835e-03 -1.548619102686643600e-02 -1.861470751464366913e-02 -1.868219487369060516e-02 -1.914183981716632843e-02 -8.780823089182376862e-03 -2.181142754852771759e-02 -1.162067800760269165e-02 -1.994311623275279999e-02
-2.055975049734115601e-02 7.959577487781643867e-04 -2.160393446683883667e-02 2.339231036603450775e-02 -2.487611398100852966e-02 -5.509424023330211639e-03 -3.508578054606914520e-03 5.996541585773229599e-03 -7.745149196125566959e-05 -1.520932279527187347e-02
-1.058860030025243759e-02 -1.328079681843519211e-02 -1.584154367446899414e-02 2.882526814937591553e-02 -1.388452947139739990e-02 5.581031087785959244e-03 6.463532918132841587e-04 1.155319903045892715e-02 3.218446625396609306e-03 -1.015109289437532425e-02
-1.545059587806463242e-02 -2.058077603578567505e-02 -1.991053298115730286e-02 2.815948799252510071e-02 -7.545945234596729279e-03 1.755668222904205322e-02 -7.863307371735572815e-03 -8.627464063465595245e-03 1.274883188307285309e-02 -1.008793525397777557e-02
-2.164949290454387665e-02 -3.361622244119644165e-02 -2.315593510866165161e-02 -1.562802493572235107e-02 -2.392907440662384033e-02 -2.035317383706569672e-02 -2.886455878615379333e-02 -2.315220423042774200e-02 -2.206842787563800812e-02 -2.274832129478454590e-02
-1.430952548980712891e-02 2.275117114186286926e-02 6.288613658398389816e-04 -3.234366327524185181e-02 -9.093793109059333801e-03 -2.683421224355697632e-02 3.474602475762367249e-03 -1.518974918872117996e-02 -1.162945292890071869e-02 -1.659403555095195770e-02
-1.441173069179058075e-02 1.466456428170204163e-02 -1.451960531994700432e-03 1.856488059274852276e-03 -4.218961112201213837e-03 -3.849518951028585434e-03 9.978962130844593048e-03 -9.446941316127777100e-03 6.867738440632820129e-03 -1.968356035649776459e-02
-2.087599784135818481e-02 1.315882243216037750e-02 -1.908925175666809082e-02 8.099398575723171234e-03 -2.501525916159152985e-02 -1.389267016202211380e-02 -2.200546208769083023e-03 -2.742029028013348579e-03 -3.323215991258621216e-03 -1.623476855456829071e-02
-4.556044470518827438e-03 -8.433639071881771088e-03 -5.424232222139835358e-03 1.369991805404424667e-02 7.158122956752777100e-03 1.690248213708400726e-02 3.458854742348194122e-03 -1.188582461327314377e-02 1.787502877414226532e-02 5.100680282339453697e-04
-1.857005804777145386e-02 2.454326301813125610e-02 -4.315517842769622803e-03 -2.453040331602096558e-02 -1.149266492575407028e-02 -2.334326691925525665e-02 3.980117850005626678e-03 -1.493381895124912262e-02 -7.417827844619750977e-03 -1.677506975829601288e-02
-6.176209077239036560e-03 -1.514720171689987183e-02 -8.276257663965225220e-03 2.311517717316746712e-03 5.627397913485765457e-03 1.334662921726703644e-02 -9.230852127075195312e-03 -2.500341460108757019e-02 1.099197566509246826e-02 1.515240408480167389e-03
2.496069483458995819e-02 -1.469248160719871521e-02 2.084639668464660645e-02 -1.556421723216772079e-02 8.159678429365158081e-03 -1.151798013597726822e-02 -3.251555841416120529e-03 2.121646516025066376e-02 -2.141041122376918793e-02 1.243326812982559204e-02
1.870634965598583221e-02 3.216099459677934647e-03 2.196594513952732086e-02 -2.308328077197074890e-02 5.056463647633790970e-03 -2.018407359719276428e-02 4.568650852888822556e-03 1.745175197720527649e-02 -2.153865620493888855e-02 2.907767891883850098e-03
-2.187655493617057800e-02 1.574921607971191406e-02 -1.197706721723079681e-02 -1.860772445797920227e-02 -1.926140673458576202e-02 -2.278481982648372650e-02 -4.047171212732791901e-03 -1.905504614114761353e-02 -1.031540427356958389e-02 -2.082253620028495789e-02
2.293729630764573812e-05 -3.146541770547628403e-03 -1.293243607506155968e-03 -3.694192972034215927e-03 5.511046387255191803e-03 4.584920592606067657e-03 4.466047044843435287e-03 -6.786204408854246140e-03 5.294948350638151169e-03 4.537882748991250992e-03
9.915057569742202759e-03 -9.462528862059116364e-03 1.430709287524223328e-02 -2.159377001225948334e-02 1.991849206387996674e-02 2.076709875836968422e-03 -2.154639223590493202e-03 -1.634134538471698761e-02 -1.847373554483056068e-03 3.128666896373033524e-03
5.250958725810050964e-03 -2.827300876379013062e-02 -1.034320984035730362e-02 2.049406990408897400e-02 -1.460682367905974388e-03 1.664033345878124237e-02 -1.666535250842571259e-02 1.574525842443108559e-03 3.826699918136000633e-03 1.498509105294942856e-02
-2.117595821619033813e-02 -2.184564061462879181e-02 -2.174794487655162811e-02 -1.723762974143028259e-02 -2.326746098697185516e-02 -2.079186215996742249e-02 -2.404826134443283081e-02 -2.290716953575611115e-02 -1.948457956314086914e-02 -2.362723648548126221e-02
2.204422838985919952e-02 3.943135961890220642e-03 1.899637840688228607e-02 8.741326164454221725e-04 1.582553982734680176e-02 9.436922147870063782e-03 1.077434979379177094e-02 1.636951044201850891e-02 1.792052644304931164e-03 1.754720509052276611e-02
