-4.858266934752464294e-02 -1.388098578900098801e-02 -1.315284222364425659e-01 3.426082804799079895e-02 -1.608165539801120758e-02 7.139999419450759888e-02 -1.390881137922406197e-03 4.880767688155174255e-02 -3.780597075819969177e-02 -1.567514389753341675e-01
-9.547717124223709106e-02 -6.928124278783798218e-02 -7.309227436780929565e-02 -7.193690538406372070e-02 -8.225861191749572754e-02 -7.867667824029922485e-02 -1.038535162806510925e-01 -1.107374653220176697e-01 -6.896100193262100220e-02 -6.113646179437637329e-02
1.863742433488368988e-02 1.271662302315235138e-02 7.321782410144805908e-02 -9.865752607583999634e-02 -7.970816642045974731e-02 -9.277684614062309265e-03 1.157044991850852966e-02 -2.797355875372886658e-02 3.254396468400955200e-02 -4.961770400404930115e-02
1.203686147928237915e-01 -3.611014038324356079e-02 -1.041359156370162964e-01 -2.358515001833438873e-02 1.651917770504951477e-02 -1.334233283996582031e-01 -6.541525572538375854e-02 -3.644782677292823792e-02 -1.581518799066543579e-01 -9.114362299442291260e-02
-9.653329104185104370e-02 -6.888961791992187500e-02 -7.211904227733612061e-02 -7.255252450704574585e-02 -8.336763083934783936e-02 -7.959198951721191406e-02 -1.051319316029548645e-01 -1.104055643081665039e-01 -6.969126313924789429e-02 -5.998384207487106323e-02
-1.359504759311676025e-01 1.786757633090019226e-02 -2.730605192482471466e-02 -3.111986443400382996e-02 -1.118832901120185852e-01 1.226026937365531921e-02 -1.165205091238021851e-01 4.490194469690322876e-02 -1.163783669471740723e-02 -7.081385701894760132e-02
-9.714253246784210205e-02 -7.053772360086441040e-02 -7.289656251668930054e-02 -7.224687933921813965e-02 -8.230703324079513550e-02 -8.007562905550003052e-02 -1.049901545047760010e-01 -1.098693311214447021e-01 -6.933933496475219727e-02 -6.103358417749404907e-02
-9.747921675443649292e-02 -6.998480856418609619e-02 -7.245650887489318848e-02 -7.196998596191406250e-02 -8.319287747144699097e-02 -7.850454002618789673e-02 -1.056346669793128967e-01 -1.107516065239906311e-01 -6.819745153188705444e-02 -5.987089127302169800e-02
-8.189637213945388794e-02 5.863218754529953003e-02 -1.089807017706334591e-03 6.161177530884742737e-02 -3.922357782721519470e-02 -1.062127798795700073e-01 -9.703329205513000488e-02 -1.257064640522003174e-01 -5.598727613687515259e-02 8.512709289789199829e-02
-1.482327878475189209e-01 -1.529110223054885864e-02 -1.361043304204940796e-01 -5.104263499379158020e-02 6.800104677677154541e-02 -1.266379952430725098e-01 -5.243157967925071716e-02 4.829016700387001038e-02 -1.120556518435478210e-01 -1.037926003336906433e-01
-1.060833707451820374e-01 -4.378454014658927917e-02 1.842779666185379028e-02 -9.239456057548522949e-02 -1.803439259529113770e-01 -6.318502873182296753e-02 -4.785311222076416016e-02 9.800178557634353638e-02 -3.175590559840202332e-02 1.238925289362668991e-02
-9.658543765544891357e-02 -6.987005472183227539e-02 -7.148798555135726929e-02 -7.282581925392150879e-02 -8.321276307106018066e-02 -8.010866492986679077e-02 -1.041131392121315002e-01 -1.111541017889976501e-01 -6.911771744489669800e-02 -6.027289479970932007e-02
-9.570085257291793823e-02 -6.943070888519287109e-02 -7.211848348379135132e-02 -7.092754542827606201e-02 -8.305565267801284790e-02 -7.835181802511215210e-02 -1.043654307723045349e-01 -1.112596839666366577e-01 -6.857673078775405884e-02 -5.983180925250053406e-02
-9.713677316904067993e-02 -6.932143121957778931e-02 -7.269428670406341553e-02 -7.183948904275894165e-02 -8.293964713811874390e-02 -7.960297912359237671e-02 -1.047353893518447876e-01 -1.103059276938438416e-01 -6.894121319055557251e-02 -5.974808707833290100e-02
9.244002401828765869e-03 -8.425825089216232300e-02 4.082833603024482727e-02 -1.234541088342666626e-01 -6.727013736963272095e-03 -5.800382420420646667e-02 1.572176627814769745e-02 2.103237807750701904e-02 -2.031261287629604340e-02 -1.492981314659118652e-01
-9.629907459020614624e-02 -6.931917369365692139e-02 -7.226861268281936646e-02 -7.240555435419082642e-02 -8.231864124536514282e-02 -7.864026725292205811e-02 -1.044454276561737061e-01 -1.100396960973739624e-01 -6.921159476041793823e-02 -6.112612038850784302e-02
-9.737031906843185425e-02 -7.007203996181488037e-02 -7.282367348670959473e-02 -7.242409884929656982e-02 -8.271174132823944092e-02 -7.846607267856597900e-02 -1.053203120827674866e-01 -1.100945696234703064e-01 -6.883403658866882324e-02 -6.016255915164947510e-02
2.639257162809371948e-02 -2.178760990500450134e-02 -8.460830152034759521e-02 -2.284992672502994537e-02 4.036700353026390076e-02 1.566583476960659027e-02 -1.978385262191295624e-02 -1.092858519405126572e-02 1.515909191220998764e-02 -9.024401009082794189e-02
-1.172135844826698303e-01 -5.715653672814369202e-02 -8.690825104713439941e-02 -9.024448692798614502e-03 -6.128660216927528381e-02 -8.105840533971786499e-03 5.951008573174476624e-02 3.873099014163017273e-02 -6.761422753334045410e-02 1.495332270860671997e-01
1.107756122946739197e-01 -7.603295147418975830e-03 4.945468623191118240e-03 -7.860603928565979004e-02 -1.175177991390228271e-01 -1.021346300840377808e-01 9.451277554035186768e-02 -5.541577190160751343e-02 -9.430152922868728638e-02 2.181240171194076538e-02
-9.691578894853591919e-02 -7.005391269922256470e-02 -7.298192381858825684e-02 -7.104240357875823975e-02 -8.302041888236999512e-02 -7.914903759956359863e-02 -1.055038869380950928e-01 -1.111418530344963074e-01 -6.957882642745971680e-02 -6.041576340794563293e-02
-9.765607863664627075e-02 -6.941817700862884521e-02 -7.285158336162567139e-02 -7.223914563655853271e-02 -8.340208977460861206e-02 -7.920777797698974609e-02 -1.043874695897102356e-01 -1.112342774868011475e-01 -6.868130713701248169e-02 -5.920486897230148315e-02
-9.781706333160400391e-02 -6.973501294851303101e-02 -7.298779487609863281e-02 -7.217136770486831665e-02 -8.218843489885330200e-02 -7.970559597015380859e-02 -1.050307527184486389e-01 -1.113693490624427795e-01 -6.944523751735687256e-02 -6.060547754168510437e-02
-1.593423336744308472e-01 -9.193062782287597656e-02 -9.375770576298236847e-03 -1.759797893464565277e-02 -1.714701578021049500e-02 5.664595216512680054e-02 -7.392336614429950714e-03 -1.640721410512924194e-01 -2.966710738837718964e-02 4.372750595211982727e-02
-3.203253820538520813e-02 -1.007136255502700806e-01 -1.061796322464942932e-01 -8.722116053104400635e-02 -1.395005881786346436e-01 -1.217439025640487671e-01 4.370412603020668030e-02 8.130868896842002869e-03 -1.155725568532943726e-01 -8.813211321830749512e-02
1.027706190943717957e-01 -4.711984097957611084e-02 -1.450636386871337891e-01 -4.964282736182212830e-02 2.057899162173271179e-02 -1.309825479984283447e-01 -2.878085337579250336e-02 -6.995338946580886841e-02 -7.328619062900543213e-02 -1.047486662864685059e-01
-9.666232764720916748e-02 -7.009356468915939331e-02 -7.133485376834869385e-02 -7.148095220327377319e-02 -8.289348334074020386e-02 -8.002816885709762573e-02 -1.042735800147056580e-01 -1.107684597373008728e-01 -6.854595988988876343e-02 -5.928941443562507629e-02
-9.706225991249084473e-02 -7.024695724248886108e-02 -7.223453372716903687e-02 -7.142632454633712769e-02 -8.314131945371627808e-02 -8.014181256294250488e-02 -1.048389598727226257e-01 -1.109163761138916016e-01 -6.876970082521438599e-02 -6.089008599519729614e-02
5.107399821281433105e-02 8.543466031551361084e-02 -1.342120021581649780e-01 -4.717481508851051331e-02 1.169412746094167233e-03 -7.644189149141311646e-02 1.171733066439628601e-02 5.723442882299423218e-02 -4.297980666160583496e-02 -1.439215987920761108e-01
2.503588050603866577e-02 -1.444178968667984009e-01 8.768009953200817108e-03 -1.182978376746177673e-01 -1.161259412765502930e-01 4.704202059656381607e-03 2.773996442556381226e-02 7.974199205636978149e-02 -6.381734460592269897e-02 -2.317778766155242920e-03
-9.740103036165237427e-03 -9.191012382507324219e-02 -1.003325805068016052e-01 -8.162041008472442627e-02 -1.244083121418952942e-01 -1.084927096962928772e-01 3.091304004192352295e-02 -3.469380363821983337e-02 -1.123569086194038391e-01 -8.017162978649139404e-02
-9.652619808912277222e-02 -7.034413516521453857e-02 -7.212194800376892090e-02 -7.102609425783157349e-02 -8.388352394104003906e-02 -7.926506549119949341e-02 -1.047987788915634155e-01 -1.108970791101455688e-01 -6.894400715827941895e-02 -5.975616350769996643e-02
-9.673172980546951294e-02 -6.869647651910781860e-02 -7.280791550874710083e-02 -7.119788974523544312e-02 -8.252314478158950806e-02 -7.987216114997863770e-02 -1.043544709682464600e-01 -1.099511682987213135e-01 -6.915885210037231445e-02 -6.011928990483283997e-02
1.437692996114492416e-02 1.136089786887168884e-01 -9.950733184814453125e-02 -1.081399843096733093e-01 3.600317239761352539e-02 1.066857799887657166e-01 1.811183802783489227e-02 -6.439419090747833252e-02 -4.401675984263420105e-02 -1.869305409491062164e-02
-9.695446491241455078e-02 -6.882943958044052124e-02 -7.393561303615570068e-02 -7.198199629783630371e-02 -8.249917626380920410e-02 -7.940433919429779053e-02 -1.046223342418670654e-01 -1.113947331905364990e-01 -6.841070204973220825e-02 -6.042516231536865234e-02
-8.296546339988708496e-02 -1.035953089594841003e-01 -1.024133637547492981e-01 -8.991871029138565063e-02 -1.416168957948684692e-01 -1.211147457361221313e-01 3.020679578185081482e-02 3.169815614819526672e-02 -9.701087325811386108e-02 -8.938200771808624268e-02
-1.001815199851989746e-01 -9.128135442733764648e-02 -8.967450261116027832e-02 -8.484594523906707764e-02 -1.248879432678222656e-01 -1.130772531032562256e-01 7.933482527732849121e-03 4.083178937435150146e-03 -1.027965918183326721e-01 -7.802388072013854980e-02
-9.661211818456649780e-02 -6.930973380804061890e-02 -7.324934005737304688e-02 -7.195629924535751343e-02 -8.314282447099685669e-02 -7.911076396703720093e-02 -1.051644682884216309e-01 -1.111063882708549500e-01 -6.870120763778686523e-02 -6.077127903699874878e-02
-9.670460969209671021e-02 -6.921561807394027710e-02 -7.239622622728347778e-02 -7.216238230466842651e-02 -8.290382474660873413e-02 -7.887948304414749146e-02 -1.033216416835784912e-01 -1.102365106344223022e-01 -6.859625875949859619e-02 -6.024415791034698486e-02
3.610698971897363663e-03 -7.895231246948242188e-02 -1.500761806964874268e-01 -1.321961451321840286e-02 -1.223628409206867218e-02 -1.325934231281280518e-01 2.316916733980178833e-02 3.478319570422172546e-02 -8.170150965452194214e-02 -5.622714385390281677e-02
-2.461483702063560486e-02 1.769810542464256287e-02 5.465840920805931091e-02 3.456002101302146912e-02 -1.505749076604843140e-01 4.603061079978942871e-02 -1.300774663686752319e-01 -1.829314511269330978e-03 -5.744739994406700134e-02 9.004129469394683838e-02
-9.680834412574768066e-02 -6.981691718101501465e-02 -7.267570495605468750e-02 -7.193949073553085327e-02 -8.322092145681381226e-02 -7.971095293760299683e-02 -1.049320474267005920e-01 -1.106573715806007385e-01 -6.798849254846572876e-02 -6.080122664570808411e-02
-1.457213908433914185e-01 -9.275694936513900757e-02 8.228777348995208740e-02 -2.200966328382492065e-02 -3.489124402403831482e-02 -2.016934752464294434e-02 1.735416986048221588e-02 -1.809701323509216309e-01 -7.237682491540908813e-02 9.727083891630172729e-02
5.897430237382650375e-03 -5.515221878886222839e-02 -2.785395644605159760e-02 -1.485189190134406090e-03 -5.719765648245811462e-02 6.454749405384063721e-02 -3.638761583715677261e-03 2.025337330996990204e-02 1.597095839679241180e-02 -4.953739792108535767e-02
-9.689089655876159668e-02 -6.995391845703125000e-02 -7.185475528240203857e-02 -7.256570458412170410e-02 -8.359970897436141968e-02 -7.920211553573608398e-02 -1.042806506156921387e-01 -1.106225103139877319e-01 -6.857305765151977539e-02 -6.032329425215721130e-02
-9.736072272062301636e-02 -7.021503150463104248e-02 -7.239977270364761353e-02 -7.288203388452529907e-02 -8.328425884246826172e-02 -7.966293394565582275e-02 -1.053049340844154358e-01 -1.106247454881668091e-01 -6.943519413471221924e-02 -6.051868200302124023e-02
-9.763650596141815186e-02 -7.004541158676147461e-02 -7.234375178813934326e-02 -7.149656862020492554e-02 -8.364402502775192261e-02 -7.898675650358200073e-02 -1.057334914803504944e-01 -1.106027886271476746e-01 -6.941372901201248169e-02 -6.036976724863052368e-02
-9.696504473686218262e-02 -6.968726217746734619e-02 -7.306385785341262817e-02 -7.214090973138809204e-02 -8.301077783107757568e-02 -8.010629564523696899e-02 -1.049641892313957214e-01 -1.104398816823959351e-01 -6.837745010852813721e-02 -6.018272414803504944e-02
-6.120340898633003235e-02 -5.142414942383766174e-03 -6.379432231187820435e-02 -1.363084614276885986e-01 -1.245471183210611343e-02 -1.388354450464248657e-01 6.760737299919128418e-02 3.862797096371650696e-02 5.902170538902282715e-01 1.834162622690200806e-01
-9.639345854520797729e-02 -6.969612836837768555e-02 -7.302903383970260620e-02 -7.240589708089828491e-02 -8.362977951765060425e-02 -7.961531728506088257e-02 -1.044322028756141663e-01 -1.107176542282104492e-01 -6.919800490140914917e-02 -6.028608232736587524e-02
-9.733059257268905640e-02 -7.065141946077346802e-02 -7.277169823646545410e-02 -7.192777097225189209e-02 -8.205921202898025513e-02 -7.865993678569793701e-02 -1.043616160750389099e-01 -1.096634864807128906e-01 -6.939419358968734741e-02 -6.062319874763488770e-02
-9.758663177490234375e-02 -7.020762562751770020e-02 1.203239560127258301e-01 8.657569997012615204e-03 7.058917731046676636e-02 5.983783677220344543e-02 -5.754043534398078918e-02 -3.843676671385765076e-02 -1.211495697498321533e-01 2.667111344635486603e-03
-1.210266258567571640e-02 -8.746565133333206177e-02 5.078085139393806458e-02 -1.143821701407432556e-01 -3.119998425245285034e-02 3.628818318247795105e-02 9.458107501268386841e-02 -7.137209177017211914e-02 -2.710492117330431938e-03 -1.093593016266822815e-01
-9.706830978393554688e-02 -6.934550404548645020e-02 -7.237967103719711304e-02 -7.196924090385437012e-02 -8.308306336402893066e-02 -7.993049174547195435e-02 -1.041390448808670044e-01 -1.109354346990585327e-01 -6.872241199016571045e-02 -6.016378477215766907e-02
7.549294829368591309e-02 8.099288493394851685e-02 -7.112504541873931885e-02 9.442119859158992767e-03 -8.533454686403274536e-02 -1.002342179417610168e-01 -1.498085558414459229e-01 5.386770237237215042e-03 -4.140201210975646973e-02 3.205211460590362549e-02
-9.683159738779067993e-02 -6.981486827135086060e-02 -7.324218750000000000e-02 -7.254295796155929565e-02 -8.337441086769104004e-02 -7.941650599241256714e-02 -1.048759743571281433e-01 -1.112059801816940308e-01 -6.891497969627380371e-02 -5.926690623164176941e-02
3.049358353018760681e-02 -7.729548960924148560e-02 -1.379642039537429810e-01 -9.018234163522720337e-02 -1.003178730607032776e-01 -1.367346495389938354e-01 1.015299782156944275e-01 -3.590412437915802002e-02 -5.238961055874824524e-02 -5.006772279739379883e-02
-5.898326635360717773e-02 -9.083490073680877686e-02 -1.757505722343921661e-02 -6.730669736862182617e-02 -9.504877030849456787e-02 4.855628125369548798e-03 2.164739556610584259e-02 2.910637483000755310e-02 -4.510140977799892426e-03 -7.426596432924270630e-02
-9.684326499700546265e-02 -7.059234380722045898e-02 -7.266786694526672363e-02 -7.160773873329162598e-02 -8.219926804304122925e-02 -7.836540788412094116e-02 -1.042309999465942383e-01 -1.107091307640075684e-01 -6.854958832263946533e-02 -5.991936847567558289e-02
-9.759693592786788940e-02 -6.927219033241271973e-02 -7.301219552755355835e-02 -7.170667499303817749e-02 -8.375103026628494263e-02 -7.923981547355651855e-02 -1.051771193742752075e-01 -1.102214530110359192e-01 -6.873021274805068970e-02 -5.966512486338615417e-02
-9.666258841753005981e-02 -6.945154070854187012e-02 -7.213778793811798096e-02 -7.252091169357299805e-02 -8.318126946687698364e-02 -7.985047250986099243e-02 -1.052328944206237793e-01 -1.107589676976203918e-01 -6.849096715450286865e-02 -5.976966023445129395e-02
2.429050579667091370e-02 -2.462403615936636925e-03 1.047644913196563721e-01 -2.204061113297939301e-02 1.379817165434360504e-02 -1.109629347920417786e-01 -3.844025358557701111e-02 8.323927409946918488e-03 -3.628818690776824951e-02 -1.085464097559452057e-02
-2.092151530086994171e-02 7.165710628032684326e-02 1.185886561870574951e-01 -7.236456871032714844e-02 2.610589750111103058e-02 -1.155264824628829956e-01 -3.300577169284224510e-03 9.213510900735855103e-03 -2.185875736176967621e-02 -1.008253172039985657e-01
2.162874676287174225e-02 -5.440986528992652893e-02 -1.312413215637207031e-01 -6.069826334714889526e-02 -5.497125908732414246e-02 -1.759060658514499664e-03 7.470759749412536621e-02 1.591035909950733185e-02 -3.991007432341575623e-02 -4.908758401870727539e-02
3.136768564581871033e-02 -6.736183911561965942e-02 -1.325329206883907318e-02 5.691862199455499649e-03 6.333222985267639160e-02 -4.453091323375701904e-02 -1.381469368934631348e-01 3.996533050667494535e-04 -8.461893536150455475e-03 -1.371474117040634155e-01
3.678259253501892090e-02 -9.747493267059326172e-02 -1.102734357118606567e-01 -8.133361488580703735e-02 -1.268973648548126221e-01 -1.045376658439636230e-01 2.732644230127334595e-02 -5.809501558542251587e-02 -1.137441918253898621e-01 -8.214983344078063965e-02
-9.652124345302581787e-02 -7.001002877950668335e-02 -7.266589999198913574e-02 -7.217413187026977539e-02 -8.335485309362411499e-02 -7.946845889091491699e-02 -1.047652512788772583e-01 -1.113607287406921387e-01 -6.892294436693191528e-02 -6.031412631273269653e-02
-1.178866848349571228e-01 -4.146286845207214355e-02 -4.810972139239311218e-02 -3.797195479273796082e-02 -5.424839910119771957e-04 4.399277269840240479e-02 -5.910799279808998108e-02 5.257580056786537170e-02 1.103138364851474762e-02 -2.658988349139690399e-02
-9.712681919336318970e-02 -6.857547909021377563e-02 -7.358599454164505005e-02 -7.219204306602478027e-02 -8.282241225242614746e-02 -7.970906049013137817e-02 -1.053600907325744629e-01 -1.105164289474487305e-01 -6.864140182733535767e-02 -6.007025390863418579e-02
9.964737296104431152e-02 -6.270486116409301758e-02 8.486201614141464233e-02 -4.592781141400337219e-02 -9.121295064687728882e-02 -1.400196999311447144e-01 -4.231332987546920776e-02 1.719823665916919708e-02 -9.544565528631210327e-02 -1.097574457526206970e-01
-9.669130295515060425e-02 -7.079503685235977173e-02 -7.291226089000701904e-02 -7.276070117950439453e-02 -8.290937542915344238e-02 -7.974353432655334473e-02 -1.055537462234497070e-01 -1.106039509177207947e-01 -6.907554715871810913e-02 -5.994406342506408691e-02
-9.709681570529937744e-02 -6.980385631322860718e-02 -7.254493981599807739e-02 -7.158502191305160522e-02 -8.328196406364440918e-02 -7.925560325384140015e-02 -1.057876646518707275e-01 -1.096724122762680054e-01 -6.912820041179656982e-02 -6.112148612737655640e-02
-1.043029129505157471e-02 -7.648501545190811157e-02 -1.207357272505760193e-01 -6.856694817543029785e-02 3.661997616291046143e-02 -7.622242718935012817e-02 4.762620106339454651e-02 6.302474648691713810e-04 -2.164428681135177612e-02 -1.310114115476608276e-01
-9.644298255443572998e-02 -6.943961232900619507e-02 -7.264871895313262939e-02 -7.236683368682861328e-02 -8.342139422893524170e-02 -7.999760657548904419e-02 -1.046610549092292786e-01 -1.111332550644874573e-01 -6.881800293922424316e-02 -5.972567200660705566e-02
3.259371221065521240e-02 -8.953592926263809204e-02 -1.030292212963104248e-01 -7.872716337442398071e-02 -1.154745891690254211e-01 -9.813309460878372192e-02 1.145784649997949600e-02 -8.278372138738632202e-02 -1.067425310611724854e-01 -7.612180709838867188e-02
-2.900735288858413696e-02 -6.722199171781539917e-02 -5.211943387985229492e-02 -1.190314292907714844e-01 5.770101677626371384e-03 1.147019416093826294e-01 2.815536223351955414e-02 -1.280801929533481598e-02 -8.568797260522842407e-02 -1.287272199988365173e-02
8.197474293410778046e-03 -5.232184752821922302e-02 -1.431279778480529785e-01 -5.110524222254753113e-02 1.332752406597137451e-01 -1.404922306537628174e-01 2.895565237849950790e-03 1.141409650444984436e-01 -1.011534631252288818e-01 -1.497359573841094971e-01
-9.757860749959945679e-02 -6.963579356670379639e-02 -7.238098233938217163e-02 -7.171014696359634399e-02 -8.415979892015457153e-02 -7.891360670328140259e-02 -1.048513054847717285e-01 -1.099753901362419128e-01 -6.883542239665985107e-02 -6.028400734066963196e-02
-5.951311066746711731e-02 1.299986392259597778e-01 4.671807959675788879e-02 -1.322724670171737671e-01 1.124916225671768188e-01 1.078700721263885498e-01 -6.700883619487285614e-03 -6.521739065647125244e-02 -3.330660238862037659e-02 -7.798314094543457031e-02
-1.399792879819869995e-01 -1.327253282070159912e-01 -2.732696756720542908e-02 1.318982616066932678e-02 1.265675853937864304e-02 1.553885824978351593e-02 1.679375208914279938e-02 -3.370180260390043259e-03 -7.806695997714996338e-02 -9.456659853458404541e-02
-9.675663709640502930e-02 -6.983210146427154541e-02 -7.276852428913116455e-02 -7.267127931118011475e-02 -8.268696069717407227e-02 -8.008919656276702881e-02 -1.041862890124320984e-01 -1.099267899990081787e-01 -6.810882687568664551e-02 -6.047643348574638367e-02
-9.782868623733520508e-02 -7.014401257038116455e-02 -7.336333394050598145e-02 -7.178808003664016724e-02 -8.412878960371017456e-02 -7.993418723344802856e-02 -1.043924018740653992e-01 -1.105476543307304382e-01 -6.932752579450607300e-02 -6.067889556288719177e-02
-9.837950021028518677e-02 -6.988266855478286743e-02 -7.287524640560150146e-02 -7.294566929340362549e-02 -8.388280123472213745e-02 -7.987011969089508057e-02 -1.044190675020217896e-01 -1.105901077389717102e-01 -6.937029957771301270e-02 -5.992727354168891907e-02
-9.692412614822387695e-02 -6.979503482580184937e-02 -7.241303473711013794e-02 -7.151196151971817017e-02 -8.347413688898086548e-02 -8.049289137125015259e-02 -1.036781966686248779e-01 -1.113846525549888611e-01 -6.867489218711853027e-02 -5.935792252421379089e-02
-9.727048128843307495e-02 -6.990948319435119629e-02 -7.295840978622436523e-02 -7.145205140113830566e-02 -8.344399183988571167e-02 -7.978612184524536133e-02 -1.053144782781600952e-01 -1.104281619191169739e-01 -6.879296153783798218e-02 -6.018041819334030151e-02
2.891646884381771088e-02 -6.564397364854812622e-02 -2.031072275713086128e-03 4.533555209636688232e-01 1.214725077152252197e-01 -3.166722878813743591e-02 2.728381007909774780e-02 -9.219353646039962769e-02 -2.717541344463825226e-02 -1.144305318593978882e-01
-1.250281278043985367e-02 -9.448171593248844147e-03 7.458723336458206177e-02 -7.296629250049591064e-02 8.507802151143550873e-03 -5.964992567896842957e-02 -1.709543913602828979e-01 5.683552473783493042e-03 4.261578433215618134e-04 -1.285157054662704468e-01
-9.762699156999588013e-02 -6.951043009757995605e-02 -7.406663894653320312e-02 -7.252068817615509033e-02 -8.288390934467315674e-02 -7.914980500936508179e-02 -1.058338209986686707e-01 -1.106673777103424072e-01 -6.961183995008468628e-02 -6.069426611065864563e-02
-9.693241119384765625e-02 -6.929723173379898071e-02 -7.227539271116256714e-02 -7.093241810798645020e-02 -8.315560966730117798e-02 -7.987872511148452759e-02 -1.056830957531929016e-01 -1.092723235487937927e-01 -6.914325058460235596e-02 -5.964888259768486023e-02
-9.712558239698410034e-02 -6.944749504327774048e-02 -7.280796021223068237e-02 -7.278159260749816895e-02 -8.292140066623687744e-02 -8.008421957492828369e-02 -1.049441546201705933e-01 -1.101269274950027466e-01 -6.921005994081497192e-02 -6.036704778671264648e-02
-9.717583656311035156e-02 -6.886312365531921387e-02 -7.289810478687286377e-02 -7.178246974945068359e-02 -8.259182423353195190e-02 -7.945571094751358032e-02 -1.048113033175468445e-01 -1.098710894584655762e-01 -6.847733259201049805e-02 -5.923235416412353516e-02
-9.603813290596008301e-02 -6.970839202404022217e-02 -7.274650782346725464e-02 -7.198303192853927612e-02 -8.270876109600067139e-02 -7.847339659929275513e-02 -1.054246425628662109e-01 -1.107256412506103516e-01 -6.795158237218856812e-02 -6.023986637592315674e-02
-4.707688093185424805e-02 -8.245299011468887329e-02 -1.475666016340255737e-01 -2.349361032247543335e-02 4.041945189237594604e-02 -1.471024006605148315e-01 -5.074394121766090393e-02 3.489825874567031860e-02 -9.291230887174606323e-02 -9.277624636888504028e-02
-1.353034526109695435e-01 -8.911190554499626160e-03 -1.176508888602256775e-01 -5.463385488837957382e-03 -3.461717814207077026e-02 3.542056307196617126e-02 -8.695174008607864380e-02 1.887958869338035583e-02 -9.434386342763900757e-02 -1.101451292634010315e-01
6.302148848772048950e-02 4.685885459184646606e-02 -3.597462549805641174e-02 -9.362565726041793823e-02 -1.605964601039886475e-01 -6.953414529561996460e-02 -5.998279154300689697e-02 -1.135417632758617401e-02 -5.806480720639228821e-02 5.304682254791259766e-02
-1.498789340257644653e-01 1.308055818080902100e-01 -1.600550711154937744e-01 5.484450235962867737e-02 -7.750655710697174072e-02 6.266029924154281616e-02 -1.930168271064758301e-01 6.975015997886657715e-02 -1.955506056547164917e-01 -2.673434838652610779e-02
-9.705388545989990234e-02 -7.048744708299636841e-02 -7.379747927188873291e-02 -7.266012579202651978e-02 -8.294805139303207397e-02 -7.894791662693023682e-02 -1.047503724694252014e-01 -1.106770411133766174e-01 -6.926542520523071289e-02 -5.957649275660514832e-02
-9.711582958698272705e-02 -6.926447898149490356e-02 -7.274572551250457764e-02 -7.163473963737487793e-02 -8.310476690530776978e-02 -7.936935871839523315e-02 -1.045906245708465576e-01 -1.113634258508682251e-01 -6.788736581802368164e-02 -5.992329493165016174e-02
-1.267194747924804688e-01 -8.762631565332412720e-02 -8.677384257316589355e-02 -8.388226479291915894e-02 -1.171118691563606262e-01 -1.084243431687355042e-01 -7.878937758505344391e-04 -8.838521316647529602e-03 -8.351724594831466675e-02 -7.697474956512451172e-02
-9.684555232524871826e-02 -6.964112073183059692e-02 -7.253808528184890747e-02 -7.156706601381301880e-02 -8.291478455066680908e-02 -7.942333817481994629e-02 -1.056647449731826782e-01 -1.117655336856842041e-01 -6.911367923021316528e-02 -6.082207337021827698e-02
