-1.463727221562294289e-05 5.191390300751663744e-06 1.821976525206991937e-06
-1.209643414767924696e-06 3.129672904833569191e-06 -2.903729637182550505e-06
-8.355785212188493460e-06 -1.626174343982711434e-05 -3.022288410647888668e-07
-9.835583796302671544e-07 -1.635032049307483248e-06 -4.805055596079910174e-06
-2.420970304228831083e-05 2.776318524411180988e-06 -4.148610969423316419e-06
-1.071965471055591479e-05 4.262095444573787972e-06 2.148578278138302267e-05
8.611653356638271362e-06 1.004468504106625915e-05 4.203111984679708257e-06
8.203625839087180793e-06 1.642248753341846168e-05 -3.384187721167108975e-06
1.540000653221795801e-06 5.869880169484531507e-06 1.163029901363188401e-05
9.452222911932040006e-06 9.143208444584161043e-06 1.390272791468305513e-05
1.427984443580498919e-05 -1.495378000981872901e-05 -2.706317354750353843e-05
-1.240640813193749636e-05 1.843134668888524175e-06 -3.665275244202348404e-06
1.399739403495914303e-06 -6.438238415285013616e-06 7.927417755126953125e-06
-5.025640803069109097e-06 7.828886623428843450e-07 1.208301000588107854e-05
-1.078710192814469337e-05 -8.379390237678308040e-06 9.021388791552453768e-07
7.236130841192789376e-06 1.727899325487669557e-05 2.323350372535060160e-06
-7.003936985938707949e-08 3.361175004101824015e-06 -6.535971806442830712e-06
1.094592448680486996e-06 -3.892165750585263595e-06 9.514606972516048700e-06
1.029473060043528676e-05 -3.707477162606664933e-06 -1.807129592634737492e-06
1.317170244874432683e-05 2.787929361147689633e-06 5.643068561766995117e-06
-2.041791503870626912e-06 6.176541319291573018e-06 7.457659194187726825e-06
4.724208338302560151e-06 -1.310825700784334913e-05 -5.159339707461185753e-06
-2.594437773950630799e-06 2.430448375889682211e-06 -3.022634928129264154e-06
-7.507133403805710259e-08 -1.011826589092379436e-05 6.945107998035382479e-06
-1.276636822922228021e-07 5.384221367421559989e-06 7.030743290670216084e-06
-1.872872189778718166e-06 -5.849132321600336581e-06 6.444575774366967380e-06
5.411913662101142108e-06 5.817001692776102573e-06 -2.612078446873056237e-07
8.171807166945654899e-06 5.509066340891877189e-06 -1.477096429880475625e-05
4.032848664792254567e-06 2.604655946925049648e-06 3.613129138102522120e-06
-1.115179998123494443e-06 -5.290808076097164303e-06 -1.631300438020844012e-05
-1.624958531465381384e-05 -3.031569576705805957e-06 -1.378030901832971722e-05
6.298977041296893731e-06 1.482026618759846315e-05 3.585741524148033932e-06
-2.516475205993629061e-06 3.957979970437008888e-06 1.064765547198476270e-05
2.460305267959483899e-06 -6.518811460409779102e-06 -5.173892077436903492e-06
2.652645434864098206e-06 -1.047480418492341414e-05 3.203417008990072645e-06
-7.823666237527504563e-06 -6.430455869121942669e-06 -7.624843419762328267e-06
1.038459595292806625e-05 9.783392670215107501e-06 4.077287030668230727e-06
-5.560983481700532138e-06 5.126408723299391568e-06 -8.493852874380536377e-06
-1.227734992426121607e-05 6.675452823401428759e-06 -2.628261881909566000e-06
8.272685590782202780e-06 5.057440830569248646e-06 -1.350605884908873122e-06
4.934356070407375228e-07 8.292429811262991279e-06 1.588502556160165113e-07
4.508638653533125762e-07 -9.661150215833913535e-06 -2.064908221655059606e-05
1.390622219332726672e-05 9.314532690041232854e-06 -1.793648607417708263e-06
-1.025730671244673431e-05 -7.637090675416402519e-06 1.317940586886834353e-05
6.235859927983256057e-06 9.947998478310182691e-06 1.698075175227131695e-05
-6.002795998938381672e-06 -1.382107348035788164e-05 -1.285925100091844797e-05
-5.435324510472128168e-07 -8.291770427604205906e-06 8.582025543546478730e-07
5.605842943623429164e-06 4.727555278805084527e-06 2.563658199505880475e-05
-5.258181772660464048e-06 -7.984343028510920703e-06 3.788741423704777844e-06
5.329204213921912014e-06 -1.252079346159007400e-05 -9.009999075715313666e-07
2.057608980976510793e-05 -9.692905223346315324e-06 1.081685604731319472e-05
-5.185318059375276789e-06 -2.049993236141745001e-05 3.752096290554618463e-06
1.070134931069333106e-05 -1.811025981623970438e-06 -5.970558504486689344e-06
3.315846015539136715e-06 1.192999843624420464e-05 1.027727466862415895e-05
2.557665720814839005e-05 -1.308238893216184806e-06 4.887106115347705781e-06
-1.171803251054370776e-05 -1.284552854485809803e-05 -7.294664101209491491e-06
8.509832696290686727e-06 6.429448603739729151e-06 -4.221049039188073948e-06
-7.907365784376452211e-07 1.114099632104625925e-05 5.384000814956380054e-06
7.213322987809078768e-06 -7.509926490456564352e-06 6.334269073704490438e-06
-7.537376859545474872e-06 9.234436220140196383e-07 3.571072511476813816e-06
-5.631300155073404312e-06 1.705247882455296349e-06 -1.310049100311516668e-07
-1.487102690589381382e-05 3.002045787070528604e-06 -1.048128797265235335e-05
-3.243019818910397589e-05 7.827441550034563988e-06 1.648038391977024730e-06
1.498543042544042692e-06 9.873024282569531351e-06 1.395945764670614153e-05
-7.039885531412437558e-06 -1.265399896510643885e-05 2.783812760753789917e-06
1.282422999793197960e-05 -1.849927116381877568e-06 1.175182387669337913e-05
2.168786159018054605e-05 -3.830255081993527710e-06 2.234899284303537570e-06
6.669352387689286843e-06 -2.733555902523221448e-06 -5.177342700335429981e-06
5.356917426979634911e-06 1.466449475628905930e-06 -4.031835942441830412e-06
-3.399817614990752190e-06 -7.024819296930218115e-06 -3.697248075695824809e-06
8.979152880783658475e-06 1.638831804484652821e-06 -1.557408722874242812e-05
1.002606131805805489e-05 -2.059843382085091434e-06 -8.603077731095254421e-06
-2.030128825936117209e-06 -2.751979809545446187e-05 9.028576641867402941e-06
-1.936400985869113356e-05 -5.545559815800515935e-06 4.273306785762542859e-06
1.106654599425382912e-05 -4.013632860733196139e-06 -6.831102837168145925e-06
4.068790985911618918e-06 9.598152246326208115e-07 1.515152689535170794e-05
-1.923893432831391692e-05 -1.379934747092192993e-05 3.804143034358276054e-06
-1.182811047328868881e-06 1.217486351379193366e-05 -6.173284873511875048e-06
-2.204191787313902751e-06 1.255799270438728854e-05 6.544294592458754778e-06
-1.522799448139267042e-05 2.420286591586773284e-06 1.507887191110057756e-06
2.263894458565118839e-07 1.901331415865570307e-05 5.357581358111929148e-06
6.648326234426349401e-06 -2.524715000618016347e-06 -1.627256210667837877e-06
6.037988441676134244e-06 1.677567161095794290e-05 1.981764944503083825e-05
-1.350687671219930053e-05 -2.022028093051631004e-05 1.027289454214042053e-05
-1.117364990932401270e-05 -6.806564670114312321e-06 -3.226946319045964628e-06
-2.255290200992021710e-05 -1.174485191768326331e-06 -8.180698387150187045e-06
-3.225035015930188820e-06 8.518892400388722308e-07 1.790695932868402451e-05
-2.072665438390686177e-06 -4.381838152767159045e-06 -6.657002131760236807e-07
-1.634952059248462319e-05 3.564656935850507580e-06 7.799604645697399974e-06
9.903154023049864918e-06 -1.107204388972604647e-05 5.107363904244266450e-06
6.058779945306014270e-06 8.120070560835301876e-06 -4.333958713687025011e-06
-4.935319793730741367e-06 -2.200641392846591771e-05 -6.680989827145822346e-06
-1.362770672130864114e-05 -1.197781057271640748e-05 8.049581083469092846e-06
3.465545887593179941e-05 1.439345214748755097e-05 -1.179267474071821198e-05
-4.365226686786627397e-06 1.373587679154297803e-06 -2.434502130199689418e-05
4.091468781552975997e-06 -1.792770603969984222e-06 -2.034639510384295136e-05
-7.441706770805467386e-07 -1.094931485567940399e-05 9.159985893347766250e-06
-5.686286385753192008e-06 9.045105798577424139e-06 -1.015968518913723528e-05
-3.773290018216357566e-06 5.888754003535723314e-06 -1.619698923605028540e-05
-1.227850248142203782e-06 5.600403255812125280e-06 9.568275345372967422e-06
