-2.314391359686851501e-02
-1.010777056217193604e-02
-4.189843311905860901e-02
-2.345969155430793762e-02
-2.395572140812873840e-02
-4.318694770336151123e-02
-3.761622309684753418e-02
6.699504703283309937e-02
-2.551173232495784760e-02
-2.298970706760883331e-02
-3.522305935621261597e-02
-2.708538621664047241e-02
-4.367776960134506226e-02
-2.625402621924877167e-02
-3.478901460766792297e-02
-4.309856891632080078e-02
-3.023261576890945435e-02
-3.113837540149688721e-02
-5.118669942021369934e-02
5.578492954373359680e-02
-2.178264781832695007e-02
-2.587379701435565948e-02
-3.279186785221099854e-02
-3.521457314491271973e-02
7.264417596161365509e-03
-2.208077348768711090e-02
-2.929695649072527885e-03
-4.373091086745262146e-02
7.055620104074478149e-02
-4.139678925275802612e-02
-2.444594167172908783e-02
-3.266111388802528381e-02
-1.947084628045558929e-02
-3.597929701209068298e-02
-3.593283519148826599e-02
-3.759385645389556885e-02
-3.623936697840690613e-02
-2.095869369804859161e-02
-2.537678927183151245e-02
-3.932859376072883606e-02
-3.273617476224899292e-02
-3.648781776428222656e-02
-4.784221947193145752e-02
-1.988438889384269714e-02
-5.218770727515220642e-02
-3.373422101140022278e-02
-3.631261736154556274e-02
-1.623333804309368134e-02
6.426855921745300293e-02
-2.478216588497161865e-02
-4.378761723637580872e-02
-2.089129760861396790e-02
3.505624085664749146e-02
7.892957655712962151e-04
-3.045066818594932556e-02
5.660363659262657166e-02
-3.033030033111572266e-02
1.662708446383476257e-02
5.150455981492996216e-02
-3.325366601347923279e-02
-3.034494444727897644e-02
-3.258487209677696228e-02
6.194504722952842712e-02
-2.466320991516113281e-02
-3.684182092547416687e-02
-2.945792116224765778e-02
-2.469726465642452240e-02
2.597364410758018494e-02
-2.465508691966533661e-02
-2.426021359860897064e-02
-4.302303865551948547e-02
-3.576687350869178772e-02
-3.589271754026412964e-02
-1.615722849965095520e-02
-2.246419526636600494e-02
-3.897715732455253601e-02
-4.520411044359207153e-02
-2.798498235642910004e-02
-3.206928074359893799e-02
6.506805121898651123e-02
-3.850236535072326660e-02
-2.820065617561340332e-02
5.109712854027748108e-02
-2.923055551946163177e-02
-2.616154588758945465e-02
-3.197391331195831299e-02
-3.679514303803443909e-02
6.202002987265586853e-02
-3.935954347252845764e-02
-2.269891649484634399e-02
-2.092447876930236816e-02
-3.590602055191993713e-02
-2.148243226110935211e-02
-1.824634149670600891e-02
4.903186112642288208e-02
-2.944684773683547974e-02
-3.769675269722938538e-02
6.222424656152725220e-02
4.762862622737884521e-02
-2.971984446048736572e-02
-3.049414604902267456e-02
-1.136057171970605850e-02
-4.566016793251037598e-02
-1.992332749068737030e-02
-3.714187443256378174e-02
-1.955482363700866699e-02
-2.704717405140399933e-02
6.350720673799514771e-02
2.275101281702518463e-02
-2.364329248666763306e-02
-2.820838429033756256e-02
-3.248268738389015198e-02
-2.402042783796787262e-02
-2.640623785555362701e-02
-5.640503019094467163e-03
5.829862132668495178e-02
5.384099110960960388e-02
-3.296154737472534180e-02
3.969398140907287598e-02
-1.244755554944276810e-02
-2.538931369781494141e-02
-3.688519075512886047e-02
-4.094242304563522339e-02
-2.489196509122848511e-02
-2.495009452104568481e-02
-3.479009121656417847e-02
1.670376770198345184e-02
-2.462865225970745087e-02
-3.034641034901142120e-02
-1.016741897910833359e-02
-2.064421214163303375e-02
-9.283090941607952118e-03
-3.105756454169750214e-02
-2.945657819509506226e-02
-3.287525102496147156e-02
-2.055996283888816833e-02
-1.355581078678369522e-02
-2.369833365082740784e-02
6.161200255155563354e-02
-3.056080080568790436e-02
-2.357777394354343414e-02
5.773602426052093506e-02
-3.355283662676811218e-02
-1.103028655052185059e-02
6.107710674405097961e-02
-6.538662593811750412e-03
-3.906986489892005920e-02
-2.341846562922000885e-02
-9.583984501659870148e-03
5.395849049091339111e-02
-2.582545392215251923e-02
-3.289401158690452576e-02
-2.233433537185192108e-02
-3.774224594235420227e-02
4.865248128771781921e-02
-3.880598396062850952e-02
-1.831157878041267395e-02
-4.362810775637626648e-02
6.707409024238586426e-02
1.054364908486604691e-02
6.070482358336448669e-02
5.908815935254096985e-02
-1.716976426541805267e-02
-2.580076269805431366e-02
-1.713703200221061707e-02
5.494860932230949402e-02
9.873563423752784729e-03
6.435643136501312256e-02
-3.613442927598953247e-02
3.457130491733551025e-02
-1.877734623849391937e-02
-2.809519693255424500e-02
-2.393339946866035461e-02
-2.335045859217643738e-02
-3.542464599013328552e-02
-1.847702451050281525e-02
-3.201683610677719116e-02
-2.826966531574726105e-02
-3.813515231013298035e-02
-1.879281736910343170e-02
-3.559489920735359192e-02
-3.396473452448844910e-02
-3.734377771615982056e-02
-2.893297560513019562e-02
-2.053557150065898895e-02
-2.258737944066524506e-02
-1.894957199692726135e-02
-3.088925033807754517e-02
-2.382910810410976410e-02
-3.674587607383728027e-02
-3.072571568191051483e-02
-2.049018815159797668e-02
-5.871577188372612000e-03
-2.637180685997009277e-02
-3.082836978137493134e-02
-2.150019258260726929e-02
6.425361335277557373e-02
-3.301116824150085449e-02
-2.912417985498905182e-02
-4.606621712446212769e-02
-4.413021355867385864e-02
-1.269631832838058472e-02
-3.161386772990226746e-02
-2.298708073794841766e-02
-5.010977387428283691e-03
-2.208540402352809906e-02
-2.866914123296737671e-02
4.748815204948186874e-03
-2.257496677339076996e-02
-3.083054907619953156e-02
-3.428347036242485046e-02
-2.213450148701667786e-02
-3.631748631596565247e-02
-3.955984860658645630e-02
-3.638806194067001343e-02
-2.302212640643119812e-02
-2.008314989507198334e-02
4.843927919864654541e-02
5.035847797989845276e-02
-4.337674379348754883e-02
-3.395285457372665405e-02
-3.642637655138969421e-02
-2.766602113842964172e-02
6.152486056089401245e-02
-1.988271065056324005e-02
