9.385006874799728394e-02 -1.763951219618320465e-02 -1.906953006982803345e-02 -9.113419055938720703e-02 7.794617116451263428e-02 -4.869762808084487915e-02 -6.662737578153610229e-02 -5.869909003376960754e-02 -2.420232445001602173e-02 -3.763088583946228027e-02
8.426687866449356079e-02 -7.080362737178802490e-02 -3.011346049606800079e-02 -1.024112626910209656e-01 -7.142942398786544800e-02 9.170908480882644653e-02 1.477333949878811836e-03 -4.973997175693511963e-02 -6.023449078202247620e-02 -4.483753815293312073e-02
-1.646883785724639893e-02 -8.523418800905346870e-04 -5.134968832135200500e-02 -1.085945591330528259e-01 -3.311197087168693542e-02 -4.599924199283123016e-03 -4.867046605795621872e-03 7.958794385194778442e-02 -5.514518544077873230e-02 -4.542027413845062256e-02
-5.969490483403205872e-02 -4.220312088727951050e-02 -1.001192852854728699e-01 -3.019421361386775970e-02 -7.737602293491363525e-02 -3.922444209456443787e-02 1.009533628821372986e-01 1.701184660196304321e-01 -7.172457873821258545e-02 -1.109153181314468384e-01
-5.616063997149467468e-02 -3.549841046333312988e-02 -6.414335966110229492e-02 -7.287927716970443726e-02 -6.245221197605133057e-02 -8.785188198089599609e-02 -3.716789186000823975e-02 -2.457434870302677155e-02 -1.815908960998058319e-02 -1.823261566460132599e-02
-2.740959823131561279e-02 1.729547977447509766e-02 -6.190475821495056152e-02 -4.571386799216270447e-02 -1.198081970214843750e-01 -1.313683688640594482e-01 -3.677851334214210510e-02 -1.268226802349090576e-01 2.048982121050357819e-02 2.822157740592956543e-01
-2.148211002349853516e-02 6.264273077249526978e-02 -7.488758116960525513e-02 -8.139365911483764648e-02 -3.395779058337211609e-03 -1.005482953041791916e-02 -9.150469303131103516e-02 2.055103331804275513e-02 -4.964973777532577515e-02 -3.432459384202957153e-02
-7.862957194447517395e-03 -2.682773396372795105e-02 -4.411932826042175293e-02 -4.921160265803337097e-02 -4.135584831237792969e-02 -1.865518279373645782e-02 -2.382385544478893280e-02 2.989691309630870819e-02 -3.404688090085983276e-02 -3.257126361131668091e-02
-6.789752840995788574e-02 -3.955392166972160339e-02 -5.061199888586997986e-03 8.903786540031433105e-03 2.562025785446166992e-01 -9.306857734918594360e-02 -9.155002981424331665e-02 -5.574297532439231873e-02 -5.877459421753883362e-02 -1.493777632713317871e-01
-1.864376664161682129e-02 -4.405611194670200348e-03 -8.244661241769790649e-02 -1.735682226717472076e-02 -3.849000856280326843e-02 -2.222669869661331177e-02 -2.071487344801425934e-02 3.830235078930854797e-02 -3.419864550232887268e-02 -2.734488993883132935e-02
1.269869692623615265e-02 -5.697439238429069519e-02 -1.818170212209224701e-02 -9.992317110300064087e-02 -1.408648025244474411e-02 -1.565904542803764343e-02 -1.086606737226247787e-02 3.212950006127357483e-02 8.591294172219932079e-04 -2.984210103750228882e-02
-2.615270204842090607e-02 -1.193788647651672363e-02 -1.735339500010013580e-02 -5.663236230611801147e-02 -4.535679891705513000e-02 1.396309002302587032e-03 -1.799171417951583862e-02 -1.405388955026865005e-02 -1.308424584567546844e-02 -1.525235921144485474e-02
2.380936965346336365e-02 -6.961220502853393555e-02 -1.222938671708106995e-02 -1.516969203948974609e-01 -1.477857120335102081e-02 -9.163798764348030090e-03 -8.099875412881374359e-03 -4.924284294247627258e-02 -1.995254680514335632e-02 -3.552586212754249573e-02
-9.487159550189971924e-02 -1.085518598556518555e-01 -3.800863027572631836e-02 1.642368175089359283e-02 -6.342156976461410522e-02 6.109032407402992249e-02 -2.417720854282379150e-02 -5.377163365483283997e-02 -3.120543062686920166e-02 -3.402946889400482178e-02
5.264253914356231689e-02 -1.066325791180133820e-02 -6.309787929058074951e-02 -9.493490308523178101e-02 8.496615290641784668e-02 -1.024513989686965942e-01 -9.013215452432632446e-02 3.276681154966354370e-02 -1.463212519884109497e-01 2.669196203351020813e-02
8.932380937039852142e-03 -6.217178702354431152e-02 -2.960393438115715981e-03 -2.869227714836597443e-02 1.447650231420993805e-02 -7.969513535499572754e-02 3.126058727502822876e-02 -5.052872374653816223e-02 -3.138709068298339844e-02 -5.978014320135116577e-02
2.190836705267429352e-02 -1.950473524630069733e-02 -4.728651046752929688e-02 -1.225154548883438110e-01 -3.727351082488894463e-03 1.209042593836784363e-01 -1.091158539056777954e-01 -4.256713017821311951e-02 -5.342703312635421753e-02 -3.125895932316780090e-02
-2.910507842898368835e-02 -7.134534418582916260e-02 -3.574353083968162537e-02 3.289368748664855957e-02 -2.316866815090179443e-02 -5.762311071157455444e-02 1.527851354330778122e-02 -6.538937985897064209e-02 -3.425861522555351257e-02 -4.290653765201568604e-02
-1.011851355433464050e-01 6.002681329846382141e-02 -3.195836767554283142e-02 4.196212440729141235e-02 7.930215448141098022e-03 1.132620312273502350e-02 -9.043010324239730835e-02 -4.473616927862167358e-02 -5.956180766224861145e-02 -4.581123590469360352e-02
-1.106553152203559875e-02 -4.284253343939781189e-03 -1.706636138260364532e-02 -1.899550668895244598e-02 -2.003430156037211418e-03 -5.218599736690521240e-02 -2.869617380201816559e-02 -7.048176974058151245e-02 -5.437367781996726990e-02 -9.053046815097332001e-03
-3.563752770423889160e-02 -4.464982450008392334e-02 -4.597027972340583801e-02 -4.562428221106529236e-02 -6.168830394744873047e-02 -9.798483550548553467e-02 -2.289274707436561584e-02 -2.638189122080802917e-02 -1.526547595858573914e-02 -1.784724369645118713e-02
1.716127432882785797e-02 -7.818508148193359375e-02 -5.820263922214508057e-02 4.823591443710029125e-04 -4.834156110882759094e-02 -2.899635955691337585e-02 -7.607946638017892838e-03 -4.750142991542816162e-02 -3.252536058425903320e-02 -3.367127478122711182e-02
-1.618746481835842133e-02 3.122699819505214691e-02 -3.402080014348030090e-02 -9.126937016844749451e-03 -5.342195928096771240e-02 -1.064285710453987122e-01 -4.298838600516319275e-02 -2.744652330875396729e-02 3.731764620169997215e-03 2.886252291500568390e-02
-4.308225959539413452e-02 -1.582259312272071838e-02 -2.402608096599578857e-02 7.827192544937133789e-03 1.126372292637825012e-01 -6.290262937545776367e-02 -9.042444825172424316e-02 -3.226749598979949951e-02 -5.036986619234085083e-02 -6.442654877901077271e-02
6.346585601568222046e-02 -4.448850452899932861e-02 6.797925382852554321e-02 -8.591914549469947815e-03 -6.632403284311294556e-02 -1.718979328870773315e-01 -6.438426207751035690e-04 -4.158831434324383736e-04 2.698405832052230835e-02 -3.602233156561851501e-02
-4.910513758659362793e-02 -3.742159903049468994e-02 -4.275317117571830750e-02 -7.368565350770950317e-02 -5.191276967525482178e-02 -8.253982663154602051e-02 -3.087042830884456635e-02 -2.278355509042739868e-02 -1.796084083616733551e-02 -1.843620464205741882e-02
-4.915486648678779602e-02 9.862804785370826721e-03 2.633572928607463837e-02 -6.418173760175704956e-02 -5.382458865642547607e-02 -1.831635534763336182e-01 -6.808096915483474731e-02 2.813227660953998566e-02 9.624180197715759277e-02 7.911298424005508423e-02
3.899375442415475845e-03 -5.963563546538352966e-02 1.579735241830348969e-02 -1.181262060999870300e-01 2.749419957399368286e-02 3.648715093731880188e-02 -4.807920008897781372e-02 -5.705384537577629089e-02 -2.191541530191898346e-02 -5.500596016645431519e-02
-7.200935482978820801e-02 3.037495166063308716e-02 -1.355066802352666855e-02 1.771713979542255402e-02 2.701761014759540558e-02 -1.115835364907979965e-02 -7.733916863799095154e-03 1.339031010866165161e-02 -4.839132353663444519e-02 -1.235464811325073242e-01
2.906627580523490906e-02 -6.356321275234222412e-02 -3.627964481711387634e-02 -1.320022437721490860e-02 -4.151228815317153931e-02 -4.279026389122009277e-02 2.382399700582027435e-02 7.115146145224571228e-03 -6.500751525163650513e-02 -6.369014829397201538e-02
-2.673786319792270660e-02 -2.658616565167903900e-02 6.160818040370941162e-03 -1.163041964173316956e-02 -3.540482372045516968e-02 -4.417366907000541687e-02 -2.894491516053676605e-02 -2.917610853910446167e-02 -1.310087833553552628e-02 -2.280307002365589142e-02
-5.955850332975387573e-02 -2.508371695876121521e-02 4.816513881087303162e-02 -3.467478230595588684e-02 -6.008872017264366150e-02 1.906067878007888794e-02 -3.952082991600036621e-02 -2.570728212594985962e-02 -3.293890133500099182e-02 -3.301375731825828552e-02
-6.449725478887557983e-02 -3.003316558897495270e-02 6.392640061676502228e-04 -4.490090161561965942e-02 -1.742554642260074615e-02 -6.609261035919189453e-02 6.046976149082183838e-02 -1.893240027129650116e-02 1.426388043910264969e-02 -9.094909764826297760e-03
-4.577436298131942749e-02 4.752837494015693665e-02 -1.188667640089988708e-01 -6.997135281562805176e-02 2.609646180644631386e-03 -1.038335636258125305e-02 -3.523590043187141418e-02 3.720117732882499695e-02 -3.941542282700538635e-02 -2.657616883516311646e-02
-4.344435408711433411e-02 -4.401278123259544373e-02 -1.644981838762760162e-02 -1.267258077859878540e-02 -1.051678508520126343e-01 -7.933361828327178955e-02 -5.849602632224559784e-03 -1.466438081115484238e-02 5.659597367048263550e-02 -1.091016177088022232e-02
1.410011500120162964e-01 -5.364607647061347961e-02 -3.860764577984809875e-02 -8.469474315643310547e-02 -3.342543262988328934e-03 -4.191463068127632141e-02 -3.847827017307281494e-02 -8.848817646503448486e-02 -5.338260158896446228e-02 -3.596407175064086914e-02
-2.976950258016586304e-02 -1.442598458379507065e-02 -6.569723784923553467e-02 1.613366603851318359e-02 -2.212326787412166595e-02 -9.826739551499485970e-05 -8.705880492925643921e-02 -4.884863272309303284e-02 -2.519813738763332367e-02 -2.476571872830390930e-02
5.942069459706544876e-03 -6.170704215764999390e-02 -7.301072776317596436e-02 -1.037655770778656006e-02 -5.518523231148719788e-02 -1.549744140356779099e-02 -3.209299594163894653e-02 -3.900554776191711426e-02 -2.534498646855354309e-02 -2.640729211270809174e-02
-2.440883405506610870e-02 -4.035026580095291138e-02 -4.880621284246444702e-02 -5.586360394954681396e-02 -4.839921370148658752e-02 -4.189981520175933838e-02 -3.686521202325820923e-02 -2.871173620223999023e-02 -1.472358871251344681e-02 -1.616130955517292023e-02
-1.055211108177900314e-02 -2.346203662455081940e-02 -1.726992987096309662e-02 -4.871461540460586548e-03 -5.349734798073768616e-02 2.504200302064418793e-02 -2.868761867284774780e-02 -4.013884812593460083e-02 -1.160167623311281204e-02 -3.353995457291603088e-02
-4.439219832420349121e-02 -5.787104740738868713e-02 8.156746625900268555e-03 -6.732655316591262817e-02 -7.188353687524795532e-02 3.254307806491851807e-02 -1.321695162914693356e-03 -1.485108770430088043e-02 -4.442167002707719803e-03 -2.259595319628715515e-02
3.826808556914329529e-02 -7.499735802412033081e-02 -3.069727495312690735e-02 -9.503494948148727417e-02 -3.494419157505035400e-02 3.060115559492260218e-04 -3.940409421920776367e-02 -6.047285720705986023e-02 -1.966380141675472260e-02 -2.734689973294734955e-02
-7.686726003885269165e-02 1.320131029933691025e-02 7.580585777759552002e-03 -4.751342907547950745e-02 2.304630540311336517e-02 -5.819383263587951660e-02 -7.688756287097930908e-02 2.089297771453857422e-02 -8.032820373773574829e-02 -1.501552294939756393e-02
-1.786540821194648743e-02 2.416498027741909027e-02 1.714727729558944702e-01 -9.762071073055267334e-02 -1.027297526597976685e-01 -3.681584447622299194e-02 -7.596661150455474854e-02 9.405788034200668335e-03 -7.627560198307037354e-02 -1.893132925033569336e-02
-1.798384590074419975e-03 -1.833108440041542053e-02 -6.858017295598983765e-02 -6.429508328437805176e-02 -5.476044863462448120e-02 -6.039523705840110779e-02 -1.795509015209972858e-03 2.376711927354335785e-02 -5.017313361167907715e-02 -2.001214073970913887e-03
-1.393850427120923996e-03 -2.549975179135799408e-02 -6.432612240314483643e-02 -9.464250504970550537e-02 -1.527280360460281372e-02 3.381467610597610474e-02 -3.003361448645591736e-02 -3.050778433680534363e-02 -2.094343118369579315e-02 -2.259209938347339630e-02
-5.656210333108901978e-02 -8.425710722804069519e-03 -1.189406495541334152e-02 2.424002438783645630e-02 -2.774551510810852051e-02 -6.113138794898986816e-02 -2.612994797527790070e-02 -4.379910230636596680e-02 -3.343221172690391541e-02 -2.933326736092567444e-02
-3.689621016383171082e-02 3.462000517174601555e-03 -5.760287493467330933e-02 1.368690431118011475e-01 -8.974132686853408813e-02 -1.428499966859817505e-01 -2.426034212112426758e-02 -1.309972722083330154e-02 -1.529424823820590973e-02 3.700593113899230957e-02
-6.639907509088516235e-02 -2.595964819192886353e-02 -2.165915258228778839e-02 -3.233532607555389404e-02 -1.253216713666915894e-02 -3.367459774017333984e-02 -3.000833839178085327e-02 -1.611153967678546906e-02 1.271016616374254227e-02 6.218129768967628479e-03
-1.962060481309890747e-02 -1.716884784400463104e-02 -1.671480387449264526e-02 -5.072261020541191101e-02 -3.696953505277633667e-02 -7.210173457860946655e-02 5.289713386446237564e-03 -2.462980570271611214e-03 2.690280228853225708e-02 -3.698046132922172546e-02
-1.181301474571228027e-01 -3.034857474267482758e-02 4.950432106852531433e-02 1.241718232631683350e-02 -4.821302369236946106e-02 2.872818894684314728e-02 -2.795257419347763062e-02 -1.580473221838474274e-02 -4.156619310379028320e-02 -3.785239532589912415e-02
8.929198607802391052e-03 -8.149659633636474609e-02 -3.235657885670661926e-02 -1.404822021722793579e-01 -4.569799825549125671e-02 -1.090177819132804871e-01 -2.736400626599788666e-02 7.010997273027896881e-03 2.594366073608398438e-01 -7.119961082935333252e-02
-2.398379892110824585e-02 -1.072575896978378296e-01 5.168953537940979004e-02 2.644161880016326904e-02 4.124393314123153687e-02 9.416417777538299561e-02 -4.021714627742767334e-02 -7.957304269075393677e-02 -4.680434614419937134e-02 -5.661245435476303101e-02
-4.640210047364234924e-02 9.219484776258468628e-02 8.008436113595962524e-02 -4.942668601870536804e-02 1.303698867559432983e-01 -8.713178336620330811e-02 -1.057838201522827148e-01 -8.914254605770111084e-02 -1.151309534907341003e-01 -1.273996978998184204e-01
-5.082351341843605042e-02 -4.225441068410873413e-02 -8.120503276586532593e-02 2.817821502685546875e-01 3.146271407604217529e-02 -1.524960547685623169e-01 -5.399121716618537903e-02 -3.150054067373275757e-02 -9.207937866449356079e-02 -6.277772039175033569e-02
-2.261403575539588928e-02 2.157394774258136749e-04 -2.125992998480796814e-02 -2.294064324814826250e-05 -4.259850829839706421e-02 -5.586284399032592773e-02 -8.495884016156196594e-03 -5.544607713818550110e-02 -1.104414928704500198e-02 -7.232151459902524948e-03
-5.895111709833145142e-02 -4.143740236759185791e-02 -6.289502233266830444e-02 -2.286072820425033569e-03 -5.651040002703666687e-02 -3.994649276137351990e-03 -4.787874966859817505e-02 -3.109361976385116577e-02 -2.026294358074665070e-02 -2.293490432202816010e-02
1.951700896024703979e-01 1.618189960718154907e-01 2.371116876602172852e-01 2.622571885585784912e-01 2.390915751457214355e-01 3.631166219711303711e-01 1.033266931772232056e-01 1.069469749927520752e-01 5.539742484688758850e-02 6.951759755611419678e-02
7.128126174211502075e-02 -3.057712130248546600e-02 -2.789352275431156158e-02 -8.733059465885162354e-02 -1.451242063194513321e-02 -2.730923704802989960e-02 -5.957687646150588989e-02 1.025422662496566772e-02 -3.433762490749359131e-02 -2.803433127701282501e-02
-6.761106848716735840e-02 6.764314137399196625e-03 4.318058863282203674e-02 -3.768157586455345154e-02 -2.114346623420715332e-02 -7.887915521860122681e-02 -5.421777442097663879e-02 -1.382502447813749313e-02 2.566206082701683044e-02 -8.658115752041339874e-03
4.903436638414859772e-03 -1.128134317696094513e-02 -1.075768843293190002e-01 8.581482805311679840e-03 -8.281617425382137299e-03 -4.632298648357391357e-02 -8.092488348484039307e-02 -2.705179899930953979e-02 -3.012369014322757721e-02 -2.199109271168708801e-02
-5.690472200512886047e-02 1.791327260434627533e-02 4.066026210784912109e-02 -1.026395149528980255e-02 -6.015319749712944031e-02 -7.037773728370666504e-02 -4.593091458082199097e-02 -1.377881690859794617e-02 -3.573412820696830750e-02 -2.277158759534358978e-02
-2.893233671784400940e-02 -1.617883332073688507e-03 -5.800411850214004517e-02 6.499572657048702240e-03 -3.684029728174209595e-02 -1.554586342535912991e-03 -1.581593602895736694e-02 -1.858427561819553375e-02 -5.887368321418762207e-02 -3.318846970796585083e-02
-4.799287021160125732e-02 -4.134969785809516907e-02 -5.088410899043083191e-02 -7.761445641517639160e-02 -6.132835149765014648e-02 -9.630597382783889771e-02 -2.548974007368087769e-02 -2.475025504827499390e-02 -1.754027977585792542e-02 -1.887946762144565582e-02
5.093111470341682434e-02 -4.804407432675361633e-02 -4.625583440065383911e-02 3.448483720421791077e-02 -6.858060508966445923e-02 -8.295691758394241333e-02 -2.377896755933761597e-02 -5.273538827896118164e-02 -1.698336377739906311e-02 -3.268689289689064026e-02
-3.589456900954246521e-02 -1.859425567090511322e-02 -7.552388310432434082e-02 -9.531990438699722290e-02 -8.634385466575622559e-02 -1.317811757326126099e-01 1.286440342664718628e-02 -5.973227787762880325e-03 2.111007869243621826e-01 -5.904039740562438965e-02
-7.036770135164260864e-02 6.145202741026878357e-02 -9.033333510160446167e-02 -1.132028922438621521e-01 -1.975976489484310150e-02 -7.512063533067703247e-02 -2.828031964600086212e-02 -1.868709176778793335e-02 8.716224879026412964e-02 5.804905667901039124e-02
1.197939962148666382e-01 -7.986392825841903687e-02 1.667065918445587158e-01 9.925639629364013672e-02 -3.976427763700485229e-02 2.863581990823149681e-03 8.420298248529434204e-02 4.752668365836143494e-02 5.058363452553749084e-02 6.419483572244644165e-02
-7.602003961801528931e-02 -2.430689521133899689e-02 1.143685542047023773e-02 -1.814096234738826752e-02 -3.288062289357185364e-02 -5.536223202943801880e-02 1.550858002156019211e-02 -1.271124370396137238e-02 4.734045360237360001e-03 -1.602668501436710358e-02
-1.801866851747035980e-02 7.837022840976715088e-02 -6.013944372534751892e-02 2.214930020272731781e-03 3.049286780878901482e-03 -1.172077432274818420e-01 -4.413490742444992065e-02 -1.243076939135789871e-02 -1.009636968374252319e-01 -5.470259487628936768e-02
-1.609731093049049377e-02 3.219059482216835022e-02 -8.577729761600494385e-02 -1.161530911922454834e-01 -2.618805877864360809e-02 -5.546754226088523865e-02 -2.023574151098728180e-02 1.709708943963050842e-02 6.449425127357244492e-03 2.635774947702884674e-02
-2.212870121002197266e-02 1.905396394431591034e-02 -1.079423874616622925e-01 1.694056205451488495e-02 -2.156236022710800171e-02 3.731861012056469917e-03 -1.930662803351879120e-02 3.092942293733358383e-03 -5.543899163603782654e-02 -4.237237200140953064e-02
-5.578378215432167053e-03 1.038452889770269394e-02 -4.010895639657974243e-02 2.357520163059234619e-02 -4.064498096704483032e-02 -3.516249731183052063e-02 -4.222302883863449097e-02 -5.838463455438613892e-02 -2.012233994901180267e-02 -2.311832085251808167e-02
-5.712911114096641541e-02 -3.411201760172843933e-02 3.597745299339294434e-02 -2.267045527696609497e-02 -3.798239678144454956e-02 -5.224085226655006409e-02 -5.183054134249687195e-03 -2.318158745765686035e-02 -3.758872160688042641e-03 -1.767364889383316040e-02
-4.819123074412345886e-02 -3.994528204202651978e-02 -5.806878954172134399e-02 -7.605587691068649292e-02 -6.072235479950904846e-02 -1.008570641279220581e-01 -3.364993631839752197e-02 -2.549842372536659241e-02 -1.765256933867931366e-02 -1.927919127047061920e-02
6.124763190746307373e-02 -6.550490111112594604e-02 -3.260844573378562927e-02 -5.417110398411750793e-02 1.095157675445079803e-02 -7.158249616622924805e-02 -4.501064866781234741e-02 -7.953473366796970367e-03 -3.819733485579490662e-02 -1.173288561403751373e-02
6.897111888974905014e-03 2.846944145858287811e-03 -2.958804927766323090e-02 -1.068703010678291321e-01 7.675274461507797241e-02 -3.777384757995605469e-02 -8.668928593397140503e-02 -6.393741816282272339e-03 -6.832172721624374390e-02 -5.427048355340957642e-02
-6.476239860057830811e-02 -1.154742110520601273e-02 -4.238547384738922119e-02 9.414388914592564106e-04 -4.068982973694801331e-02 -4.329447448253631592e-02 -2.784224785864353180e-02 -3.045384027063846588e-02 -2.139478176832199097e-02 -1.944458112120628357e-02
1.528525608591735363e-03 9.225227870047092438e-03 -4.011816903948783875e-02 -3.573782742023468018e-03 1.353958994150161743e-02 -2.148989960551261902e-02 -3.851186484098434448e-02 -5.648014694452285767e-02 -3.062029741704463959e-02 -3.066792711615562439e-02
-5.549122020602226257e-02 -6.010879296809434891e-04 -7.501240074634552002e-02 -4.081645980477333069e-02 -3.925376385450363159e-02 -3.531799837946891785e-02 4.851792380213737488e-02 -7.934769243001937866e-02 4.973149672150611877e-02 1.734375581145286560e-02
-1.509194634854793549e-02 1.332099270075559616e-02 -1.638317853212356567e-02 2.029279246926307678e-02 -1.303197629749774933e-02 -3.406163305044174194e-02 -8.698016405105590820e-02 -5.899885296821594238e-02 -3.235754370689392090e-02 -2.815035358071327209e-02
-4.879935085773468018e-02 3.289151936769485474e-02 -4.141734167933464050e-02 -8.041080832481384277e-02 -1.333266030997037888e-02 -8.982558734714984894e-03 -7.222015410661697388e-02 1.344614848494529724e-02 -3.108415380120277405e-02 -6.557195913046598434e-03
-3.836754336953163147e-02 -1.012593973428010941e-02 -1.636054366827011108e-02 6.498033646494150162e-03 -1.694054529070854187e-02 -3.590427711606025696e-02 -3.474337607622146606e-02 -2.513127401471138000e-02 -5.577643215656280518e-02 -3.210461139678955078e-02
-6.446507573127746582e-02 -1.980820856988430023e-02 -3.339790925383567810e-02 4.553570970892906189e-02 -1.015055458992719650e-02 3.768730442970991135e-03 -3.089101612567901611e-02 -5.488342791795730591e-02 -3.660271689295768738e-02 -2.830684743821620941e-02
-5.662485212087631226e-02 -1.222345791757106781e-02 7.204761356115341187e-02 -1.112854480743408203e-01 -1.278343796730041504e-02 -2.008381672203540802e-02 -4.278118163347244263e-02 7.459840271621942520e-03 3.661918640136718750e-02 2.510037971660494804e-03
-2.817104570567607880e-02 2.535941451787948608e-02 -6.138415774330496788e-04 -1.729435287415981293e-02 6.179367192089557648e-03 -6.427220255136489868e-02 -4.655149951577186584e-02 -5.161697044968605042e-02 -2.920363470911979675e-02 -1.607947982847690582e-02
1.324386149644851685e-02 -1.154461130499839783e-02 -8.620483428239822388e-02 3.439800580963492393e-03 -3.457171143963932991e-03 -4.524186719208955765e-03 -5.996418371796607971e-02 -3.607467561960220337e-02 -3.244604915380477905e-02 -2.897305227816104889e-02
-1.377830803394317627e-01 -2.858979441225528717e-02 -8.908065967261791229e-03 -3.565950691699981689e-02 -3.989040479063987732e-02 3.755891695618629456e-02 2.531411685049533844e-02 -2.096359618008136749e-02 8.549798280000686646e-02 5.143163725733757019e-02
-2.897978201508522034e-02 -9.103586897253990173e-03 -9.653773158788681030e-02 -3.250665962696075439e-02 -8.040481247007846832e-03 -9.716406464576721191e-03 -3.758909553289413452e-02 -4.113968461751937866e-03 -2.514328621327877045e-02 -2.263636328279972076e-02
7.833857834339141846e-02 -1.166420429944992065e-01 -3.084870986640453339e-02 -9.549395740032196045e-02 -3.022553399205207825e-03 -3.083073720335960388e-02 1.093779690563678741e-02 -4.284298047423362732e-02 -3.707339987158775330e-02 -4.436344280838966370e-02
-3.234120458364486694e-02 6.598468869924545288e-02 2.531592734158039093e-02 -1.597452536225318909e-02 -4.735333099961280823e-02 -4.206044599413871765e-02 -5.881447717547416687e-02 5.397024564445018768e-03 -1.005370318889617920e-01 -6.631866097450256348e-02
3.500890731811523438e-02 -3.138109296560287476e-02 -2.133340947329998016e-02 -6.975626945495605469e-02 -3.008590824902057648e-02 -6.259252782911062241e-03 -1.693711988627910614e-02 -7.237347960472106934e-02 -3.501393273472785950e-02 -4.095365852117538452e-02
-4.727425053715705872e-02 -3.201025351881980896e-02 -5.730654671788215637e-02 -8.070621639490127563e-02 -5.455720797181129456e-02 -9.309361875057220459e-02 -3.160765022039413452e-02 -1.832588762044906616e-02 -1.549656037241220474e-02 -1.834458485245704651e-02
1.046541109681129456e-01 -3.346789628267288208e-02 -7.661881297826766968e-02 -7.164546847343444824e-02 -4.403840377926826477e-02 -6.294668465852737427e-02 8.960277587175369263e-02 -1.209043245762586594e-02 -6.276841461658477783e-02 -2.823626436293125153e-02
-5.998265743255615234e-02 -5.249813199043273926e-02 4.326037317514419556e-02 2.008084394037723541e-02 -1.176630109548568726e-01 2.750029973685741425e-02 -4.888604953885078430e-02 8.685325272381305695e-03 -2.057646168395876884e-03 2.851851098239421844e-02
-7.162106782197952271e-02 -4.145614430308341980e-02 4.632825031876564026e-02 -5.129520595073699951e-02 6.149732973426580429e-03 -2.348603121936321259e-02 -3.742545470595359802e-02 -8.327063173055648804e-03 -1.242893654853105545e-02 -1.782967895269393921e-02
1.267154812812805176e-01 -3.421995788812637329e-02 -9.250546246767044067e-02 -1.997538097202777863e-02 6.135955918580293655e-03 -4.519436135888099670e-02 -4.632936790585517883e-02 -1.558669190853834152e-02 -8.640846610069274902e-02 -4.035155475139617920e-02
-1.543116196990013123e-02 4.416749626398086548e-02 -1.464470010250806808e-02 -6.457736715674400330e-03 -2.940815687179565430e-02 -4.304651170969009399e-02 -4.394681751728057861e-02 -7.845813781023025513e-02 -1.426281500607728958e-02 9.205128997564315796e-03
-2.331717610359191895e-01 7.270273286849260330e-03 -4.247346147894859314e-02 1.798109523952007294e-02 -3.256480768322944641e-02 4.946482181549072266e-02 3.789782151579856873e-02 1.928374357521533966e-02 3.438244760036468506e-02 1.775503391399979591e-03
-5.051278322935104370e-02 -3.829108178615570068e-02 -3.866451978683471680e-02 2.354636043310165405e-02 -7.641874253749847412e-02 1.428332878276705742e-03 -1.974974386394023895e-02 -3.645914047956466675e-02 -2.306315489113330841e-02 -2.844666317105293274e-02
3.830492496490478516e-02 -5.077114328742027283e-02 -2.345205284655094147e-02 -9.143736958503723145e-02 1.887964271008968353e-02 -3.247965872287750244e-02 -2.952685207128524780e-02 -5.090051516890525818e-02 -3.070688433945178986e-02 -4.160740971565246582e-02
-7.614470273256301880e-02 -7.013510912656784058e-02 -3.881012275815010071e-02 -2.649176865816116333e-02 2.027265876531600952e-01 -7.198017835617065430e-02 5.815893784165382385e-02 -6.041123066097497940e-03 -3.588883206248283386e-02 -1.008501201868057251e-01
-3.564258292317390442e-02 3.561315825209021568e-03 -7.297226693481206894e-03 -9.373799897730350494e-03 1.520521752536296844e-02 1.227615214884281158e-02 -1.134423539042472839e-01 -5.489503219723701477e-02 -3.482399508357048035e-02 -3.790124133229255676e-02
-6.121437251567840576e-02 -2.728396281599998474e-02 1.661852747201919556e-02 -4.567723348736763000e-02 -4.653206840157508850e-02 4.077187273651361465e-03 -1.689006574451923370e-02 1.043504662811756134e-02 -1.816606894135475159e-02 -1.288467738777399063e-02
3.446637839078903198e-02 1.693021273240447044e-03 -5.688283964991569519e-02 -6.234283372759819031e-02 -3.579962998628616333e-03 -1.140206959098577499e-02 -2.794345375150442123e-03 -4.342502355575561523e-02 -5.340319499373435974e-02 -5.128318443894386292e-02
-3.434814512729644775e-02 -4.903529584407806396e-02 -6.088326498866081238e-02 -8.453554660081863403e-02 -4.145937040448188782e-02 -3.855902329087257385e-02 1.101891919970512390e-01 -2.512868493795394897e-02 -7.732415688224136829e-04 -7.302788551896810532e-03
-2.245622687041759491e-02 -1.727697625756263733e-02 -7.018145918846130371e-02 -5.386549979448318481e-03 -2.583556994795799255e-02 -1.434200350195169449e-02 -5.138881877064704895e-02 -3.010321967303752899e-02 -1.804077439010143280e-02 -1.540866028517484665e-02
-3.156347200274467468e-02 -1.433137059211730957e-02 7.800810504704713821e-03 -9.636190719902515411e-03 -3.328026086091995239e-02 -2.710391767323017120e-02 -4.633324220776557922e-02 -5.299091339111328125e-03 -3.897701948881149292e-02 1.457183854654431343e-03
1.016102265566587448e-02 -1.090552359819412231e-01 -7.187100499868392944e-02 8.057775348424911499e-02 -1.105717271566390991e-01 1.540844142436981201e-02 -2.236918732523918152e-02 2.628966607153415680e-02 1.562018226832151413e-02 1.814846508204936981e-02
2.446809411048889160e-02 -2.167883329093456268e-02 -5.255087465047836304e-02 -2.415852807462215424e-02 -1.492589712142944336e-03 -3.049938194453716278e-02 -6.822553277015686035e-02 -2.436986006796360016e-02 -3.054503910243511200e-02 -1.851520314812660217e-02
-1.729443669319152832e-02 -3.431953862309455872e-02 -6.695870310068130493e-02 2.214449830353260040e-02 -6.399641931056976318e-02 -3.296034783124923706e-02 -2.567431330680847168e-02 -4.409256577491760254e-02 -2.200890146195888519e-02 -2.415554411709308624e-02
-2.794062718749046326e-02 -2.188981976360082626e-03 3.002338483929634094e-02 -3.671624138951301575e-02 -8.622344583272933960e-02 -2.669864706695079803e-02 -2.156192809343338013e-02 -1.332748122513294220e-02 -1.362823601812124252e-02 -2.995323948562145233e-02
-4.746028035879135132e-02 6.224406883120536804e-03 2.808504039421677589e-03 -2.897902578115463257e-02 -3.684947267174720764e-02 6.425390392541885376e-02 -3.412592038512229919e-02 -9.659428149461746216e-03 -2.468207851052284241e-02 -1.487449277192354202e-02
-2.385317534208297729e-02 -4.539859667420387268e-02 -2.183965407311916351e-02 -8.300634473562240601e-02 -4.567044600844383240e-02 -4.387910664081573486e-02 -1.689229160547256470e-02 -2.636762335896492004e-02 -1.053677499294281006e-02 -1.854704506695270538e-02
-7.632706314325332642e-02 3.740556165575981140e-02 2.239057421684265137e-02 -7.443287968635559082e-02 -8.400927484035491943e-02 -5.155798792839050293e-02 1.119811236858367920e-01 5.041107069700956345e-03 -6.636010110378265381e-02 -6.652630120515823364e-02
-6.157949101179838181e-03 -1.164941769093275070e-02 -2.843315154314041138e-02 -2.100783213973045349e-02 -2.511006593704223633e-02 -2.470231615006923676e-02 -1.741114445030689240e-02 -2.792164497077465057e-02 -6.824990361928939819e-02 -2.204729430377483368e-02
1.671130768954753876e-02 -1.276866197586059570e-01 -3.748162463307380676e-02 -7.805752102285623550e-04 1.858306676149368286e-02 -6.393980234861373901e-02 -5.913380999118089676e-03 -1.085003837943077087e-02 2.127217128872871399e-02 1.538165146484971046e-03
-5.236380919814109802e-02 7.002664729952812195e-03 -5.643071234226226807e-02 2.072420157492160797e-02 -1.062056748196482658e-03 -1.075590960681438446e-02 -5.876998603343963623e-02 -4.189313575625419617e-02 -3.248483315110206604e-02 -3.016572818160057068e-02
2.116511575877666473e-02 -6.526730209589004517e-02 4.697795584797859192e-02 -1.734820380806922913e-02 -5.889150127768516541e-02 -6.876254826784133911e-02 5.283319205045700073e-02 1.101637538522481918e-02 4.163933545351028442e-02 5.195935070514678955e-02
1.862269639968872070e-02 -2.195966057479381561e-02 -1.456960942596197128e-02 -2.708804793655872345e-02 -6.831567734479904175e-02 -1.306664496660232544e-01 -2.725066244602203369e-02 -3.329268097877502441e-02 1.417073905467987061e-01 -1.249568536877632141e-02
-4.992632195353507996e-02 -3.689248859882354736e-02 -5.059741437435150146e-02 -7.679841667413711548e-02 -5.794334784150123596e-02 -9.206995368003845215e-02 -3.198518976569175720e-02 -2.310492657124996185e-02 -1.858625747263431549e-02 -1.783021166920661926e-02
-4.527095705270767212e-02 -4.798384010791778564e-02 -1.160756405442953110e-02 -7.145173102617263794e-02 -5.216496437788009644e-02 3.070136532187461853e-02 -2.154537662863731384e-02 -2.085052989423274994e-02 -1.820197887718677521e-02 -2.178812026977539062e-02
4.706279560923576355e-02 -1.042452752590179443e-01 -2.679674513638019562e-02 -2.313233353197574615e-02 9.983083233237266541e-03 -6.985364854335784912e-02 -9.359006769955158234e-03 -6.158991530537605286e-02 -3.955325484275817871e-02 -4.643100500106811523e-02
-4.442862048745155334e-02 -3.746756911277770996e-02 -5.119099467992782593e-02 -8.494959026575088501e-02 -6.224427744746208191e-02 -8.395393192768096924e-02 -2.809215150773525238e-02 -2.472834102809429169e-02 -1.475612539798021317e-02 -1.652601175010204315e-02
-5.012405663728713989e-02 -3.130498155951499939e-02 -5.944178253412246704e-02 -4.469865188002586365e-02 -5.154593288898468018e-02 -7.919138669967651367e-02 -4.141664132475852966e-02 -2.583265490829944611e-02 -1.780980639159679413e-02 -1.985290460288524628e-02
-5.780151113867759705e-02 3.403868060559034348e-03 5.531411617994308472e-03 1.687232521362602711e-03 1.594024710357189178e-02 -4.107011854648590088e-02 -2.081424556672573090e-02 -4.380050674080848694e-02 -3.823373466730117798e-02 -3.318979963660240173e-02
1.949868500232696533e-01 1.461974978446960449e-01 2.337027043104171753e-01 2.464735954999923706e-01 2.305826991796493530e-01 3.367023766040802002e-01 1.024710908532142639e-01 1.047802120447158813e-01 5.294666439294815063e-02 6.724555790424346924e-02
-2.099005691707134247e-02 2.858209889382123947e-03 -3.847801312804222107e-02 -5.183421447873115540e-02 -3.839822486042976379e-02 -8.481957949697971344e-03 8.124823798425495625e-04 1.480738632380962372e-02 -1.465052925050258636e-02 3.557814285159111023e-03
1.091297641396522522e-01 -4.149704426527023315e-02 -8.605843037366867065e-02 3.510706126689910889e-02 -2.489778213202953339e-02 -1.030844226479530334e-01 -4.870043694972991943e-02 1.783047243952751160e-02 -1.292138844728469849e-01 -6.008469685912132263e-02
-5.660393089056015015e-02 -3.963602706789970398e-02 9.398740530014038086e-02 -5.864029377698898315e-02 -8.177834749221801758e-02 -4.577670618891716003e-02 2.255307277664542198e-03 -1.951805315911769867e-02 -1.065365131944417953e-02 -2.616120129823684692e-02
6.747520714998245239e-02 -3.237700462341308594e-02 -1.151184085756540298e-02 -3.732265532016754150e-02 -6.583029776811599731e-02 -6.302761286497116089e-02 -8.057569502852857113e-04 -4.206119105219841003e-02 -3.670468693599104881e-03 -2.955875918269157410e-02
-7.909691333770751953e-02 1.018481552600860596e-01 -6.141854450106620789e-02 -6.827025115489959717e-02 1.007496416568756104e-01 -1.060265079140663147e-01 -1.218743026256561279e-01 6.825519353151321411e-02 -1.662081480026245117e-01 1.144505441188812256e-01
-5.675042420625686646e-02 -3.877446055412292480e-02 5.499135586433112621e-04 -7.517136633396148682e-02 -5.950990691781044006e-02 5.601604934781789780e-03 -1.937865163199603558e-03 -1.778239943087100983e-02 -1.241518091410398483e-02 -2.159170061349868774e-02
-3.314305096864700317e-02 -9.394057840108871460e-02 -4.078338667750358582e-02 -2.039290778338909149e-02 6.682693213224411011e-02 7.412479072809219360e-02 -3.921484202146530151e-02 -3.037375397980213165e-02 -3.948844224214553833e-02 -6.982338428497314453e-02
-2.133297175168991089e-02 -1.031039934605360031e-02 -2.526506595313549042e-02 -5.849424749612808228e-02 -1.976457238197326660e-02 -1.074479985982179642e-02 -1.012353505939245224e-02 -3.288807347416877747e-02 -1.194786373525857925e-02 -1.917702145874500275e-02
-3.436145186424255371e-02 -4.971518367528915405e-02 -1.617691293358802795e-02 -3.346263244748115540e-02 -6.520357728004455566e-02 4.714454710483551025e-02 1.394726894795894623e-02 -3.741789236664772034e-02 6.510913954116404057e-05 -2.848559431731700897e-02
-5.435637384653091431e-02 -7.524821907281875610e-02 -5.545301735401153564e-02 -6.592412292957305908e-02 -4.619078338146209717e-02 1.817672103643417358e-01 -5.899080261588096619e-02 -3.788294270634651184e-02 -2.910923399031162262e-02 -3.367547318339347839e-02
-4.888670891523361206e-02 -4.196474701166152954e-02 -6.143745034933090210e-02 -8.100844174623489380e-02 -6.227061152458190918e-02 -9.805828332901000977e-02 -3.577359020709991455e-02 -2.696160785853862762e-02 -1.805238984525203705e-02 -1.979538239538669586e-02
1.886888220906257629e-02 -9.183752350509166718e-03 -5.450543761253356934e-02 2.524843439459800720e-02 -6.125213578343391418e-02 -5.820951610803604126e-02 -4.372949153184890747e-02 -5.555264651775360107e-02 -2.538411878049373627e-02 -1.301034446805715561e-02
-1.658020168542861938e-02 -4.782936722040176392e-02 -4.021023213863372803e-02 -3.139793127775192261e-02 -6.509076803922653198e-02 -3.435805439949035645e-02 -1.615031436085700989e-02 -3.825235739350318909e-02 -1.875761710107326508e-02 -2.467738091945648193e-02
-2.028861269354820251e-02 -4.387066140770912170e-02 2.733218856155872345e-02 -2.331170812249183655e-02 -6.742239743471145630e-02 -1.839187741279602051e-02 -4.774958826601505280e-03 -1.814772188663482666e-02 1.896439353004097939e-03 -2.746310271322727203e-02
-3.287048637866973877e-02 7.220071740448474884e-03 -3.330484405159950256e-02 -5.367155745625495911e-02 8.961199782788753510e-03 -5.163988564163446426e-03 3.831440815702080727e-03 -2.963706105947494507e-02 -4.482044279575347900e-02 -1.852413453161716461e-02
3.151904791593551636e-02 -8.745802193880081177e-02 -4.187606275081634521e-02 -1.761562377214431763e-02 -8.906020224094390869e-02 -7.664518803358078003e-02 -1.895161811262369156e-03 -3.664152696728706360e-02 1.752535067498683929e-02 -1.333617512136697769e-02
-6.431000679731369019e-02 -3.807569667696952820e-02 7.073192298412322998e-02 -1.142263710498809814e-01 -6.415869295597076416e-02 9.769499301910400391e-02 2.419362030923366547e-02 -1.625446602702140808e-02 -4.502054676413536072e-02 -5.458684638142585754e-02
3.920451551675796509e-02 4.242975555825978518e-04 -9.551059454679489136e-02 -2.647202461957931519e-02 -5.319792032241821289e-02 -1.973330974578857422e-02 -8.817724301479756832e-04 -7.206197362393140793e-03 -2.535821683704853058e-02 -2.197503484785556793e-02
-5.673278868198394775e-02 -2.707172185182571411e-02 1.883202791213989258e-01 -1.242024376988410950e-01 -6.896749138832092285e-02 2.779013663530349731e-02 -7.172746956348419189e-02 -3.297879546880722046e-02 -4.747958108782768250e-02 -2.410268969833850861e-02
-9.266584366559982300e-02 -1.056344136595726013e-01 -2.033364214003086090e-02 -6.947352085262537003e-03 -1.032354682683944702e-02 -4.490793868899345398e-02 7.454781979322433472e-02 -4.335862770676612854e-02 -3.154187649488449097e-02 -4.307112097740173340e-02
-6.578135490417480469e-02 -2.166195213794708252e-02 7.879418879747390747e-02 -6.128621846437454224e-02 -4.288854449987411499e-02 -2.970165945589542389e-02 -6.287308875471353531e-03 6.081362720578908920e-03 -1.662966609001159668e-02 -1.164353359490633011e-02
-1.312060505151748657e-01 -7.796861976385116577e-02 8.596631139516830444e-02 -4.132185876369476318e-02 -2.660551480948925018e-02 -7.088050246238708496e-02 1.362130641937255859e-01 -3.172026202082633972e-02 -5.341440811753273010e-02 -4.412595182657241821e-02
-3.653350751847028732e-03 8.758872747421264648e-03 -2.822003886103630066e-02 -5.058329924941062927e-02 -2.252108976244926453e-02 -2.215757779777050018e-02 -2.541552484035491943e-02 -1.800113171339035034e-02 -5.520266294479370117e-02 -2.310004457831382751e-02
-4.826240614056587219e-02 -3.799530863761901855e-02 -3.761732205748558044e-02 -7.288998365402221680e-02 -5.459337309002876282e-02 -7.248741388320922852e-02 -2.168938145041465759e-02 -2.436317503452301025e-02 -1.528121531009674072e-02 -2.025577053427696228e-02
-8.133769035339355469e-02 -1.719400845468044281e-02 -1.185094006359577179e-02 -2.687697857618331909e-02 -2.016465738415718079e-02 -2.069525606930255890e-02 3.281535208225250244e-02 1.628407835960388184e-02 -1.824533194303512573e-02 -2.199474535882472992e-02
-5.066410824656486511e-02 -3.757127001881599426e-02 -6.897630542516708374e-02 -9.169702976942062378e-02 -6.686490774154663086e-02 -1.145313680171966553e-01 -3.920434415340423584e-02 -2.453421801328659058e-02 -1.813516952097415924e-02 -1.915388554334640503e-02
-6.958954036235809326e-02 -6.292304396629333496e-02 -3.258019685745239258e-02 -1.949566788971424103e-02 1.614276133477687836e-02 2.755230292677879333e-02 -6.838841736316680908e-02 -4.131637513637542725e-02 -2.500088140368461609e-02 -2.949353866279125214e-02
-9.991455823183059692e-03 5.049711465835571289e-02 -3.679472208023071289e-02 4.324281960725784302e-02 8.366166055202484131e-02 -3.552620764821767807e-04 -3.511220216751098633e-02 1.041367184370756149e-02 -2.249172888696193695e-02 -1.894162744283676147e-01
2.429610490798950195e-02 -1.145076602697372437e-01 -3.928801789879798889e-02 -7.750084996223449707e-02 -2.757928334176540375e-02 2.156166546046733856e-02 -3.390511870384216309e-02 -7.872278988361358643e-02 -2.669635787606239319e-02 -3.867870569229125977e-02
-4.770145192742347717e-02 -3.597232326865196228e-02 -6.078503653407096863e-02 -8.882309496402740479e-02 -6.249568238854408264e-02 -1.029859185218811035e-01 -3.535769507288932800e-02 -2.356593497097492218e-02 -1.509891916066408157e-02 -1.758171617984771729e-02
-4.391393437981605530e-02 5.095402151346206665e-02 -6.499335169792175293e-02 -4.965081065893173218e-02 -1.853781007230281830e-02 -1.487673143856227398e-04 -2.678167773410677910e-03 -5.300757475197315216e-03 -4.804409667849540710e-02 -3.331074118614196777e-02
-4.435075074434280396e-02 7.878846488893032074e-03 -2.425096370279788971e-02 -3.694485127925872803e-02 -1.251738052815198898e-02 -1.166396681219339371e-02 -1.778813265264034271e-02 -1.387402229011058807e-02 -3.725059330463409424e-02 -1.598302461206912994e-02
-5.165772046893835068e-03 -5.231940373778343201e-02 -7.147207111120223999e-02 -1.932127326726913452e-01 9.561228752136230469e-02 1.169064939022064209e-01 -1.473534386605024338e-02 4.546333104372024536e-03 7.356961816549301147e-02 2.456346340477466583e-02
-1.792302355170249939e-02 -7.468431256711483002e-03 -6.463989615440368652e-02 1.767304725944995880e-02 -4.488528892397880554e-02 -3.868404775857925415e-02 -1.592914015054702759e-02 -4.211063310503959656e-02 -4.749903082847595215e-02 -3.367481753230094910e-02
-2.447246946394443512e-02 -5.720279878005385399e-04 -4.242143407464027405e-02 -3.176227211952209473e-02 -4.903679341077804565e-02 6.899652362335473299e-05 -1.721221394836902618e-02 5.786035675555467606e-03 -5.255841463804244995e-02 -2.859148755669593811e-02
-7.243835180997848511e-02 1.019344180822372437e-01 -8.259689807891845703e-02 -1.121491789817810059e-01 -6.672389060258865356e-02 -9.250368177890777588e-02 -2.056024223566055298e-02 -1.231063064187765121e-02 1.202271655201911926e-01 3.846794739365577698e-02
-4.477382078766822815e-02 -3.950738534331321716e-02 -4.227530956268310547e-02 -6.548374891281127930e-02 -6.134349480271339417e-02 -8.762896060943603516e-02 -2.841721475124359131e-02 -2.485617808997631073e-02 -1.497342064976692200e-02 -1.770534180104732513e-02
1.267216056585311890e-01 -5.533540248870849609e-02 -3.377090767025947571e-02 -9.293463081121444702e-02 -9.539744257926940918e-02 -1.968587487936019897e-01 -5.389071255922317505e-02 2.664848044514656067e-02 1.598191708326339722e-01 -6.617509573698043823e-02
8.378523401916027069e-03 -3.938467707484960556e-03 -3.999792039394378662e-02 -1.852861233055591583e-02 -2.337194234132766724e-02 -3.826667740941047668e-02 -5.589245818555355072e-03 -1.670037209987640381e-02 -6.567694991827011108e-02 -2.701824158430099487e-02
-8.285591006278991699e-02 -7.122991979122161865e-02 1.068825423717498779e-01 -7.178052514791488647e-02 1.201626136898994446e-01 -1.026816815137863159e-01 1.640923880040645599e-02 1.120756287127733231e-02 4.591273888945579529e-02 5.315333604812622070e-03
2.894863486289978027e-02 -8.822249248623847961e-03 -3.172064200043678284e-02 -3.506834805011749268e-02 -7.167408615350723267e-02 -5.376743897795677185e-02 -3.628676012158393860e-02 -2.717070048674941063e-03 2.287589386105537415e-02 1.741892285645008087e-02
1.642054133117198944e-02 -8.577759377658367157e-03 -2.669147960841655731e-02 -2.761784195899963379e-02 -2.714623510837554932e-02 -2.333119884133338928e-02 -3.471013158559799194e-02 -1.906345039606094360e-02 -3.144256770610809326e-02 -1.327175088226795197e-02
1.298077870160341263e-02 -8.786865323781967163e-02 -3.470027074217796326e-02 -6.310389935970306396e-02 5.996373016387224197e-03 1.879974454641342163e-02 1.115023996680974960e-02 4.315137863159179688e-02 5.465427413582801819e-03 3.038894571363925934e-02
3.216812014579772949e-02 -4.515283554792404175e-02 -9.541378170251846313e-02 -2.265314571559429169e-02 -9.437441080808639526e-02 -1.690740883350372314e-01 1.290536522865295410e-01 -3.980339318513870239e-02 9.387629479169845581e-02 -5.470611155033111572e-02
-7.358013093471527100e-02 -3.577705472707748413e-02 -7.866144180297851562e-03 -4.902729019522666931e-02 -1.771341264247894287e-02 -3.533338010311126709e-02 -3.670095279812812805e-02 -2.503154985606670380e-02 -1.678933948278427124e-02 -2.040844783186912537e-02
-4.818752035498619080e-02 -2.703836373984813690e-02 -4.587963968515396118e-02 -6.769748777151107788e-02 -4.649704694747924805e-02 -7.423248142004013062e-02 -3.773735091090202332e-02 -2.050781250000000000e-02 -1.589995250105857849e-02 -1.553135085850954056e-02
-5.063294991850852966e-02 -3.775353357195854187e-02 -5.955891311168670654e-02 -8.083683252334594727e-02 -5.815587192773818970e-02 -8.800390362739562988e-02 -3.275967389345169067e-02 -2.308854460716247559e-02 -1.520376279950141907e-02 -1.674424484372138977e-02
-2.230954356491565704e-02 5.883395299315452576e-02 -6.830062717199325562e-02 4.127278458327054977e-03 1.321582822129130363e-03 -5.131634697318077087e-02 -3.685991466045379639e-02 -3.678689897060394287e-02 -5.755450949072837830e-02 -3.637430816888809204e-02
-2.593674231320619583e-03 -7.877168059349060059e-02 -8.398338221013545990e-03 -3.909720107913017273e-02 6.269052624702453613e-02 -5.018902197480201721e-02 2.667496912181377411e-03 -2.036293968558311462e-02 6.453871726989746094e-03 -4.881496354937553406e-02
3.979261219501495361e-02 -7.125597447156906128e-02 -5.953637883067131042e-02 1.841915585100650787e-02 -4.773718863725662231e-02 -2.857910841703414917e-02 -3.117033280432224274e-02 -4.393178224563598633e-02 -2.284500002861022949e-02 -4.114244878292083740e-02
-1.573013141751289368e-02 -7.880218618083745241e-05 -4.350628703832626343e-02 3.082210198044776917e-03 -1.463365741074085236e-02 -1.681142486631870270e-02 -1.867912150919437408e-02 -2.304531261324882507e-02 -3.290590271353721619e-02 -2.414168603718280792e-02
-9.600648656487464905e-03 -2.250719070434570312e-02 7.859954610466957092e-03 -1.055200621485710144e-01 -1.938870735466480255e-02 7.884245715104043484e-04 -3.857157006859779358e-02 -4.492267221212387085e-02 -1.031807996332645416e-02 -2.080706320703029633e-02
-4.231594502925872803e-02 3.824560344219207764e-02 -3.575962409377098083e-02 -5.571809411048889160e-02 -1.083387657999992371e-01 -8.423013240098953247e-02 -2.734167873859405518e-02 2.271477319300174713e-02 5.235278233885765076e-02 3.395144268870353699e-02
-1.988773420453071594e-02 3.294456377625465393e-02 -3.956092521548271179e-02 -7.525320351123809814e-02 -3.142575919628143311e-02 -4.609432071447372437e-03 -3.931536152958869934e-02 -1.139888446778059006e-02 -2.131255343556404114e-02 3.502557985484600067e-03
-2.968447469174861908e-02 -2.871002629399299622e-02 -2.913171611726284027e-02 -2.828043885529041290e-02 -5.110295861959457397e-02 1.914771459996700287e-02 -1.127265021204948425e-02 6.267930567264556885e-02 -3.477397188544273376e-02 -3.601966053247451782e-02
5.663967877626419067e-02 -9.617369621992111206e-02 -8.856906741857528687e-02 -2.412315830588340759e-02 -2.351637370884418488e-02 -3.088534809648990631e-02 -3.365956619381904602e-02 -6.731599569320678711e-02 -5.584254115819931030e-02 -4.607473313808441162e-02
-2.944163978099822998e-02 5.533362925052642822e-02 -8.337017148733139038e-02 -6.489168107509613037e-02 1.585389859974384308e-02 -9.736976027488708496e-02 -5.573003739118576050e-02 4.647064581513404846e-02 -7.320303469896316528e-02 1.917425729334354401e-02
2.377153933048248291e-02 4.744568467140197754e-02 -1.017172634601593018e-01 -7.566337939351797104e-03 2.010447531938552856e-02 -1.239575147628784180e-01 -6.327194720506668091e-02 2.302619814872741699e-02 -1.157507896423339844e-01 -7.274483144283294678e-02
-4.936063662171363831e-02 -3.962443768978118896e-02 -5.241188779473304749e-02 -5.666180700063705444e-02 -5.575240030884742737e-02 -8.994473516941070557e-02 -3.537987545132637024e-02 -2.412516623735427856e-02 -1.624823920428752899e-02 -1.969384215772151947e-02
4.722796380519866943e-02 -3.084391541779041290e-02 -4.678046330809593201e-02 -3.870825469493865967e-02 -3.271136805415153503e-02 -2.932219207286834717e-02 -2.301096543669700623e-02 -1.131336390972137451e-02 5.978516303002834320e-03 1.359210815280675888e-02
-1.897871308028697968e-02 -2.397978492081165314e-02 -3.300406970083713531e-03 -4.125345032662153244e-03 -6.238109990954399109e-02 -6.377942115068435669e-02 -9.521001949906349182e-03 -3.665444627404212952e-02 -4.679217468947172165e-03 -2.544977702200412750e-02
-4.016119241714477539e-02 -4.680303856730461121e-02 1.377380788326263428e-01 -4.233133792877197266e-02 -5.549012124538421631e-02 -4.124771431088447571e-02 -5.882365629076957703e-02 1.661382429301738739e-02 -5.197972804307937622e-02 -4.546334221959114075e-02
2.206544391810894012e-02 -7.507187873125076294e-02 -7.005076110363006592e-02 1.256648823618888855e-02 -4.471750184893608093e-02 -6.752473767846822739e-03 -1.490804832428693771e-02 -5.624919384717941284e-02 -5.983731150627136230e-02 -5.048951134085655212e-02
-6.205695215612649918e-03 6.085921823978424072e-02 -3.101948089897632599e-02 1.388623099774122238e-02 -4.032769054174423218e-02 -5.041667073965072632e-02 -4.469947516918182373e-02 -4.668846726417541504e-02 -5.284787341952323914e-02 -3.351394087076187134e-02
-6.649468839168548584e-02 -7.013332843780517578e-02 -5.724163725972175598e-02 -6.055054813623428345e-02 -7.197583094239234924e-03 -9.697050601243972778e-02 1.630237847566604614e-01 -4.761989042162895203e-02 -2.477710507810115814e-02 -2.522853948175907135e-02
-2.759137563407421112e-02 -6.483794189989566803e-03 -1.178220510482788086e-01 -7.842314988374710083e-02 -4.255254939198493958e-02 -8.596926927566528320e-02 -1.763830333948135376e-02 2.242135554552078247e-01 -6.233694776892662048e-02 -1.050407364964485168e-01
5.894973874092102051e-02 -1.778712496161460876e-02 -4.025805369019508362e-02 -7.001934200525283813e-02 -9.555683284997940063e-02 -5.612919107079505920e-02 9.788283146917819977e-03 3.439448028802871704e-02 -1.278860215097665787e-02 -1.320879999548196793e-02
5.364965274930000305e-02 -7.686635106801986694e-02 -5.671246722340583801e-02 -8.346135914325714111e-02 -5.081104859709739685e-02 3.010164655279368162e-04 2.502721967175602913e-03 -4.295522719621658325e-02 -3.052496165037155151e-02 -3.349848091602325439e-02
-5.116470903158187866e-02 -4.098577424883842468e-02 -6.524802744388580322e-02 -8.721170574426651001e-02 -6.551915407180786133e-02 -1.208508983254432678e-01 -3.653606772422790527e-02 -2.461863867938518524e-02 -1.808082126080989838e-02 -1.930941455066204071e-02
-2.255533076822757721e-02 -2.255949005484580994e-02 -4.951458796858787537e-02 -4.928854852914810181e-02 -1.575325801968574524e-02 -3.445823118090629578e-02 -1.654375111684203148e-03 -1.805218867957592010e-02 -2.491758391261100769e-02 -2.329004742205142975e-02
-5.007302761077880859e-02 -6.327850371599197388e-02 -2.778874896466732025e-02 -1.963236369192600250e-02 -4.524815827608108521e-02 1.758418045938014984e-02 -6.129422038793563843e-02 -3.839330375194549561e-02 -1.775147207081317902e-02 -2.293015271425247192e-02
-5.742274969816207886e-02 -7.392452657222747803e-02 -9.947542101144790649e-03 -1.519162487238645554e-02 -5.996370688080787659e-03 -2.506854943931102753e-02 -6.342453882098197937e-03 -4.343048855662345886e-02 -2.371322549879550934e-02 -2.874762751162052155e-02
-5.492535978555679321e-02 1.454331213608384132e-03 -7.382951676845550537e-03 -3.375858068466186523e-02 -8.254785090684890747e-03 5.152999609708786011e-02 -9.585164487361907959e-02 -2.608262561261653900e-02 -3.940736129879951477e-02 -2.282866276800632477e-02
-3.766641020774841309e-02 2.470574108883738518e-03 2.158508263528347015e-02 -8.360733091831207275e-02 -6.667273491621017456e-02 -1.710251206532120705e-03 -3.711936250329017639e-02 2.856097184121608734e-02 -4.001983255147933960e-02 -1.174701843410730362e-02
1.774443686008453369e-02 8.383470773696899414e-02 9.695209562778472900e-03 -9.453497827053070068e-02 -7.555242627859115601e-02 2.869937941431999207e-02 -6.788839399814605713e-02 -2.498933672904968262e-02 1.394055690616369247e-02 2.873078361153602600e-02
-5.078618973493576050e-02 -4.928770288825035095e-02 -1.092909369617700577e-02 -6.613709777593612671e-02 -6.606006622314453125e-02 -4.168542847037315369e-02 -2.671015216037631035e-03 -2.408465370535850525e-02 -1.699502579867839813e-02 -2.014775574207305908e-02
-3.148794546723365784e-02 1.435222756117582321e-02 -9.905390441417694092e-02 -6.235852092504501343e-02 -1.774646714329719543e-02 -9.740572422742843628e-02 -1.595811545848846436e-02 5.214646831154823303e-02 -3.484330326318740845e-02 -2.998055703938007355e-02
-6.930598616600036621e-02 7.135517150163650513e-02 -1.165875419974327087e-01 -5.613724142313003540e-02 -4.751128330826759338e-02 -5.731120333075523376e-02 1.036833003163337708e-01 1.198756843805313110e-01 -1.095847114920616150e-01 -1.221992820501327515e-01
-6.165555119514465332e-02 -3.947029635310173035e-02 5.517126247286796570e-02 -8.457599580287933350e-02 -5.265609920024871826e-02 2.606991620268672705e-04 -1.557389833033084869e-02 -1.225540507584810257e-02 -8.780379779636859894e-03 -2.391768060624599457e-02
9.687093645334243774e-02 -3.451409935951232910e-02 -7.087552547454833984e-02 -2.155763329938054085e-03 -1.035316381603479385e-02 -8.740188926458358765e-02 -4.659192636609077454e-02 -3.865013271570205688e-02 -6.779769808053970337e-02 -2.549340575933456421e-02
-9.306064248085021973e-02 6.820526719093322754e-02 9.458307921886444092e-02 1.969349086284637451e-01 -7.408126443624496460e-02 -1.382629424333572388e-01 -1.207632273435592651e-01 -5.376753211021423340e-02 -4.008981212973594666e-02 -1.035204529762268066e-01
-4.943178966641426086e-02 -4.056481271982192993e-02 -6.476764380931854248e-02 -7.833210378885269165e-02 -6.091108545660972595e-02 -9.960927814245223999e-02 -4.106148332357406616e-02 -2.630669623613357544e-02 -1.835774071514606476e-02 -1.820207387208938599e-02
5.262901540845632553e-04 1.508745248429477215e-03 -7.270539551973342896e-02 -3.186950460076332092e-02 -1.419828087091445923e-02 -6.198348477482795715e-02 -2.701897174119949341e-02 4.111476987600326538e-02 -4.536440595984458923e-02 -3.453231230378150940e-02
-8.164367824792861938e-02 -2.401310764253139496e-02 -1.407284382730722427e-02 9.000976569950580597e-03 1.614537462592124939e-02 -7.291655987501144409e-02 2.093491889536380768e-02 -4.485529288649559021e-02 -3.220945224165916443e-02 -3.560046106576919556e-02
3.655289765447378159e-03 -5.741624161601066589e-02 -4.826474934816360474e-02 -1.055011618882417679e-02 -3.565360233187675476e-02 -4.149356111884117126e-02 -1.842762716114521027e-02 -4.093751311302185059e-02 -1.758281514048576355e-02 -2.152169682085514069e-02
-5.145740136504173279e-02 -3.386761993169784546e-02 -3.465606644749641418e-02 2.912305481731891632e-02 4.035868332721292973e-04 -3.937851637601852417e-02 -2.471451088786125183e-02 -6.206938996911048889e-02 -3.982781991362571716e-02 -4.032487049698829651e-02
-5.681978538632392883e-02 -9.543132781982421875e-02 -7.867515832185745239e-02 -1.497948728501796722e-02 2.475582435727119446e-02 -5.163869820535182953e-03 5.197779089212417603e-02 -6.010944023728370667e-02 -4.239058867096900940e-02 -4.283929988741874695e-02
6.687215715646743774e-02 -4.971967265009880066e-02 -1.111979782581329346e-01 -4.484321922063827515e-02 -1.844546943902969360e-02 -4.303442314267158508e-02 1.127936597913503647e-02 3.927039355039596558e-02 -8.131153881549835205e-02 -5.963070690631866455e-02
-5.512997880578041077e-02 -4.646872729063034058e-02 -3.608670085668563843e-02 -4.674437269568443298e-02 -7.394949346780776978e-02 -1.087588723748922348e-03 -2.480930462479591370e-02 -2.916140481829643250e-02 -1.590663567185401917e-02 -1.924861595034599304e-02
-5.571027100086212158e-02 -4.247050359845161438e-02 -7.081791013479232788e-02 -9.305194020271301270e-02 -6.919037550687789917e-02 -1.179508566856384277e-01 -3.855871409177780151e-02 -2.758191525936126709e-02 -1.718464121222496033e-02 -1.871346309781074524e-02
-5.822212994098663330e-02 -6.588885933160781860e-02 3.148559713736176491e-03 -4.326989501714706421e-02 -3.245554864406585693e-02 -6.203947216272354126e-02 1.353352516889572144e-02 -3.679682966321706772e-03 6.886962056159973145e-02 4.037778824567794800e-02
6.717517971992492676e-03 -7.138413190841674805e-02 -8.839727379381656647e-03 -1.912153698503971100e-02 -4.224038496613502502e-02 1.675154641270637512e-02 -1.674564927816390991e-02 -2.118454314768314362e-02 -8.222294971346855164e-03 1.969976164400577545e-02
-3.073857538402080536e-02 -5.034372955560684204e-02 -3.451589867472648621e-02 4.886013455688953400e-03 6.480456143617630005e-02 -6.840015202760696411e-02 -1.264215447008609772e-02 -1.189919002354145050e-02 -7.181368023157119751e-02 -5.738833174109458923e-02
-1.295487023890018463e-02 -2.695335634052753448e-02 -4.018517211079597473e-02 -2.049897797405719757e-02 -3.233978897333145142e-02 -1.294988300651311874e-02 -1.742818858474493027e-03 5.060985311865806580e-02 -6.375139206647872925e-02 -7.149796932935714722e-02
-5.364527925848960876e-02 -5.321190878748893738e-02 -5.567925795912742615e-02 3.078826889395713806e-02 -3.442523255944252014e-02 3.104103915393352509e-02 -3.584726899862289429e-02 -3.057769313454627991e-02 -2.634274400770664215e-02 -2.853636816143989563e-02
-3.041478432714939117e-02 -3.628388047218322754e-02 -7.750750333070755005e-02 -5.401645228266716003e-02 -4.582266509532928467e-02 -3.668347373604774475e-02 -6.842885632067918777e-03 2.253760844469070435e-01 -7.817071676254272461e-02 -1.183796972036361694e-01
-6.937932223081588745e-02 -7.011440396308898926e-02 -3.327703103423118591e-02 -1.547730248421430588e-02 -1.464180182665586472e-02 -1.757728494703769684e-02 -1.008985796943306923e-03 8.527467027306556702e-03 1.860053278505802155e-02 3.936748486012220383e-03
-4.971507191658020020e-02 9.335313737392425537e-02 -7.817129604518413544e-03 -3.760766983032226562e-02 5.064749345183372498e-02 -4.400879889726638794e-02 -3.273859620094299316e-03 -8.217503875494003296e-02 -8.174110949039459229e-02 -6.216169521212577820e-02
