-1.059995070099830627e-01
-1.129086166620254517e-01
-1.107267662882804871e-01
-1.070904582738876343e-01
-1.127267628908157349e-01
-1.118177399039268494e-01
-1.114540770649909973e-01
-1.103631407022476196e-01
-1.074540838599205017e-01
-1.139995083212852478e-01
-1.090904176235198975e-01
-1.103631481528282166e-01
-1.103631630539894104e-01
-1.132722198963165283e-01
-1.081813722848892212e-01
-1.119995117187500000e-01
-1.109086051583290100e-01
-1.096358820796012878e-01
-1.141812950372695923e-01
-1.090904474258422852e-01
-1.121813207864761353e-01
-1.061813533306121826e-01
-1.079995110630989075e-01
-1.121813133358955383e-01
-1.085449606180191040e-01
-1.078177094459533691e-01
-1.129085868597030640e-01
-1.034541204571723938e-01
-1.118176728487014771e-01
-1.081813499331474304e-01
-1.125449463725090027e-01
-1.118177101016044617e-01
-1.076359152793884277e-01
-1.165449395775794983e-01
-1.139994785189628601e-01
-1.085450127720832825e-01
-1.087268218398094177e-01
-1.009086668491363525e-01
-1.063631996512413025e-01
-1.023632287979125977e-01
-1.007268652319908142e-01
-9.872690588235855103e-02
-1.059995815157890320e-01
-1.005450859665870667e-01
-1.045450195670127869e-01
-1.016359478235244751e-01
-1.094540581107139587e-01
-1.098177284002304077e-01
-1.085450053215026855e-01
-1.116358488798141479e-01
-1.139995232224464417e-01
-1.083631739020347595e-01
-1.163631230592727661e-01
-1.081813499331474304e-01
-1.025450080633163452e-01
-1.107267588376998901e-01
-1.099995300173759460e-01
-1.058177649974822998e-01
-1.103631258010864258e-01
-1.096358895301818848e-01
-1.069085672497749329e-01
-1.063631623983383179e-01
-1.052722930908203125e-01
-9.890867024660110474e-02
-9.472694993019104004e-02
-8.327244222164154053e-02
-8.054519444704055786e-02
-6.727253645658493042e-02
-6.690891087055206299e-02
-7.399985939264297485e-02
-8.472713828086853027e-02
-9.254530817270278931e-02
-1.012727171182632446e-01
-1.014543995261192322e-01
-9.727253764867782593e-02
-8.636341243982315063e-02
-8.727256953716278076e-02
-8.927243947982788086e-02
-9.781779348850250244e-02
-1.094540804624557495e-01
-1.099995374679565430e-01
-1.167267784476280212e-01
-1.078177019953727722e-01
-1.138176694512367249e-01
-1.127267852425575256e-01
-1.105449795722961426e-01
-1.112721934914588928e-01
-1.118177101016044617e-01
-1.092722415924072266e-01
-1.070904359221458435e-01
-1.003632396459579468e-01
-8.436338603496551514e-02
-6.145440414547920227e-02
-4.836357384920120239e-02
-5.490906536579132080e-02
-6.581816822290420532e-02
-9.236364066600799561e-02
-1.223636567592620850e-01
-1.439999341964721680e-01
-1.689089536666870117e-01
-1.727271676063537598e-01
-1.749090403318405151e-01
-1.532728075981140137e-01
-1.189090460538864136e-01
-8.636344969272613525e-02
-6.890892982482910156e-02
-7.709071040153503418e-02
-9.654506295919418335e-02
-1.016359701752662659e-01
-1.110904514789581299e-01
-1.105449423193931580e-01
-1.132722496986389160e-01
-1.139994785189628601e-01
-1.121813654899597168e-01
-1.069086417555809021e-01
-1.121813282370567322e-01
-1.092722788453102112e-01
-9.236334264278411865e-02
-6.836344301700592041e-02
-4.436360299587249756e-02
-4.090907052159309387e-02
-6.636363267898559570e-02
-1.018182486295700073e-01
-1.536363661289215088e-01
-2.116364389657974243e-01
-2.710906565189361572e-01
-3.359998464584350586e-01
-3.761813640594482422e-01
-3.738178610801696777e-01
-3.227271437644958496e-01
-2.576361894607543945e-01
-1.850908696651458740e-01
-1.245453581213951111e-01
-8.854549378156661987e-02
-6.309080868959426880e-02
-6.309074163436889648e-02
-8.236343413591384888e-02
-1.016359999775886536e-01
-1.074541136622428894e-01
-1.058177575469017029e-01
-1.114540323615074158e-01
-1.118177399039268494e-01
-1.085449978709220886e-01
-1.092722490429878235e-01
-9.490876644849777222e-02
-6.109080836176872253e-02
-3.290902823209762573e-02
-3.109087236225605011e-02
-5.109079554677009583e-02
-9.909102320671081543e-02
-1.609090268611907959e-01
-2.369090318679809570e-01
-3.280000090599060059e-01
-4.034543931484222412e-01
-4.756365120410919189e-01
-5.185451507568359375e-01
-5.103633403778076172e-01
-4.456360340118408203e-01
-3.498181700706481934e-01
-2.410911619663238525e-01
-1.436363756656646729e-01
-8.872735500335693359e-02
-5.854550004005432129e-02
-5.399992316961288452e-02
-6.236357241868972778e-02
-8.054531365633010864e-02
-1.056359633803367615e-01
-1.134540513157844543e-01
-1.065450087189674377e-01
-1.141813099384307861e-01
-1.063631847500801086e-01
-1.063632518053054810e-01
-7.163617759943008423e-02
-2.709086053073406219e-02
-1.709090545773506165e-02
-2.709085680544376373e-02
-6.563632935285568237e-02
-1.465454548597335815e-01
-2.414544522762298584e-01
-3.440002799034118652e-01
-4.423630237579345703e-01
-5.030903816223144531e-01
-5.634536743164062500e-01
-5.996363162994384766e-01
-5.947279334068298340e-01
-5.487269759178161621e-01
-4.512726962566375732e-01
-3.207269012928009033e-01
-1.818180084228515625e-01
-9.454547613859176636e-02
-5.545448139309883118e-02
-5.345460399985313416e-02
-5.854545906186103821e-02
-7.199992984533309937e-02
-9.854510426521301270e-02
-1.112722456455230713e-01
-1.087268143892288208e-01
-1.101813465356826782e-01
-1.036359444260597229e-01
-8.236341178417205811e-02
-4.381814226508140564e-02
-1.654542796313762665e-02
-8.363631553947925568e-03
-3.490906581282615662e-02
-9.509105980396270752e-02
-2.127272337675094604e-01
-3.429086804389953613e-01
-4.476357400417327881e-01
-4.918183982372283936e-01
-5.212724208831787109e-01
-5.221815705299377441e-01
-5.196365118026733398e-01
-5.490904450416564941e-01
-5.527271032333374023e-01
-4.967268705368041992e-01
-3.723635971546173096e-01
-2.279999554157257080e-01
-1.074544936418533325e-01
-5.272723361849784851e-02
-4.509088769555091858e-02
-6.509084254503250122e-02
-6.163629516959190369e-02
-9.054512530565261841e-02
-1.067268401384353638e-01
-1.116358712315559387e-01
-1.094541028141975403e-01
-9.599966555833816528e-02
-5.981812626123428345e-02
-3.145452961325645447e-02
-8.181850425899028778e-03
-4.545456729829311371e-03
-4.818177595734596252e-02
-1.421816349029541016e-01
-2.921819090843200684e-01
-4.369089901447296143e-01
-5.003633499145507812e-01
-4.838181138038635254e-01
-4.239995479583740234e-01
-3.838183581829071045e-01
-3.865451812744140625e-01
-4.325455725193023682e-01
-4.872725307941436768e-01
-5.039998292922973633e-01
-4.163634181022644043e-01
-2.659999430179595947e-01
-1.274546384811401367e-01
-6.327273696660995483e-02
-5.236363038420677185e-02
-6.290908902883529663e-02
-6.290903687477111816e-02
-8.836339414119720459e-02
-1.098177060484886169e-01
-1.114540398120880127e-01
-1.029086560010910034e-01
-9.072702378034591675e-02
-5.763630941510200500e-02
-2.581812813878059387e-02
-8.545447140932083130e-03
1.272710156626999378e-03
-7.254555821418762207e-02
-1.963636428117752075e-01
-3.678182959556579590e-01
-4.845449924468994141e-01
-4.943635165691375732e-01
-4.172726571559906006e-01
-3.296362757682800293e-01
-2.658183276653289795e-01
-2.732725441455841064e-01
-3.336364328861236572e-01
-4.152727723121643066e-01
-4.727271497249603271e-01
-4.207275509834289551e-01
-2.901815474033355713e-01
-1.603635549545288086e-01
-7.472726702690124512e-02
-4.672726243734359741e-02
-5.018173903226852417e-02
-6.327258795499801636e-02
-9.963595867156982422e-02
-1.110904365777969360e-01
-1.094540357589721680e-01
-1.065450012683868408e-01
-9.236331284046173096e-02
-5.690902099013328552e-02
-2.836360596120357513e-02
-1.054544094949960709e-02
-2.018183842301368713e-02
-1.007272377610206604e-01
-2.563638687133789062e-01
-4.356355965137481689e-01
-4.978177249431610107e-01
-4.529090523719787598e-01
-3.447269201278686523e-01
-2.476363033056259155e-01
-2.089089900255203247e-01
-2.381817102432250977e-01
-2.983633279800415039e-01
-3.941814303398132324e-01
-4.509089887142181396e-01
-4.025456607341766357e-01
-2.943635880947113037e-01
-1.670907586812973022e-01
-7.927280664443969727e-02
-5.599994957447052002e-02
-5.436358973383903503e-02
-7.872705161571502686e-02
-1.045450344681739807e-01
-1.089086160063743591e-01
-1.105449870228767395e-01
-1.089086458086967468e-01
-9.690877050161361694e-02
-6.872712075710296631e-02
-3.236361965537071228e-02
-1.800003089010715485e-02
-5.218179523944854736e-02
-1.592727899551391602e-01
-3.247271478176116943e-01
-4.594541490077972412e-01
-4.820000231266021729e-01
-4.007273316383361816e-01
-3.019997775554656982e-01
-2.330910265445709229e-01
-2.325452715158462524e-01
-2.538180351257324219e-01
-3.223640024662017822e-01
-4.032724499702453613e-01
-4.241815507411956787e-01
-3.734545707702636719e-01
-2.654543519020080566e-01
-1.690908372402191162e-01
-9.890902042388916016e-02
-6.454546749591827393e-02
-4.290907084941864014e-02
-9.090878814458847046e-02
-1.007268801331520081e-01
-1.083631440997123718e-01
-1.109086349606513977e-01
-1.078177317976951599e-01
-1.021814122796058655e-01
-7.218159735202789307e-02
-3.436365351080894470e-02
-3.818180039525032043e-02
-9.563637524843215942e-02
-2.152727097272872925e-01
-3.734548389911651611e-01
-4.610903263092041016e-01
-4.481818974018096924e-01
-3.592721521854400635e-01
-2.829090654850006104e-01
-2.534544467926025391e-01
-2.852727770805358887e-01
-3.229092061519622803e-01
-3.819997906684875488e-01
-4.263635277748107910e-01
-4.032728672027587891e-01
-3.387272655963897705e-01
-2.607268691062927246e-01
-1.885455250740051270e-01
-1.072727367281913757e-01
-7.363637536764144897e-02
-4.836359620094299316e-02
-9.090879559516906738e-02
-1.127267852425575256e-01
-1.134540364146232605e-01
-1.107268184423446655e-01
-1.141813397407531738e-01
-1.047268435359001160e-01
-8.381795138120651245e-02
-3.672732412815093994e-02
-5.727268382906913757e-02
-1.216362342238426208e-01
-2.527274191379547119e-01
-3.923631012439727783e-01
-4.583634436130523682e-01
-4.107267856597900391e-01
-3.396366238594055176e-01
-2.790909409523010254e-01
-3.027269840240478516e-01
-3.605454862117767334e-01
-4.060001671314239502e-01
-4.356364905834197998e-01
-4.363634288311004639e-01
-3.998180031776428223e-01
-3.325453400611877441e-01
-2.743634283542633057e-01
-1.985454857349395752e-01
-1.256362795829772949e-01
-8.745443820953369141e-02
-5.399996042251586914e-02
-8.654523640871047974e-02
-1.029086783528327942e-01
-1.149085760116577148e-01
-1.165449172258377075e-01
-1.065450236201286316e-01
-1.092722341418266296e-01
-8.618155121803283691e-02
-4.127271845936775208e-02
-6.327265501022338867e-02
-1.352727115154266357e-01
-2.640000879764556885e-01
-3.990908265113830566e-01
-4.407274425029754639e-01
-4.014544785022735596e-01
-3.347271680831909180e-01
-3.227274417877197266e-01
-3.620000481605529785e-01
-4.250906705856323242e-01
-4.425448179244995117e-01
-4.489088654518127441e-01
-4.479999542236328125e-01
-3.894546329975128174e-01
-3.410909175872802734e-01
-2.872723340988159180e-01
-2.074543982744216919e-01
-1.369092166423797607e-01
-7.490899413824081421e-02
-5.236366391181945801e-02
-7.854530960321426392e-02
-1.049086675047874451e-01
-1.136358901858329773e-01
-1.079995036125183105e-01
-1.074540764093399048e-01
-1.021813601255416870e-01
-8.981789648532867432e-02
-4.127269610762596130e-02
-7.181818038225173950e-02
-1.383635550737380981e-01
-2.594545185565948486e-01
-3.747271299362182617e-01
-4.159996509552001953e-01
-3.810909092426300049e-01
-3.407271206378936768e-01
-3.507271707057952881e-01
-3.927269876003265381e-01
-4.230907261371612549e-01
-4.180000126361846924e-01
-4.356361627578735352e-01
-4.307275414466857910e-01
-3.901819288730621338e-01
-3.470908999443054199e-01
-2.894546389579772949e-01
-1.987273544073104858e-01
-1.274544745683670044e-01
-7.545453310012817383e-02
-4.472720623016357422e-02
-6.381808966398239136e-02
-1.034541204571723938e-01
-1.030904650688171387e-01
-1.061813682317733765e-01
-1.125449463725090027e-01
-1.049086228013038635e-01
-8.254522085189819336e-02
-4.054543003439903259e-02
-7.527266442775726318e-02
-1.405453085899353027e-01
-2.423634231090545654e-01
-3.576362133026123047e-01
-3.834544718265533447e-01
-3.601818978786468506e-01
-3.334542214870452881e-01
-3.570907115936279297e-01
-3.696364164352416992e-01
-3.830907940864562988e-01
-3.732722401618957520e-01
-4.014544188976287842e-01
-4.172722697257995605e-01
-3.909086883068084717e-01
-3.518178761005401611e-01
-2.792728245258331299e-01
-1.849092245101928711e-01
-1.047272160649299622e-01
-6.127269938588142395e-02
-4.036362469196319580e-02
-5.799990147352218628e-02
-1.034541800618171692e-01
-1.067268177866935730e-01
-1.103631481528282166e-01
-1.118176877498626709e-01
-1.067268252372741699e-01
-7.127251476049423218e-02
-4.381813108921051025e-02
-7.436364889144897461e-02
-1.287273615598678589e-01
-2.294545769691467285e-01
-3.114543557167053223e-01
-3.576357960700988770e-01
-3.420002460479736328e-01
-3.083634972572326660e-01
-2.990909814834594727e-01
-3.110904097557067871e-01
-3.103637099266052246e-01
-3.376360237598419189e-01
-3.867273330688476562e-01
-4.176366627216339111e-01
-4.163638949394226074e-01
-3.556362986564636230e-01
-2.643637657165527344e-01
-1.490908116102218628e-01
-7.745449244976043701e-02
-4.509091377258300781e-02
-3.654544427990913391e-02
-6.818174570798873901e-02
-1.016360297799110413e-01
-1.061813905835151672e-01
-1.116358637809753418e-01
-1.070904508233070374e-01
-1.003632992506027222e-01
-5.836347490549087524e-02
-4.399996995925903320e-02
-6.872725486755371094e-02
-1.223637014627456665e-01
-2.221819460391998291e-01
-3.109094500541687012e-01
-3.421817719936370850e-01
-3.287272155284881592e-01
-2.978179752826690674e-01
-2.796362936496734619e-01
-2.776363193988800049e-01
-2.912728786468505859e-01
-3.467269837856292725e-01
-4.110909998416900635e-01
-4.439994096755981445e-01
-4.289090335369110107e-01
-3.494546115398406982e-01
-2.241818904876708984e-01
-1.265454441308975220e-01
-5.218184366822242737e-02
-2.745452150702476501e-02
-3.018177673220634460e-02
-6.581813842058181763e-02
-1.012723743915557861e-01
-1.083631590008735657e-01
-1.089086458086967468e-01
-1.114540174603462219e-01
-9.690874069929122925e-02
-5.818169564008712769e-02
-4.272722452878952026e-02
-6.709093600511550903e-02
-1.116364002227783203e-01
-1.987272799015045166e-01
-2.972725331783294678e-01
-3.518182337284088135e-01
-3.518184721469879150e-01
-3.136364519596099854e-01
-2.881819307804107666e-01
-3.043636381626129150e-01
-3.492727577686309814e-01
-3.950904607772827148e-01
-4.587272107601165771e-01
-4.752725362777709961e-01
-4.389087855815887451e-01
-3.221817314624786377e-01
-1.819999814033508301e-01
-6.672724336385726929e-02
-2.345452643930912018e-02
-1.599999144673347473e-02
-3.090908378362655640e-02
-7.509075850248336792e-02
-9.909050166606903076e-02
-1.096358820796012878e-01
-1.105449721217155457e-01
-1.127267554402351379e-01
-9.818144887685775757e-02
-6.345444172620773315e-02
-4.090910777449607849e-02
-6.527275592088699341e-02
-1.012726649641990662e-01
-1.719999760389328003e-01
-2.892726659774780273e-01
-3.667272627353668213e-01
-3.918178379535675049e-01
-3.736364841461181641e-01
-3.752724528312683105e-01
-4.003635048866271973e-01
-4.352723062038421631e-01
-4.869087934494018555e-01
-5.076361894607543945e-01
-5.049093961715698242e-01
-4.018174707889556885e-01
-2.523635327816009521e-01
-1.078182384371757507e-01
-3.236360475420951843e-02
1.454541692510247231e-03
-1.290909480303525925e-02
-4.090904444456100464e-02
-7.872713357210159302e-02
-1.003632172942161560e-01
-1.078177243471145630e-01
-1.139994934201240540e-01
-1.081813722848892212e-01
-9.581778198480606079e-02
-6.454525887966156006e-02
-4.418170824646949768e-02
-5.763638019561767578e-02
-8.272713422775268555e-02
-1.487273871898651123e-01
-2.516363561153411865e-01
-3.705453574657440186e-01
-4.589088857173919678e-01
-4.943636655807495117e-01
-5.069090723991394043e-01
-5.256361365318298340e-01
-5.409090518951416016e-01
-5.432725548744201660e-01
-5.301814675331115723e-01
-4.458181262016296387e-01
-3.147273957729339600e-01
-1.698181033134460449e-01
-5.654531344771385193e-02
-9.454523213207721710e-03
2.727258950471878052e-03
-2.199997566640377045e-02
-4.963632300496101379e-02
-9.381788969039916992e-02
-1.087268143892288208e-01
-1.107267513871192932e-01
-1.119995266199111938e-01
-1.127267554402351379e-01
-9.963600337505340576e-02
-7.363621890544891357e-02
-4.727264866232872009e-02
-4.927266016602516174e-02
-7.054556161165237427e-02
-1.239999458193778992e-01
-2.059999257326126099e-01
-3.278184831142425537e-01
-4.374540448188781738e-01
-5.169088840484619141e-01
-5.632727742195129395e-01
-5.792729854583740234e-01
-5.587273240089416504e-01
-5.078176856040954590e-01
-4.374548196792602539e-01
-3.316359817981719971e-01
-2.218183130025863647e-01
-1.065454483032226562e-01
-3.527271002531051636e-02
-2.909131348133087158e-03
-1.472728047519922256e-02
-3.745448216795921326e-02
-7.763617485761642456e-02
-1.010905131697654724e-01
-1.094540730118751526e-01
-1.119995340704917908e-01
-1.123631447553634644e-01
-1.094540506601333618e-01
-1.030905023217201233e-01
-9.254514425992965698e-02
-6.472714990377426147e-02
-4.890906810760498047e-02
-5.709090456366539001e-02
-9.381824731826782227e-02
-1.638182401657104492e-01
-2.525455355644226074e-01
-3.547273576259613037e-01
-4.594539403915405273e-01
-5.014542341232299805e-01
-5.054544806480407715e-01
-4.683633744716644287e-01
-4.005453884601593018e-01
-3.181815445423126221e-01
-2.339998930692672729e-01
-1.583639234304428101e-01
-8.072712272405624390e-02
-4.309092834591865540e-02
-3.399999439716339111e-02
-4.490900784730911255e-02
-6.672716140747070312e-02
-9.163604676723480225e-02
-1.090904623270034790e-01
-1.085449829697608948e-01
-1.094540655612945557e-01
-1.054540872573852539e-01
-1.129086539149284363e-01
-1.081813424825668335e-01
-1.050904691219329834e-01
-8.636333793401718140e-02
-6.963619589805603027e-02
-5.981809645891189575e-02
-7.145451009273529053e-02
-8.709086477756500244e-02
-1.338183134794235229e-01
-1.994546353816986084e-01
-2.627271711826324463e-01
-3.123636543750762939e-01
-3.009092509746551514e-01
-2.730909585952758789e-01
-2.356365025043487549e-01
-2.047270238399505615e-01
-1.594545394182205200e-01
-1.299999505281448364e-01
-8.418178558349609375e-02
-6.272727996110916138e-02
-5.218181014060974121e-02
-6.999993324279785156e-02
-8.581793308258056641e-02
-1.007268205285072327e-01
-1.089085787534713745e-01
-1.136358454823493958e-01
-1.130903810262680054e-01
-1.101812794804573059e-01
-1.070904582738876343e-01
-1.112722530961036682e-01
-1.123631522059440613e-01
-1.034540981054306030e-01
-9.509051591157913208e-02
-7.709064334630966187e-02
-7.163622230291366577e-02
-9.290893375873565674e-02
-1.169090792536735535e-01
-1.490908861160278320e-01
-1.676363646984100342e-01
-1.861818283796310425e-01
-1.896363496780395508e-01
-1.901817917823791504e-01
-1.743635386228561401e-01
-1.556365638971328735e-01
-1.414546221494674683e-01
-1.145453080534934998e-01
-8.727262914180755615e-02
-7.272712141275405884e-02
-7.836343348026275635e-02
-9.381788969039916992e-02
-1.016359552741050720e-01
-1.090904474258422852e-01
-1.052722558379173279e-01
-1.058177053928375244e-01
-1.123631447553634644e-01
-1.127267703413963318e-01
-1.092722639441490173e-01
-1.079995408654212952e-01
-1.129086092114448547e-01
-1.101813390851020813e-01
-1.025450304150581360e-01
-8.872696757316589355e-02
-7.872697710990905762e-02
-7.909062504768371582e-02
-1.025452539324760437e-01
-1.225453689694404602e-01
-1.369090378284454346e-01
-1.498180627822875977e-01
-1.443637460470199585e-01
-1.378180533647537231e-01
-1.247271820902824402e-01
-1.001816764473915100e-01
-8.854529261589050293e-02
-7.945437729358673096e-02
-7.727258652448654175e-02
-8.599971234798431396e-02
-1.030904874205589294e-01
-1.107268333435058594e-01
-1.112722530961036682e-01
-1.105449497699737549e-01
-1.132722496986389160e-01
-1.074540615081787109e-01
-1.139994859695434570e-01
-1.165449395775794983e-01
-1.087268367409706116e-01
-1.056358963251113892e-01
-1.101813316345214844e-01
-1.099994853138923645e-01
-1.130904406309127808e-01
-1.083631664514541626e-01
-1.009086519479751587e-01
-1.069086715579032898e-01
-1.029086709022521973e-01
-9.672690927982330322e-02
-9.309054166078567505e-02
-9.236334264278411865e-02
-9.272696822881698608e-02
-8.799973875284194946e-02
-9.272695332765579224e-02
-8.599974960088729858e-02
-9.636328369379043579e-02
-1.030905097723007202e-01
-1.076359301805496216e-01
-1.052722707390785217e-01
-1.149085834622383118e-01
-1.139994934201240540e-01
-1.114540621638298035e-01
-1.099995449185371399e-01
-1.119994893670082092e-01
-1.098176911473274231e-01
-1.139994934201240540e-01
