1.508232802152633667e-01
1.375347822904586792e-01
1.286409944295883179e-01
1.314935088157653809e-01
1.301368325948715210e-01
1.301947981119155884e-01
1.212198510766029358e-01
1.215445250272750854e-01
1.212894245982170105e-01
1.163149327039718628e-01
1.176948025822639465e-01
1.085343211889266968e-01
1.099721714854240417e-01
1.023654937744140625e-01
1.194341406226158142e-01
1.058209612965583801e-01
1.074907258152961731e-01
1.002319082617759705e-01
1.151785701513290405e-01
9.486316889524459839e-02
