3.887951141223311424e-03
4.296768922358751297e-03
4.652307834476232529e-03
4.982494749128818512e-03
5.296742077916860580e-03
5.595609080046415329e-03
5.886665079742670059e-03
6.185456179082393646e-03
6.471800617873668671e-03
6.771072279661893845e-03
7.074442226439714432e-03
7.356155663728713989e-03
7.636246271431446075e-03
7.922288030385971069e-03
8.209068328142166138e-03
8.482237346470355988e-03
8.769964799284934998e-03
9.048980660736560822e-03
9.326019324362277985e-03
9.614132344722747803e-03
