-2.533104717731475830e-01
-2.531285285949707031e-01
-2.494925558567047119e-01
-2.503110766410827637e-01
-2.531285285949707031e-01
-2.539468109607696533e-01
-2.519921362400054932e-01
-2.506747841835021973e-01
-2.503559887409210205e-01
-2.524921000003814697e-01
-2.531737983226776123e-01
-2.504473626613616943e-01
-2.373110055923461914e-01
-2.304015904664993286e-01
-2.370382994413375854e-01
-2.521292269229888916e-01
-2.527647912502288818e-01
-2.499015778303146362e-01
-2.496293783187866211e-01
-2.526740729808807373e-01
-2.514925599098205566e-01
-2.513563930988311768e-01
-2.525377869606018066e-01
-2.531740665435791016e-01
-2.500834167003631592e-01
-2.515834867954254150e-01
-2.524924278259277344e-01
-2.513106763362884521e-01
-2.508561015129089355e-01
-2.512654364109039307e-01
-2.531737685203552246e-01
-2.518105208873748779e-01
-2.512654662132263184e-01
-2.524920105934143066e-01
-2.116279602050781250e-01
-2.003575265407562256e-01
-1.884480416774749756e-01
-1.966788172721862793e-01
-2.127697616815567017e-01
-2.277708202600479126e-01
-2.258115261793136597e-01
-2.249534875154495239e-01
-2.259521931409835815e-01
-2.376341223716735840e-01
-2.489529848098754883e-01
-2.344967275857925415e-01
-2.246818840503692627e-01
-2.155395895242691040e-01
-2.094939351081848145e-01
-1.987645626068115234e-01
-2.176294326782226562e-01
-2.400835156440734863e-01
-2.523105442523956299e-01
-2.533103525638580322e-01
-2.511289715766906738e-01
-2.513104677200317383e-01
-2.514014244079589844e-01
-2.509924471378326416e-01
-2.514015734195709229e-01
-2.504927515983581543e-01
-2.298106849193572998e-01
-2.525832056999206543e-01
-1.797194629907608032e-01
-1.690438538789749146e-01
-1.630426943302154541e-01
-1.785031855106353760e-01
-2.218693345785140991e-01
-2.446394413709640503e-01
-2.837140560150146484e-01
-3.105777800083160400e-01
-3.230232894420623779e-01
-3.697335720062255859e-01
-3.556787669658660889e-01
-3.034993708133697510e-01
-3.055855035781860352e-01
-2.897973954677581787e-01
-2.462176531553268433e-01
-2.174884974956512451e-01
-1.995389312505722046e-01
-1.960427612066268921e-01
-1.869940757751464844e-01
-2.163107991218566895e-01
-2.509015202522277832e-01
-2.521738111972808838e-01
-2.512654066085815430e-01
-2.508563101291656494e-01
-2.398109734058380127e-01
-2.375835925340652466e-01
-2.300834953784942627e-01
-1.583146005868911743e-01
-1.449133604764938354e-01
-1.281022876501083374e-01
-1.387782394886016846e-01
-1.903280764818191528e-01
-2.439616769552230835e-01
-3.019925951957702637e-01
-3.232626914978027344e-01
-4.011580944061279297e-01
-3.989387452602386475e-01
-4.774355292320251465e-01
-5.009462237358093262e-01
-4.553516507148742676e-01
-4.059869945049285889e-01
-3.444637954235076904e-01
-2.684884965419769287e-01
-2.197320163249969482e-01
-1.830930262804031372e-01
-1.777272224426269531e-01
-1.803131997585296631e-01
-1.905833035707473755e-01
-2.379925101995468140e-01
-2.500838041305541992e-01
-2.522193193435668945e-01
-2.507653534412384033e-01
-2.406290173530578613e-01
-2.202204614877700806e-01
-1.624510586261749268e-01
-1.177789270877838135e-01
-9.905276447534561157e-02
-3.786930814385414124e-02
-6.646302342414855957e-02
-1.785110682249069214e-01
-3.082741796970367432e-01
-3.540353477001190186e-01
-4.931308031082153320e-01
-5.162570476531982422e-01
-5.770034790039062500e-01
-6.409608125686645508e-01
-6.157394051551818848e-01
-6.515473127365112305e-01
-5.954003930091857910e-01
-5.583086609840393066e-01
-4.061780869960784912e-01
-2.109614610671997070e-01
-1.538788527250289917e-01
-1.179656982421875000e-01
-1.683227568864822388e-01
-1.882712841033935547e-01
-2.023578286170959473e-01
-2.534011304378509521e-01
-2.546282112598419189e-01
-2.537193894386291504e-01
-2.220383733510971069e-01
-1.768578290939331055e-01
-1.279140710830688477e-01
-8.533087372779846191e-02
-2.890808880329132080e-02
-1.763642206788063049e-02
-2.431771345436573029e-02
-2.225008755922317505e-01
-3.830838501453399658e-01
-3.877294063568115234e-01
-5.384047031402587891e-01
-6.159949302673339844e-01
-7.479574084281921387e-01
-6.652705669403076172e-01
-7.279506921768188477e-01
-7.999579310417175293e-01
-6.619152426719665527e-01
-5.089089870452880859e-01
-3.197734057903289795e-01
-1.309553831815719604e-01
-5.868323892354965210e-02
-6.477673351764678955e-02
-1.377284675836563110e-01
-1.841385960578918457e-01
-2.089070677757263184e-01
-2.297654151916503906e-01
-2.529464662075042725e-01
-2.524923980236053467e-01
-2.022656798362731934e-01
-1.389068663120269775e-01
-8.468771725893020630e-02
-2.273177262395620346e-03
-1.581821776926517487e-02
-4.708855599164962769e-02
-1.329589188098907471e-01
-2.904968857765197754e-01
-2.093665450811386108e-01
-3.024510741233825684e-01
-2.900879085063934326e-01
-2.938143312931060791e-01
-3.754529654979705811e-01
-4.757830500602722168e-01
-5.235487222671508789e-01
-6.879561543464660645e-01
-5.043103694915771484e-01
-4.048703312873840332e-01
-2.905898094177246094e-01
-1.013642996549606323e-01
-2.940889447927474976e-02
-1.635773107409477234e-03
-1.344233155250549316e-01
-1.822818368673324585e-01
-2.001739293336868286e-01
-2.073574364185333252e-01
-2.543099224567413330e-01
-2.103112787008285522e-01
-1.873167306184768677e-01
-1.244567111134529114e-01
-3.100101836025714874e-02
5.500155501067638397e-03
2.527289651334285736e-02
-2.354538440704345703e-02
-1.704097837209701538e-01
-1.690462082624435425e-01
-1.265427768230438232e-01
-3.558282926678657532e-02
5.869502946734428406e-02
4.555255547165870667e-02
-9.249097853899002075e-02
-1.602726578712463379e-01
-3.030028343200683594e-01
-4.071295261383056641e-01
-3.544654548168182373e-01
-2.564050853252410889e-01
-1.960906386375427246e-01
-1.024096459150314331e-01
3.364284755662083626e-03
-1.790879480540752411e-02
-1.516010910272598267e-01
-1.884120255708694458e-01
-1.959628462791442871e-01
-1.989482492208480835e-01
-2.516288161277770996e-01
-1.930863261222839355e-01
-1.686792522668838501e-01
-7.327418029308319092e-02
2.145441621541976929e-02
8.659125864505767822e-02
1.190447360277175903e-01
1.922771148383617401e-02
-3.954538330435752869e-02
-7.472903281450271606e-02
-1.269712462089955807e-03
1.952792168594896793e-03
6.914538890123367310e-02
9.409812837839126587e-02
-1.104316022247076035e-02
-1.356779783964157104e-01
-2.459617853164672852e-01
-2.161833047866821289e-01
-3.056392967700958252e-01
-2.295882254838943481e-01
-6.004406511783599854e-02
1.145579200237989426e-02
1.827341131865978241e-02
-1.035468876361846924e-01
-2.391862124204635620e-01
-2.624065279960632324e-01
-2.095882296562194824e-01
-2.051760107278823853e-01
-2.292654067277908325e-01
-1.982238888740539551e-01
-1.648628562688827515e-01
-9.587312489748001099e-02
3.568219393491744995e-02
1.390461474657058716e-01
1.544972807168960571e-01
7.177379727363586426e-02
1.206784322857856750e-01
1.095900461077690125e-01
9.164066612720489502e-02
-5.340155586600303650e-02
-7.963351905345916748e-02
5.213523283600807190e-02
5.904668197035789490e-02
-1.190004870295524597e-01
-2.744069397449493408e-01
-1.644953042268753052e-01
-1.707243174314498901e-01
-1.142240092158317566e-01
-8.485890924930572510e-02
-2.336505614221096039e-02
4.018229991197586060e-02
-5.545430257916450500e-02
-2.448292970657348633e-01
-2.509568035602569580e-01
-2.127797603607177734e-01
-2.034490406513214111e-01
-2.301290631294250488e-01
-1.992238610982894897e-01
-1.710455566644668579e-01
-1.061382964253425598e-01
3.699986636638641357e-02
1.401377022266387939e-01
2.347694188356399536e-01
1.409550756216049194e-01
1.668173372745513916e-01
2.357266247272491455e-01
5.636294186115264893e-02
-6.841246038675308228e-02
-1.435937266796827316e-02
9.718011319637298584e-02
6.699877977371215820e-02
-1.913658976554870605e-01
-3.359110653400421143e-02
-1.833277344703674316e-01
-1.294603347778320312e-01
-5.563530325889587402e-02
-9.468694776296615601e-02
-1.813614740967750549e-02
2.231883630156517029e-02
-3.490852937102317810e-02
-2.203662395477294922e-01
-2.106928825378417969e-01
-2.069073021411895752e-01
-2.021748125553131104e-01
-2.268561869859695435e-01
-2.007698267698287964e-01
-1.930446326732635498e-01
-1.183710470795631409e-01
-2.150014415383338928e-02
1.368177682161331177e-01
9.581837058067321777e-02
1.405903697013854980e-01
1.422261148691177368e-01
1.430063247680664062e-01
-2.500124275684356689e-02
-2.194579392671585083e-01
-1.946369260549545288e-01
3.299738839268684387e-02
-1.559109240770339966e-01
-1.455824673175811768e-01
-1.532679200172424316e-01
-3.495402932167053223e-01
-1.305483132600784302e-01
-5.354318767786026001e-02
4.900296777486801147e-02
-1.559288427233695984e-02
7.009079307317733765e-02
5.499999504536390305e-03
-1.588663756847381592e-01
-1.998740434646606445e-01
-1.882709413766860962e-01
-2.167205512523651123e-01
-2.416746020317077637e-01
-2.062227129936218262e-01
-2.017285227775573730e-01
-1.512798815965652466e-01
-7.200039178133010864e-02
-4.090963921044021845e-04
3.590984269976615906e-03
1.140946801751852036e-02
3.050108626484870911e-02
3.255194425582885742e-02
-8.095687627792358398e-02
-2.183627486228942871e-01
-9.618441760540008545e-02
-2.386373877525329590e-01
-3.810876607894897461e-01
-2.329583168029785156e-01
-2.912707626819610596e-01
-2.744092047214508057e-01
-1.190400943160057068e-01
2.941135689616203308e-02
1.473193615674972534e-01
7.550002634525299072e-02
6.968161463737487793e-02
9.682497009634971619e-03
-1.359580904245376587e-01
-1.567338854074478149e-01
-1.836794912815093994e-01
-2.244473695755004883e-01
-2.508108913898468018e-01
-2.192656099796295166e-01
-1.975014358758926392e-01
-1.464132964611053467e-01
-9.500029683113098145e-02
-2.531604468822479248e-02
-2.604679018259048462e-02
-6.754251569509506226e-02
-4.813444241881370544e-02
-1.218644455075263977e-01
-2.770036160945892334e-01
-2.229543626308441162e-01
-2.186808437108993530e-01
-1.658656299114227295e-01
-2.870549857616424561e-01
-1.476331949234008789e-01
-1.374516189098358154e-01
-7.231693714857101440e-02
1.382237374782562256e-01
2.333646118640899658e-01
1.835905164480209351e-01
3.313856199383735657e-02
2.918149903416633606e-02
4.093410680070519447e-04
-1.113649830222129822e-01
-1.641867011785507202e-01
-2.024055123329162598e-01
-2.287654727697372437e-01
-2.425380498170852661e-01
-2.279926836490631104e-01
-1.897254586219787598e-01
-1.400502324104309082e-01
-8.686285465955734253e-02
-1.818201877176761627e-02
-1.559140626341104507e-02
-9.772714227437973022e-03
-1.408655047416687012e-01
-2.593603134155273438e-01
-2.423604875802993774e-01
-3.211821019649505615e-01
-2.821778059005737305e-01
-1.981333047151565552e-01
-3.410434126853942871e-01
-1.318185478448867798e-01
8.450320921838283539e-03
7.818794995546340942e-02
1.244535222649574280e-01
1.890464425086975098e-01
5.448930896818637848e-03
-5.445608496665954590e-02
-7.999938912689685822e-03
-1.577213779091835022e-02
-1.486811339855194092e-01
-1.560050249099731445e-01
-1.989945024251937866e-01
-2.495834827423095703e-01
-2.528103888034820557e-01
-2.411288917064666748e-01
-1.863595545291900635e-01
-1.485512107610702515e-01
-7.345694303512573242e-02
-2.504535578191280365e-02
6.804504245519638062e-02
-3.245314955711364746e-02
-1.502709388732910156e-01
-2.369126826524734497e-01
-2.513653039932250977e-01
-2.088202834129333496e-01
-3.533687889575958252e-01
-2.743109762668609619e-01
-3.411710858345031738e-01
-9.913681447505950928e-02
2.730038482695817947e-03
5.781990289688110352e-02
1.095906943082809448e-01
6.316976621747016907e-03
-2.999865263700485229e-02
2.859269268810749054e-02
-1.891041547060012817e-02
-2.445534057915210724e-02
-1.262802332639694214e-01
-1.903760284185409546e-01
-1.884525865316390991e-01
-2.141746729612350464e-01
-2.531285881996154785e-01
-2.317197173833847046e-01
-1.984069347381591797e-01
-1.597425937652587891e-01
-1.187324598431587219e-01
-4.977428168058395386e-02
-7.863698154687881470e-02
-3.131748363375663757e-02
-1.489169746637344360e-01
-2.177823483943939209e-01
-2.760429382324218750e-01
-3.103137314319610596e-01
-2.872709035873413086e-01
-3.909110128879547119e-01
-4.667220413684844971e-01
-2.690523862838745117e-01
-6.605016440153121948e-02
-4.317948967218399048e-02
8.271159604191780090e-03
-2.140852995216846466e-02
-1.288666576147079468e-01
-4.573011025786399841e-02
2.181450836360454559e-03
2.186369337141513824e-02
-1.114144548773765564e-01
-2.060045599937438965e-01
-2.103191167116165161e-01
-2.133110314607620239e-01
-2.507656216621398926e-01
-2.293564081192016602e-01
-1.969958841800689697e-01
-1.705192923545837402e-01
-1.807411760091781616e-01
-1.376412808895111084e-01
-1.253178715705871582e-01
-3.931488096714019775e-02
-1.263738237321376801e-02
-1.320922672748565674e-01
-2.380443364381790161e-01
-3.045482039451599121e-01
-3.856830894947052002e-01
-3.668211400508880615e-01
-5.366906523704528809e-01
-2.083734720945358276e-01
3.589728148654103279e-03
-4.014154151082038879e-02
1.284512430429458618e-01
2.623275481164455414e-02
-5.709115788340568542e-02
-5.818167701363563538e-02
-3.418170660734176636e-02
-2.395292557775974274e-02
-1.349568814039230347e-01
-2.269112467765808105e-01
-2.120462805032730103e-01
-2.305381000041961670e-01
-2.529008686542510986e-01
-2.376294136047363281e-01
-2.079481780529022217e-01
-1.880256384611129761e-01
-1.290995180606842041e-01
-2.167315036058425903e-01
-2.435918897390365601e-01
-1.555432081222534180e-01
-1.065453514456748962e-01
-1.181338131427764893e-01
-2.479957342147827148e-01
-2.982735037803649902e-01
-4.205914139747619629e-01
-4.688163101673126221e-01
-5.328204631805419922e-01
-9.623406082391738892e-02
7.886467874050140381e-02
1.847258806228637695e-01
1.572707742452621460e-01
4.859192669391632080e-02
-3.286211192607879639e-02
-8.477380126714706421e-02
-8.395518362522125244e-02
-8.472910523414611816e-02
-2.242298573255538940e-01
-2.483625411987304688e-01
-2.180900722742080688e-01
-2.243563532829284668e-01
-2.537648975849151611e-01
-2.157205045223236084e-01
-2.154503613710403442e-01
-2.024770528078079224e-01
-1.499651819467544556e-01
-2.196407169103622437e-01
-2.466358542442321777e-01
-1.443122774362564087e-01
-1.178231611847877502e-01
-2.352713048458099365e-01
-1.831787973642349243e-01
-1.816867589950561523e-01
-3.431330621242523193e-01
-4.020453691482543945e-01
-4.579560160636901855e-01
-2.510369122028350830e-01
1.019083559513092041e-01
2.923169434070587158e-01
2.288659363985061646e-01
8.682616055011749268e-03
1.413678284734487534e-02
6.936378031969070435e-02
-2.226570155471563339e-03
-8.122678101062774658e-02
-2.097765058279037476e-01
-2.353667318820953369e-01
-2.008623331785202026e-01
-2.280837446451187134e-01
-2.520830631256103516e-01
-2.104019373655319214e-01
-2.062220722436904907e-01
-1.772437393665313721e-01
-6.463415920734405518e-02
-1.562302112579345703e-01
-2.241851091384887695e-01
-1.476393193006515503e-01
-1.305035352706909180e-01
-2.646331489086151123e-01
-1.002265512943267822e-01
-7.413535565137863159e-02
-2.243222892284393311e-01
-3.611793220043182373e-01
-3.199953138828277588e-01
-9.695354104042053223e-02
1.192236989736557007e-01
2.186318635940551758e-01
1.991347968578338623e-01
6.345497071743011475e-02
4.263664782047271729e-02
1.112707257270812988e-01
7.363645732402801514e-02
-4.572636261582374573e-02
-1.540541499853134155e-01
-1.673679351806640625e-01
-1.950427591800689697e-01
-2.513563334941864014e-01
-2.515834569931030273e-01
-2.146750688552856445e-01
-1.711806356906890869e-01
-1.385142952203750610e-01
-7.500819396227598190e-03
4.627360776066780090e-02
-2.777233533561229706e-02
-9.136314690113067627e-02
-1.820867061614990234e-01
-1.542719602584838867e-01
-4.727209359407424927e-02
-1.475073248147964478e-01
-3.517729341983795166e-01
-3.340981602668762207e-01
-1.863617002964019775e-01
-1.390394568443298340e-01
4.250299930572509766e-02
1.060045734047889709e-01
5.713587254285812378e-02
-5.418227240443229675e-02
1.015012785792350769e-01
2.384117692708969116e-01
1.324989348649978638e-01
3.177376464009284973e-02
-1.020996496081352234e-01
-1.604605913162231445e-01
-1.885405331850051880e-01
-2.518559992313385010e-01
-2.509926259517669678e-01
-2.504922449588775635e-01
-1.700892597436904907e-01
-1.020959839224815369e-01
8.677591569721698761e-03
5.427509918808937073e-02
6.863168440759181976e-03
-1.088636144995689392e-01
-3.220436275005340576e-01
-4.286756515502929688e-01
-5.371304154396057129e-01
-7.584152817726135254e-01
-7.777349352836608887e-01
-6.017822027206420898e-01
-3.369987010955810547e-01
-3.055955767631530762e-01
-1.424071490764617920e-01
-3.686350211501121521e-02
-1.010934710502624512e-01
3.227168926969170570e-03
1.466338932514190674e-01
1.684964001178741455e-01
1.168162673711776733e-01
-2.177339978516101837e-02
-8.950657397508621216e-02
-1.577252745628356934e-01
-2.070841640233993530e-01
-2.490382939577102661e-01
-2.525832355022430420e-01
-2.509015500545501709e-01
-1.919045150279998779e-01
-1.350440531969070435e-01
-8.614423871040344238e-02
-3.650029376149177551e-02
-8.522709459066390991e-02
-1.739555150270462036e-01
-3.047319054603576660e-01
-5.428197979927062988e-01
-7.626836299896240234e-01
-8.916304111480712891e-01
-9.296389222145080566e-01
-6.933922171592712402e-01
-4.491756260395050049e-01
-3.226445615291595459e-01
-2.607234716415405273e-01
-2.610004842281341553e-01
-2.909070849418640137e-01
-1.113197207450866699e-01
-4.640835523605346680e-02
-4.399892687797546387e-02
-3.413625061511993408e-02
-8.704999089241027832e-02
-1.099104583263397217e-01
-1.697685420513153076e-01
-2.316744774580001831e-01
-2.506290078163146973e-01
-2.494017630815505981e-01
-2.519016265869140625e-01
-2.207200676202774048e-01
-1.828602701425552368e-01
-1.608174294233322144e-01
-1.532882452011108398e-01
-1.222385317087173462e-01
-1.589124351739883423e-01
-2.682208418846130371e-01
-4.210876822471618652e-01
-5.886083245277404785e-01
-6.600064635276794434e-01
-7.047721743583679199e-01
-5.970861911773681641e-01
-4.237680733203887939e-01
-4.134016931056976318e-01
-3.559885025024414062e-01
-3.115384578704833984e-01
-2.332762032747268677e-01
-1.379618644714355469e-01
-1.361403912305831909e-01
-1.255071908235549927e-01
-1.200901791453361511e-01
-1.288161426782608032e-01
-1.519974172115325928e-01
-2.033115476369857788e-01
-2.409927397966384888e-01
-2.498563975095748901e-01
-2.513099908828735352e-01
-2.509017288684844971e-01
-2.536283731460571289e-01
-2.055385559797286987e-01
-1.806846410036087036e-01
-1.588191539049148560e-01
-1.775955259799957275e-01
-2.142794430255889893e-01
-2.715406417846679688e-01
-3.498502671718597412e-01
-4.362585842609405518e-01
-4.426712989807128906e-01
-4.973109662532806396e-01
-4.067742824554443359e-01
-3.276316523551940918e-01
-2.579400539398193359e-01
-2.451733797788619995e-01
-2.400889545679092407e-01
-2.167333066463470459e-01
-1.951380521059036255e-01
-1.790466010570526123e-01
-1.736407727003097534e-01
-1.404545605182647705e-01
-1.602714210748672485e-01
-1.815850734710693359e-01
-2.276747226715087891e-01
-2.394928038120269775e-01
-2.524014115333557129e-01
-2.509017288684844971e-01
-2.512201070785522461e-01
-2.487199306488037109e-01
-2.533555328845977783e-01
-2.086742073297500610e-01
-2.194073051214218140e-01
-2.435849308967590332e-01
-2.803835570812225342e-01
-3.491921126842498779e-01
-4.041941165924072266e-01
-4.388761520385742188e-01
-4.692740142345428467e-01
-5.103023052215576172e-01
-4.522893130779266357e-01
-4.185865819454193115e-01
-3.703169226646423340e-01
-3.313561975955963135e-01
-3.007692396640777588e-01
-2.990807294845581055e-01
-2.480909377336502075e-01
-2.052253186702728271e-01
-1.955037713050842285e-01
-1.819048076868057251e-01
-2.169932276010513306e-01
-2.500384449958801270e-01
-2.529017031192779541e-01
-2.499928772449493408e-01
-2.507652342319488525e-01
-2.494474947452545166e-01
-2.517195343971252441e-01
-2.497654408216476440e-01
-2.514471113681793213e-01
-2.377653717994689941e-01
-2.186297774314880371e-01
-2.075369805097579956e-01
-2.212678194046020508e-01
-2.202236801385879517e-01
-2.322234660387039185e-01
-2.618077099323272705e-01
-2.779448926448822021e-01
-2.856121659278869629e-01
-2.794326841831207275e-01
-2.853954434394836426e-01
-2.672193944454193115e-01
-2.323617786169052124e-01
-2.210017591714859009e-01
-1.972264498472213745e-01
-1.840423345565795898e-01
-1.848576515913009644e-01
-2.066292762756347656e-01
-2.137659937143325806e-01
-2.517651021480560303e-01
-2.521739900112152100e-01
-2.505836486816406250e-01
-2.516740858554840088e-01
-2.509472668170928955e-01
