1.523849088698625565e-03
1.371838385239243507e-03
1.027332386001944542e-03
1.739196828566491604e-03
1.336231245659291744e-03
1.958036562427878380e-03
-2.148723724531009793e-04
6.870107608847320080e-04
1.451222226023674011e-03
-2.705045917537063360e-04
2.875400823540985584e-04
1.499561709351837635e-03
1.355594722554087639e-03
1.143588087870739400e-04
5.315874586813151836e-04
5.815675831399857998e-04
8.758883341215550900e-04
2.756134490482509136e-04
1.619174872757866979e-04
2.162426710128784180e-03
1.500011887401342392e-03
1.166425296105444431e-03
1.535574090667068958e-03
2.561404369771480560e-03
1.223936560563743114e-03
1.924119889736175537e-03
-1.013507353491149843e-04
1.952866557985544205e-03
7.972683524712920189e-04
1.377832493744790554e-03
1.449177740141749382e-03
4.241569058649474755e-06
1.188628142699599266e-03
1.678256783634424210e-03
1.999628962948918343e-03
1.118067884817719460e-03
1.079958281479775906e-03
1.216327655129134655e-03
1.347531331703066826e-03
1.883518882095813751e-03
2.138092415407299995e-03
1.433214289136230946e-03
1.077275606803596020e-03
1.982213230803608894e-03
1.416046754457056522e-03
1.674354425631463528e-03
1.426080241799354553e-03
1.325874822214245796e-03
1.893136184662580490e-03
2.686213469132781029e-03
-2.941882703453302383e-04
-1.320868759648874402e-04
1.781631959602236748e-03
1.631151768378913403e-03
1.917727175168693066e-03
3.756593505386263132e-04
-3.423555608605965972e-05
1.595516456291079521e-03
1.180740538984537125e-03
1.457371748983860016e-03
1.609883038327097893e-03
1.218297285959124565e-03
1.593183143995702267e-03
7.271137437783181667e-04
2.291503828018903732e-03
1.020514173433184624e-03
8.609452052041888237e-04
1.138148247264325619e-03
1.660816487856209278e-03
1.030344283208250999e-03
1.568206585943698883e-03
1.050488441251218319e-03
7.711395155638456345e-04
1.633085543289780617e-03
1.275986665859818459e-03
1.601858530193567276e-03
1.824175706133246422e-04
3.094859712291508913e-04
7.161633111536502838e-04
1.351508544757962227e-03
1.208475441671907902e-03
1.974092330783605576e-03
2.863018307834863663e-04
1.719369320198893547e-03
1.830470282584428787e-03
9.275521151721477509e-04
1.475645694881677628e-03
1.231745467521250248e-03
1.235902542248368263e-03
1.691595418378710747e-03
1.123415306210517883e-03
1.252067857421934605e-03
1.567592960782349110e-03
9.482501773163676262e-04
9.765927679836750031e-04
8.828482823446393013e-04
8.706703665666282177e-04
9.679009090177714825e-04
1.265665283426642418e-03
1.729267882183194160e-03
1.102602924220263958e-03
2.335595199838280678e-03
1.554580871015787125e-03
1.287528895772993565e-03
8.815557812340557575e-04
8.494485518895089626e-04
9.293051552958786488e-04
8.631529635749757290e-04
4.110201189178042114e-06
4.298152343835681677e-04
1.425106893293559551e-03
1.939679961651563644e-03
1.487961155362427235e-03
1.872507040388882160e-03
8.183176978491246700e-04
1.194533426314592361e-03
8.019319502636790276e-04
1.926066121086478233e-03
1.192785915918648243e-03
5.570832290686666965e-04
1.601044670678675175e-03
1.299155293963849545e-03
1.210502581670880318e-03
1.530615030787885189e-03
-5.222958134254440665e-05
1.614084700122475624e-03
1.074738800525665283e-03
8.504945435561239719e-04
-2.880271058529615402e-04
1.156731625087559223e-03
1.866580103524029255e-03
1.453009434044361115e-03
6.264598923735320568e-04
1.236866111867129803e-03
1.356832915917038918e-03
1.682878355495631695e-03
2.293139928951859474e-03
1.442897832021117210e-03
-9.059947915375232697e-04
8.944714209064841270e-04
2.696714072953909636e-04
2.356419339776039124e-03
2.096656477078795433e-03
1.191836781799793243e-03
1.056049717590212822e-03
5.914059584029018879e-04
5.243514315225183964e-04
1.177276833914220333e-03
8.819038630463182926e-04
7.457467727363109589e-04
2.099923323839902878e-03
-9.924988989951089025e-05
1.372526749037206173e-03
5.054356879554688931e-04
1.507043605670332909e-03
1.852965680882334709e-03
2.175834728404879570e-03
9.879143908619880676e-04
7.210701587609946728e-04
1.540182624012231827e-03
1.863971352577209473e-03
1.733279670588672161e-03
1.995937054743990302e-04
8.734792936593294144e-04
1.991295488551259041e-03
1.883592223748564720e-03
2.259975532069802284e-03
8.308928227052092552e-04
1.777316560037434101e-03
1.507069449871778488e-03
1.222912454977631569e-03
1.049254322424530983e-03
1.622388255782425404e-03
1.066569238901138306e-03
1.227650674991309643e-03
1.316371490247547626e-03
-1.584783749422058463e-04
1.946583040989935398e-03
6.227871053852140903e-04
3.947924124076962471e-04
5.455819773487746716e-04
2.019654028117656708e-03
7.755481638014316559e-04
1.014736597426235676e-03
1.733910874463617802e-03
6.908120121806859970e-04
2.274498110637068748e-03
8.509797626174986362e-04
1.277547562494874001e-03
9.179013432003557682e-04
1.239971257746219635e-03
9.898309363052248955e-04
1.636796281673014164e-03
1.552504603751003742e-03
1.273102476261556149e-03
1.330945524387061596e-03
1.424676156602799892e-03
2.431089757010340691e-03
1.488916575908660889e-03
5.067230667918920517e-04
-3.016183618456125259e-04
1.258260337635874748e-03
1.437500235624611378e-03
1.674631610512733459e-03
-2.095426316373050213e-04
1.804671483114361763e-03
1.095366082154214382e-03
1.372399041429162025e-03
2.126799197867512703e-03
1.569557352922856808e-03
5.604503676295280457e-04
-4.227383469697088003e-04
3.225062973797321320e-04
1.381289446726441383e-03
1.196516561321914196e-03
6.321975961327552795e-04
1.840654760599136353e-03
1.395632163621485233e-03
1.360166002996265888e-03
9.604595252312719822e-04
3.223630483262240887e-04
1.504998886957764626e-03
1.434849691577255726e-03
2.049706017714925110e-05
8.105537854135036469e-04
