-7.938383496366441250e-04
-8.050355245359241962e-04
-7.935092435218393803e-04
-7.996125495992600918e-04
-7.888366817496716976e-04
-7.911917637102305889e-04
-7.828912930563092232e-04
-7.903407095000147820e-04
-7.955229957588016987e-04
-8.129162597469985485e-04
-7.999614463187754154e-04
-7.874536677263677120e-04
-7.985316333360970020e-04
-7.993635372258722782e-04
-8.052381454035639763e-04
-8.024029084481298923e-04
-8.068587630987167358e-04
-7.978996145538985729e-04
-8.075246005319058895e-04
-7.870759582147002220e-04
-8.047064766287803650e-04
-8.068250026553869247e-04
-7.990216254256665707e-04
-7.842611521482467651e-04
-8.048501331359148026e-04
-8.013493497855961323e-04
-7.875316077843308449e-04
-7.952912128530442715e-04
-7.854417781345546246e-04
-8.096751407720148563e-04
-8.039426174946129322e-04
-8.001994574442505836e-04
-7.992553291842341423e-04
-7.935586036182940006e-04
-8.195897098630666733e-04
-8.363791275769472122e-04
-8.412437746301293373e-04
-8.696963195689022541e-04
-9.323403355665504932e-04
-9.664058452472090721e-04
-9.744629496708512306e-04
-9.896904230117797852e-04
-1.017872593365609646e-03
-1.011993037536740303e-03
-1.038369257003068924e-03
-1.016492955386638641e-03
-9.268433204852044582e-04
-8.971357019618153572e-04
-8.746439707465469837e-04
-8.134476956911385059e-04
-8.230797247961163521e-04
-8.079084218479692936e-04
-7.948968559503555298e-04
-7.922704680822789669e-04
-7.923056837171316147e-04
-8.028408628888428211e-04
-7.833170238882303238e-04
-8.000860689207911491e-04
-7.968834252096712589e-04
-8.088194881565868855e-04
-8.042253903113305569e-04
-7.948524435050785542e-04
-8.516716188751161098e-04
-9.291527094319462776e-04
-9.755027713254094124e-04
-1.017797971144318581e-03
-1.039220136590301991e-03
-1.006415579468011856e-03
-1.012158463709056377e-03
-1.021549804136157036e-03
-1.108538359403610229e-03
-1.095705432817339897e-03
-1.120597007684409618e-03
-1.085134455934166908e-03
-1.030004816129803658e-03
-1.015580026432871819e-03
-1.013100612908601761e-03
-1.050654915161430836e-03
-1.043515396304428577e-03
-9.145506774075329304e-04
-8.567865588702261448e-04
-8.188859210349619389e-04
-8.122910512611269951e-04
-7.950863218866288662e-04
-7.930111023597419262e-04
-7.923037628643214703e-04
-8.031690958887338638e-04
-8.088556933216750622e-04
-8.091831696219742298e-04
-8.783629746176302433e-04
-9.745844290591776371e-04
-1.004974124953150749e-03
-9.703206014819443226e-04
-9.217611514031887054e-04
-9.420136339031159878e-04
-9.467824129387736320e-04
-9.947736980393528938e-04
-1.081127440556883812e-03
-1.194722251966595650e-03
-1.259720069356262684e-03
-1.269896398298442364e-03
-1.223674742504954338e-03
-1.123693538829684258e-03
-1.057565095834434032e-03
-1.008871127851307392e-03
-9.983712807297706604e-04
-1.057081739418208599e-03
-1.083712908439338207e-03
-9.854747913777828217e-04
-8.431175374425947666e-04
-8.096442907117307186e-04
-7.924654637463390827e-04
-7.933219312690198421e-04
-8.193353423848748207e-04
-8.097736281342804432e-04
-8.274964056909084320e-04
-8.957742829807102680e-04
-1.031373045407235622e-03
-9.739759261719882488e-04
-8.526225574314594269e-04
-7.614913047291338444e-04
-7.427316159009933472e-04
-7.852193666622042656e-04
-8.847037679515779018e-04
-1.107602496631443501e-03
-1.284749829210340977e-03
-1.430569100193679333e-03
-1.481810351833701134e-03
-1.438630046322941780e-03
-1.303697354160249233e-03
-1.115134567953646183e-03
-9.922424796968698502e-04
-9.235801990143954754e-04
-9.341901168227195740e-04
-1.009786617942154408e-03
-1.062644645571708679e-03
-1.130252727307379246e-03
-1.035673543810844421e-03
-8.323072688654065132e-04
-8.053237106651067734e-04
-7.914646994322538376e-04
-7.968798745423555374e-04
-8.187066996470093727e-04
-8.782405639067292213e-04
-1.015334273688495159e-03
-9.347376762889325619e-04
-7.358549628406763077e-04
-6.128322565928101540e-04
-4.794200649484992027e-04
-4.586288123391568661e-04
-4.617563681676983833e-04
-6.016224506311118603e-04
-8.556543034501373768e-04
-9.857369586825370789e-04
-1.044515869580209255e-03
-1.100794528611004353e-03
-9.516677237115800381e-04
-8.805013494566082954e-04
-7.561573293060064316e-04
-6.221315707080066204e-04
-6.079712184146046638e-04
-7.218719110824167728e-04
-8.169352659024298191e-04
-9.370480547659099102e-04
-1.013263012282550335e-03
-1.111725927330553532e-03
-9.596300078555941582e-04
-8.075746009126305580e-04
-7.938998751342296600e-04
-8.067930466495454311e-04
-8.236748399212956429e-04
-9.775420185178518295e-04
-9.753833292052149773e-04
-7.420387119054794312e-04
-5.082755815237760544e-04
-3.390208876226097345e-04
-1.627996389288455248e-04
-1.859667681856080890e-04
-2.581749286036938429e-04
-4.228845937177538872e-04
-5.026397993788123131e-04
-5.715971929021179676e-04
-5.236306460574269295e-04
-4.402229387778788805e-04
-4.418864555191248655e-04
-5.218157311901450157e-04
-4.213602805975824594e-04
-2.756460162345319986e-04
-2.303968794876709580e-04
-3.540457400958985090e-04
-5.685450159944593906e-04
-8.218706934712827206e-04
-9.725623531267046928e-04
-1.036059227772057056e-03
-1.070429570972919464e-03
-8.291019476018846035e-04
-8.003702969290316105e-04
-8.192785317078232765e-04
-9.292011382058262825e-04
-1.049724989570677280e-03
-8.417647914029657841e-04
-5.987433250993490219e-04
-3.608050465118139982e-04
-1.048588892444968224e-04
9.531140676699578762e-06
-2.987560583278536797e-05
-2.564225287642329931e-04
-3.963537164963781834e-04
-3.644584212452173233e-04
-2.856971404980868101e-04
-4.153355621383525431e-05
-4.196141617285320535e-06
-1.008401377475820482e-04
-3.116606967523694038e-04
-3.753302735276520252e-04
-1.668910117587074637e-04
7.814018317731097341e-05
1.037451966112712398e-05
-2.972398360725492239e-04
-7.161650573834776878e-04
-9.175635641440749168e-04
-1.032508676871657372e-03
-1.101819565519690514e-03
-8.399370126426219940e-04
-8.091920171864330769e-04
-8.644181070849299431e-04
-1.014910638332366943e-03
-9.334120550192892551e-04
-7.550172740593552589e-04
-4.537973436526954174e-04
-2.318782353540882468e-04
2.530042183934710920e-05
1.012037100736051798e-04
-1.259286364074796438e-04
-3.657778725028038025e-04
-4.347504291217774153e-04
-3.035797562915831804e-04
-1.322945463471114635e-04
3.934811320505104959e-05
3.762447522603906691e-05
-5.756442260462790728e-05
-2.653114206623286009e-04
-3.814459196291863918e-04
-1.886317622847855091e-04
8.070005424087867141e-05
1.186453009722754359e-04
-1.371715188724920154e-04
-6.104881758801639080e-04
-9.465365437790751457e-04
-1.014931011013686657e-03
-1.084527466446161270e-03
-8.165955659933388233e-04
-8.132747025229036808e-04
-8.889848249964416027e-04
-1.006071572192013264e-03
-8.644058252684772015e-04
-6.957589066587388515e-04
-4.799599410034716129e-04
-1.188123715110123158e-04
1.201459672302007675e-04
1.194738724734634161e-04
-1.650577469263225794e-04
-3.724978887476027012e-04
-4.347200738266110420e-04
-2.940652775578200817e-04
-7.266157626872882247e-05
-1.344315023743547499e-05
-9.385924204252660275e-05
-8.215494744945317507e-05
-3.993574937339872122e-04
-4.332916578277945518e-04
-2.400513476459309459e-04
1.216361397382570431e-05
1.818859163904562593e-04
-1.044061718857847154e-04
-5.249740788713097572e-04
-9.087261860258877277e-04
-1.021680538542568684e-03
-1.084413263015449047e-03
-8.602521847933530807e-04
-8.126905304379761219e-04
-9.049212094396352768e-04
-9.852715302258729935e-04
-8.744503720663487911e-04
-6.831421051174402237e-04
-4.801270260941237211e-04
-7.202253618743270636e-05
1.379887398798018694e-04
-8.684316526341717690e-06
-3.033821994904428720e-04
-5.783021915704011917e-04
-5.400466034188866615e-04
-3.089295641984790564e-04
-1.890414932859130204e-05
-2.527650212869048119e-04
-2.757357142399996519e-04
-2.228766388725489378e-04
-3.861207223962992430e-04
-4.007242678198963404e-04
-1.462451327824965119e-04
1.071767565008485690e-05
7.368026854237541556e-05
-1.112988029490225017e-04
-5.023796693421900272e-04
-8.124904124997556210e-04
-1.077956752851605415e-03
-1.042617834173142910e-03
-8.310548728331923485e-04
-8.118607220239937305e-04
-8.991630747914314270e-04
-1.016380498185753822e-03
-9.244746761396527290e-04
-7.529758731834590435e-04
-4.452404682524502277e-04
-1.017946706269867718e-04
-2.416526854176481720e-07
-1.830739638535305858e-04
-4.831795813515782356e-04
-5.780856590718030930e-04
-5.009386804886162281e-04
-2.232510887552052736e-04
-1.062298033502884209e-04
-4.468147235456854105e-04
-3.511140821501612663e-04
-2.607975911814719439e-04
-3.341645933687686920e-04
-3.164861700497567654e-04
-6.605077942367643118e-05
7.071874279063194990e-05
3.230855145375244319e-05
-1.846205414040014148e-04
-4.932419396936893463e-04
-8.213012479245662689e-04
-1.109812990762293339e-03
-9.412530926056206226e-04
-8.116479148156940937e-04
-8.057921659201383591e-04
-8.464533020742237568e-04
-9.799286490306258202e-04
-9.878413984552025795e-04
-7.767977076582610607e-04
-4.886137903667986393e-04
-2.017475489992648363e-04
-1.381246111122891307e-04
-3.261319070588797331e-04
-4.890388227067887783e-04
-5.148807540535926819e-04
-4.796891589649021626e-04
-2.642336476128548384e-04
-2.319249033462256193e-04
-5.197789869271218777e-04
-4.142100224271416664e-04
-2.363845997024327517e-04
-2.635424025356769562e-04
-9.688305726740509272e-05
1.180207182187587023e-04
4.854497092310339212e-05
-1.010684864013455808e-04
-2.940368431154638529e-04
-5.061048432253301144e-04
-8.106024470180273056e-04
-1.053885323926806450e-03
-9.100809693336486816e-04
-8.142718579620122910e-04
-8.031191537156701088e-04
-8.334633894264698029e-04
-9.263524552807211876e-04
-9.966938523575663567e-04
-7.942980155348777771e-04
-5.043596611358225346e-04
-3.067935758735984564e-04
-2.432891778880730271e-04
-3.076710272580385208e-04
-4.157059011049568653e-04
-3.812305221799761057e-04
-2.818926877807825804e-04
-1.406834599038120359e-05
-2.094753435812890530e-04
-5.302234203554689884e-04
-3.627383848652243614e-04
-1.616602385183796287e-04
-1.682481233729049563e-04
-3.569622640497982502e-05
9.175610466627404094e-05
-1.621858245925977826e-05
-2.155569527531042695e-04
-2.933380310423672199e-04
-5.407436983659863472e-04
-7.594630005769431591e-04
-1.075419480912387371e-03
-9.187133400700986385e-04
-8.270195103250443935e-04
-7.956826593726873398e-04
-8.301201742142438889e-04
-8.549289777874946594e-04
-1.015919144265353680e-03
-8.030292810872197151e-04
-4.895991296507418156e-04
-3.081486502196639776e-04
-2.276981977047398686e-04
-3.595894377212971449e-04
-3.793475625570863485e-04
-2.935059892479330301e-04
-1.138995503424666822e-04
1.174818462459370494e-04
-2.035877987509593368e-04
-4.895122256129980087e-04
-3.030379302799701691e-04
-1.740024308674037457e-04
-2.537399122957140207e-04
-1.447045797249302268e-04
-3.577256211428903043e-05
-1.110316879930905998e-04
-2.585171314422041178e-04
-2.985161263495683670e-04
-5.181630258448421955e-04
-7.466045208275318146e-04
-1.077250577509403229e-03
-9.290984016843140125e-04
-8.006276912055909634e-04
-8.115282398648560047e-04
-8.016405627131462097e-04
-8.635977865196764469e-04
-1.050126738846302032e-03
-7.843989296816289425e-04
-4.805810749530792236e-04
-3.177523030899465084e-04
-2.878651721403002739e-04
-3.748824237845838070e-04
-3.747567825485020876e-04
-2.415205526631325483e-04
-5.124855670146644115e-05
2.378434146521613002e-05
-3.417039406485855579e-04
-5.733382422477006912e-04
-3.345656441524624825e-04
-2.790641156025230885e-04
-3.199947241228073835e-04
-2.443275006953626871e-04
-9.168522956315428019e-05
-1.615635992493480444e-04
-2.545909374020993710e-04
-2.471662592142820358e-04
-4.222502757329493761e-04
-7.382511394098401070e-04
-1.039125840179622173e-03
-9.603665093891322613e-04
-8.150213398039340973e-04
-8.037547231651842594e-04
-8.213713299483060837e-04
-8.928549359552562237e-04
-1.068467041477560997e-03
-7.638770621269941330e-04
-4.798969021067023277e-04
-2.880980027839541435e-04
-3.253258473705500364e-04
-4.445260565262287855e-04
-4.364232590887695551e-04
-2.546293835621327162e-04
-1.060283611877821386e-04
-1.533443573862314224e-04
-5.439305095933377743e-04
-7.034151349216699600e-04
-4.908116534352302551e-04
-3.630026476457715034e-04
-3.328912134747952223e-04
-1.762717583915218711e-04
-1.718020357657223940e-04
-1.437206956325098872e-04
-1.366806827718392015e-04
-2.061695558950304985e-04
-3.967802622355520725e-04
-6.876486004330217838e-04
-1.005002530291676521e-03
-1.018753042444586754e-03
-8.149148779921233654e-04
-8.065499132499098778e-04
-8.045177091844379902e-04
-9.339833050034940243e-04
-1.056995010003447533e-03
-7.161943940445780754e-04
-4.384921630844473839e-04
-3.022876044269651175e-04
-3.178766637574881315e-04
-4.571669269353151321e-04
-3.792944771703332663e-04
-3.131655394099652767e-04
-2.952272188849747181e-04
-4.594126658048480749e-04
-7.548744324594736099e-04
-8.139068377204239368e-04
-4.456395399756729603e-04
-2.410296146990731359e-04
-1.760712766554206610e-04
-1.499695936217904091e-04
-2.560635621193796396e-04
-1.513279858045279980e-04
-2.092901013384107500e-05
-1.239893899764865637e-04
-3.823007573373615742e-04
-7.114180480130016804e-04
-9.888302301988005638e-04
-9.938110597431659698e-04
-8.077712263911962509e-04
-8.296547457575798035e-04
-8.128870395012199879e-04
-9.944499470293521881e-04
-9.582352358847856522e-04
-6.629156996496021748e-04
-4.135462222620844841e-04
-2.803193056024610996e-04
-3.438130370341241360e-04
-3.802422143053263426e-04
-3.287318686489015818e-04
-2.734250156208872795e-04
-3.676093183457851410e-04
-5.174375837668776512e-04
-6.554410210810601711e-04
-5.073733627796173096e-04
-1.736324484227225184e-04
-1.137649542215513065e-05
-5.282590336719295010e-06
-2.010028256336227059e-04
-1.238515396835282445e-04
2.192116517107933760e-05
8.881760732037946582e-05
-4.646501838578842580e-05
-3.635234897956252098e-04
-7.601402467116713524e-04
-9.957252768799662590e-04
-9.550715330988168716e-04
-8.123468142002820969e-04
-7.916590548120439053e-04
-8.257181616500020027e-04
-1.028093742206692696e-03
-8.881923276931047440e-04
-5.802358500659465790e-04
-4.056080360896885395e-04
-1.884290977614000440e-04
-2.428576408419758081e-04
-3.439571592025458813e-04
-3.256753261666744947e-04
-2.956297539640218019e-04
-3.179376362822949886e-04
-3.230353177059441805e-04
-2.984839666169136763e-04
-2.507054596208035946e-04
2.437268221910926513e-06
1.818104828998912126e-05
-1.142612745752558112e-04
-1.864688674686476588e-04
-6.287657743087038398e-05
2.117372787324711680e-04
2.006919821724295616e-04
-3.567802423276589252e-06
-4.306263290345668793e-04
-7.615541107952594757e-04
-9.959954768419265747e-04
-9.555394062772393227e-04
-8.097949321381747723e-04
-8.136844844557344913e-04
-8.213584078475832939e-04
-1.035403576679527760e-03
-8.731029229238629341e-04
-5.700340261682868004e-04
-3.421797591727226973e-04
-1.372297265334054828e-04
-9.430124191567301750e-05
-2.154388639610260725e-04
-2.495915978215634823e-04
-2.255549043184146285e-04
-2.087851025862619281e-04
-2.174822002416476607e-04
-1.783980551408603787e-04
-4.866458402830176055e-05
1.016175447148270905e-04
-1.006099919322878122e-04
-2.566516632214188576e-04
-1.319124858127906919e-04
1.612329215276986361e-04
2.530117053538560867e-04
1.663642033236101270e-04
-9.931170643540099263e-05
-5.158708081580698490e-04
-8.072177297435700893e-04
-1.006614416837692261e-03
-9.311573812738060951e-04
-8.056628867052495480e-04
-7.888870895840227604e-04
-8.176129776984453201e-04
-1.014914712868630886e-03
-8.975489181466400623e-04
-6.163533544167876244e-04
-3.840475110337138176e-04
-1.365677162539213896e-04
1.093450828193454072e-05
-7.763802568661049008e-05
-2.734137815423309803e-04
-3.517346340231597424e-04
-3.839502460323274136e-04
-2.242521150037646294e-04
-9.339013195130974054e-05
-5.329653049557236955e-06
-1.119545922847464681e-04
-2.495352528057992458e-04
-3.382497816346585751e-04
-9.832266368903219700e-05
1.024728117045015097e-04
1.036996545735746622e-04
-8.123027510009706020e-05
-3.138972097076475620e-04
-6.329065072350203991e-04
-9.024462779052555561e-04
-1.037759939208626747e-03
-8.661118336021900177e-04
-7.947881822474300861e-04
-7.918975898064672947e-04
-8.123765001073479652e-04
-9.613640722818672657e-04
-9.948239894583821297e-04
-7.503308006562292576e-04
-5.086463643237948418e-04
-2.586834016256034374e-04
-1.211415219586342573e-04
-1.288925996050238609e-04
-3.012848028447479010e-04
-4.798703303094953299e-04
-4.934060852974653244e-04
-4.477723559830337763e-04
-2.870046882890164852e-04
-3.635927278082817793e-04
-4.735158290714025497e-04
-4.821187758352607489e-04
-4.334056284278631210e-04
-2.395804040133953094e-04
-1.758714206516742706e-04
-2.185427583754062653e-04
-3.588189720176160336e-04
-5.642283358611166477e-04
-8.354425081051886082e-04
-9.917335119098424911e-04
-9.617467294447124004e-04
-8.277985616587102413e-04
-7.926440448500216007e-04
-7.974237087182700634e-04
-7.948817801661789417e-04
-8.898840751498937607e-04
-1.045585959218442440e-03
-9.481963934376835823e-04
-7.698173285461962223e-04
-5.572714726440608501e-04
-4.819345485884696245e-04
-4.378843295853585005e-04
-5.393904866650700569e-04
-7.289922214113175869e-04
-8.021463290788233280e-04
-8.725104853510856628e-04
-8.266704389825463295e-04
-7.328952779062092304e-04
-7.682465366087853909e-04
-7.854565628804266453e-04
-6.941048777662217617e-04
-5.945343873463571072e-04
-5.666119977831840515e-04
-6.003768066875636578e-04
-6.850255304016172886e-04
-8.422887767665088177e-04
-9.898325661197304726e-04
-1.019959454424679279e-03
-8.704853244125843048e-04
-8.157051634043455124e-04
-7.954140310175716877e-04
-7.840025355108082294e-04
-7.932514999993145466e-04
-8.185699698515236378e-04
-9.336061193607747555e-04
-1.057725516147911549e-03
-9.919848525896668434e-04
-8.413030300289392471e-04
-7.901521166786551476e-04
-7.668628240935504436e-04
-8.379438077099621296e-04
-9.674060274846851826e-04
-1.057510264217853546e-03
-1.097394851967692375e-03
-1.073566032573580742e-03
-1.012010732665657997e-03
-9.123178315348923206e-04
-9.346951846964657307e-04
-9.376022499054670334e-04
-9.207455441355705261e-04
-8.357541519217193127e-04
-8.118952391669154167e-04
-8.870369056239724159e-04
-9.834484662860631943e-04
-1.022765180096030235e-03
-9.037529816851019859e-04
-8.166796760633587837e-04
-8.096441742964088917e-04
-8.040159591473639011e-04
-7.831818656995892525e-04
-7.953572203405201435e-04
-7.925662794150412083e-04
-8.378174970857799053e-04
-9.342706180177628994e-04
-1.039020717144012451e-03
-9.627872495912015438e-04
-9.222833323292434216e-04
-9.867702610790729523e-04
-1.038788817822933197e-03
-1.156002981588244438e-03
-1.211149152368307114e-03
-1.203875872306525707e-03
-1.188572496175765991e-03
-1.173028838820755482e-03
-1.138897263444960117e-03
-1.137723797000944614e-03
-1.074145664460957050e-03
-9.734360501170158386e-04
-9.089613449759781361e-04
-9.275614866055548191e-04
-9.654439054429531097e-04
-1.000966178253293037e-03
-9.302008547820150852e-04
-8.285730727948248386e-04
-8.123775478452444077e-04
-8.078089449554681778e-04
-7.939452189020812511e-04
-8.035148493945598602e-04
-8.106138557195663452e-04
-8.005131967365741730e-04
-7.995728519745171070e-04
-8.421720121987164021e-04
-9.549022652208805084e-04
-1.015004585497081280e-03
-9.446725016459822655e-04
-9.391963249072432518e-04
-9.939511073753237724e-04
-1.028348226100206375e-03
-1.054793363437056541e-03
-1.056250417605042458e-03
-1.069503487087786198e-03
-1.044505974277853966e-03
-1.046393997967243195e-03
-1.019536750391125679e-03
-9.935632115229964256e-04
-9.951756801456212997e-04
-9.929827647283673286e-04
-1.032218104228377342e-03
-9.772726334631443024e-04
-8.603441528975963593e-04
-8.099260739982128143e-04
-7.950036670081317425e-04
-8.145036408677697182e-04
-7.993835606612265110e-04
-8.016832289285957813e-04
-8.137341937981545925e-04
-7.995712803676724434e-04
-7.884037913754582405e-04
-7.942981319501996040e-04
-8.124736486934125423e-04
-8.121516439132392406e-04
-8.488806197419762611e-04
-9.069461957551538944e-04
-9.331203182227909565e-04
-9.843286825343966484e-04
-1.038028276525437832e-03
-1.051663653925061226e-03
-1.040164963342249393e-03
-1.049245824106037617e-03
-1.014136709272861481e-03
-1.007373444736003876e-03
-1.033931621350347996e-03
-1.055358559824526310e-03
-9.870851645246148109e-04
-8.835499756969511509e-04
-8.549217600375413895e-04
-8.026232826523482800e-04
-8.160780998878180981e-04
-8.109729969874024391e-04
-8.137737750075757504e-04
-7.932420121505856514e-04
-8.007217547856271267e-04
-7.995290216058492661e-04
