8.885308168828487396e-03 -9.562862105667591095e-03
8.734434843063354492e-03 -1.215424761176109314e-02
8.428949862718582153e-03 -9.512168355286121368e-03
8.854653686285018921e-03 -1.033857744187116623e-02
9.292165748775005341e-03 -1.140425261110067368e-02
-1.020362786948680878e-02 8.598919026553630829e-03
-1.132254861295223236e-02 9.519173763692378998e-03
-1.071234606206417084e-02 8.577790111303329468e-03
-1.069107837975025177e-02 9.448180906474590302e-03
-1.024712622165679932e-02 8.342114277184009552e-03
