1.527748107910156250e+00
1.126757502555847168e+00
-4.964300096035003662e-01
2.012831687927246094e+00
2.221091270446777344e+00
1.532585620880126953e+00
-2.532537095248699188e-02
3.864211738109588623e-01
1.288674950599670410e+00
2.592184305191040039e+00
1.729212760925292969e+00
2.442280292510986328e+00
1.530888319015502930e+00
-2.356446683406829834e-01
1.949409723281860352e+00
1.664793133735656738e+00
9.565225839614868164e-01
2.184504270553588867e+00
-5.446941852569580078e-01
1.254471778869628906e+00
1.615063428878784180e+00
2.020856380462646484e+00
1.282520890235900879e+00
1.603636980056762695e+00
-8.056967854499816895e-01
1.282381772994995117e+00
1.689233064651489258e+00
1.264210820198059082e+00
1.058370947837829590e+00
-9.858205318450927734e-01
2.422412395477294922e+00
1.798040866851806641e+00
2.437867879867553711e+00
2.708201169967651367e+00
1.218246221542358398e+00
1.661166310310363770e+00
1.148910403251647949e+00
6.564286947250366211e-01
1.782104015350341797e+00
3.244632780551910400e-01
1.408033728599548340e+00
1.241312980651855469e+00
5.340004563331604004e-01
5.477342605590820312e-01
1.229495182633399963e-01
1.489488840103149414e+00
4.852311015129089355e-01
-2.006417661905288696e-01
1.986232638359069824e+00
-1.508529424667358398e+00
1.113967180252075195e+00
1.408454656600952148e+00
1.595021247863769531e+00
1.187600016593933105e+00
-8.761105537414550781e-01
1.917618393898010254e+00
8.501917123794555664e-01
1.337878823280334473e+00
-4.239845275878906250e-01
8.254958987236022949e-01
1.911500573158264160e+00
1.053341984748840332e+00
1.057975515723228455e-01
2.583537817001342773e+00
2.086616039276123047e+00
2.170076131820678711e+00
1.217411398887634277e+00
8.589127063751220703e-01
2.611251831054687500e+00
1.535435318946838379e+00
7.433826923370361328e-01
1.639613509178161621e+00
1.237763762474060059e+00
2.374923706054687500e+00
1.357368111610412598e+00
8.186169266700744629e-01
2.154227733612060547e+00
1.627780318260192871e+00
2.032187700271606445e+00
2.009838819503784180e+00
9.329211711883544922e-01
1.113318800926208496e+00
5.737901329994201660e-01
1.115280032157897949e+00
2.213196516036987305e+00
2.070946931838989258e+00
1.522327065467834473e+00
3.647367656230926514e-01
1.976808071136474609e+00
2.081811428070068359e+00
3.113080978393554688e+00
9.698641300201416016e-01
2.183896541595458984e+00
5.926370024681091309e-01
1.869097471237182617e+00
3.698853254318237305e-01
-4.621559977531433105e-01
1.305400490760803223e+00
-6.155427694320678711e-01
2.167162418365478516e+00
2.126344680786132812e+00
-3.238173723220825195e-01
1.362787485122680664e+00
1.423326373100280762e+00
2.325327873229980469e+00
-4.659467563033103943e-02
-8.621596693992614746e-01
6.298025250434875488e-01
5.002808943390846252e-02
2.215066432952880859e+00
1.196606040000915527e+00
2.407372474670410156e+00
1.169968962669372559e+00
1.960307836532592773e+00
1.706291556358337402e+00
1.854468941688537598e+00
2.280052423477172852e+00
1.263844966888427734e-01
5.999436378479003906e-01
1.049541473388671875e+00
1.861150264739990234e+00
8.759025931358337402e-01
1.837248086929321289e+00
-1.111154437065124512e+00
2.630373001098632812e+00
1.454471349716186523e+00
1.584033250808715820e+00
2.128217697143554688e+00
1.751388162374496460e-01
1.241897702217102051e+00
-1.696447469294071198e-02
-6.713181734085083008e-01
1.265866756439208984e+00
2.752688169479370117e+00
1.767885804176330566e+00
1.514348864555358887e+00
2.038912296295166016e+00
1.640202999114990234e+00
9.417713880538940430e-01
6.042398810386657715e-01
1.693115711212158203e+00
4.500751197338104248e-01
3.688175082206726074e-01
2.368371725082397461e+00
1.138819098472595215e+00
-1.454975008964538574e-01
1.197133064270019531e+00
2.277094364166259766e+00
-1.025170922279357910e+00
1.245261192321777344e+00
2.091530561447143555e+00
-3.287725150585174561e-01
2.416553974151611328e+00
1.890452802181243896e-01
2.580535411834716797e-01
1.208363890647888184e+00
2.384110927581787109e+00
2.059271097183227539e+00
1.707582116127014160e+00
1.222817599773406982e-01
1.603380441665649414e+00
-2.884787619113922119e-01
1.721817851066589355e+00
1.148184537887573242e+00
2.041300296783447266e+00
1.124936461448669434e+00
1.665506124496459961e+00
2.120862007141113281e+00
2.576489925384521484e+00
9.446964263916015625e-01
6.071693301200866699e-01
1.286527156829833984e+00
5.797497034072875977e-01
2.008627176284790039e+00
-4.459929093718528748e-02
1.756365418434143066e+00
2.007448673248291016e+00
2.710382461547851562e+00
1.177086710929870605e+00
1.426903843879699707e+00
1.502479672431945801e+00
1.251432657241821289e+00
2.999804317951202393e-01
2.483072280883789062e+00
-3.382170796394348145e-01
1.986796617507934570e+00
2.402649879455566406e+00
1.596645593643188477e+00
1.203173637390136719e+00
1.436722755432128906e+00
-7.604528665542602539e-01
-8.326629996299743652e-01
1.871875882148742676e+00
-1.204172611236572266e+00
1.307975769042968750e+00
2.077896118164062500e+00
2.421003580093383789e+00
1.984984278678894043e+00
1.123702764511108398e+00
1.408631920814514160e+00
1.601895093917846680e-01
1.737248897552490234e+00
1.109091758728027344e+00
2.433638870716094971e-01
2.464084625244140625e+00
2.428535938262939453e+00
1.598455667495727539e+00
1.607498168945312500e+00
4.403401315212249756e-01
-7.510856539011001587e-02
2.301233530044555664e+00
8.350447416305541992e-01
4.473215639591217041e-01
1.482298970222473145e+00
2.082669734954833984e+00
9.912252426147460938e-01
-1.478545188903808594e+00
2.044899702072143555e+00
1.707267642021179199e+00
1.372970700263977051e+00
4.230475723743438721e-01
2.652849674224853516e+00
-8.077533841133117676e-01
-6.152130365371704102e-01
1.794877767562866211e+00
