-1.102929949760437012e+00 -2.980578422546386719e+00 -4.510533213615417480e-01 -2.594425439834594727e+00 -3.247756958007812500e-01 -2.327128887176513672e+00 -1.310465693473815918e+00 -2.308412313461303711e+00 -2.523779869079589844e+00 -2.192378520965576172e+00
-4.640395939350128174e-01 8.997458815574645996e-01 -8.981636762619018555e-01 -1.378605604171752930e+00 -3.634478747844696045e-01 -1.947308182716369629e+00 1.792324148118495941e-02 1.260723352432250977e+00 3.663917481899261475e-01 4.115070104598999023e-01
-2.556681931018829346e-01 1.053365468978881836e+00 2.113215178251266479e-01 1.067515254020690918e+00 1.344965338706970215e+00 2.941018203273415565e-03 5.998717546463012695e-01 -1.492784857749938965e+00 1.671670317649841309e+00 1.145504832267761230e+00
-2.447220802307128906e+00 -2.875163555145263672e+00 -2.268972396850585938e+00 -2.622287750244140625e+00 -5.425016283988952637e-01 -2.109698772430419922e+00 -2.678803801536560059e-01 -4.988142251968383789e-01 -2.617952585220336914e+00 -2.114830255508422852e+00
-1.476021170616149902e+00 1.088212847709655762e+00 -4.251061677932739258e-01 -7.606332898139953613e-01 -9.964485764503479004e-01 -8.430013060569763184e-01 -1.243432044982910156e+00 -2.641852855682373047e+00 -2.149481058120727539e+00 -2.526520967483520508e+00
-2.688308715820312500e+00 1.156763955950737000e-01 -2.259774446487426758e+00 -1.981606125831604004e+00 -2.609486818313598633e+00 -2.324556589126586914e+00 -2.691242456436157227e+00 -2.712835788726806641e+00 -2.593736410140991211e+00 -2.623644828796386719e+00
-9.653954505920410156e-01 -2.579157650470733643e-01 -4.294717013835906982e-01 -2.965846955776214600e-01 -5.386578440666198730e-01 1.844380050897598267e-01 -2.781623125076293945e+00 1.125813961029052734e+00 9.331846833229064941e-01 1.618422389030456543e+00
1.348339766263961792e-01 -6.729775667190551758e-01 -2.130205780267715454e-01 -7.799904942512512207e-01 -1.168161153793334961e+00 -6.350023746490478516e-01 6.551225185394287109e-01 -4.658055007457733154e-01 -1.187214255332946777e+00 -1.121156215667724609e+00
-2.681859493255615234e+00 -1.226104736328125000e+00 -2.623086929321289062e+00 -2.686107635498046875e+00 -8.556469082832336426e-01 -1.111798524856567383e+00 -2.688894987106323242e+00 -2.211397737264633179e-01 -1.196437358856201172e+00 -7.373911738395690918e-01
-2.690873622894287109e+00 -1.059845924377441406e+00 -2.091139554977416992e+00 -7.241942286491394043e-01 -6.295924782752990723e-01 1.189619079232215881e-01 -1.345373272895812988e+00 -1.924462080001831055e+00 -1.171102046966552734e+00 -6.416083574295043945e-01
-2.427596807479858398e+00 6.289947777986526489e-02 -1.922830462455749512e+00 -2.696044921875000000e+00 -8.751081228256225586e-01 -1.266359686851501465e+00 -2.562813997268676758e+00 -7.724595069885253906e-01 -1.619510412216186523e+00 -1.409604907035827637e+00
-7.398729324340820312e-01 1.672992467880249023e+00 1.654197275638580322e-01 -4.216782152652740479e-01 -5.630623698234558105e-01 -8.317895531654357910e-01 -1.151989102363586426e+00 -6.263449192047119141e-01 -6.668473482131958008e-01 -1.050349235534667969e+00
-1.616432070732116699e+00 -1.336582422256469727e+00 -2.096920728683471680e+00 -9.252176880836486816e-01 -6.942649483680725098e-01 -3.042924106121063232e-01 -1.645188331604003906e+00 -1.935156285762786865e-01 -1.476836502552032471e-01 -4.911696165800094604e-02
3.153047859668731689e-01 -4.388492405414581299e-01 -1.341018080711364746e-01 -7.249165177345275879e-01 4.893345534801483154e-01 5.714221000671386719e-01 6.258934140205383301e-01 -2.588131427764892578e+00 3.522464036941528320e-01 -1.616557478904724121e+00
-2.691039562225341797e+00 -1.052991271018981934e+00 -2.556412220001220703e+00 -2.538010120391845703e+00 -1.263713479042053223e+00 -2.263622999191284180e+00 -2.677227258682250977e+00 -2.421518862247467041e-01 -2.615739583969116211e+00 -6.259748339653015137e-01
-1.544627547264099121e+00 2.132862508296966553e-01 4.799361526966094971e-01 5.558553338050842285e-01 -1.458294630050659180e+00 -8.181993365287780762e-01 -4.979871809482574463e-01 -5.620709657669067383e-01 -4.518278241157531738e-01 -2.181175470352172852e+00
-6.362965703010559082e-01 -7.011193037033081055e-01 -1.735990166664123535e+00 1.810101032257080078e+00 3.229713737964630127e-01 1.158205032348632812e+00 -4.504573047161102295e-01 -2.685393691062927246e-01 2.082741260528564453e-01 -7.499642670154571533e-02
-4.619703590869903564e-01 -7.742189168930053711e-01 -1.780356407165527344e+00 -1.293640732765197754e+00 -2.565907239913940430e+00 1.923782974481582642e-01 -5.085843205451965332e-01 -2.750805139541625977e+00 -2.357799530029296875e+00 -2.635884284973144531e+00
4.931626319885253906e-01 1.077691197395324707e+00 -2.153320163488388062e-01 1.935144782066345215e+00 -2.319106459617614746e-02 3.267267346382141113e-01 -3.035418093204498291e-01 6.659943461418151855e-01 1.334166288375854492e+00 7.562541961669921875e-01
-2.696117401123046875e+00 -4.079759716987609863e-01 -2.634593486785888672e+00 -2.715729951858520508e+00 -2.619565963745117188e+00 -2.330579042434692383e+00 -2.697988510131835938e+00 -2.750852823257446289e+00 -2.664350271224975586e+00 -2.675822019577026367e+00
-6.714474875479936600e-03 -1.406394600868225098e+00 1.345738768577575684e+00 5.379235148429870605e-01 1.596265286207199097e-01 -2.216727733612060547e-01 -4.249181747436523438e-01 -2.858408689498901367e-01 -7.714496850967407227e-01 -4.667765796184539795e-01
-1.741661548614501953e+00 -1.455330401659011841e-01 -1.525482088327407837e-01 -8.268902450799942017e-02 -1.824554681777954102e+00 -1.007562160491943359e+00 -4.356784224510192871e-01 -2.671364545822143555e+00 -1.712879776954650879e+00 -2.564993619918823242e+00
-2.457945823669433594e+00 1.231814980506896973e+00 2.575777769088745117e-01 -2.009179353713989258e+00 -2.524662017822265625e+00 -2.319445371627807617e+00 -1.656304836273193359e+00 -2.018066883087158203e+00 -9.689640402793884277e-01 -2.675342559814453125e+00
-2.675161361694335938e+00 -2.686438858509063721e-01 -6.437826156616210938e-01 -7.305800914764404297e-01 -2.578741788864135742e+00 -1.617747306823730469e+00 -2.668371438980102539e+00 1.920190304517745972e-01 -7.905604839324951172e-01 -2.681026697158813477e+00
2.390191793441772461e+00 -2.064489603042602539e+00 1.294293999671936035e+00 -2.349161207675933838e-01 1.087056636810302734e+00 -3.916967511177062988e-01 -3.519880771636962891e-01 1.171605944633483887e+00 1.742642641067504883e+00 6.753084063529968262e-01
-3.938634693622589111e-01 8.730816841125488281e-02 -1.962986826896667480e+00 -1.932772159576416016e+00 -1.120650291442871094e+00 -3.296437859535217285e-01 -2.009397745132446289e-01 -1.961681008338928223e+00 -1.229039907455444336e+00 -1.017820358276367188e+00
-7.044692039489746094e-01 -1.494103908538818359e+00 -1.958656668663024902e+00 -2.837547779083251953e+00 -8.644874095916748047e-01 -5.254752039909362793e-01 -2.205595672130584717e-01 -2.500099182128906250e+00 -7.077180743217468262e-01 -7.070658802986145020e-01
8.047066926956176758e-01 -4.764859676361083984e-01 -3.522903323173522949e-01 -1.878324270248413086e+00 1.212481021881103516e+00 -4.779589548707008362e-02 1.899521827697753906e+00 -2.856172561645507812e+00 -1.387158751487731934e+00 2.198462337255477905e-01
-2.699651718139648438e+00 -4.244326353073120117e-01 -2.620216369628906250e+00 -2.719333171844482422e+00 -2.630757808685302734e+00 -2.318444728851318359e+00 -2.678351402282714844e+00 -2.757192373275756836e+00 -2.691730499267578125e+00 -2.684473514556884766e+00
2.594312667846679688e+00 -1.496423929929733276e-01 1.714110016822814941e+00 1.428209304809570312e+00 -2.033000886440277100e-01 1.447207808494567871e+00 -8.171304464340209961e-01 3.874638378620147705e-01 1.455652952194213867e+00 -3.065312802791595459e-01
-2.545589923858642578e+00 -4.044376015663146973e-01 -1.618744730949401855e+00 -9.480577707290649414e-01 -2.064075469970703125e+00 -7.718765139579772949e-01 1.789684146642684937e-01 -2.142742395401000977e+00 -2.141390085220336914e+00 -1.333973765373229980e+00
-2.684638023376464844e+00 6.575000286102294922e-01 -1.151128172874450684e+00 -2.687305927276611328e+00 -1.929888963699340820e+00 -1.873097419738769531e+00 -2.486218690872192383e+00 -1.589916229248046875e+00 -6.361535787582397461e-01 -2.355958223342895508e+00
-2.662851095199584961e+00 -1.032414078712463379e+00 -1.619795203208923340e+00 -1.202631890773773193e-01 -9.865258932113647461e-01 -9.152362346649169922e-01 -2.698418855667114258e+00 -7.450221180915832520e-01 -1.215471386909484863e+00 -6.176783144474029541e-02
-2.684074163436889648e+00 1.584382057189941406e+00 -5.218618512153625488e-01 -1.358271837234497070e+00 -1.589084744453430176e+00 4.958214238286018372e-02 -2.000359058380126953e+00 -1.651038646697998047e+00 -5.104171633720397949e-01 -1.016337037086486816e+00
-2.712898731231689453e+00 -5.074083805084228516e-01 -2.636898994445800781e+00 -2.719963312149047852e+00 -2.636594772338867188e+00 -2.316758871078491211e+00 -2.718902349472045898e+00 -2.749443054199218750e+00 -2.673989534378051758e+00 -2.652208566665649414e+00
-2.690994024276733398e+00 -8.640432953834533691e-01 -2.587380409240722656e+00 -2.605736494064331055e+00 -5.963237881660461426e-01 -2.292905330657958984e+00 -2.679754734039306641e+00 -4.112648367881774902e-01 -2.652192115783691406e+00 -1.703098267316818237e-01
-2.703534603118896484e+00 -8.367201685905456543e-01 -2.643714666366577148e+00 -2.671793937683105469e+00 -1.531554579734802246e+00 -2.261003732681274414e+00 -2.703834533691406250e+00 -5.971454977989196777e-01 -2.592861175537109375e+00 -8.838164210319519043e-01
-4.772441089153289795e-01 -6.325340270996093750e-01 1.538253188133239746e+00 1.319230318069458008e+00 -3.465613424777984619e-01 8.179191946983337402e-01 1.363398581743240356e-01 8.812018483877182007e-02 1.640009731054306030e-01 -3.764170706272125244e-01
-1.963832139968872070e+00 -1.216705203056335449e+00 -7.429414242506027222e-02 -4.322881102561950684e-01 -2.952709794044494629e-01 -1.783379793167114258e+00 -8.243393301963806152e-01 -4.935385882854461670e-01 -1.103111147880554199e+00 -3.859552145004272461e-01
3.350625038146972656e-01 4.860135614871978760e-01 -4.205861389636993408e-01 -8.479487299919128418e-01 -2.606249332427978516e+00 -5.738017559051513672e-01 3.261783719062805176e-01 -2.744764089584350586e+00 -2.141229629516601562e+00 -2.658073663711547852e+00
-2.509045600891113281e+00 4.762614965438842773e-01 -2.486739635467529297e+00 -1.693839669227600098e+00 -7.509341929107904434e-03 -3.898436427116394043e-01 -2.299294948577880859e+00 7.086420655250549316e-01 -3.312087953090667725e-01 1.875150203704833984e-01
-2.582326412200927734e+00 3.572424873709678650e-02 -1.578641772270202637e+00 -1.947453975677490234e+00 1.050558388233184814e-01 -1.868741273880004883e+00 -1.856178522109985352e+00 8.836513757705688477e-01 -2.057792425155639648e+00 2.321176528930664062e-01
-5.576736852526664734e-02 -1.270990371704101562e+00 -2.147570133209228516e+00 -1.883393228054046631e-01 1.828284710645675659e-01 4.774786233901977539e-01 -6.303735375404357910e-01 -3.158089518547058105e-01 -1.677971780300140381e-01 -4.316219985485076904e-01
1.115541756153106689e-01 -1.113901734352111816e+00 -3.005865775048732758e-02 -4.662013947963714600e-01 2.948330044746398926e-01 -8.389480710029602051e-01 -3.753137290477752686e-01 -1.195374965667724609e+00 -2.270180225372314453e+00 2.561760246753692627e-01
-1.801743745803833008e+00 -5.873768776655197144e-02 4.830392003059387207e-01 3.570240139961242676e-01 -2.139300405979156494e-01 5.703412294387817383e-01 -5.780300498008728027e-01 3.272114694118499756e-01 -1.935680657625198364e-01 6.492659449577331543e-01
-2.677372694015502930e+00 -1.828126609325408936e-01 -2.603841066360473633e+00 -2.591199874877929688e+00 -2.338450431823730469e+00 -2.265345573425292969e+00 -2.679682731628417969e+00 -4.459016025066375732e-01 -2.577913761138916016e+00 -6.818760037422180176e-01
-4.207514226436614990e-01 1.220837235450744629e+00 2.444858551025390625e+00 3.800717368721961975e-02 1.424430966377258301e+00 2.758890092372894287e-01 2.223044872283935547e+00 8.630204796791076660e-01 1.372914314270019531e+00 7.177582383155822754e-01
-1.203771948814392090e+00 -7.056592106819152832e-01 3.324476182460784912e-01 8.144221901893615723e-01 2.714026272296905518e-01 7.205099463462829590e-01 -2.307207584381103516e+00 1.333744406700134277e+00 4.735579490661621094e-01 5.970165729522705078e-01
-2.693019151687622070e+00 1.719931960105895996e+00 -9.618181586265563965e-01 -1.666011571884155273e+00 -1.308345556259155273e+00 -1.966073036193847656e+00 -2.524842977523803711e+00 -1.160621643066406250e+00 -4.247011244297027588e-01 -1.492287635803222656e+00
1.416116714477539062e+00 -4.719477593898773193e-01 1.081638097763061523e+00 1.092946767807006836e+00 1.010881513357162476e-01 3.954738974571228027e-01 1.316139101982116699e+00 2.206095755100250244e-01 1.466266274452209473e+00 1.250094890594482422e+00
-2.697944402694702148e+00 -1.076731920242309570e+00 -2.635293483734130859e+00 -2.671352386474609375e+00 -6.259024739265441895e-01 -2.155949354171752930e+00 -2.700257778167724609e+00 2.317122519016265869e-01 -2.655370712280273438e+00 -2.263088226318359375e-01
-1.900936961174011230e+00 -1.789908528327941895e+00 2.359687685966491699e-01 -2.692787408828735352e+00 -2.933798730373382568e-01 -2.052860021591186523e+00 -7.128620147705078125e-02 -1.263035297393798828e+00 -2.425557851791381836e+00 -1.497200369834899902e+00
-8.630538582801818848e-01 -1.339881300926208496e+00 -1.748433113098144531e+00 -3.754899203777313232e-01 -3.539458513259887695e-01 -7.343878746032714844e-01 -2.735022306442260742e+00 2.614125013351440430e-01 -8.063787966966629028e-02 2.340804487466812134e-01
-4.902478754520416260e-01 6.994454264640808105e-01 -4.137402474880218506e-01 1.454205363988876343e-01 1.667352676391601562e+00 -1.708828099071979523e-02 -1.504204750061035156e+00 1.776456236839294434e+00 7.741685509681701660e-01 1.557224512100219727e+00
2.670610427856445312e+00 3.794295713305473328e-02 5.607712268829345703e-01 1.776981472969055176e+00 -1.570246070623397827e-01 1.516254186630249023e+00 -1.301337003707885742e+00 6.625103950500488281e-01 1.596947669982910156e+00 8.685049414634704590e-02
-1.017037153244018555e+00 -5.813111737370491028e-02 -3.784805238246917725e-01 -4.883265197277069092e-01 -1.598161101341247559e+00 -2.161446094512939453e+00 2.634490430355072021e-01 -6.157259941101074219e-01 -1.430384755134582520e+00 -9.256739169359207153e-03
3.206720054149627686e-01 9.029095768928527832e-01 -4.730850458145141602e-01 1.462371945381164551e-01 2.949315309524536133e-01 -1.067591190338134766e+00 -3.360531628131866455e-01 1.762295961380004883e+00 -7.224414348602294922e-01 1.932857871055603027e+00
-2.663759708404541016e+00 -2.644005715847015381e-01 -2.582595109939575195e+00 -2.205709934234619141e+00 -1.395816683769226074e+00 -1.087015032768249512e+00 -2.681217193603515625e+00 9.290228784084320068e-02 -5.769212841987609863e-01 -4.487032592296600342e-01
2.327974081039428711e+00 -5.604741573333740234e-01 3.487107902765274048e-02 6.018244028091430664e-01 -3.042070567607879639e-01 7.135775685310363770e-01 -5.607226490974426270e-01 6.288550049066543579e-02 7.769873738288879395e-01 2.963867783546447754e-01
3.870579302310943604e-01 -4.630464911460876465e-01 -8.212799429893493652e-01 1.876481920480728149e-01 -4.148206710815429688e-01 1.138023436069488525e-01 -8.556584119796752930e-01 -2.447459995746612549e-01 -1.528888106346130371e+00 -8.880109190940856934e-01
-1.508875250816345215e+00 -7.547110915184020996e-01 -2.024969577789306641e+00 -6.144104599952697754e-01 -5.071501731872558594e-01 4.369358122348785400e-01 -6.578193306922912598e-01 -2.155976369976997375e-02 -3.732519745826721191e-01 1.361032128334045410e-01
-2.059493303298950195e+00 5.892639756202697754e-01 -2.167018651962280273e+00 -2.115828514099121094e+00 -4.143460094928741455e-01 -8.019945621490478516e-01 -2.448024511337280273e+00 4.247936010360717773e-01 -7.940226793289184570e-01 -3.672219514846801758e-01
2.535238981246948242e+00 7.784534692764282227e-01 6.825801134109497070e-01 1.239589452743530273e+00 -5.514186024665832520e-01 6.587173342704772949e-01 1.517002105712890625e+00 -1.098327517509460449e+00 -3.092864751815795898e-01 -5.851149559020996094e-01
-1.050183057785034180e+00 6.198982000350952148e-01 4.942305386066436768e-02 4.337868690490722656e-01 -2.441801726818084717e-01 6.159528493881225586e-01 -1.435598731040954590e-02 -1.881811022758483887e+00 -1.433093547821044922e+00 -1.119383573532104492e+00
-2.540787935256958008e+00 1.342933297157287598e+00 -2.239955812692642212e-01 -7.534999847412109375e-01 -3.134427368640899658e-01 -1.241130828857421875e+00 2.422907501459121704e-01 -6.400960683822631836e-02 5.431807041168212891e-01 8.308704197406768799e-02
-2.516595602035522461e+00 -9.474687576293945312e-01 -1.154278039932250977e+00 -2.595718383789062500e+00 3.877586722373962402e-01 -2.116376876831054688e+00 -1.161020040512084961e+00 4.514278471469879150e-02 -2.532467603683471680e+00 -6.659023761749267578e-01
-2.638173103332519531e+00 -1.408289551734924316e+00 -1.449039280414581299e-01 -2.595727443695068359e-01 7.611691951751708984e-02 -2.571217536926269531e+00 -2.749754428863525391e+00 -5.883879661560058594e-01 -1.306349992752075195e+00 -4.343571960926055908e-01
-4.114447534084320068e-01 5.987720489501953125e-01 -2.538661003112792969e+00 -4.037904441356658936e-01 -1.769933223724365234e+00 -4.369982481002807617e-01 -1.159380897879600525e-01 -2.589894235134124756e-01 -5.534738898277282715e-01 -5.377682447433471680e-01
-2.519002199172973633e+00 6.784552931785583496e-01 -1.934448957443237305e+00 -1.875138640403747559e+00 -1.095392942428588867e+00 8.707080483436584473e-01 1.174943149089813232e-01 -5.616801381111145020e-01 -1.300512909889221191e+00 -2.833530679345130920e-02
-2.697331428527832031e+00 -1.339778184890747070e+00 -2.625932455062866211e+00 -2.479757785797119141e+00 -2.384319901466369629e-01 -1.763954877853393555e+00 -2.661453247070312500e+00 -3.911381363868713379e-01 -2.542674541473388672e+00 2.589023113250732422e-02
-3.461224734783172607e-01 -3.189422607421875000e+00 -4.352233409881591797e-01 -7.197587490081787109e-01 -9.227226674556732178e-02 -1.266446590423583984e+00 -5.026658773422241211e-01 -1.632216811180114746e+00 -1.271003127098083496e+00 -3.353431224822998047e-01
-2.668350219726562500e+00 -7.127836346626281738e-01 -2.582523822784423828e+00 -2.377447843551635742e+00 -7.946915626525878906e-01 -7.300660014152526855e-01 -2.582713842391967773e+00 -6.399714946746826172e-01 -6.221721172332763672e-01 -2.228329479694366455e-01
-2.606101512908935547e+00 -2.099530547857284546e-01 -8.376316428184509277e-01 1.937154382467269897e-01 -2.887882888317108154e-01 -5.152342915534973145e-01 -1.337077260017395020e+00 8.992926478385925293e-01 -2.166293561458587646e-01 1.962089352309703827e-02
-2.692119359970092773e+00 1.561690926551818848e+00 -1.566142678260803223e+00 -1.003767132759094238e+00 -2.060314893722534180e+00 -5.262159109115600586e-01 -1.903413414955139160e+00 -1.507849574089050293e+00 -9.967720508575439453e-02 -1.377597570419311523e+00
-9.993177652359008789e-01 -5.514127016067504883e-01 -4.311155378818511963e-01 -1.987454771995544434e+00 -1.293549418449401855e+00 -8.647423982620239258e-01 -4.858660399913787842e-01 -1.057731866836547852e+00 -2.365403413772583008e+00 -1.861733675003051758e+00
5.714651346206665039e-01 -3.012226819992065430e+00 -7.336341738700866699e-01 3.091077506542205811e-01 -7.527190446853637695e-01 -4.582917988300323486e-01 -2.191253304481506348e-01 -1.408625602722167969e+00 4.230394586920738220e-02 -5.106880664825439453e-01
-2.434433698654174805e+00 1.125586390495300293e+00 -1.855497807264328003e-01 4.610519409179687500e-01 -2.053544759750366211e+00 2.159104943275451660e-01 -1.279860377311706543e+00 -2.210179328918457031e+00 -3.083249740302562714e-02 -2.192086219787597656e+00
-1.459613561630249023e+00 2.917728126049041748e-01 -1.693081021308898926e+00 -1.221573948860168457e+00 -6.372165679931640625e-02 -9.842725992202758789e-01 -1.925346553325653076e-01 2.513032257556915283e-01 -2.421598136425018311e-01 -7.730122804641723633e-01
-2.615109682083129883e+00 3.234412968158721924e-01 -1.698363780975341797e+00 4.994298219680786133e-01 -2.410111904144287109e+00 -1.544135957956314087e-01 -1.237793803215026855e+00 5.504605919122695923e-02 -1.277106881141662598e+00 -1.067275524139404297e+00
-2.680134057998657227e+00 1.215662240982055664e+00 -9.912711977958679199e-01 -5.974160432815551758e-01 -2.062713146209716797e+00 -2.443493843078613281e+00 -2.706165313720703125e+00 -1.295008063316345215e+00 -2.220227718353271484e+00 -1.157250285148620605e+00
5.510256886482238770e-01 -3.532750010490417480e-01 -7.044558525085449219e-01 -1.123708844184875488e+00 -1.204974412918090820e+00 1.122935414314270020e+00 1.833599507808685303e-01 4.333666861057281494e-01 -6.301996111869812012e-01 6.810514926910400391e-01
-2.699783325195312500e+00 -8.164192438125610352e-01 -2.638898134231567383e+00 -2.483238935470581055e+00 -5.185084939002990723e-01 -1.397223711013793945e+00 -2.690603733062744141e+00 7.599025368690490723e-01 -2.456512451171875000e+00 6.312072873115539551e-01
2.054950475692749023e+00 -2.955317974090576172e+00 -7.254392504692077637e-01 -2.839452743530273438e+00 7.192903757095336914e-02 -4.670098423957824707e-01 -2.353261411190032959e-02 -8.081943988800048828e-01 -1.908968925476074219e+00 -2.703135311603546143e-01
-2.689838886260986328e+00 -6.778833270072937012e-01 -2.616259574890136719e+00 -2.723866224288940430e+00 -2.626048326492309570e+00 -2.328197956085205078e+00 -2.703360795974731445e+00 -2.754805326461791992e+00 -2.655132532119750977e+00 -2.674537897109985352e+00
-2.620087385177612305e+00 -2.420832633972167969e+00 -2.627139329910278320e+00 -2.760551869869232178e-01 -1.619066715240478516e+00 -1.616261601448059082e-01 -1.657274127006530762e+00 -1.259435415267944336e+00 -2.747923612594604492e+00 -1.102008819580078125e+00
-2.687674999237060547e+00 -1.042517900466918945e+00 -2.596191883087158203e+00 -2.210699081420898438e+00 -1.436411589384078979e-01 -1.950841546058654785e+00 -2.404378175735473633e+00 -8.609606623649597168e-01 -2.527840852737426758e+00 -2.517282962799072266e-01
-2.691001653671264648e+00 -2.919067144393920898e+00 -2.611891746520996094e+00 -2.695138692855834961e+00 -7.351787388324737549e-02 -2.299918651580810547e+00 -2.616863489151000977e+00 -5.891139507293701172e-01 -2.680262804031372070e+00 -5.006052255630493164e-01
3.445638716220855713e-01 1.705732792615890503e-01 -7.807705998420715332e-01 8.938947319984436035e-01 -8.374843597412109375e-01 -6.019519269466400146e-02 -1.252970933914184570e+00 6.639441847801208496e-01 4.136390686035156250e-01 -3.946664333343505859e-01
-6.200991272926330566e-01 2.728173136711120605e-01 -5.928934812545776367e-01 -1.286041498184204102e+00 -4.893049597740173340e-01 -4.520133435726165771e-01 -5.336124300956726074e-01 -1.370926976203918457e+00 -1.938267230987548828e+00 -1.006492972373962402e+00
-2.557461261749267578e+00 -1.692914724349975586e+00 -1.945809841156005859e+00 -2.559756934642791748e-01 -1.394613623619079590e+00 -3.401472792029380798e-02 -1.283931255340576172e+00 -2.331040859222412109e+00 -7.562046647071838379e-01 -1.216387033462524414e+00
-2.554092407226562500e+00 1.706010818481445312e+00 -9.959905147552490234e-01 -1.405397295951843262e+00 -7.239966392517089844e-01 -1.040892824530601501e-01 -4.106616377830505371e-01 -1.345968961715698242e+00 -1.410216093063354492e+00 -1.521443724632263184e+00
5.940057635307312012e-01 -2.908242702484130859e+00 -2.589584589004516602e+00 -2.865459680557250977e+00 -7.976969480514526367e-01 -2.228393793106079102e+00 -1.955938577651977539e+00 -2.591588795185089111e-01 -2.678654909133911133e+00 -1.479236245155334473e+00
-2.675994634628295898e+00 9.550823597237467766e-04 -2.077888965606689453e+00 -1.635343909263610840e+00 -1.224760770797729492e+00 -1.288761734962463379e+00 2.374877482652664185e-01 -2.418400049209594727e+00 -2.231153488159179688e+00 -2.075449466705322266e+00
-3.793820142745971680e-01 -3.273056820034980774e-03 -2.671193182468414307e-01 1.209307909011840820e-01 3.337438702583312988e-01 -4.917894601821899414e-01 7.219503074884414673e-02 -2.425169467926025391e+00 -6.792524456977844238e-01 4.705275595188140869e-01
-2.686793088912963867e+00 9.512237310409545898e-01 -1.461581945419311523e+00 -7.634599804878234863e-01 -2.460873603820800781e+00 -9.002096652984619141e-01 -2.310268878936767578e+00 6.607334017753601074e-01 -6.526375412940979004e-01 -1.778834342956542969e+00
3.169811666011810303e-01 -2.646777778863906860e-02 -2.243761539459228516e+00 3.370577991008758545e-01 3.209997713565826416e-01 -3.517990112304687500e-01 1.684162020683288574e-01 3.739530220627784729e-02 1.579409278929233551e-02 1.738636642694473267e-01
2.354615032672882080e-01 -6.392145156860351562e-02 2.558451890945434570e+00 3.984837532043457031e-01 1.935500025749206543e+00 -4.840634390711784363e-02 2.176237583160400391e+00 1.699891090393066406e+00 1.923003911972045898e+00 1.494330763816833496e+00
-2.709493875503540039e+00 -1.273300051689147949e+00 -2.623898983001708984e+00 -2.680071830749511719e+00 -1.176174163818359375e+00 -2.283758640289306641e+00 -2.685039520263671875e+00 -7.014727592468261719e-01 -2.668112039566040039e+00 -9.734910130500793457e-01
-1.064259648323059082e+00 -8.063522577285766602e-01 8.350347280502319336e-01 9.151868820190429688e-01 8.435760140419006348e-01 4.469878971576690674e-02 1.897905170917510986e-01 8.066450357437133789e-01 5.474725365638732910e-01 1.043680071830749512e+00
-7.420028448104858398e-01 -1.364875197410583496e+00 4.737282991409301758e-01 -7.666419148445129395e-01 3.919526934623718262e-01 -6.147424876689910889e-02 -1.451293945312500000e+00 -4.762960970401763916e-01 -2.620671689510345459e-01 -3.523526489734649658e-01
-2.547314763069152832e-01 -1.729151368141174316e+00 -2.230395078659057617e+00 -1.323620319366455078e+00 -2.579317331314086914e+00 -1.861957013607025146e-01 -2.538754343986511230e-01 -1.859928727149963379e+00 -2.376488447189331055e+00 -1.780306935310363770e+00
1.475591301918029785e+00 -1.715039253234863281e+00 -1.665734171867370605e+00 5.321393013000488281e-01 8.064666986465454102e-01 1.892342686653137207e+00 1.580248355865478516e+00 4.199522361159324646e-02 1.132467985153198242e+00 8.743185997009277344e-01
3.250399231910705566e-01 -2.940801143646240234e+00 -2.661077737808227539e+00 -1.280201971530914307e-01 -1.941604375839233398e+00 -2.070546448230743408e-01 -2.857291936874389648e+00 -4.618837535381317139e-01 -2.657588481903076172e+00 -1.755144238471984863e+00
-6.941750645637512207e-01 -3.342015266418457031e+00 -7.518060207366943359e-01 -2.436676502227783203e+00 -3.634809851646423340e-01 -6.593747138977050781e-01 -1.574099212884902954e-01 -2.778287410736083984e+00 -8.483026027679443359e-01 -2.296187639236450195e+00
-2.413677215576171875e+00 -4.797478020191192627e-01 -2.199986457824707031e+00 6.870723515748977661e-02 -6.716543436050415039e-01 -9.318050742149353027e-01 -1.167872905731201172e+00 -9.647840261459350586e-01 -1.318577408790588379e+00 -4.645071625709533691e-01
2.012168914079666138e-01 1.068895101547241211e+00 1.254118561744689941e+00 -4.734068512916564941e-01 4.606691598892211914e-01 -4.377305507659912109e-02 1.539584040641784668e+00 1.721030473709106445e+00 7.887840270996093750e-01 1.129042625427246094e+00
2.594452619552612305e+00 2.386782914400100708e-01 -4.052175208926200867e-02 1.826609969139099121e+00 5.165427327156066895e-01 1.193643331527709961e+00 -1.085683777928352356e-01 9.491948485374450684e-01 1.583609342575073242e+00 5.844085216522216797e-01
-5.077255368232727051e-01 -1.174412846565246582e+00 -1.355305790901184082e+00 -1.685932993888854980e+00 -1.445995330810546875e+00 2.157006114721298218e-01 -4.101867973804473877e-01 -1.247766613960266113e+00 -5.526750162243843079e-02 9.583845734596252441e-02
9.176896214485168457e-01 -2.955799996852874756e-01 4.862850904464721680e-01 -1.912857443094253540e-01 7.267941720783710480e-03 -3.714990019798278809e-01 3.769699931144714355e-01 1.246320009231567383e+00 1.228176116943359375e+00 1.642590463161468506e-01
-1.331705689430236816e+00 1.780615597963333130e-01 -2.506254196166992188e+00 -2.738376379013061523e+00 -1.387435317039489746e+00 -6.101890802383422852e-01 -5.931082963943481445e-01 -2.599032640457153320e+00 -1.630393385887145996e+00 -1.595043301582336426e+00
-2.700820207595825195e+00 9.535054117441177368e-02 -2.544533491134643555e+00 -2.466268301010131836e+00 -3.714922070503234863e-01 -1.995639324188232422e+00 -2.661772251129150391e+00 -2.997664548456668854e-02 -2.159260272979736328e+00 6.268304586410522461e-02
-2.643783092498779297e+00 1.149742364883422852e+00 -1.655716538429260254e+00 -6.635752916336059570e-01 -8.340555429458618164e-01 7.069048285484313965e-01 -9.320876002311706543e-01 2.450725734233856201e-01 -1.270814418792724609e+00 -3.063348829746246338e-01
-2.700129270553588867e+00 1.186746954917907715e-01 -1.682545065879821777e+00 -2.671297311782836914e+00 -2.627221822738647461e+00 -2.289049148559570312e+00 -2.670894861221313477e+00 -2.762285709381103516e+00 -2.646952390670776367e+00 -2.667926311492919922e+00
-2.709899902343750000e+00 4.778260588645935059e-01 -2.392102718353271484e+00 -1.106868863105773926e+00 -2.539198160171508789e+00 -1.188210368156433105e+00 -2.639837503433227539e+00 -2.348210096359252930e+00 -1.188510537147521973e+00 -2.348246097564697266e+00
-5.529276132583618164e-01 -2.231437206268310547e+00 -8.117765188217163086e-01 -3.299729824066162109e-01 -9.216127544641494751e-02 -8.560693264007568359e-01 -1.838547363877296448e-02 -3.371469676494598389e-01 -3.922135382890701294e-02 -7.998726367950439453e-01
-2.700251579284667969e+00 5.331289172172546387e-01 -2.172983646392822266e+00 -1.762542009353637695e+00 -3.875173032283782959e-01 -1.504395723342895508e+00 -2.503365993499755859e+00 6.116611361503601074e-01 -2.241925716400146484e+00 -2.380029857158660889e-01
-2.366042852401733398e+00 -9.068064689636230469e-01 -9.128214716911315918e-01 -1.627574086189270020e+00 -1.379487991333007812e+00 -2.105083465576171875e+00 8.614567518234252930e-01 -1.169493198394775391e+00 -2.481823682785034180e+00 -5.796872377395629883e-01
2.965362071990966797e-01 -9.712494015693664551e-01 -5.220062732696533203e-01 3.651063442230224609e-01 1.549311727285385132e-01 1.158412575721740723e+00 -8.584328293800354004e-01 6.255362927913665771e-02 -4.084011614322662354e-01 -1.268096446990966797e+00
5.675533413887023926e-01 -4.356355667114257812e-01 -2.672420144081115723e-01 -3.979812860488891602e-01 1.830319166183471680e+00 1.176274061203002930e+00 1.961045503616333008e+00 -1.919194459915161133e-01 9.285462498664855957e-01 1.455064773559570312e+00
-2.698862314224243164e+00 -7.201761603355407715e-01 -2.625305891036987305e+00 -2.703808307647705078e+00 -2.619724750518798828e+00 -2.325624942779541016e+00 -2.713098526000976562e+00 -2.759800434112548828e+00 -2.669526576995849609e+00 -2.663042783737182617e+00
-2.684497356414794922e+00 -1.096318483352661133e+00 -2.602616786956787109e+00 -1.980184435844421387e+00 -1.034627437591552734e+00 -5.364789366722106934e-01 -2.679763317108154297e+00 -8.924755454063415527e-01 -8.576589226722717285e-01 -6.569924950599670410e-01
3.196252584457397461e-01 -1.138387322425842285e+00 -1.492483764886856079e-01 -5.665442347526550293e-01 -1.025905087590217590e-01 -2.348739951848983765e-01 -4.420242011547088623e-01 -2.124231100082397461e+00 -9.870942831039428711e-01 -2.736502647399902344e+00
-2.695116281509399414e+00 -3.227096498012542725e-01 -2.565718650817871094e+00 -2.280640602111816406e+00 -1.535343050956726074e+00 -1.778062224388122559e+00 -2.640287637710571289e+00 -3.846964538097381592e-01 -1.358788132667541504e+00 -3.146980702877044678e-01
1.741408586502075195e+00 3.144643306732177734e-01 -6.017735600471496582e-01 1.134805306792259216e-01 -5.788081288337707520e-01 7.710811495780944824e-01 8.512493968009948730e-01 1.068217158317565918e+00 1.450895309448242188e+00 1.833818554878234863e-01
-2.358600616455078125e+00 -8.560405373573303223e-01 -1.710884332656860352e+00 -5.539730787277221680e-01 -5.921230316162109375e-01 1.691790968179702759e-01 -1.711634159088134766e+00 -2.019218206405639648e-01 -4.615292847156524658e-01 -1.391539871692657471e-01
-1.331217050552368164e+00 -3.086699247360229492e+00 -1.411351680755615234e+00 -8.451836705207824707e-01 -3.777966201305389404e-01 -1.861473083496093750e+00 -7.492712140083312988e-01 2.772260308265686035e-01 -1.256946444511413574e+00 2.225917130708694458e-01
-2.681355714797973633e+00 -1.538396328687667847e-01 -2.570638656616210938e+00 -2.717242240905761719e+00 -1.274963378906250000e+00 -1.454123139381408691e+00 -2.679077386856079102e+00 -1.281840443611145020e+00 -2.253986597061157227e+00 -1.983790159225463867e+00
-1.903987765312194824e+00 4.433256983757019043e-01 -1.635363459587097168e+00 -4.366035386919975281e-02 -6.165639758110046387e-01 -9.597103595733642578e-01 -3.002119958400726318e-01 -7.697593569755554199e-01 -7.941015958786010742e-01 -7.890987992286682129e-01
-2.510612905025482178e-01 -2.880608439445495605e-01 -3.433874249458312988e-01 -2.523047029972076416e-01 6.835659146308898926e-01 1.402181506156921387e+00 -5.328195095062255859e-01 -1.676680296659469604e-01 7.958572506904602051e-01 -6.793774962425231934e-01
-2.206684350967407227e+00 -9.213355928659439087e-02 -3.077856302261352539e-01 -1.701345890760421753e-01 -2.349826544523239136e-01 6.502656266093254089e-03 -2.718382835388183594e+00 4.666458666324615479e-01 -1.852817833423614502e-01 6.735597252845764160e-01
5.601596236228942871e-01 1.206199288368225098e+00 8.385260701179504395e-01 8.532469272613525391e-01 -2.386758327484130859e+00 -3.316738903522491455e-01 -1.380892872810363770e+00 -8.946297764778137207e-01 -5.291841030120849609e-01 -2.109617471694946289e+00
4.550811052322387695e-01 8.378149867057800293e-01 2.587290287017822266e+00 -4.336027801036834717e-01 1.790813565254211426e+00 -2.884368598461151123e-01 2.113663911819458008e+00 -3.317562639713287354e-01 2.000366210937500000e+00 7.479203939437866211e-01
-6.317487955093383789e-01 -2.936098337173461914e+00 -4.810843169689178467e-01 -2.273026943206787109e+00 3.458935320377349854e-01 -6.316127777099609375e-01 -1.513255536556243896e-01 7.992755174636840820e-01 -2.388892650604248047e+00 -9.672766327857971191e-01
-2.483191013336181641e+00 -1.045984148979187012e+00 -1.624261856079101562e+00 -2.407599687576293945e+00 -1.110702991485595703e+00 -8.824818730354309082e-01 -7.284194827079772949e-01 -2.232248067855834961e+00 -3.081259727478027344e-01 -1.126561403274536133e+00
-2.652524471282958984e+00 8.530399799346923828e-01 -2.560029745101928711e+00 -2.715723037719726562e+00 -1.554371118545532227e+00 -1.408249258995056152e+00 -2.591691255569458008e+00 -1.355629086494445801e+00 -1.997065186500549316e+00 -1.748031377792358398e+00
-2.694042921066284180e+00 -9.577801078557968140e-02 -1.602666020393371582e+00 -2.591034412384033203e+00 -2.581385135650634766e+00 -2.224757671356201172e+00 -2.523018121719360352e+00 -2.716723918914794922e+00 -7.357698082923889160e-01 -2.709538221359252930e+00
-9.718781113624572754e-01 -2.671751677989959717e-01 -1.329252600669860840e+00 -1.611326336860656738e+00 -1.159216165542602539e+00 -4.928939640522003174e-01 -2.025949656963348389e-01 -2.620999336242675781e+00 -3.779722750186920166e-01 -1.055273294448852539e+00
-2.691218376159667969e+00 4.974219799041748047e-01 -1.902129173278808594e+00 -2.572524547576904297e+00 -1.916346311569213867e+00 -2.222304582595825195e+00 -2.703637838363647461e+00 -1.536687374114990234e+00 -1.239118456840515137e+00 -2.294891357421875000e+00
-2.801261246204376221e-01 -2.424497306346893311e-01 1.284307956695556641e+00 4.576465785503387451e-01 -1.438942909240722656e+00 -2.210151195526123047e+00 2.845130860805511475e-01 4.979792237281799316e-01 -4.244763851165771484e-01 -8.182480186223983765e-02
-7.393302321434020996e-01 -4.619647860527038574e-01 5.515730381011962891e-01 1.806693315505981445e+00 3.669756650924682617e-01 3.206629157066345215e-01 -2.005866765975952148e-01 -6.173920352011919022e-03 9.328298568725585938e-01 7.366025447845458984e-01
-1.560879468917846680e+00 -2.524218320846557617e+00 -3.345134854316711426e-01 -1.972268462181091309e+00 1.883652448654174805e+00 -1.173048257827758789e+00 2.039173841476440430e+00 1.380638122558593750e+00 -1.730289936065673828e+00 1.383695960044860840e+00
-6.094290018081665039e-01 -3.108792066574096680e+00 6.676817685365676880e-02 -1.587891578674316406e-01 2.339245378971099854e-01 -1.631420701742172241e-01 9.196869134902954102e-01 5.650685429573059082e-01 2.869268953800201416e-01 -4.956570565700531006e-01
-1.667068719863891602e+00 6.771780848503112793e-01 1.175278306007385254e+00 -2.655885219573974609e-01 9.586953520774841309e-01 4.033747017383575439e-01 9.781374931335449219e-01 4.400557279586791992e-01 1.824742436408996582e+00 1.089460492134094238e+00
-2.443223953247070312e+00 -9.260650873184204102e-01 -2.596768856048583984e+00 -7.230578064918518066e-01 -4.501332938671112061e-01 -1.039243862032890320e-01 -2.689006567001342773e+00 -7.203588485717773438e-01 -2.542118072509765625e+00 -1.823856085538864136e-01
-1.686371266841888428e-01 -1.004208326339721680e+00 -1.431876122951507568e-01 -6.234666109085083008e-01 -2.581837415695190430e+00 -5.539439916610717773e-01 4.919188842177391052e-02 -2.746719837188720703e+00 -8.562812209129333496e-01 -2.705513477325439453e+00
-3.673000335693359375e-01 1.026748776435852051e+00 6.695173382759094238e-01 1.433974981307983398e+00 4.900279939174652100e-01 3.746318817138671875e-01 3.305625617504119873e-01 1.672195911407470703e+00 5.023587942123413086e-01 1.018513560295104980e+00
-2.675929784774780273e+00 2.561005353927612305e-01 -2.614357709884643555e+00 -2.643180847167968750e+00 -9.520810842514038086e-01 -1.409667253494262695e+00 -2.686517000198364258e+00 -3.460191488265991211e-01 -1.499266505241394043e+00 -9.767908453941345215e-01
-2.581675291061401367e+00 7.861829996109008789e-01 -2.527559757232666016e+00 -2.623473405838012695e+00 -1.043953180313110352e+00 -8.510428071022033691e-01 -2.102680444717407227e+00 -1.079142451286315918e+00 -9.430392384529113770e-01 -6.569293737411499023e-01
2.671184062957763672e+00 -1.271962523460388184e+00 2.081900358200073242e+00 7.810034155845642090e-01 -1.155164718627929688e+00 4.018355011940002441e-01 -6.990558654069900513e-02 -1.910939216613769531e+00 3.847510218620300293e-01 -2.350410461425781250e+00
1.957502603530883789e+00 -2.769348859786987305e+00 -1.474350690841674805e+00 -7.428393959999084473e-01 -1.936764121055603027e+00 -1.180597782135009766e+00 -1.000712633132934570e+00 1.159248828887939453e+00 -2.818715333938598633e+00 -1.937335014343261719e+00
-2.619764804840087891e+00 2.778230011463165283e-01 -8.913571238517761230e-01 -4.630203545093536377e-01 4.150129556655883789e-01 -3.483072221279144287e-01 -4.709236919879913330e-01 -4.133607447147369385e-01 -5.912637710571289062e-01 -3.659576177597045898e-01
7.500703334808349609e-01 -1.784685254096984863e-02 2.348538190126419067e-01 4.939931035041809082e-01 1.148123741149902344e+00 1.385342478752136230e+00 4.787445068359375000e-02 -1.073726773262023926e+00 6.941765546798706055e-01 -1.737986803054809570e+00
-2.649996757507324219e+00 1.521996974945068359e+00 -7.102614641189575195e-01 -1.163125991821289062e+00 -2.257944822311401367e+00 -4.467705786228179932e-01 -1.453187704086303711e+00 7.386720273643732071e-03 2.721790224313735962e-03 -1.565216898918151855e+00
-1.148068189620971680e+00 1.211496472358703613e+00 6.722599267959594727e-01 5.913371443748474121e-01 1.114835858345031738e+00 1.404805064201354980e+00 1.554875612258911133e+00 4.602521657943725586e-01 1.598417878150939941e+00 1.270968198776245117e+00
1.757012128829956055e+00 -1.229144483804702759e-01 -1.004901289939880371e+00 -2.245085954666137695e+00 -1.289281368255615234e+00 -3.547786176204681396e-01 -9.667575955390930176e-01 -9.780637174844741821e-02 2.209193259477615356e-01 5.574994683265686035e-01
-7.637004852294921875e-01 1.556361913681030273e+00 -3.585428297519683838e-01 -5.783215165138244629e-01 -6.170112490653991699e-01 -9.290837496519088745e-02 4.546876549720764160e-01 -5.868867039680480957e-01 -5.677675083279609680e-02 1.173011437058448792e-01
-9.062930941581726074e-01 -1.162712574005126953e+00 -6.999196410179138184e-01 -2.800661563873291016e+00 -6.361558437347412109e-01 -6.135045886039733887e-01 -3.591388761997222900e-01 -1.945247888565063477e+00 -7.566930055618286133e-01 -5.527869462966918945e-01
-2.633449316024780273e+00 -2.880586385726928711e-01 -9.492583870887756348e-01 -5.068163871765136719e-01 -9.456707239151000977e-01 -1.812578558921813965e+00 -4.741362929344177246e-01 -2.677302837371826172e+00 -2.284762620925903320e+00 -2.658394575119018555e+00
-1.557081818580627441e+00 6.151650547981262207e-01 -7.563493847846984863e-01 -1.276657700538635254e+00 8.254907727241516113e-01 -3.620439171791076660e-01 -1.605863928794860840e+00 1.002252101898193359e+00 -8.951531648635864258e-01 4.619556069374084473e-01
1.099364683032035828e-01 -3.019165515899658203e+00 -2.208270311355590820e+00 -2.218035936355590820e+00 -2.435152292251586914e+00 5.364050343632698059e-02 -2.824713706970214844e+00 3.679128885269165039e-01 -1.240997314453125000e+00 5.178565382957458496e-01
2.193771600723266602e-01 -2.862497568130493164e+00 -4.972671270370483398e-01 -2.747765064239501953e+00 -1.078336596488952637e+00 -2.776456594467163086e+00 -8.450243473052978516e-01 -8.602535128593444824e-01 -2.680827617645263672e+00 -1.169641613960266113e+00
2.646307945251464844e+00 7.689769268035888672e-01 1.451050341129302979e-01 8.346276357769966125e-03 1.336918830871582031e+00 3.681549727916717529e-01 1.096398830413818359e+00 6.344075798988342285e-01 -5.654534697532653809e-01 4.600913822650909424e-01
-2.457715511322021484e+00 6.276617646217346191e-01 -3.727014362812042236e-01 -1.167993664741516113e+00 -2.560429096221923828e+00 -1.660463094711303711e+00 -1.293617844581604004e+00 -2.739956140518188477e+00 -1.273224830627441406e+00 -2.705757141113281250e+00
-2.701956510543823242e+00 -1.338844895362854004e-01 -2.621575832366943359e+00 -2.682158946990966797e+00 -2.622367620468139648e+00 -2.346772670745849609e+00 -2.708653211593627930e+00 -2.748862981796264648e+00 -2.657327175140380859e+00 -2.669316768646240234e+00
-1.790654778480529785e+00 5.622829198837280273e-01 -1.134128689765930176e+00 -2.396339893341064453e+00 -6.337035894393920898e-01 -8.624575734138488770e-01 -1.383253693580627441e+00 -2.585573196411132812e-01 -1.154971718788146973e+00 -9.290024638175964355e-01
-2.710407972335815430e+00 -6.060692071914672852e-01 -2.598864793777465820e+00 -2.700312614440917969e+00 -2.648343563079833984e+00 -2.337005138397216797e+00 -2.707266807556152344e+00 -2.755650281906127930e+00 -2.653221130371093750e+00 -2.678771734237670898e+00
-2.710839033126831055e+00 -7.724382877349853516e-01 -2.591466426849365234e+00 -2.690037012100219727e+00 -1.369421124458312988e+00 -2.243474483489990234e+00 -2.676543235778808594e+00 -1.139457941055297852e+00 -2.543516397476196289e+00 -1.731632471084594727e+00
-2.673303842544555664e+00 1.353674054145812988e+00 -6.031491756439208984e-01 -1.886073648929595947e-01 -1.349756956100463867e+00 -1.457120656967163086e+00 -2.936493419110774994e-02 -2.139181137084960938e+00 -2.005935668945312500e+00 -1.467841506004333496e+00
-2.682606935501098633e+00 -4.897491037845611572e-01 -2.600527763366699219e+00 -6.347826123237609863e-01 -1.958078265190124512e+00 -3.109675645828247070e-01 -2.004203319549560547e+00 -3.052708506584167480e-01 -2.630807399749755859e+00 -4.206531047821044922e-01
-7.233365774154663086e-01 -2.703961730003356934e-01 -1.144395694136619568e-01 3.338382244110107422e-01 -7.597107291221618652e-01 -2.226984262466430664e+00 -2.177512645721435547e+00 -9.137748479843139648e-01 -2.102536439895629883e+00 -1.096590638160705566e+00
5.865422487258911133e-01 1.177747726440429688e+00 2.190284252166748047e+00 -3.484478592872619629e-01 -3.862165510654449463e-01 -2.082268893718719482e-02 1.943238258361816406e+00 -3.415996134281158447e-01 1.868225336074829102e+00 -3.380281627178192139e-01
-1.381300806999206543e+00 -1.205436348915100098e+00 3.243803381919860840e-01 7.278548479080200195e-01 -8.022211790084838867e-01 -4.093490839004516602e-01 7.150835990905761719e-01 -1.676287293434143066e+00 -1.455859690904617310e-01 -1.487062215805053711e+00
4.341741502285003662e-01 1.367170512676239014e-01 -6.749464869499206543e-01 -1.774221062660217285e+00 -4.504565894603729248e-01 -3.167904019355773926e-01 9.754662215709686279e-02 -2.108577251434326172e+00 -2.017789930105209351e-01 2.859391868114471436e-01
-1.740962147712707520e+00 -2.729106426239013672e+00 -2.415482401847839355e-01 -2.279247045516967773e+00 1.222001433372497559e+00 -9.272968769073486328e-01 3.875658810138702393e-01 -7.368799448013305664e-01 -2.029036283493041992e+00 6.696565747261047363e-01
1.067618727684020996e+00 1.113063097000122070e+00 -3.796204626560211182e-01 1.289724707603454590e+00 1.170746564865112305e+00 6.218551993370056152e-01 -1.048794507980346680e+00 1.727323174476623535e+00 1.870185256004333496e+00 1.450911641120910645e+00
-2.625954866409301758e+00 -1.320964455604553223e+00 -1.665632128715515137e-01 -2.249516725540161133e+00 1.896049857139587402e+00 -1.894008874893188477e+00 7.517712116241455078e-01 -2.567854166030883789e+00 -6.417827606201171875e-01 3.825356066226959229e-01
-2.718080997467041016e+00 -1.623040556907653809e+00 -2.641877651214599609e+00 -1.430152177810668945e+00 -1.824489831924438477e+00 -1.824322938919067383e+00 -2.712690353393554688e+00 -1.525421887636184692e-01 -2.610658168792724609e+00 2.482954971492290497e-02
-2.648424863815307617e+00 7.600693702697753906e-01 -1.310748457908630371e+00 -1.188578367233276367e+00 -8.618310093879699707e-01 -1.937496900558471680e+00 -6.169324517250061035e-01 -1.380222678184509277e+00 -2.109475612640380859e+00 -7.476689219474792480e-01
-2.082296848297119141e+00 6.203386187553405762e-01 -8.749211430549621582e-01 -4.246620237827301025e-01 8.184059858322143555e-01 2.654875814914703369e-01 -2.325876951217651367e-01 1.379622340202331543e+00 5.963145494461059570e-01 7.942991256713867188e-01
-8.148276805877685547e-01 -2.178671121597290039e+00 -2.061435699462890625e+00 -6.483200192451477051e-01 8.526723086833953857e-02 -5.158349275588989258e-01 -8.064460754394531250e-01 -2.505726099014282227e+00 -8.218604326248168945e-01 -6.981385946273803711e-01
-2.696987152099609375e+00 -5.652950406074523926e-01 -2.456973314285278320e+00 -2.464544534683227539e+00 -2.576055765151977539e+00 -2.300524950027465820e+00 -2.697608470916748047e+00 6.607677042484283447e-02 -2.653228044509887695e+00 -2.588395595550537109e+00
-2.708477973937988281e+00 -5.109139084815979004e-01 -2.572437763214111328e+00 -2.692608833312988281e+00 -2.632041692733764648e+00 -2.317679405212402344e+00 -2.691137790679931641e+00 -2.751400947570800781e+00 -2.674041032791137695e+00 -2.681715250015258789e+00
1.096000671386718750e+00 -9.986827969551086426e-01 1.157855749130249023e+00 -4.932482838630676270e-01 -2.134278059005737305e+00 -4.753839671611785889e-01 1.873256802558898926e+00 3.272409439086914062e-01 -2.383668899536132812e+00 -2.482314825057983398e+00
-2.107557296752929688e+00 -8.050792813301086426e-01 -3.728486299514770508e-01 -2.515426635742187500e+00 -1.554677486419677734e+00 -1.322265863418579102e+00 -1.453846134245395660e-02 -2.320523977279663086e+00 -2.546428918838500977e+00 -1.887362241744995117e+00
4.974928796291351318e-01 -2.754193842411041260e-01 4.963968098163604736e-01 7.257508635520935059e-01 -2.209658920764923096e-01 -2.856718301773071289e-01 -2.163133382797241211e+00 -1.520295262336730957e+00 -3.064451217651367188e-01 -1.068398237228393555e+00
-2.507081508636474609e+00 1.375546216964721680e+00 -4.450925886631011963e-01 -1.291325390338897705e-01 -2.565497875213623047e+00 -1.330605626106262207e+00 -8.033272027969360352e-01 -2.683161497116088867e+00 -1.076890707015991211e+00 -2.703759908676147461e+00
-2.562523603439331055e+00 -3.710260391235351562e-01 -2.232510089874267578e+00 -1.826185345649719238e+00 2.439570426940917969e-02 -1.280143380165100098e+00 -8.972349166870117188e-01 1.184955984354019165e-01 -1.526894450187683105e+00 -2.610442638397216797e-01
-6.227670311927795410e-01 1.546517491340637207e+00 1.661428332328796387e+00 2.012682676315307617e+00 -2.189774662256240845e-01 -1.257491763681173325e-02 9.815412759780883789e-02 4.679241180419921875e-01 -3.892205059528350830e-01 -1.341320633888244629e+00
-9.903122782707214355e-01 -2.467431128025054932e-01 -2.238084554672241211e+00 -1.048518061637878418e+00 -4.583824574947357178e-01 -4.972783625125885010e-01 -7.498404979705810547e-01 -1.357687711715698242e-01 -6.875425577163696289e-01 -4.474531412124633789e-01
7.010643184185028076e-02 -5.373610854148864746e-01 -1.636767745018005371e+00 -6.398091912269592285e-01 -2.532753705978393555e+00 -1.060022354125976562e+00 -6.580637097358703613e-01 -2.724842309951782227e+00 -2.300547122955322266e+00 -2.582127571105957031e+00
6.480210423469543457e-01 -5.399737954139709473e-01 1.297608375549316406e+00 3.284449577331542969e-01 1.835675835609436035e+00 2.932114005088806152e-01 1.978163361549377441e+00 -7.361431717872619629e-01 1.477823972702026367e+00 1.327249884605407715e+00
6.904981136322021484e-01 3.503119349479675293e-01 -9.947957396507263184e-01 -2.880627214908599854e-01 -2.331647276878356934e-01 4.990273714065551758e-01 -1.005381345748901367e+00 9.157569408416748047e-01 7.298042178153991699e-01 1.297231614589691162e-01
-1.410230278968811035e+00 -9.354405999183654785e-01 9.286724776029586792e-02 -9.291949272155761719e-01 6.125649437308311462e-03 -1.146610617637634277e+00 -7.459377050399780273e-01 -2.709354877471923828e+00 -1.053591370582580566e+00 -2.671372652053833008e+00
1.180456519126892090e+00 2.071963250637054443e-01 1.461033225059509277e+00 8.714954257011413574e-01 -6.617841720581054688e-01 -2.849796116352081299e-01 1.209231972694396973e+00 -1.654150247573852539e+00 9.040323495864868164e-01 -3.081634640693664551e-01
7.584795951843261719e-01 -8.379856944084167480e-01 -8.367767930030822754e-01 -1.502230405807495117e+00 2.144871950149536133e+00 7.448337674140930176e-01 2.244241237640380859e+00 4.851377755403518677e-02 -1.166986703872680664e+00 2.369650304317474365e-01
-2.679157257080078125e+00 1.216458082199096680e+00 -2.138189375400543213e-01 -1.123270913958549500e-01 -1.433600068092346191e+00 4.946536421775817871e-01 -9.992617368698120117e-01 -9.331303238868713379e-01 -5.293220877647399902e-01 -2.278443276882171631e-01
-2.600826025009155273e+00 -6.618147343397140503e-02 -1.055877804756164551e+00 -6.671832203865051270e-01 -1.517790794372558594e+00 -2.027028799057006836e+00 6.566848158836364746e-01 -1.193743705749511719e+00 -2.522631645202636719e+00 -1.050883173942565918e+00
-1.958850026130676270e+00 -1.141343042254447937e-01 -9.589332342147827148e-02 -2.522390127182006836e+00 -2.010891884565353394e-01 -1.811840057373046875e+00 -8.136084675788879395e-01 -2.627717733383178711e+00 -1.958690404891967773e+00 -2.631725788116455078e+00
3.413254618644714355e-01 6.058354303240776062e-02 1.231922432780265808e-01 -7.016002535820007324e-01 -2.023499965667724609e+00 -1.855444788932800293e+00 -1.935753464698791504e+00 8.106271624565124512e-01 -2.045385837554931641e+00 -1.924933910369873047e+00
-2.705508947372436523e+00 6.640893220901489258e-01 -1.602948755025863647e-01 -2.097261428833007812e+00 -1.708811402320861816e+00 -2.366641521453857422e+00 -2.644620895385742188e+00 -3.510014414787292480e-01 -1.710527837276458740e-01 -1.396462678909301758e+00
9.674557447433471680e-01 -1.297346234321594238e+00 -2.611028961837291718e-02 1.300268292427062988e+00 5.434189438819885254e-01 7.763562798500061035e-01 -1.314763665199279785e+00 -7.659458518028259277e-01 -1.045747518539428711e+00 4.457945749163627625e-02
-5.754329562187194824e-01 9.428460150957107544e-02 -5.232508182525634766e-01 -7.133541107177734375e-01 -2.339333891868591309e-01 3.976484239101409912e-01 -7.146377116441726685e-02 -2.545380115509033203e+00 -6.164622902870178223e-01 -8.428831696510314941e-01
-4.143608510494232178e-01 -2.917578697204589844e+00 -2.527043581008911133e+00 -2.019135951995849609e-01 -3.776477575302124023e-01 1.356423646211624146e-01 -5.340839028358459473e-01 -8.358895182609558105e-01 -1.661722183227539062e+00 -6.837202906608581543e-01
5.933068394660949707e-01 3.715749979019165039e-01 -1.859928607940673828e+00 -2.276688963174819946e-01 -5.959649085998535156e-01 3.674033284187316895e-01 8.522277474403381348e-01 -1.862489730119705200e-01 3.892785906791687012e-01 4.248314797878265381e-01
-2.650647878646850586e+00 -7.547425031661987305e-01 -2.669390738010406494e-01 -2.062825918197631836e+00 -3.668382763862609863e-01 -2.303992509841918945e+00 -6.927621960639953613e-01 -6.535521149635314941e-01 -2.416379928588867188e+00 -7.366153001785278320e-01
-2.583884477615356445e+00 -1.835952699184417725e-01 -8.586702942848205566e-01 -1.124934911727905273e+00 -8.496578931808471680e-01 -1.161656141281127930e+00 -1.148708820343017578e+00 -1.405410766601562500e+00 -1.220871329307556152e+00 -7.356030941009521484e-01
3.776384294033050537e-01 -6.769904494285583496e-01 -9.925760626792907715e-01 1.571586281061172485e-01 2.615456879138946533e-01 -3.077149949967861176e-02 -9.718772768974304199e-01 -4.815214574337005615e-01 -3.339346945285797119e-01 1.600241512060165405e-01
-2.705029487609863281e+00 -3.789556026458740234e-01 -2.426496505737304688e+00 -1.359377384185791016e+00 -2.629982948303222656e+00 -2.208760261535644531e+00 -2.687428712844848633e+00 -2.754901409149169922e+00 -2.570424079895019531e+00 -2.670334815979003906e+00
9.274975061416625977e-01 -2.087794780731201172e+00 -4.926470220088958740e-01 -2.315835952758789062e+00 3.918412923812866211e-01 -2.217313349246978760e-01 -3.221712708473205566e-01 -3.519993126392364502e-01 7.316493988037109375e-02 -1.054723501205444336e+00
4.492262601852416992e-01 1.074331402778625488e+00 -1.547946333885192871e+00 1.263629317283630371e+00 -1.671009957790374756e-01 9.575957655906677246e-01 7.349898815155029297e-01 -1.389943599700927734e+00 5.562670826911926270e-01 -5.329692363739013672e-01
-2.527259826660156250e+00 1.500537872314453125e+00 -7.139167189598083496e-01 -8.087788224220275879e-01 -2.307992696762084961e+00 -9.940024018287658691e-01 -8.842024207115173340e-01 -4.564001262187957764e-01 5.148428957909345627e-03 -1.915208220481872559e+00
-5.396911129355430603e-02 -8.593559861183166504e-01 -1.513652086257934570e+00 3.361419737339019775e-01 -2.647968530654907227e+00 -4.729906022548675537e-01 -2.770842075347900391e+00 -2.756316184997558594e+00 -6.429217457771301270e-01 -2.711281299591064453e+00
9.624055624008178711e-01 -2.976891279220581055e+00 -7.934982180595397949e-01 -3.566772341728210449e-01 -5.192013978958129883e-01 -5.067852139472961426e-01 7.151791453361511230e-01 -6.153891086578369141e-01 -2.719774246215820312e+00 -9.530333876609802246e-01
-5.481448769569396973e-01 -6.454384922981262207e-01 -5.138588547706604004e-01 -6.679512262344360352e-01 -2.585273385047912598e-01 -1.742817461490631104e-01 2.741084992885589600e-01 -1.836342453956604004e+00 -1.263682007789611816e+00 -4.397133290767669678e-01
-2.199108839035034180e+00 1.838948249816894531e+00 -5.369376763701438904e-02 -2.082433223724365234e+00 -1.942098379135131836e+00 -8.008616566658020020e-01 -7.545906305313110352e-01 -2.217561006546020508e+00 -1.228149294853210449e+00 -2.277678728103637695e+00
-6.670277565717697144e-02 -2.951157569885253906e+00 -5.186453089118003845e-02 -2.456115007400512695e+00 -1.299244523048400879e+00 -2.864210128784179688e+00 -2.171338319778442383e+00 1.066588759422302246e-01 -2.564079046249389648e+00 -1.314417958259582520e+00
1.668059110641479492e+00 -4.153958335518836975e-02 1.344937205314636230e+00 1.602595448493957520e+00 5.025736615061759949e-02 7.408725619316101074e-01 -3.883028924465179443e-01 -6.277838945388793945e-01 1.570065259933471680e+00 4.253819882869720459e-01
-2.651345252990722656e+00 -1.918062806129455566e+00 -1.925599455833435059e+00 -9.315860867500305176e-01 -5.367912054061889648e-01 -2.019868642091751099e-01 -2.021634578704833984e+00 -9.711548686027526855e-01 -4.590670764446258545e-01 -7.155661582946777344e-01
-1.508015394210815430e+00 1.475087523460388184e+00 1.889732480049133301e+00 -4.230615794658660889e-01 -2.132033824920654297e+00 -1.083801627159118652e+00 -1.113191992044448853e-01 -6.239889264106750488e-01 8.124076575040817261e-02 -1.863618373870849609e+00
-3.639191389083862305e-01 -4.089145064353942871e-01 -1.261690497398376465e+00 1.385002136230468750e-01 7.788400650024414062e-01 4.483791887760162354e-01 -2.497626066207885742e+00 1.734180092811584473e+00 4.863734245300292969e-01 1.455793261528015137e+00
2.856889963150024414e-01 1.458355784416198730e-01 -2.994504570960998535e-01 3.768862187862396240e-01 -1.120823621749877930e+00 6.398962140083312988e-01 3.744572401046752930e-01 -1.250550031661987305e+00 -1.441100955009460449e+00 -1.397323369979858398e+00
-1.746501326560974121e+00 -2.768408060073852539e-01 -1.057103633880615234e+00 -8.904460668563842773e-01 -1.606177449226379395e+00 -9.888545870780944824e-01 -3.471933007240295410e-01 -1.518769025802612305e+00 -1.185171082615852356e-01 -1.143173813819885254e+00
1.105382084846496582e+00 -3.739767968654632568e-01 7.073162496089935303e-02 1.015046954154968262e+00 -4.310195446014404297e-01 -2.412769347429275513e-01 -2.489073991775512695e+00 1.086786270141601562e+00 7.848784923553466797e-01 1.209688782691955566e+00
1.108623147010803223e+00 3.844246640801429749e-02 1.958115935325622559e+00 1.723558545112609863e+00 4.107128977775573730e-01 7.509683817625045776e-02 1.325582623481750488e+00 -5.552096292376518250e-02 1.348347783088684082e+00 1.034410119056701660e+00
-2.667240619659423828e+00 -1.016086697578430176e+00 -2.537759065628051758e+00 -2.703508853912353516e+00 -2.517614513635635376e-02 -2.076287746429443359e+00 -2.707722902297973633e+00 -4.796608388423919678e-01 -2.617729187011718750e+00 -1.209968328475952148e+00
