-1.943570971488952637e-01
-1.948116868734359741e-01
-1.936752647161483765e-01
-1.944936066865921021e-01
-1.954024881124496460e-01
-1.958572119474411011e-01
-1.952659189701080322e-01
-1.925846785306930542e-01
-1.929026246070861816e-01
-1.940845102071762085e-01
-1.944024711847305298e-01
-1.942207664251327515e-01
-1.931756734848022461e-01
-1.921756416559219360e-01
-1.922209411859512329e-01
-1.939482390880584717e-01
-1.946297585964202881e-01
-1.946298182010650635e-01
-1.926302164793014526e-01
-1.939934939146041870e-01
-1.937663555145263672e-01
-1.929027885198593140e-01
-1.945842802524566650e-01
-1.939480900764465332e-01
-1.938571929931640625e-01
-1.924027800559997559e-01
-1.956297457218170166e-01
-1.945842653512954712e-01
-1.949025392532348633e-01
-1.940391212701797485e-01
-1.971296072006225586e-01
-1.951296776533126831e-01
-1.935845762491226196e-01
-1.945386677980422974e-01
-1.887661665678024292e-01
-1.869021952152252197e-01
-1.775406002998352051e-01
-1.719057559967041016e-01
-1.589506864547729492e-01
-1.537683755159378052e-01
-1.526767015457153320e-01
-1.549523621797561646e-01
-1.527696847915649414e-01
-1.632245630025863647e-01
-1.599043309688568115e-01
-1.657679677009582520e-01
-1.704968065023422241e-01
-1.747222393751144409e-01
-1.817217618227005005e-01
-1.858573853969573975e-01
-1.879943609237670898e-01
-1.939934939146041870e-01
-1.949934363365173340e-01
-1.943117380142211914e-01
-1.934480816125869751e-01
-1.952659934759140015e-01
-1.933571547269821167e-01
-1.937208771705627441e-01
-1.954026222229003906e-01
-1.941299885511398315e-01
-1.941298991441726685e-01
-1.945388466119766235e-01
-1.799032837152481079e-01
-1.488137096166610718e-01
-1.308152377605438232e-01
-1.204119846224784851e-01
-1.327738761901855469e-01
-1.529991626739501953e-01
-1.705438941717147827e-01
-1.954060792922973633e-01
-2.104956060647964478e-01
-2.285889089107513428e-01
-2.321799397468566895e-01
-2.243153899908065796e-01
-2.210424691438674927e-01
-2.005382925271987915e-01
-1.800829023122787476e-01
-1.657191812992095947e-01
-1.555394530296325684e-01
-1.662682592868804932e-01
-1.814044117927551270e-01
-1.902666091918945312e-01
-1.950387507677078247e-01
-1.951749622821807861e-01
-1.940389722585678101e-01
-1.960843801498413086e-01
-1.925846636295318604e-01
-1.939481049776077271e-01
-1.922665536403656006e-01
-1.677246838808059692e-01
-1.395455002784729004e-01
-1.061846986413002014e-01
-9.695697575807571411e-02
-1.116844415664672852e-01
-1.472274363040924072e-01
-1.844995468854904175e-01
-2.295901775360107422e-01
-2.889510393142700195e-01
-3.222234547138214111e-01
-3.488608002662658691e-01
-3.541798591613769531e-01
-3.224990069866180420e-01
-2.801349461078643799e-01
-2.293602824211120605e-01
-1.870874911546707153e-01
-1.620429605245590210e-01
-1.463619172573089600e-01
-1.439064294099807739e-01
-1.577240973711013794e-01
-1.836761236190795898e-01
-1.928572505712509155e-01
-1.939483284950256348e-01
-1.949479430913925171e-01
-1.931755095720291138e-01
-1.932663768529891968e-01
-1.901305913925170898e-01
-1.707244962453842163e-01
-1.186386495828628540e-01
-9.427556395530700684e-02
-7.786649465560913086e-02
-8.109179884195327759e-02
-1.249549016356468201e-01
-1.994995772838592529e-01
-3.010000288486480713e-01
-4.230892658233642578e-01
-5.412294864654541016e-01
-6.164990067481994629e-01
-6.554067730903625488e-01
-6.266824603080749512e-01
-5.532252192497253418e-01
-4.464077949523925781e-01
-3.358176350593566895e-01
-2.248168438673019409e-01
-1.552719473838806152e-01
-1.263659000396728516e-01
-1.246388107538223267e-01
-1.392275840044021606e-01
-1.515438556671142578e-01
-1.856767088174819946e-01
-1.937661916017532349e-01
-1.956751048564910889e-01
-1.944478601217269897e-01
-1.907668560743331909e-01
-1.762226819992065430e-01
-1.248657628893852234e-01
-8.391328155994415283e-02
-4.772764816880226135e-02
-3.263648971915245056e-02
-5.368152260780334473e-02
-1.405449360609054565e-01
-2.782723009586334229e-01
-4.169572591781616211e-01
-5.539986491203308105e-01
-6.778622865676879883e-01
-7.509086728096008301e-01
-7.583217620849609375e-01
-7.359967231750488281e-01
-6.602753400802612305e-01
-5.200878381729125977e-01
-3.656803071498870850e-01
-2.227731943130493164e-01
-1.217724755406379700e-01
-9.159141778945922852e-02
-1.106370687484741211e-01
-1.280469000339508057e-01
-1.378189772367477417e-01
-1.609522253274917603e-01
-1.907666325569152832e-01
-1.956296265125274658e-01
-1.950388699769973755e-01
-1.869945973157882690e-01
-1.404984593391418457e-01
-8.886528015136718750e-02
-3.150067850947380066e-02
-5.272689275443553925e-03
-1.686346344649791718e-02
-9.118198603391647339e-02
-2.453633993864059448e-01
-4.180906116962432861e-01
-5.686364769935607910e-01
-6.770878434181213379e-01
-7.459076046943664551e-01
-7.919562458992004395e-01
-8.157701492309570312e-01
-7.958648204803466797e-01
-7.575001716613769531e-01
-6.443675756454467773e-01
-4.436813592910766602e-01
-2.420458495616912842e-01
-8.681786060333251953e-02
-5.104560032486915588e-02
-8.004566282033920288e-02
-1.273652762174606323e-01
-1.382733434438705444e-01
-1.459957212209701538e-01
-1.859039068222045898e-01
-1.931753009557723999e-01
-1.863582283258438110e-01
-1.595436036586761475e-01
-1.150473877787590027e-01
-5.918238684535026550e-02
-7.636229973286390305e-03
2.913652174174785614e-02
-2.031815238296985626e-02
-1.655451059341430664e-01
-3.578174114227294922e-01
-5.440915226936340332e-01
-6.388653516769409180e-01
-6.571303606033325195e-01
-6.793205738067626953e-01
-7.154046297073364258e-01
-7.233657240867614746e-01
-7.458657026290893555e-01
-7.502237558364868164e-01
-6.890903711318969727e-01
-5.189567208290100098e-01
-2.969555556774139404e-01
-1.035455688834190369e-01
-2.109038457274436951e-02
-6.090912967920303345e-02
-1.237727329134941101e-01
-1.398171186447143555e-01
-1.410457491874694824e-01
-1.849040091037750244e-01
-1.934935450553894043e-01
-1.771776974201202393e-01
-1.363628208637237549e-01
-9.550128132104873657e-02
-3.059122152626514435e-02
2.631811611354351044e-02
5.422707647085189819e-02
-3.081819601356983185e-02
-2.169094383716583252e-01
-4.427264332771301270e-01
-6.177237033843994141e-01
-6.440014243125915527e-01
-6.086341738700866699e-01
-5.686824321746826172e-01
-5.624507069587707520e-01
-5.885934829711914062e-01
-6.439527869224548340e-01
-6.986861824989318848e-01
-7.205064892768859863e-01
-5.814549922943115234e-01
-3.771818578243255615e-01
-1.450000703334808350e-01
-4.045422002673149109e-02
-6.059094145894050598e-02
-1.315448731184005737e-01
-1.550899893045425415e-01
-1.434985548257827759e-01
-1.830405592918395996e-01
-1.915393024682998657e-01
-1.689965277910232544e-01
-1.318197697401046753e-01
-9.132075309753417969e-02
-1.318172179162502289e-02
4.613621905446052551e-02
6.277256458997726440e-02
-4.281806945800781250e-02
-2.567265331745147705e-01
-5.034537315368652344e-01
-6.108587980270385742e-01
-5.930426716804504395e-01
-5.036384463310241699e-01
-4.365909099578857422e-01
-4.225897789001464844e-01
-4.663634896278381348e-01
-5.417265295982360840e-01
-6.239960193634033203e-01
-6.697233319282531738e-01
-5.747713446617126465e-01
-3.921819031238555908e-01
-1.628175526857376099e-01
-4.322728887200355530e-02
-4.759095236659049988e-02
-1.066377684473991394e-01
-1.447270661592483521e-01
-1.464071422815322876e-01
-1.799044907093048096e-01
-1.915392875671386719e-01
-1.623150110244750977e-01
-1.306828558444976807e-01
-8.541008085012435913e-02
-5.772751756012439728e-03
5.777278542518615723e-02
5.649957433342933655e-02
-6.749931722879409790e-02
-3.187729120254516602e-01
-5.302258729934692383e-01
-5.907716155052185059e-01
-5.333656668663024902e-01
-4.129980206489562988e-01
-3.325011134147644043e-01
-3.648183941841125488e-01
-4.007757008075714111e-01
-4.497285783290863037e-01
-5.529115200042724609e-01
-5.945013761520385742e-01
-5.178151726722717285e-01
-3.640006184577941895e-01
-1.651374697685241699e-01
-3.422719240188598633e-02
-3.031797148287296295e-02
-8.950135856866836548e-02
-1.287302374839782715e-01
-1.515889167785644531e-01
-1.863581389188766479e-01
-1.915846019983291626e-01
-1.666334569454193115e-01
-1.333188563585281372e-01
-8.859316259622573853e-02
-1.222757063806056976e-02
4.750005900859832764e-02
1.100004557520151138e-02
-1.435461789369583130e-01
-4.117292463779449463e-01
-5.504996180534362793e-01
-5.640019178390502930e-01
-4.798651337623596191e-01
-3.793204724788665771e-01
-3.355939686298370361e-01
-3.810448050498962402e-01
-3.815442919731140137e-01
-4.257272779941558838e-01
-5.209543108940124512e-01
-5.419608354568481445e-01
-4.579089879989624023e-01
-2.947279810905456543e-01
-1.643187701702117920e-01
-3.140891343355178833e-02
-1.927253045141696930e-02
-6.622789055109024048e-02
-1.242768466472625732e-01
-1.629965901374816895e-01
-1.892671287059783936e-01
-1.931754201650619507e-01
-1.788138002157211304e-01
-1.404543817043304443e-01
-9.509295970201492310e-02
-1.927295327186584473e-02
1.081818901002407074e-02
-4.654539749026298523e-02
-2.364996075630187988e-01
-4.775014817714691162e-01
-5.570907592773437500e-01
-5.334996581077575684e-01
-4.632715284824371338e-01
-3.802312612533569336e-01
-4.054998159408569336e-01
-4.590909481048583984e-01
-4.529567062854766846e-01
-4.985449910163879395e-01
-5.550888776779174805e-01
-5.094100832939147949e-01
-3.805432319641113281e-01
-2.694998383522033691e-01
-1.717734783887863159e-01
-5.468221753835678101e-02
-2.463608607649803162e-02
-5.840925127267837524e-02
-1.211839616298675537e-01
-1.694959402084350586e-01
-1.925847083330154419e-01
-1.934935748577117920e-01
-1.903577893972396851e-01
-1.579982787370681763e-01
-9.650118649005889893e-02
-3.063645586371421814e-02
-2.022705972194671631e-02
-8.495447039604187012e-02
-2.795468866825103760e-01
-4.824097454547882080e-01
-5.601316690444946289e-01
-5.373630523681640625e-01
-4.645475745201110840e-01
-4.262718856334686279e-01
-4.648170769214630127e-01
-5.533633232116699219e-01
-5.578181147575378418e-01
-5.783217549324035645e-01
-5.919102430343627930e-01
-5.017733573913574219e-01
-3.767713606357574463e-01
-2.857714593410491943e-01
-2.108619809150695801e-01
-1.024997308850288391e-01
-3.986394405364990234e-02
-5.509115383028984070e-02
-1.096382439136505127e-01
-1.657693684101104736e-01
-1.913121938705444336e-01
-1.939480602741241455e-01
-1.922212094068527222e-01
-1.712688803672790527e-01
-1.023196205496788025e-01
-3.486365824937820435e-02
-3.940899297595024109e-02
-1.082724183797836304e-01
-2.920887172222137451e-01
-4.935896396636962891e-01
-5.728616714477539062e-01
-5.432753562927246094e-01
-4.889080524444580078e-01
-4.474534988403320312e-01
-5.699111819267272949e-01
-6.635891795158386230e-01
-6.489551663398742676e-01
-6.061788201332092285e-01
-6.221325397491455078e-01
-5.407271385192871094e-01
-4.190884530544281006e-01
-3.575001657009124756e-01
-2.603637576103210449e-01
-1.367717534303665161e-01
-5.218220502138137817e-02
-6.077248975634574890e-02
-1.012287139892578125e-01
-1.612232774496078491e-01
-1.934024393558502197e-01
-1.952205449342727661e-01
-1.949478834867477417e-01
-1.758145242929458618e-01
-9.563766419887542725e-02
-4.209134727716445923e-02
-5.272710695862770081e-02
-1.191369891166687012e-01
-2.927268147468566895e-01
-4.795905053615570068e-01
-5.522728562355041504e-01
-5.396839976310729980e-01
-4.971835911273956299e-01
-5.105889439582824707e-01
-6.377746462821960449e-01
-7.273192405700683594e-01
-6.594511866569519043e-01
-6.087764501571655273e-01
-6.062683463096618652e-01
-5.481345653533935547e-01
-4.767262041568756104e-01
-4.074984490871429443e-01
-2.756359577178955078e-01
-1.415913701057434082e-01
-6.177279725670814514e-02
-6.340943276882171631e-02
-1.060941591858863831e-01
-1.527695655822753906e-01
-1.883577406406402588e-01
-1.940389275550842285e-01
-1.921299546957015991e-01
-1.722224503755569458e-01
-9.118467569351196289e-02
-5.613672360777854919e-02
-7.113634049892425537e-02
-1.531360745429992676e-01
-2.982266247272491455e-01
-4.556807279586791992e-01
-5.084552764892578125e-01
-5.121799707412719727e-01
-4.901357293128967285e-01
-5.283623337745666504e-01
-6.204062700271606445e-01
-6.838631629943847656e-01
-6.323220729827880859e-01
-5.700463652610778809e-01
-5.816827416419982910e-01
-5.122758150100708008e-01
-4.964101910591125488e-01
-4.414084553718566895e-01
-2.753630876541137695e-01
-1.106823235750198364e-01
-4.568212851881980896e-02
-6.168186292052268982e-02
-1.170929595828056335e-01
-1.507270783185958862e-01
-1.892669647932052612e-01
-1.916755586862564087e-01
-1.924938112497329712e-01
-1.693141758441925049e-01
-9.236747026443481445e-02
-6.522762775421142578e-02
-9.449990093708038330e-02
-1.808184683322906494e-01
-3.140923976898193359e-01
-4.282724261283874512e-01
-4.719095528125762939e-01
-4.737262427806854248e-01
-4.586809873580932617e-01
-4.771795570850372314e-01
-5.460429191589355469e-01
-5.825495719909667969e-01
-5.571347475051879883e-01
-5.194081664085388184e-01
-5.301854610443115234e-01
-5.108647346496582031e-01
-5.034099221229553223e-01
-4.119989573955535889e-01
-2.242282629013061523e-01
-7.627250999212265015e-02
-4.100001975893974304e-02
-7.454600930213928223e-02
-1.290472298860549927e-01
-1.501359194517135620e-01
-1.915392726659774780e-01
-1.951294690370559692e-01
-1.927211433649063110e-01
-1.521762460470199585e-01
-9.496035426855087280e-02
-5.536403134465217590e-02
-1.051821634173393250e-01
-2.090902328491210938e-01
-3.456830680370330811e-01
-4.425900578498840332e-01
-4.694536626338958740e-01
-4.541799724102020264e-01
-4.412258565425872803e-01
-4.324074685573577881e-01
-4.926373064517974854e-01
-5.209989547729492188e-01
-4.971368312835693359e-01
-5.064499974250793457e-01
-4.890862107276916504e-01
-5.097267627716064453e-01
-4.874528944492340088e-01
-3.521797060966491699e-01
-1.494542658329010010e-01
-4.181802645325660706e-02
-2.836357988417148590e-02
-8.504558354616165161e-02
-1.342283487319946289e-01
-1.577256470918655396e-01
-1.901303678750991821e-01
-1.961297839879989624e-01
-1.887670755386352539e-01
-1.479037702083587646e-01
-9.677889198064804077e-02
-4.840962216258049011e-02
-9.440959244966506958e-02
-2.018184065818786621e-01
-3.460417985916137695e-01
-4.452735185623168945e-01
-4.918169975280761719e-01
-4.730888307094573975e-01
-4.397283494472503662e-01
-4.452282488346099854e-01
-4.958633780479431152e-01
-5.589506626129150391e-01
-5.568652153015136719e-01
-5.299103856086730957e-01
-5.142288804054260254e-01
-5.263646841049194336e-01
-4.409995079040527344e-01
-2.348181456327438354e-01
-3.190905973315238953e-02
3.536364063620567322e-02
-7.363618817180395126e-03
-8.827396482229232788e-02
-1.358186751604080200e-01
-1.557713001966476440e-01
-1.895851194858551025e-01
-1.934934407472610474e-01
-1.893577128648757935e-01
-1.441774368286132812e-01
-9.946010261774063110e-02
-2.863683179020881653e-02
-6.677310168743133545e-02
-1.611825227737426758e-01
-3.120904862880706787e-01
-4.479528665542602539e-01
-5.295906066894531250e-01
-5.337246060371398926e-01
-5.098162889480590820e-01
-5.030462145805358887e-01
-5.860466957092285156e-01
-6.201804876327514648e-01
-6.110903620719909668e-01
-5.722740292549133301e-01
-5.577290654182434082e-01
-4.787263274192810059e-01
-2.974989116191864014e-01
-7.827255129814147949e-02
7.227224856615066528e-02
7.849971204996109009e-02
-2.499985042959451675e-03
-8.877492696046829224e-02
-1.265471130609512329e-01
-1.632697433233261108e-01
-1.949479281902313232e-01
-1.946752071380615234e-01
-1.873128265142440796e-01
-1.439967900514602661e-01
-1.000505164265632629e-01
-3.013742528855800629e-02
-1.713631860911846161e-02
-8.800029754638671875e-02
-2.146809697151184082e-01
-3.826362788677215576e-01
-5.335027575492858887e-01
-6.083631515502929688e-01
-6.418617963790893555e-01
-6.517732143402099609e-01
-7.036868333816528320e-01
-7.088128328323364258e-01
-6.762666106224060059e-01
-6.138622164726257324e-01
-5.400907397270202637e-01
-3.655002415180206299e-01
-1.619998663663864136e-01
1.809097081422805786e-02
1.035451143980026245e-01
6.663648784160614014e-02
-1.968174986541271210e-02
-9.536649286746978760e-02
-1.325002461671829224e-01
-1.751776188611984253e-01
-1.946753412485122681e-01
-1.921755224466323853e-01
-1.969022452831268311e-01
-1.503162086009979248e-01
-1.156395822763442993e-01
-5.386703833937644958e-02
-1.772695593535900116e-02
-4.250036180019378662e-02
-1.443626731634140015e-01
-3.021802306175231934e-01
-4.806361496448516846e-01
-6.319112181663513184e-01
-7.505474686622619629e-01
-7.902277112007141113e-01
-8.250930309295654297e-01
-7.769491672515869141e-01
-6.974573731422424316e-01
-5.817280411720275879e-01
-4.269079267978668213e-01
-2.704071402549743652e-01
-8.381848782300949097e-02
2.940921857953071594e-02
5.440905690193176270e-02
1.295464020222425461e-02
-5.022760108113288879e-02
-1.040470972657203674e-01
-1.505440771579742432e-01
-1.877672076225280762e-01
-1.936298906803131104e-01
-1.956298798322677612e-01
-1.930390447378158569e-01
-1.730413138866424561e-01
-1.339547783136367798e-01
-1.059130951762199402e-01
-6.168405339121818542e-02
-5.759127065539360046e-02
-1.184541210532188416e-01
-2.542750835418701172e-01
-4.335010945796966553e-01
-5.869525671005249023e-01
-7.128151655197143555e-01
-7.751333117485046387e-01
-7.743595242500305176e-01
-7.109516859054565430e-01
-6.024951338768005371e-01
-4.662284255027770996e-01
-3.391814529895782471e-01
-2.183617800474166870e-01
-1.070911288261413574e-01
-5.440909042954444885e-02
-3.645429387688636780e-02
-4.586417973041534424e-02
-8.454679697751998901e-02
-1.262743324041366577e-01
-1.718146651983261108e-01
-1.904030442237854004e-01
-1.942663490772247314e-01
-1.932662427425384521e-01
-1.942208409309387207e-01
-1.907666772603988647e-01
-1.626790761947631836e-01
-1.320439577102661133e-01
-1.182778552174568176e-01
-1.063222065567970276e-01
-1.324091404676437378e-01
-2.127261757850646973e-01
-3.176357150077819824e-01
-4.486377835273742676e-01
-5.462297201156616211e-01
-5.937722921371459961e-01
-5.645436048507690430e-01
-5.123178958892822266e-01
-4.188185632228851318e-01
-3.387261927127838135e-01
-2.537705898284912109e-01
-1.959078758955001831e-01
-1.488185375928878784e-01
-1.237278878688812256e-01
-9.231919795274734497e-02
-9.109069406986236572e-02
-1.149105653166770935e-01
-1.591797769069671631e-01
-1.867219060659408569e-01
-1.939027309417724609e-01
-1.935844868421554565e-01
-1.958113610744476318e-01
-1.954025626182556152e-01
-1.939481347799301147e-01
-1.879944652318954468e-01
-1.621775776147842407e-01
-1.409521698951721191e-01
-1.480866372585296631e-01
-1.612675189971923828e-01
-1.928585916757583618e-01
-2.479988932609558105e-01
-3.106779158115386963e-01
-3.492267429828643799e-01
-3.756349384784698486e-01
-3.459089398384094238e-01
-3.121808171272277832e-01
-2.680438160896301270e-01
-2.439090013504028320e-01
-2.285440415143966675e-01
-2.147697508335113525e-01
-1.864530295133590698e-01
-1.528179943561553955e-01
-1.256389468908309937e-01
-1.219103038311004639e-01
-1.559533774852752686e-01
-1.820863336324691772e-01
-1.901304572820663452e-01
-1.921301931142807007e-01
-1.927662938833236694e-01
-1.917665302753448486e-01
-1.939935386180877686e-01
-1.926298737525939941e-01
-1.948570609092712402e-01
-1.868575811386108398e-01
-1.607232838869094849e-01
-1.569494605064392090e-01
-1.774022877216339111e-01
-2.069930285215377808e-01
-2.384928464889526367e-01
-2.793127000331878662e-01
-3.144055306911468506e-01
-3.303605914115905762e-01
-3.077675700187683105e-01
-2.761810421943664551e-01
-2.436798512935638428e-01
-2.236344367265701294e-01
-2.000886350870132446e-01
-1.792250126600265503e-01
-1.542710661888122559e-01
-1.324096620082855225e-01
-1.395462602376937866e-01
-1.745872795581817627e-01
-1.884944587945938110e-01
-1.924027949571609497e-01
-1.931301504373550415e-01
-1.949479430913925171e-01
-1.929026544094085693e-01
-1.927210390567779541e-01
-1.947207301855087280e-01
-1.963115781545639038e-01
-1.954025030136108398e-01
-1.932665109634399414e-01
-1.884490549564361572e-01
-1.835843473672866821e-01
-1.697219461202621460e-01
-1.662241369485855103e-01
-1.611781269311904907e-01
-1.613582968711853027e-01
-1.664054095745086670e-01
-1.693583577871322632e-01
-1.689054220914840698e-01
-1.687239259481430054e-01
-1.584518402814865112e-01
-1.454975605010986328e-01
-1.384070217609405518e-01
-1.401346921920776367e-01
-1.672238707542419434e-01
-1.759953647851943970e-01
-1.869944036006927490e-01
-1.890399307012557983e-01
-1.937206983566284180e-01
-1.937661468982696533e-01
-1.940844357013702393e-01
-1.945840716361999512e-01
-1.935391128063201904e-01
