1.262251257896423340e+00
8.549209237098693848e-01
-1.521273851394653320e-01
1.717616081237792969e+00
2.061271190643310547e+00
1.322568297386169434e+00
9.009549021720886230e-01
1.602872908115386963e-01
1.057250499725341797e+00
1.834589958190917969e+00
1.282238602638244629e+00
1.878077626228332520e+00
1.036119461059570312e+00
8.926028013229370117e-01
1.621237277984619141e+00
8.823559880256652832e-01
9.768386483192443848e-01
1.556589007377624512e+00
1.460164904594421387e+00
1.439242720603942871e+00
3.269090056419372559e-01
1.213352799415588379e+00
1.788336396217346191e+00
4.501059651374816895e-01
9.397319555282592773e-01
8.421346545219421387e-02
1.067837238311767578e+00
1.286292910575866699e+00
1.210981607437133789e+00
-5.203140974044799805e-01
1.506811380386352539e+00
1.173466682434082031e+00
1.807235836982727051e+00
1.246017098426818848e+00
1.275999784469604492e+00
1.303191304206848145e+00
1.199209809303283691e+00
7.769795656204223633e-01
1.630681395530700684e+00
3.794889152050018311e-01
1.202475786209106445e+00
1.204990744590759277e+00
8.964487910270690918e-01
1.538584530353546143e-01
-4.209246933460235596e-01
1.542711257934570312e+00
1.081001877784729004e+00
8.274976611137390137e-01
1.599905014038085938e+00
-2.132274061441421509e-01
1.063632607460021973e+00
4.627527892589569092e-01
-2.123547792434692383e-01
9.796810150146484375e-01
-5.949482321739196777e-01
7.892996072769165039e-01
5.059374570846557617e-01
7.608798742294311523e-01
4.223768413066864014e-01
3.790841996669769287e-01
1.423330426216125488e+00
1.296007633209228516e+00
6.991702318191528320e-01
1.823944807052612305e+00
7.745622396469116211e-01
1.525295019149780273e+00
5.066883563995361328e-01
7.381238043308258057e-02
1.815439581871032715e+00
4.837267100811004639e-01
9.631294608116149902e-01
1.124455928802490234e+00
1.020818352699279785e+00
1.559944272041320801e+00
7.625373005867004395e-01
5.683364272117614746e-01
1.694525957107543945e+00
-8.046547323465347290e-02
1.811015486717224121e+00
1.407420992851257324e+00
1.807773262262344360e-01
1.111492156982421875e+00
2.187669575214385986e-01
1.020275235176086426e+00
1.761024951934814453e+00
1.700724840164184570e+00
1.781337380409240723e+00
1.061789155006408691e+00
8.691629767417907715e-01
1.378256827592849731e-01
1.721158027648925781e+00
9.560438990592956543e-01
3.475297391414642334e-01
7.816596031188964844e-01
1.424511075019836426e+00
5.648672953248023987e-02
1.426957011222839355e+00
1.103388547897338867e+00
6.436158418655395508e-01
5.921983718872070312e-01
7.152152061462402344e-02
-5.517311096191406250e-01
4.761036112904548645e-02
1.386643886566162109e+00
1.215856313705444336e+00
4.730463325977325439e-01
9.338961243629455566e-01
8.230794668197631836e-01
-8.435252904891967773e-01
1.657507300376892090e+00
1.617858052253723145e+00
1.926054477691650391e+00
1.448665738105773926e+00
1.948332309722900391e+00
1.729846000671386719e+00
1.678268313407897949e+00
9.209271073341369629e-01
-9.057346731424331665e-02
1.059191584587097168e+00
1.229525446891784668e+00
1.280679583549499512e+00
5.466346144676208496e-01
1.284886837005615234e+00
1.072003960609436035e+00
4.130230750888586044e-03
1.068606376647949219e+00
1.392243623733520508e+00
1.732969284057617188e+00
5.671694278717041016e-01
1.357290029525756836e+00
-8.487986028194427490e-02
-5.179184079170227051e-01
3.601175546646118164e-01
1.638265728950500488e+00
1.157510638236999512e+00
1.618277192115783691e+00
3.697659969329833984e-01
1.331833243370056152e+00
1.123769164085388184e+00
7.634081840515136719e-01
-4.326853454113006592e-01
1.356170296669006348e+00
6.314169764518737793e-01
1.663019061088562012e+00
7.019675970077514648e-01
4.129849374294281006e-01
1.247192859649658203e+00
1.323762536048889160e+00
-2.630861997604370117e-01
1.063811421394348145e+00
1.384681582450866699e+00
7.146458625793457031e-01
1.793244332075119019e-01
1.003824472427368164e-01
5.998214483261108398e-01
1.915192484855651855e+00
7.570784687995910645e-01
1.879409909248352051e+00
1.836792230606079102e+00
3.568313717842102051e-01
9.833252429962158203e-01
5.644415020942687988e-01
1.405111074447631836e+00
1.109493851661682129e+00
1.219794988632202148e+00
1.259812116622924805e+00
1.481168121099472046e-01
1.291594505310058594e+00
1.572058916091918945e+00
1.143835067749023438e+00
-8.231852948665618896e-02
9.935790896415710449e-01
8.732523918151855469e-01
5.451318621635437012e-01
3.407350182533264160e-01
1.224677681922912598e+00
1.424888730049133301e+00
1.800325632095336914e+00
9.816371202468872070e-01
-1.827925443649291992e-01
1.182634353637695312e+00
1.509091496467590332e+00
9.692081809043884277e-01
1.754887938499450684e+00
3.091538846492767334e-01
1.142820119857788086e+00
1.206335186958312988e+00
1.954403758049011230e+00
3.482266366481781006e-01
1.290208935737609863e+00
4.118306562304496765e-03
-2.031160518527030945e-02
1.408151745796203613e+00
-6.145707964897155762e-01
1.715992569923400879e+00
7.361588478088378906e-01
1.698301196098327637e+00
1.646165609359741211e+00
1.139592051506042480e+00
1.456723332405090332e+00
8.693690896034240723e-01
5.062681436538696289e-01
3.347631394863128662e-01
5.458382964134216309e-01
1.554437875747680664e+00
1.683609127998352051e+00
4.978980123996734619e-01
1.767591834068298340e+00
7.386003732681274414e-01
-2.546312808990478516e-01
1.592500805854797363e+00
-3.401144146919250488e-01
-3.772781789302825928e-02
1.000298142433166504e+00
1.590542554855346680e+00
9.326142072677612305e-01
-5.018657445907592773e-01
1.376432418823242188e+00
1.413142085075378418e+00
9.578078985214233398e-01
9.743014574050903320e-01
4.928064048290252686e-01
-1.283961683511734009e-01
9.607427716255187988e-01
1.328665256500244141e+00
