1.788462251424789429e-01 -2.217881679534912109e-01 3.370784595608711243e-02 -1.924293786287307739e-01 -3.253737688064575195e-01 -2.942309975624084473e-01 -9.609836339950561523e-02 6.760296970605850220e-02 -1.633295714855194092e-01 6.939671188592910767e-02
2.206859290599822998e-01 -4.617497622966766357e-01 -1.702389717102050781e-01 -4.346703290939331055e-01 4.918706603348255157e-03 1.038255915045738220e-01 2.381750196218490601e-02 1.232222318649291992e-01 2.700135409832000732e-01 -7.392918318510055542e-02
-2.207903563976287842e-02 -3.096978068351745605e-01 1.507748365402221680e-01 -3.614379763603210449e-01 8.411250263452529907e-02 -2.872308492660522461e-01 1.241607815027236938e-01 -6.035100817680358887e-01 1.483706682920455933e-01 2.051321268081665039e-01
-3.447218537330627441e-01 -2.319408766925334930e-02 -3.905168175697326660e-01 -2.861228883266448975e-01 4.073776602745056152e-01 -5.396839380264282227e-01 4.460250139236450195e-01 1.015842705965042114e-01 -3.684384822845458984e-01 -7.379709929227828979e-02
-1.030454859137535095e-01 1.517763882875442505e-01 1.070633232593536377e-01 -2.478926628828048706e-02 7.454794365912675858e-03 2.109616845846176147e-01 -1.636230014264583588e-02 -2.913187444210052490e-02 1.376895159482955933e-01 -2.769879400730133057e-01
-2.347294539213180542e-01 3.543355464935302734e-01 7.218219339847564697e-02 9.477652609348297119e-02 -2.262755185365676880e-01 -2.247242033481597900e-01 -1.772468984127044678e-01 -1.726250052452087402e-01 -1.011817809194326401e-02 -1.636236906051635742e-01
-3.544105291366577148e-01 1.103188619017601013e-01 -2.002289518713951111e-02 -3.365664184093475342e-01 4.615586996078491211e-02 -4.458620399236679077e-02 -1.430349703878164291e-02 2.375184930860996246e-02 2.977713346481323242e-01 -1.969350725412368774e-01
6.869439780712127686e-02 -4.541148245334625244e-02 1.063231602311134338e-01 -1.746895760297775269e-01 -2.746281027793884277e-01 -1.150541007518768311e-01 1.478322297334671021e-01 -3.282235562801361084e-01 1.034786403179168701e-01 -4.524176120758056641e-01
4.600743297487497330e-03 9.344498068094253540e-02 -3.475238382816314697e-01 -9.643939882516860962e-02 1.225057542324066162e-01 2.117830812931060791e-01 -1.814016103744506836e-01 2.810469567775726318e-01 9.200293570756912231e-02 -7.777249068021774292e-02
-8.178454637527465820e-02 1.279947906732559204e-01 1.152382567524909973e-01 -2.638077735900878906e-02 2.016244977712631226e-01 1.352188289165496826e-01 -1.850762665271759033e-01 -4.430884961038827896e-03 -2.324455082416534424e-01 -1.336566954851150513e-01
-1.602226793766021729e-01 2.970271408557891846e-01 -3.564627766609191895e-01 -2.127101421356201172e-01 1.307279169559478760e-01 1.944675594568252563e-01 -1.857432425022125244e-01 2.094558477401733398e-01 -2.203471511602401733e-01 8.748632669448852539e-02
-1.850999742746353149e-01 1.629332453012466431e-01 1.040776148438453674e-01 1.053574308753013611e-01 1.684069782495498657e-01 -1.013396456837654114e-01 -4.015251994132995605e-02 -2.568340115249156952e-02 -7.939609140157699585e-02 -9.329485893249511719e-02
-8.152853697538375854e-02 -2.180756255984306335e-02 -3.016848564147949219e-01 4.005421325564384460e-02 8.686606585979461670e-02 2.535005807876586914e-01 -1.014664545655250549e-01 -3.403579071164131165e-02 1.382132768630981445e-01 7.619649916887283325e-02
-3.847143054008483887e-02 1.528931111097335815e-01 -7.016553729772567749e-02 -1.860847771167755127e-01 2.129381448030471802e-01 1.887594759464263916e-01 -1.452730745077133179e-01 -2.979050576686859131e-01 -1.953618079423904419e-01 -2.457546293735504150e-01
-3.137518465518951416e-01 1.189988926053047180e-01 -1.791500151157379150e-01 -7.031022757291793823e-02 -1.029331609606742859e-01 -3.727478384971618652e-01 -3.231287300586700439e-01 2.620632350444793701e-01 -1.998088061809539795e-01 3.401935100555419922e-01
-8.966261893510818481e-02 -1.440360862761735916e-02 4.218185842037200928e-01 4.236719608306884766e-01 -2.703157961368560791e-01 -1.633715629577636719e-01 -2.465865910053253174e-01 2.398873418569564819e-01 -4.745094776153564453e-01 -5.315730571746826172e-01
-1.086403205990791321e-01 -1.240699067711830139e-01 -3.777705132961273193e-01 9.069502353668212891e-03 -1.412861347198486328e-01 1.859783381223678589e-01 1.510323137044906616e-01 -1.027126684784889221e-01 8.101664483547210693e-02 -8.987855911254882812e-02
-1.608182042837142944e-01 3.482818305492401123e-01 -5.630229786038398743e-02 1.782734394073486328e-01 8.456787094473838806e-03 -8.153795450925827026e-02 -1.564925760030746460e-01 -5.213740095496177673e-02 1.497556269168853760e-02 1.616246625781059265e-02
-4.195666909217834473e-01 3.356453403830528259e-02 -4.522395133972167969e-01 1.929251998662948608e-01 1.589828580617904663e-01 2.950325012207031250e-01 -1.331973075866699219e-01 -1.302471309900283813e-01 -2.320003882050514221e-02 -5.311774462461471558e-02
-1.268348842859268188e-01 4.283570349216461182e-01 -1.448995172977447510e-01 -1.611612439155578613e-01 -1.256572902202606201e-01 2.209905683994293213e-01 -8.214299380779266357e-02 1.231272588483989239e-03 -1.095825061202049255e-01 -7.472978532314300537e-02
-7.867277413606643677e-02 -3.059190213680267334e-01 -1.959333121776580811e-01 3.277939260005950928e-01 -2.450861036777496338e-02 -1.946887671947479248e-01 -3.027115762233734131e-01 -2.288608402013778687e-01 -4.109658896923065186e-01 -1.695683449506759644e-01
-5.180684924125671387e-01 6.926308572292327881e-02 2.657632529735565186e-01 3.047415614128112793e-01 -4.651757776737213135e-01 -1.224307268857955933e-01 1.172158941626548767e-01 5.795959755778312683e-02 -2.691816091537475586e-01 -5.612379908561706543e-01
1.184966322034597397e-02 1.738515645265579224e-01 -8.494070061715319753e-05 -1.028814539313316345e-01 -1.131438836455345154e-01 -1.640075892210006714e-01 -2.522318251430988312e-02 2.747511565685272217e-01 -3.599887490272521973e-01 -1.522870510816574097e-01
-1.396437585353851318e-01 -6.975180655717849731e-02 3.713057041168212891e-01 -1.336729079484939575e-01 -1.279994547367095947e-01 -3.975244164466857910e-01 -1.112973764538764954e-01 9.826736897230148315e-02 3.929196596145629883e-01 -2.735211551189422607e-01
3.367301076650619507e-02 -8.017749339342117310e-02 4.130356386303901672e-02 -1.215808615088462830e-01 -1.242745760828256607e-02 -4.976554512977600098e-01 -2.057742327451705933e-02 -1.177481561899185181e-01 -1.550000756978988647e-01 -1.973638497292995453e-02
3.449532017111778259e-02 -2.252887338399887085e-01 -2.154844552278518677e-01 -3.818871220573782921e-03 -1.213222071528434753e-01 -1.041877120733261108e-01 3.830097243189811707e-02 -5.182227864861488342e-02 -5.438896268606185913e-02 -1.761800497770309448e-01
1.135254651308059692e-01 1.840694844722747803e-01 -3.149501085281372070e-01 -2.176606059074401855e-01 6.491760164499282837e-02 1.422062050551176071e-02 3.070104718208312988e-01 -2.713522315025329590e-01 1.815996617078781128e-01 2.533495128154754639e-01
-1.548518687486648560e-01 -2.367455661296844482e-01 2.290409207344055176e-01 -3.554273247718811035e-01 5.131866931915283203e-01 -2.033485025167465210e-01 2.963674068450927734e-01 -3.093496263027191162e-01 -5.319531559944152832e-01 -6.735978126525878906e-01
-1.350314319133758545e-01 3.800236284732818604e-01 -3.887071833014488220e-02 -6.213820725679397583e-02 -6.535509973764419556e-02 -1.312015950679779053e-01 -5.501398071646690369e-02 -1.274711936712265015e-01 -1.119524389505386353e-01 -1.203988194465637207e-01
1.341975480318069458e-02 -1.476029008626937866e-01 3.590728342533111572e-02 -1.727350614964962006e-02 -1.726900637149810791e-01 2.092974781990051270e-01 -3.925267159938812256e-01 -1.274549961090087891e-01 4.463275894522666931e-02 -4.772903323173522949e-01
-1.203651577234268188e-01 -1.488592773675918579e-01 9.530841372907161713e-03 1.276562362909317017e-01 -2.632981240749359131e-01 -2.042231112718582153e-01 1.643027663230895996e-01 -4.612752795219421387e-02 -2.596029639244079590e-01 3.147583007812500000e-01
-3.771725893020629883e-01 1.119637787342071533e-01 1.994663476943969727e-01 1.404444873332977295e-01 -2.000652104616165161e-01 -5.859501659870147705e-02 -2.563560605049133301e-01 1.730689704418182373e-01 1.928998082876205444e-01 -4.288537800312042236e-01
-2.730634622275829315e-02 9.823495149612426758e-02 -1.322117820382118225e-02 1.741767674684524536e-01 4.669691994786262512e-02 -2.668326199054718018e-01 -7.751418650150299072e-02 5.028222873806953430e-02 -1.073185727000236511e-02 3.001562654972076416e-01
-3.505781590938568115e-01 6.523269414901733398e-02 5.887377262115478516e-02 1.035205051302909851e-01 -3.777396082878112793e-01 -1.068373695015907288e-01 -2.475187033414840698e-01 1.969433277845382690e-01 -1.786998473107814789e-02 4.149662256240844727e-01
-1.344808489084243774e-01 4.209433794021606445e-01 -2.861487679183483124e-02 6.552267819643020630e-02 -3.981129825115203857e-02 -1.978229880332946777e-01 -1.317207664251327515e-01 -7.787377387285232544e-02 -2.528924494981765747e-02 -8.692650496959686279e-02
-2.484304308891296387e-01 1.181275546550750732e-01 -9.952116757631301880e-02 -1.377535313367843628e-01 2.317379415035247803e-01 -2.096372395753860474e-01 -2.765552103519439697e-01 1.928846836090087891e-01 -2.115872204303741455e-01 9.102910757064819336e-02
-1.886465549468994141e-01 1.733376234769821167e-01 -3.029102683067321777e-01 -1.558824442327022552e-02 -1.307235937565565109e-02 1.777657419443130493e-01 -7.017017155885696411e-02 1.214449480175971985e-01 7.570377737283706665e-02 1.357700526714324951e-01
-3.576284646987915039e-02 8.295021206140518188e-02 -4.759604334831237793e-01 2.280624806880950928e-01 -1.448885304853320122e-04 -2.094252407550811768e-02 2.648628652095794678e-01 -9.184566140174865723e-02 6.399899721145629883e-02 -4.396517202258110046e-02
-8.473654091358184814e-02 -1.735546141862869263e-01 -7.044165581464767456e-02 2.117297425866127014e-02 2.901109755039215088e-01 -2.201957441866397858e-02 1.815274655818939209e-01 -6.732822209596633911e-02 -1.676684767007827759e-01 6.782663520425558090e-03
-2.113373279571533203e-01 2.040169984102249146e-01 -1.870347559452056885e-01 -2.375302463769912720e-02 -1.184195354580879211e-01 1.204585470259189606e-02 -2.111844159662723541e-02 -1.083004698157310486e-01 -6.413058936595916748e-02 -2.116706967353820801e-01
-1.973798274993896484e-01 1.398326307535171509e-01 -1.089725047349929810e-01 -1.340675204992294312e-01 1.196034178137779236e-01 -2.338155210018157959e-01 -1.830883920192718506e-01 2.586587071418762207e-01 -2.720599472522735596e-01 4.349185526371002197e-02
-8.754109591245651245e-02 1.858483254909515381e-01 -5.941820889711380005e-02 -6.020340695977210999e-02 -5.893495306372642517e-02 -4.289540648460388184e-01 -1.325007528066635132e-01 2.102929502725601196e-01 -8.481728285551071167e-02 1.784631907939910889e-01
7.379883527755737305e-02 5.670601502060890198e-02 -2.883904874324798584e-01 -3.625295758247375488e-01 2.568571567535400391e-01 1.491122543811798096e-01 1.258370876312255859e-01 3.000803105533123016e-02 1.652897298336029053e-01 -1.288437098264694214e-01
-2.460241615772247314e-01 -1.781495064496994019e-01 7.704052329063415527e-02 -7.020518183708190918e-02 4.635860025882720947e-01 -4.938736557960510254e-02 -1.283775120973587036e-01 -1.680636405944824219e-01 -1.404981911182403564e-01 -4.849870800971984863e-01
-1.964009553194046021e-01 -2.909323275089263916e-01 2.580327987670898438e-01 -7.181892544031143188e-02 2.992928326129913330e-01 -2.197812199592590332e-01 -4.247384369373321533e-01 -3.399782478809356689e-01 2.691014669835567474e-02 1.885008960962295532e-01
-2.067387998104095459e-01 2.377112656831741333e-01 6.447639316320419312e-02 -1.898164004087448120e-01 1.326493322849273682e-01 3.777526691555976868e-02 -1.224659532308578491e-01 1.681837141513824463e-01 -1.414892822504043579e-01 -9.775570780038833618e-02
2.816217392683029175e-02 -1.326506435871124268e-01 2.315981686115264893e-01 1.049740687012672424e-01 -8.311562240123748779e-02 8.064158260822296143e-03 -1.496236026287078857e-01 5.659549310803413391e-02 -2.578012049198150635e-01 -1.032607108354568481e-01
-7.032011151313781738e-01 -3.028041124343872070e-02 -3.000907301902770996e-01 2.659085392951965332e-01 8.948214352130889893e-02 4.299351871013641357e-01 -4.716964960098266602e-01 5.268076062202453613e-02 -2.059963643550872803e-01 -1.208082139492034912e-01
-1.542350947856903076e-01 4.440503120422363281e-01 -7.270833849906921387e-02 -1.064890027046203613e-01 -2.094340045005083084e-03 1.753787510097026825e-02 -1.284251362085342407e-01 1.156129688024520874e-01 -1.302174180746078491e-01 -2.263790927827358246e-02
-1.667022518813610077e-02 -2.789561152458190918e-01 -4.996922984719276428e-02 -7.496113330125808716e-02 -1.569702774286270142e-01 -2.058619856834411621e-01 -2.013944834470748901e-01 -4.518286287784576416e-01 3.004841804504394531e-01 -1.004619225859642029e-01
-2.764516770839691162e-01 -4.453891961020417511e-06 -1.398123204708099365e-01 -2.841921150684356689e-01 6.881844252347946167e-02 -1.504654288291931152e-01 -2.872139513492584229e-01 2.424447834491729736e-01 -4.202930927276611328e-01 4.962372593581676483e-03
1.980352401733398438e-01 -1.911914199590682983e-01 4.796938598155975342e-02 -4.151991009712219238e-01 -5.176603421568870544e-02 -5.415841341018676758e-01 2.632014453411102295e-01 -1.849288195371627808e-01 -1.784041374921798706e-01 -3.523168563842773438e-01
8.409516513347625732e-02 -3.416889607906341553e-01 -1.521543860435485840e-01 -5.873435363173484802e-02 4.000852108001708984e-01 -3.051448166370391846e-01 -5.876010656356811523e-01 1.498373448848724365e-01 3.416117429733276367e-01 -2.707581594586372375e-02
-1.363621056079864502e-01 -3.030358552932739258e-01 -3.997167050838470459e-01 -1.139734238386154175e-01 1.476447284221649170e-01 1.245809942483901978e-01 -2.650094628334045410e-01 1.687644720077514648e-01 1.968323439359664917e-01 2.114606462419033051e-02
4.595130309462547302e-02 -2.211297005414962769e-01 -1.423397660255432129e-01 -1.578415036201477051e-01 -4.514946937561035156e-01 -1.609085053205490112e-01 2.412824779748916626e-01 -2.231365442276000977e-01 -1.908041536808013916e-01 -1.943322718143463135e-01
2.892469465732574463e-01 -2.181235253810882568e-01 1.627008467912673950e-01 -9.979705512523651123e-02 -6.405172348022460938e-01 -4.618493318557739258e-01 1.447654664516448975e-01 4.051308333873748779e-02 -3.982002288103103638e-02 1.694095320999622345e-02
-3.064378499984741211e-01 -2.591253630816936493e-02 9.422141313552856445e-02 1.666865348815917969e-01 -1.024722680449485779e-01 -1.586051434278488159e-01 -1.222100257873535156e-01 7.672227919101715088e-02 -1.819857358932495117e-01 -1.466633286327123642e-02
-3.396753966808319092e-01 1.499269306659698486e-01 -9.374698996543884277e-02 -2.119290679693222046e-01 3.096251189708709717e-02 -3.760955929756164551e-01 5.871385708451271057e-02 1.700827479362487793e-01 1.850750148296356201e-01 -7.546919584274291992e-02
-2.320292890071868896e-01 2.569126896560192108e-02 -2.964721918106079102e-01 -5.389253422617912292e-02 1.214885413646697998e-01 8.087508380413055420e-02 5.577241256833076477e-02 -2.395521402359008789e-01 -1.705660223960876465e-01 6.172693893313407898e-02
1.003844942897558212e-02 -2.045084983110427856e-01 -5.485002398490905762e-01 1.007814425975084305e-02 -1.374096125364303589e-01 -3.588636219501495361e-01 1.766376569867134094e-02 -6.762855499982833862e-02 -1.443993449211120605e-01 -9.233680553734302521e-03
-2.599066495895385742e-01 9.341268241405487061e-02 -4.268094897270202637e-01 2.716897986829280853e-02 -1.266074646264314651e-02 4.702753722667694092e-01 5.487416684627532959e-02 -1.999073773622512817e-01 6.656644493341445923e-02 -3.972413018345832825e-02
-2.734315693378448486e-01 5.143214017152786255e-03 -8.213849365711212158e-02 -2.496252954006195068e-01 1.118536815047264099e-01 -3.844452202320098877e-01 -2.732734084129333496e-01 3.431136608123779297e-01 -3.990605473518371582e-01 4.089448973536491394e-02
3.007199168205261230e-01 -2.123595178127288818e-01 2.373236268758773804e-01 -3.306141495704650879e-01 -3.233985602855682373e-01 -2.714126706123352051e-01 2.642383798956871033e-02 -3.023420274257659912e-01 -4.656609594821929932e-01 6.481591612100601196e-03
-1.366326510906219482e-01 1.127536743879318237e-01 2.350333631038665771e-01 1.396382898092269897e-01 1.892405152320861816e-01 -1.524880528450012207e-01 -1.265899986028671265e-01 -5.311653763055801392e-02 -1.691792458295822144e-01 -2.243297249078750610e-01
-2.781996428966522217e-01 -8.488291501998901367e-02 -5.497773736715316772e-02 -3.070169687271118164e-01 -1.449054479598999023e-01 3.152756690979003906e-01 2.608053088188171387e-01 -2.375740790739655495e-03 3.757235780358314514e-02 -1.959637105464935303e-01
-3.041037619113922119e-01 -1.321666091680526733e-01 -2.579742074012756348e-01 -1.966168582439422607e-01 3.463670313358306885e-01 -3.090346753597259521e-01 -1.139853224158287048e-01 3.459275960922241211e-01 -4.142472743988037109e-01 -2.312491983175277710e-01
-1.461921334266662598e-01 -1.272807717323303223e-01 -2.525348216295242310e-02 4.568018019199371338e-01 -9.886019676923751831e-02 -3.601357936859130859e-01 -1.549493670463562012e-01 -1.526086926460266113e-01 1.454792264848947525e-02 6.157042086124420166e-02
1.878030784428119659e-02 -9.851448237895965576e-02 -4.524917304515838623e-01 2.076170444488525391e-01 -3.596944212913513184e-01 9.890768676996231079e-02 -1.000720560550689697e-01 1.197666451334953308e-01 -1.118026226758956909e-01 -1.453347653150558472e-01
-1.203667819499969482e-01 7.072998583316802979e-02 7.795534329488873482e-04 -1.070018708705902100e-01 -1.220525056123733521e-01 -2.566492855548858643e-01 -1.106977090239524841e-01 5.933031067252159119e-02 -7.420960813760757446e-02 3.173312544822692871e-01
-3.911368250846862793e-01 -7.423757016658782959e-02 -8.287049084901809692e-02 -4.848743379116058350e-01 -5.513333156704902649e-02 2.530931830406188965e-01 2.396319359540939331e-01 -4.870693981647491455e-01 2.618716955184936523e-01 5.073687061667442322e-02
1.579926311969757080e-01 -2.860479056835174561e-01 -7.959023863077163696e-02 -4.881848022341728210e-02 1.201012730598449707e-01 4.088490270078182220e-03 -1.665641218423843384e-01 8.345711976289749146e-02 1.126970630139112473e-02 -2.340213358402252197e-01
-1.351056061685085297e-02 6.459794193506240845e-02 -1.255245208740234375e-01 -5.663226917386054993e-02 8.373927325010299683e-02 2.288316339254379272e-01 7.026460766792297363e-02 2.303553372621536255e-02 -2.206336334347724915e-02 1.415384188294410706e-02
-2.821076512336730957e-01 -6.183357443660497665e-03 9.372413158416748047e-02 1.992763727903366089e-01 -8.051680773496627808e-02 -6.844615936279296875e-02 -3.989938497543334961e-01 -6.691684573888778687e-02 -1.023418009281158447e-01 1.015051826834678650e-01
-1.305756419897079468e-01 2.438092976808547974e-01 -2.890008734539151192e-03 1.230724826455116272e-01 1.994798518717288971e-02 -2.186063826084136963e-01 -9.800656884908676147e-02 8.632389456033706665e-02 5.461848806589841843e-03 4.299456253647804260e-02
3.078481554985046387e-02 -8.221645653247833252e-02 -2.322961017489433289e-02 -8.596419543027877808e-02 -1.667997390031814575e-01 -2.117280066013336182e-01 6.701620668172836304e-02 4.275174066424369812e-02 -1.925778239965438843e-01 -1.963533908128738403e-01
-5.191487446427345276e-02 -3.423628807067871094e-01 -1.375037431716918945e-01 1.830131411552429199e-01 -2.535779774188995361e-01 1.868535019457340240e-02 -3.458102941513061523e-01 1.454418450593948364e-01 -2.722490131855010986e-01 -3.905633687973022461e-01
-1.382953971624374390e-01 3.246196508407592773e-01 -2.019590511918067932e-02 1.306896954774856567e-01 -1.310673803091049194e-01 1.018065959215164185e-01 -1.731825470924377441e-01 -1.392206400632858276e-01 -3.347262041643261909e-03 -9.264954924583435059e-02
5.493404716253280640e-02 -1.498492062091827393e-01 -1.614324450492858887e-01 3.744266033172607422e-01 -3.287987709045410156e-01 -4.229447245597839355e-01 -3.284761309623718262e-01 2.124239504337310791e-01 -8.996778167784214020e-03 3.788540363311767578e-01
-1.213358119130134583e-01 -5.732448399066925049e-02 -3.070823475718498230e-02 7.188557833433151245e-02 -4.094274640083312988e-01 7.772009074687957764e-02 2.517225444316864014e-01 1.849785745143890381e-01 -2.835214734077453613e-01 -4.709509015083312988e-02
-1.306581944227218628e-01 3.585746884346008301e-01 5.353656411170959473e-02 -3.672938328236341476e-03 -1.537759006023406982e-01 -2.514138519763946533e-01 -1.739833056926727295e-01 -6.901513040065765381e-02 -2.771890461444854736e-01 -1.486265808343887329e-01
7.446773350238800049e-02 -1.392496824264526367e-01 -1.318109408020973206e-02 -4.932057857513427734e-01 -4.403833150863647461e-01 7.478353381156921387e-02 -1.764843761920928955e-01 8.091152459383010864e-02 2.188500314950942993e-01 -3.687421604990959167e-02
-2.761045694351196289e-01 8.853539824485778809e-02 -1.641103774309158325e-01 -1.166265606880187988e-01 -5.235571786761283875e-02 1.366003155708312988e-01 -2.130097895860671997e-01 1.410468667745590210e-01 -3.844206929206848145e-01 2.213148176670074463e-01
3.978554606437683105e-01 -2.573268711566925049e-01 -1.781944371759891510e-02 -3.159070014953613281e-01 -3.355037271976470947e-01 -7.182650268077850342e-02 -7.470673322677612305e-02 9.480021148920059204e-02 -1.173653528094291687e-01 -8.822631835937500000e-02
-1.283753812313079834e-01 4.077874422073364258e-01 -8.084917813539505005e-02 -1.234034299850463867e-01 -9.340174496173858643e-02 -1.220379844307899475e-01 -1.216638386249542236e-01 -9.267289191484451294e-03 -2.032202929258346558e-01 -1.174860820174217224e-01
-3.011445105075836182e-01 1.755926758050918579e-01 -3.646755218505859375e-01 1.108472570776939392e-01 1.313270628452301025e-01 2.448014467954635620e-01 8.839722722768783569e-02 -1.136675477027893066e-01 -9.568963199853897095e-02 -5.860697850584983826e-02
-3.579771220684051514e-01 -6.576269119977951050e-02 -1.658233255147933960e-01 -1.231904923915863037e-01 4.957367777824401855e-01 -2.182827442884445190e-01 -1.507852822542190552e-01 1.712072193622589111e-01 -3.113544881343841553e-01 9.393952041864395142e-02
-2.428895682096481323e-01 1.728210151195526123e-01 -3.217931985855102539e-01 -9.494797140359878540e-02 -7.070171087980270386e-02 -3.856257498264312744e-01 4.281499981880187988e-01 1.596557199954986572e-01 -2.517895996570587158e-01 1.336708813905715942e-01
1.255275160074234009e-01 -4.205505549907684326e-02 -1.632761061191558838e-01 1.720381081104278564e-01 -4.710522294044494629e-01 1.623853445053100586e-01 -3.214186429977416992e-01 -1.975185871124267578e-01 -1.027087215334177017e-02 -3.244463801383972168e-01
-2.306526005268096924e-01 -2.716681957244873047e-01 3.111610412597656250e-01 -5.511575564742088318e-02 -9.642704576253890991e-02 -1.026889085769653320e-01 -1.568411849439144135e-02 -5.308129787445068359e-01 -1.266779005527496338e-01 -1.137926578521728516e-01
-3.507494628429412842e-01 -1.869575828313827515e-01 1.212650984525680542e-01 1.125362291932106018e-01 -8.400634676218032837e-02 3.891719132661819458e-02 -3.518019616603851318e-01 -1.933309733867645264e-01 -1.531830430030822754e-01 1.006168797612190247e-01
-1.366855651140213013e-01 1.083980500698089600e-01 -7.830798625946044922e-03 -1.108851209282875061e-01 -2.977031171321868896e-01 -8.421725034713745117e-02 3.602369725704193115e-01 -1.881716586649417877e-02 -9.254771471023559570e-02 -1.436036452651023865e-02
8.233689665794372559e-01 -2.064100354909896851e-01 -2.294648438692092896e-01 -4.439051151275634766e-01 -7.912992686033248901e-02 -6.310841441154479980e-01 -2.855249047279357910e-01 3.351661860942840576e-01 -5.299686193466186523e-01 -2.542721331119537354e-01
-1.601076424121856689e-01 -1.272164732217788696e-01 -5.233465135097503662e-02 2.832421958446502686e-01 -3.021369278430938721e-01 -2.574997544288635254e-01 -6.436672806739807129e-02 2.256444096565246582e-01 -6.372575461864471436e-02 -3.120736777782440186e-01
-1.144156977534294128e-01 -3.863699734210968018e-02 -1.595398336648941040e-01 8.711619675159454346e-02 3.683493658900260925e-02 1.242600381374359131e-01 8.773213624954223633e-02 -2.590502798557281494e-01 -2.862602472305297852e-01 3.062383532524108887e-01
-1.381784081459045410e-01 6.674581021070480347e-02 2.189496904611587524e-02 1.299077421426773071e-01 -1.607801020145416260e-01 -4.039020538330078125e-01 -1.869275271892547607e-01 3.308899998664855957e-01 -2.141564637422561646e-01 1.699415892362594604e-01
-4.341639578342437744e-02 -2.248950600624084473e-01 -3.724700510501861572e-01 1.772315949201583862e-01 2.757637500762939453e-01 -3.456709384918212891e-01 -9.235597401857376099e-02 4.893526807427406311e-02 2.969170734286308289e-02 -9.233088791370391846e-02
-2.188124507665634155e-01 -1.341551393270492554e-01 6.059530377388000488e-02 -2.121400386095046997e-01 2.670382335782051086e-02 -2.642781436443328857e-01 3.079308196902275085e-03 2.118902746587991714e-03 -5.997273921966552734e-01 1.614875644445419312e-01
-1.610603183507919312e-01 9.465662389993667603e-02 -1.256227493286132812e-01 -1.834715306758880615e-01 2.009109258651733398e-01 -2.035628557205200195e-01 -1.946590542793273926e-01 2.364364564418792725e-01 -3.710887134075164795e-01 1.814583837985992432e-01
-1.331470012664794922e-01 -1.021006107330322266e-01 -2.121162414550781250e-02 2.241620048880577087e-02 -1.300452202558517456e-01 1.589922606945037842e-01 -1.091589182615280151e-01 2.982023172080516815e-02 -4.507391750812530518e-01 1.531405956484377384e-03
1.898333430290222168e-01 -1.851841211318969727e-01 -8.784880489110946655e-02 3.940546512603759766e-01 -3.120657801628112793e-02 3.095367178320884705e-02 -3.539500534534454346e-01 -1.848123036324977875e-02 -4.511176645755767822e-01 -2.827520072460174561e-01
9.256596863269805908e-02 -4.361664056777954102e-01 1.613732576370239258e-01 -6.089196726679801941e-02 -5.044355988502502441e-01 -2.225390821695327759e-02 -9.600874781608581543e-02 -1.027430891990661621e-01 5.358143523335456848e-02 1.086074262857437134e-01
3.938456177711486816e-01 -2.231606096029281616e-01 -5.164344608783721924e-02 2.038584649562835693e-01 -6.024895906448364258e-01 -2.168983072042465210e-01 -5.350435376167297363e-01 1.865454763174057007e-01 -1.967457681894302368e-02 8.044850081205368042e-02
7.534950226545333862e-02 -1.524242013692855835e-01 -3.287134766578674316e-01 -2.545129954814910889e-01 -5.779001116752624512e-02 2.882646918296813965e-01 -1.822300106287002563e-01 -2.459706217050552368e-01 2.283638864755630493e-01 -3.876071795821189880e-02
-5.367510318756103516e-01 -6.108105555176734924e-02 5.183165147900581360e-02 -1.320049911737442017e-01 4.243157207965850830e-01 -1.676401346921920776e-01 4.171133637428283691e-01 -6.104812026023864746e-01 -1.257395595312118530e-01 5.442255735397338867e-01
-1.367453038692474365e-01 -4.332577809691429138e-02 -1.759621053934097290e-01 5.880876630544662476e-02 2.425008080899715424e-02 2.946317940950393677e-02 -1.213937904685735703e-02 7.057028822600841522e-03 4.089500010013580322e-02 -1.900758445262908936e-01
-1.259740889072418213e-01 2.498147450387477875e-02 1.263799145817756653e-02 -8.533201366662979126e-02 -2.815496921539306641e-01 -2.106983661651611328e-01 -1.773628778755664825e-02 2.470965087413787842e-01 -2.295944690704345703e-01 3.514791727066040039e-01
-1.497502923011779785e-01 -6.422069668769836426e-02 9.743712842464447021e-02 -5.523093342781066895e-01 -4.121684730052947998e-01 4.015213847160339355e-01 -6.959299743175506592e-02 6.288590840995311737e-03 -1.402668952941894531e-01 -1.249747574329376221e-01
-2.968741022050380707e-02 -1.149338297545909882e-02 -2.271112948656082153e-01 -7.963906228542327881e-02 -4.052679538726806641e-01 2.261269539594650269e-01 1.315533965826034546e-01 -3.477815687656402588e-01 -1.578951478004455566e-01 -4.154753684997558594e-01
9.054525941610336304e-02 -3.240924775600433350e-01 -2.835022844374179840e-02 -5.220780521631240845e-02 -4.941693842411041260e-01 -1.529243290424346924e-01 -2.638129293918609619e-01 -7.388056069612503052e-02 1.927106678485870361e-01 -6.784842163324356079e-02
-1.337984800338745117e-01 2.591017484664916992e-01 7.478842139244079590e-02 -3.690316677093505859e-01 -5.252198874950408936e-02 -1.393969263881444931e-02 1.055206507444381714e-01 -1.676339209079742432e-01 1.267708688974380493e-01 1.082780212163925171e-02
-1.697304397821426392e-01 2.360277026891708374e-01 -3.121169470250606537e-02 -1.202170550823211670e-02 2.031806856393814087e-01 1.585940718650817871e-01 -4.153952747583389282e-02 8.906184881925582886e-02 -5.170822143554687500e-02 -1.051905006170272827e-01
-1.877902746200561523e-01 1.492461413145065308e-01 -3.046600706875324249e-02 -1.915016919374465942e-01 -1.752108521759510040e-02 -1.000616103410720825e-01 1.886512152850627899e-02 2.631921768188476562e-01 -1.760206818580627441e-01 2.540434338152408600e-02
-2.063089758157730103e-01 7.784892618656158447e-02 1.810825914144515991e-01 2.089569345116615295e-02 1.200256347656250000e-01 2.545388229191303253e-02 -1.734191179275512695e-02 4.966558888554573059e-02 -1.490235328674316406e-01 -6.650260090827941895e-01
-2.237156927585601807e-01 2.142260372638702393e-01 1.831059716641902924e-02 2.193128615617752075e-01 1.139154061675071716e-01 -1.792073696851730347e-01 -7.503692060708999634e-02 -7.929371297359466553e-02 -8.565344661474227905e-02 -9.652917832136154175e-02
-1.990044564008712769e-01 -4.238360375165939331e-02 -3.583004176616668701e-01 6.346052139997482300e-02 -1.011779904365539551e-02 2.416012138128280640e-01 2.683579735457897186e-02 -4.209405556321144104e-02 5.366207286715507507e-02 -3.440289199352264404e-02
-1.010886952280998230e-01 2.673881351947784424e-01 1.008524075150489807e-01 6.621088832616806030e-02 -6.421393901109695435e-02 -2.156403362751007080e-01 -1.845862120389938354e-01 -6.419782340526580811e-02 -1.496732681989669800e-01 -9.360613673925399780e-02
-1.877755522727966309e-01 -4.934591427445411682e-02 1.144239231944084167e-01 -1.234247907996177673e-01 -2.394341081380844116e-01 5.996955558657646179e-02 -7.165465503931045532e-02 2.125774472951889038e-01 1.552922092378139496e-02 -2.018144428730010986e-01
-4.311425611376762390e-02 -3.878304362297058105e-02 7.536855340003967285e-02 -1.201294437050819397e-01 -1.023448482155799866e-01 -1.416555643081665039e-01 -8.039252460002899170e-02 -8.947884291410446167e-02 -9.487840346992015839e-03 -2.477676570415496826e-01
-1.147298607975244522e-02 -5.484276637434959412e-02 -2.809710502624511719e-01 -4.863095283508300781e-01 -6.889908015727996826e-02 9.812261164188385010e-02 2.543582320213317871e-01 -1.065701395273208618e-01 2.785767316818237305e-01 1.764003336429595947e-01
-1.387070119380950928e-01 2.746328413486480713e-01 8.785367012023925781e-02 -1.497913300991058350e-01 -9.671284258365631104e-02 -1.389627903699874878e-01 -1.136832684278488159e-01 -9.343025088310241699e-02 -1.965422630310058594e-01 -1.288194954395294189e-01
-2.388632148504257202e-01 8.326621353626251221e-02 -4.224443733692169189e-01 -5.348713323473930359e-02 5.420075356960296631e-02 2.872717678546905518e-01 -2.163041085004806519e-01 6.500621885061264038e-02 -3.232330828905105591e-02 -6.868410855531692505e-02
-2.392026595771312714e-02 1.446409057825803757e-02 1.444743573665618896e-01 2.923027798533439636e-02 -3.016553223133087158e-01 1.460718512535095215e-01 1.516145169734954834e-01 -3.607437014579772949e-01 -2.236293703317642212e-01 -5.215023159980773926e-01
-1.223123352974653244e-02 9.944940358400344849e-02 -2.129300832748413086e-01 1.278551761060953140e-03 -1.247299090027809143e-01 2.005611956119537354e-01 -5.886855348944664001e-02 9.457901865243911743e-02 -6.119395047426223755e-02 2.243620157241821289e-01
3.366218507289886475e-01 -8.615636266767978668e-03 -3.972411751747131348e-01 -1.818148940801620483e-01 -2.699324488639831543e-01 8.848215341567993164e-01 -3.840998411178588867e-01 2.648063562810420990e-02 -5.813893079757690430e-01 -8.695954829454421997e-02
-2.735365331172943115e-01 -7.499063760042190552e-02 1.795060932636260986e-01 -6.167772784829139709e-02 -9.415426105260848999e-02 -3.696194291114807129e-02 -4.717435240745544434e-01 -1.385637279599905014e-02 -7.416339963674545288e-02 1.823409944772720337e-01
-3.644682466983795166e-03 -3.929434120655059814e-01 -1.703473776578903198e-01 -2.667927555739879608e-02 5.981091409921646118e-02 -2.178623527288436890e-01 5.434315651655197144e-02 -2.375880070030689240e-02 -3.921197727322578430e-02 -4.711795970797538757e-02
-9.108820813708007336e-04 1.692679226398468018e-01 -1.551572084426879883e-01 -1.539890170097351074e-01 8.858001232147216797e-02 2.352026402950286865e-01 -1.560849249362945557e-01 2.587148845195770264e-01 -1.517761796712875366e-01 -7.125766016542911530e-03
2.372843623161315918e-01 -8.200626075267791748e-02 -2.127811610698699951e-01 -5.943952128291130066e-02 -7.279876619577407837e-02 1.665530800819396973e-01 1.460001915693283081e-01 1.215908825397491455e-01 -2.258836925029754639e-01 1.164228394627571106e-01
-3.741631284356117249e-02 -3.798823058605194092e-02 1.529782358556985855e-02 -8.994905650615692139e-02 -4.662816226482391357e-02 -4.276247695088386536e-02 4.766597598791122437e-02 2.131912708282470703e-01 -1.358687430620193481e-01 -1.448836326599121094e-01
-1.470940262079238892e-01 -3.097773715853691101e-02 -9.464353322982788086e-02 -2.955049574375152588e-01 2.316460758447647095e-01 3.292070925235748291e-01 2.465375512838363647e-02 -2.037408053874969482e-01 2.994980216026306152e-01 -1.356576085090637207e-01
1.187688633799552917e-01 2.264994196593761444e-02 8.600701391696929932e-02 8.808201551437377930e-02 -7.249244451522827148e-01 -3.630138933658599854e-01 2.181284427642822266e-01 -4.346396028995513916e-01 1.291128844022750854e-01 -4.864555895328521729e-01
1.606260836124420166e-01 -4.034765660762786865e-01 1.853345483541488647e-01 -2.243842631578445435e-01 3.783361241221427917e-02 -5.138203501701354980e-01 1.327579170465469360e-01 -3.383170366287231445e-01 4.512934386730194092e-01 5.438210070133209229e-02
1.405565291643142700e-01 -3.663924038410186768e-01 1.042804270982742310e-01 -3.247427344322204590e-01 4.142988473176956177e-02 -3.432804942131042480e-01 4.743112251162528992e-02 9.427966177463531494e-02 -5.433993935585021973e-01 4.838563967496156693e-03
-2.226464748382568359e-01 3.767502903938293457e-01 -2.913199961185455322e-01 -4.616382345557212830e-02 4.205473884940147400e-02 3.887978494167327881e-01 -7.326047122478485107e-02 -1.884725540876388550e-01 -5.182133056223392487e-03 1.333949267864227295e-01
-1.250401288270950317e-01 4.402727186679840088e-01 -1.121053993701934814e-01 -1.292399317026138306e-01 -8.770637959241867065e-02 -3.722444921731948853e-02 -6.345745921134948730e-02 -9.118397533893585205e-02 -1.940277516841888428e-01 -8.314719051122665405e-02
-1.238024011254310608e-01 3.291921317577362061e-01 -7.207260280847549438e-02 -1.754169724881649017e-02 -5.105270817875862122e-02 -2.582723088562488556e-02 4.709983989596366882e-02 -1.077008768916130066e-01 1.079839244484901428e-01 -3.043847344815731049e-02
-4.264108240604400635e-01 -1.685736328363418579e-02 -3.519380465149879456e-02 -8.999137580394744873e-02 4.240393340587615967e-01 -4.609033837914466858e-02 -3.394242525100708008e-01 -4.857136011123657227e-01 2.263280898332595825e-01 3.598437905311584473e-01
-1.673204451799392700e-01 2.724761962890625000e-01 -2.996427118778228760e-01 -1.759485602378845215e-01 4.095895215868949890e-02 4.771392419934272766e-02 -1.632946729660034180e-01 1.898952871561050415e-01 -2.432360202074050903e-01 1.212679147720336914e-01
6.385079771280288696e-02 -3.118391633033752441e-01 3.934014141559600830e-01 -5.117661952972412109e-01 -3.348290622234344482e-01 1.588182449340820312e-01 -2.578922808170318604e-01 -1.188085228204727173e-01 -2.386221438646316528e-01 -1.390569061040878296e-01
-2.879491150379180908e-01 -1.928658485412597656e-01 1.382949352264404297e-01 1.469096094369888306e-01 1.573329865932464600e-01 -1.421412974596023560e-01 9.021025896072387695e-02 -2.275956720113754272e-01 -2.750369347631931305e-02 -1.142606660723686218e-01
-1.563537716865539551e-01 -2.758119702339172363e-01 -1.071167588233947754e-01 -8.491784334182739258e-02 -1.531014032661914825e-02 -2.903266549110412598e-01 4.982931166887283325e-02 -1.318912580609321594e-02 1.805810928344726562e-01 -4.707281664013862610e-02
1.154898405075073242e-01 -9.857334196567535400e-02 -2.947412133216857910e-01 -2.484968602657318115e-01 -6.006603315472602844e-02 -1.615672707557678223e-01 5.187600851058959961e-01 9.323812276124954224e-02 1.993040442466735840e-01 -1.638724096119403839e-02
-1.556654870510101318e-01 -6.851754337549209595e-02 -2.331032603979110718e-01 5.328964069485664368e-02 3.155111968517303467e-01 1.017351225018501282e-01 1.965466588735580444e-01 -3.806395530700683594e-01 -7.786907255649566650e-02 2.494144439697265625e-01
-3.470913171768188477e-01 -3.101665712893009186e-02 -2.590352594852447510e-01 3.024594187736511230e-01 -1.561354249715805054e-01 -1.574623733758926392e-01 -3.619844019412994385e-01 9.907350689172744751e-02 -4.693998396396636963e-01 2.956609129905700684e-01
-5.329217761754989624e-02 -4.703390412032604218e-03 -1.880322396755218506e-02 2.046587765216827393e-01 -2.718078792095184326e-01 7.197334617376327515e-02 9.049534052610397339e-02 -3.438217639923095703e-01 -1.890047639608383179e-01 -4.035644233226776123e-01
-7.632732391357421875e-02 -2.300227135419845581e-01 2.415978312492370605e-01 3.621049821376800537e-01 -1.328331083059310913e-01 -1.385192293673753738e-02 -3.941113054752349854e-01 3.045192956924438477e-01 -1.857702881097793579e-01 -3.238927721977233887e-01
-1.365665048360824585e-01 2.777912020683288574e-01 -3.493725955486297607e-01 -1.895614117383956909e-01 9.664858877658843994e-02 2.371648997068405151e-01 -2.140755653381347656e-01 3.081687688827514648e-01 -2.628851830959320068e-01 4.069769382476806641e-02
-4.264448583126068115e-02 8.277876768261194229e-04 -1.209900230169296265e-01 -2.415113002061843872e-01 7.822518795728683472e-02 8.272343128919601440e-02 1.631941944360733032e-01 3.889074176549911499e-02 -7.971146260388195515e-04 -6.493198126554489136e-02
1.701042950153350830e-01 -6.645925343036651611e-02 2.398485988378524780e-01 -4.223697260022163391e-02 -4.601117372512817383e-01 -1.149204671382904053e-01 -9.583881497383117676e-02 -2.344631999731063843e-01 4.610646865330636501e-04 -3.681722879409790039e-01
2.656145095825195312e-01 -9.116435796022415161e-02 -4.147976636886596680e-01 2.363417297601699829e-01 -2.579847574234008789e-01 2.731185853481292725e-01 -3.747837841510772705e-01 1.438895612955093384e-01 -6.826757788658142090e-01 -3.693307340145111084e-01
3.597575798630714417e-02 -5.674275010824203491e-02 2.556165754795074463e-01 -1.126857474446296692e-01 1.304865162819623947e-02 -1.946261972188949585e-01 -6.979694962501525879e-02 9.964606910943984985e-02 -8.846662938594818115e-02 -1.443366557359695435e-01
1.559498608112335205e-01 1.467226166278123856e-02 -4.906782507896423340e-01 8.663271367549896240e-02 -2.696643471717834473e-01 4.517753422260284424e-02 1.820244193077087402e-01 -3.044998645782470703e-01 -1.008331850171089172e-01 4.124914705753326416e-01
-1.204032078385353088e-01 -2.866450138390064240e-02 -3.128638118505477905e-02 2.928716540336608887e-01 -3.182108700275421143e-01 -2.780025303363800049e-01 -2.563375532627105713e-01 1.703780442476272583e-01 1.989412903785705566e-01 -1.435751467943191528e-01
-4.068432748317718506e-01 -1.100615710020065308e-01 2.538039684295654297e-01 -5.906077846884727478e-02 -3.357913345098495483e-02 8.999841660261154175e-02 -5.990881323814392090e-01 -1.952555477619171143e-01 2.641781866550445557e-01 1.214061379432678223e-01
3.446658551692962646e-01 -2.883249223232269287e-01 -1.253052204847335815e-01 -3.709430992603302002e-01 -7.391234636306762695e-01 8.864244818687438965e-02 -3.867263495922088623e-01 6.931402534246444702e-02 -2.583549022674560547e-01 1.438868939876556396e-01
-2.010913938283920288e-01 2.449605762958526611e-01 5.587860941886901855e-02 -1.117717176675796509e-01 -4.514270275831222534e-02 -4.650165513157844543e-02 2.117308825254440308e-01 -8.582974225282669067e-02 -1.403750628232955933e-01 -2.449665516614913940e-01
-3.800422251224517822e-01 1.393352262675762177e-02 2.099530696868896484e-01 -4.899244606494903564e-01 -1.751514896750450134e-02 4.899783805012702942e-02 1.264741867780685425e-01 -2.985134124755859375e-01 3.034487962722778320e-01 7.908991724252700806e-02
-2.872723340988159180e-01 -3.676929324865341187e-02 -8.557580411434173584e-02 1.184736415743827820e-01 -2.430502511560916901e-02 2.233519218862056732e-02 1.048012450337409973e-01 -2.517836391925811768e-01 -2.029823213815689087e-01 -5.915557742118835449e-01
-2.520000934600830078e-01 -6.359016150236129761e-02 -1.407378464937210083e-01 -1.503040343523025513e-01 3.902277648448944092e-01 4.702803194522857666e-01 -1.083585247397422791e-01 1.662909798324108124e-02 -6.054279580712318420e-02 -2.647104859352111816e-01
2.877817451953887939e-01 -4.346273243427276611e-01 -1.243496313691139221e-01 -4.647808074951171875e-01 -1.904186308383941650e-01 9.793538600206375122e-02 -1.745999976992607117e-02 1.689120978116989136e-01 -4.609320461750030518e-01 -4.940164834260940552e-02
-6.956943124532699585e-02 -5.746624991297721863e-02 -1.786676496267318726e-01 -1.761580258607864380e-01 -1.928814053535461426e-01 6.453899294137954712e-02 -1.582840532064437866e-01 -3.712795972824096680e-01 1.154436245560646057e-01 6.133119389414787292e-02
2.324774116277694702e-01 -3.087445497512817383e-01 -1.216153129935264587e-01 -3.002556860446929932e-01 -1.430676132440567017e-01 -3.214271664619445801e-01 -9.306141734123229980e-02 1.830215901136398315e-01 -3.635025918483734131e-01 -3.943266272544860840e-01
-1.559901982545852661e-01 3.477502465248107910e-01 -1.685222983360290527e-02 -1.470355875790119171e-02 -2.370624542236328125e-01 4.886308684945106506e-02 -1.850362308323383331e-02 -2.000073641538619995e-01 1.473548114299774170e-01 -1.638592034578323364e-01
-1.282943338155746460e-01 3.935985267162322998e-01 -3.322283551096916199e-02 -1.320199072360992432e-01 -1.013285741209983826e-01 -1.186123639345169067e-01 -7.937811315059661865e-02 -1.345717608928680420e-01 -1.814760118722915649e-01 -1.215943023562431335e-01
1.389487087726593018e-01 1.732045710086822510e-01 -3.937586843967437744e-01 -2.659059166908264160e-01 -6.554777175188064575e-02 2.484303712844848633e-01 1.467213481664657593e-01 -9.050480276346206665e-02 -1.905212178826332092e-03 1.613429635763168335e-01
-1.344875544309616089e-01 4.203926622867584229e-01 4.348696395754814148e-02 -2.159019261598587036e-01 -1.606845557689666748e-01 -4.775927588343620300e-02 -1.039819121360778809e-01 -9.841300547122955322e-02 -2.223443090915679932e-01 -1.423802673816680908e-01
-9.078583121299743652e-02 -7.439694553613662720e-02 1.579630076885223389e-01 -7.439339905977249146e-02 -5.571557879447937012e-01 -2.617090642452239990e-01 -1.894281953573226929e-01 1.203369721770286560e-01 1.491283774375915527e-01 2.908675074577331543e-01
-1.389079093933105469e-01 2.570942640304565430e-01 7.601770758628845215e-02 -5.645014718174934387e-02 -1.162041872739791870e-01 -2.023217976093292236e-01 -1.663424223661422729e-01 -1.395801156759262085e-01 -2.591066658496856689e-01 -1.345878541469573975e-01
-1.464653164148330688e-01 6.622707843780517578e-02 1.014750301837921143e-01 3.122313320636749268e-01 -2.333105206489562988e-01 -3.645720779895782471e-01 -2.789112925529479980e-01 2.430251985788345337e-01 -1.652836352586746216e-01 1.415618956089019775e-01
-1.610155850648880005e-01 -2.884906232357025146e-01 5.802020803093910217e-02 -3.633137419819831848e-02 5.496220663189888000e-02 1.928619295358657837e-01 -1.205079704523086548e-01 -1.841967850923538208e-01 -3.928067386150360107e-01 -3.015637397766113281e-02
-8.286617696285247803e-02 -1.450267285108566284e-01 2.870127856731414795e-01 -2.364101558923721313e-01 1.115363016724586487e-01 -1.792062669992446899e-01 1.217563822865486145e-01 -4.411095976829528809e-01 4.588562548160552979e-01 1.339619904756546021e-01
-1.070465669035911560e-01 -4.087920114398002625e-02 1.920044273138046265e-01 4.023388028144836426e-01 -5.974961817264556885e-02 -1.829875111579895020e-01 -1.691763848066329956e-01 -3.073657155036926270e-01 -1.865910142660140991e-01 -1.677217036485671997e-01
3.251564223319292068e-03 -1.435319185256958008e-01 -2.069113701581954956e-01 -4.893223047256469727e-01 2.043371833860874176e-02 -9.981253743171691895e-02 1.810842156410217285e-01 -3.656839728355407715e-01 -1.172005534172058105e-01 1.299954056739807129e-01
-7.870340347290039062e-02 -3.871928751468658447e-01 3.107625544071197510e-01 -3.174785077571868896e-01 3.183501958847045898e-01 -3.886522054672241211e-01 5.338703468441963196e-02 1.385678350925445557e-01 -4.401917755603790283e-01 -1.079947967082262039e-02
1.413941234350204468e-01 -3.150542676448822021e-01 -3.543880283832550049e-01 1.093696570023894310e-03 1.414738297462463379e-01 -1.594887375831604004e-01 -4.849721491336822510e-01 -8.144451677799224854e-02 1.796179115772247314e-01 2.268255315721035004e-02
-2.874871492385864258e-01 -8.809645473957061768e-02 -3.137769177556037903e-02 -1.749548166990280151e-01 3.317247927188873291e-01 -3.426317870616912842e-01 1.305076181888580322e-01 -2.488066703081130981e-01 -3.426677286624908447e-01 7.274709939956665039e-01
-2.555932104587554932e-01 3.588785883039236069e-03 -1.261866539716720581e-01 -7.621604204177856445e-02 -3.868588507175445557e-01 -3.851405382156372070e-01 -2.295113205909729004e-01 2.389255613088607788e-01 -2.106305062770843506e-01 3.938836753368377686e-01
-2.137919366359710693e-01 1.390802413225173950e-01 -1.000660434365272522e-01 -2.616777643561363220e-02 5.870043113827705383e-02 -1.591269671916961670e-01 1.321576833724975586e-01 1.509903669357299805e-01 -1.197393164038658142e-01 -1.624858081340789795e-01
-6.710914522409439087e-02 -7.964494079351425171e-02 -1.387778520584106445e-01 -2.776634879410266876e-02 3.740473091602325439e-01 2.085609585046768188e-01 -2.321998924016952515e-01 2.114075124263763428e-01 -1.472322344779968262e-01 4.300382919609546661e-03
-1.587952822446823120e-01 -2.799479365348815918e-01 -3.099863529205322266e-01 1.062048375606536865e-01 -2.139034867286682129e-02 -8.740467578172683716e-02 1.302262097597122192e-01 -2.863744795322418213e-01 1.271860301494598389e-01 -2.332734912633895874e-01
-1.664028614759445190e-01 2.020594924688339233e-01 -7.551616430282592773e-02 -1.907206475734710693e-01 -5.003550276160240173e-02 -2.330315411090850830e-01 -1.256095170974731445e-01 1.784968376159667969e-01 -2.705049812793731689e-01 5.666946247220039368e-02
-1.954250931739807129e-01 1.747032701969146729e-01 1.289749294519424438e-01 1.989840120077133179e-01 3.021973557770252228e-02 -1.883900016546249390e-01 -2.696020007133483887e-01 -3.413826972246170044e-02 -6.708057224750518799e-02 -1.257390379905700684e-01
4.896904900670051575e-02 -1.359636485576629639e-01 -9.804236143827438354e-02 -2.389970123767852783e-01 4.807832837104797363e-02 3.039159774780273438e-01 1.899211667478084564e-02 -1.560612767934799194e-01 1.878512352705001831e-01 -3.267880976200103760e-01
-3.298795819282531738e-01 1.424760818481445312e-01 3.498472273349761963e-01 -1.387377530336380005e-01 -2.557750344276428223e-01 8.629695326089859009e-02 -3.683604300022125244e-01 -7.381933927536010742e-02 -1.805376410484313965e-01 1.202956810593605042e-01
2.124139219522476196e-01 -6.806900352239608765e-02 -4.614925086498260498e-01 -8.009271323680877686e-02 -1.173240393400192261e-01 6.825421005487442017e-02 8.868880569934844971e-02 -2.807073891162872314e-01 -2.220956832170486450e-01 8.452551066875457764e-02
-1.283218264579772949e-01 4.332057833671569824e-01 -8.734995871782302856e-02 -1.286218762397766113e-01 -8.631727099418640137e-02 -7.282546907663345337e-02 -4.734157770872116089e-02 -1.147437542676925659e-01 -2.296239584684371948e-01 -1.015994623303413391e-01
-2.265424132347106934e-01 -2.283410280942916870e-01 -7.097839564085006714e-02 -3.100638389587402344e-01 2.928352355957031250e-01 1.059329062700271606e-01 -3.754004240036010742e-01 2.570782601833343506e-01 -4.487468600273132324e-01 -2.286501526832580566e-01
-4.462063312530517578e-02 1.160519793629646301e-01 -6.399904936552047729e-02 4.266678169369697571e-02 1.284852176904678345e-01 -4.263877402991056442e-03 1.093167662620544434e-01 -1.494935899972915649e-01 -4.547044262290000916e-02 -3.073377609252929688e-01
9.093660861253738403e-02 -1.152837201952934265e-01 -4.864691495895385742e-01 1.836419552564620972e-01 -2.534920573234558105e-01 2.939277328550815582e-02 1.858204007148742676e-01 -1.512139756232500076e-02 2.355184406042098999e-02 -4.834248218685388565e-03
5.730869993567466736e-02 -1.793777197599411011e-01 -2.401226386427879333e-02 4.162327572703361511e-02 8.440287411212921143e-02 7.050018291920423508e-03 1.721488535404205322e-01 -3.539803624153137207e-01 -2.505216002464294434e-01 -3.069403171539306641e-01
-2.984545193612575531e-02 -1.698007881641387939e-01 4.187848791480064392e-02 -2.589914202690124512e-01 1.744555830955505371e-01 -2.097382992506027222e-01 1.603209674358367920e-01 -5.437310338020324707e-01 1.852877140045166016e-01 2.443533837795257568e-01
5.182025209069252014e-02 -4.361462220549583435e-02 -2.668340206146240234e-01 -2.730927467346191406e-01 -3.216670751571655273e-01 2.711866423487663269e-02 -4.588638991117477417e-02 -2.249890565872192383e-01 2.003398984670639038e-01 3.408757150173187256e-01
-2.207458019256591797e-01 -3.181103616952896118e-02 6.440315395593643188e-02 -3.447727262973785400e-01 2.806310355663299561e-01 8.394114673137664795e-02 -7.029512524604797363e-02 -2.845582365989685059e-01 -2.003630846738815308e-01 -4.330871105194091797e-01
1.281421482563018799e-01 -1.650915890932083130e-01 -2.152218520641326904e-01 -1.331881736405193806e-03 1.191898211836814880e-01 -2.116591185331344604e-01 -2.461648285388946533e-01 -3.551532030105590820e-01 -6.246690079569816589e-02 -1.005640327930450439e-01
-1.973277479410171509e-01 -8.978136628866195679e-02 -3.497799634933471680e-01 -1.298955380916595459e-01 -1.015111878514289856e-01 -2.904956936836242676e-01 4.159489870071411133e-01 4.305007681250572205e-02 -3.728618323802947998e-01 -5.790351424366235733e-04
-7.765367031097412109e-01 9.643609076738357544e-02 -6.357925385236740112e-02 1.436544805765151978e-01 -8.378919214010238647e-02 2.318859845399856567e-01 -3.411648273468017578e-01 9.386240690946578979e-02 1.848645955324172974e-01 -1.392853260040283203e-01
-5.904268622398376465e-01 1.164930500090122223e-02 -1.814713925123214722e-01 -1.346885263919830322e-01 -2.615457400679588318e-03 7.177795171737670898e-01 1.995354890823364258e-01 -9.660701453685760498e-02 -3.422931432723999023e-01 -1.257901787757873535e-01
-4.249563217163085938e-01 5.948790349066257477e-03 1.614782144315540791e-03 -5.196733772754669189e-02 -2.544936835765838623e-01 1.082635521888732910e-01 2.133217900991439819e-01 2.717687934637069702e-02 -2.856249511241912842e-01 4.383179824799299240e-03
7.070971280336380005e-02 -2.712363600730895996e-01 3.998641371726989746e-01 -3.898264467716217041e-01 -2.872256338596343994e-01 -5.528752803802490234e-01 -1.897064000368118286e-01 2.542849779129028320e-01 -6.782311201095581055e-01 -1.503116488456726074e-01
-1.318308711051940918e-01 2.718541324138641357e-01 7.743918895721435547e-02 -2.158184722065925598e-02 1.438718885183334351e-01 -3.052527010440826416e-01 -2.107202708721160889e-01 2.020310908555984497e-01 7.783132791519165039e-02 -7.500652223825454712e-02
-2.524231001734733582e-02 -9.118390083312988281e-02 -3.184925317764282227e-01 -8.297510445117950439e-02 -1.154456809163093567e-01 4.161851704120635986e-01 1.616153120994567871e-01 -3.700136840343475342e-01 -2.068321853876113892e-01 -7.730744779109954834e-02
-1.392270922660827637e-01 -8.548193424940109253e-02 1.380578726530075073e-01 1.353525072336196899e-01 6.340289860963821411e-02 -5.497278273105621338e-02 -2.542207241058349609e-01 -2.791827619075775146e-01 -2.785507738590240479e-01 8.104699105024337769e-02
-1.387682557106018066e-01 -1.895248442888259888e-01 -1.863647252321243286e-01 1.853859573602676392e-01 2.173716761171817780e-02 1.294898055493831635e-02 1.291915401816368103e-02 -2.232245728373527527e-02 -1.209001913666725159e-01 2.573543787002563477e-02
7.556673884391784668e-02 -2.953665554523468018e-01 -3.707576096057891846e-01 -5.138092041015625000e-01 2.153438031673431396e-01 4.755283594131469727e-01 3.391323685646057129e-01 -3.930744156241416931e-02 -4.093076288700103760e-01 -1.874183863401412964e-01
-1.373748630285263062e-01 2.986219227313995361e-01 1.115651056170463562e-01 4.729972034692764282e-02 1.879251748323440552e-02 -3.302487134933471680e-01 -1.898740679025650024e-01 2.399339228868484497e-01 -4.175200313329696655e-02 -8.096423745155334473e-02
4.812727496027946472e-02 -4.419850558042526245e-02 8.137744665145874023e-02 -2.476699948310852051e-01 -4.453247413039207458e-02 2.391142398118972778e-01 3.448047637939453125e-01 -4.581380262970924377e-02 -7.617769390344619751e-02 4.354412481188774109e-02
-1.813280582427978516e-01 -3.616409003734588623e-01 -2.482164092361927032e-02 -3.768519684672355652e-02 -2.119234204292297363e-01 3.452280536293983459e-02 -4.119718372821807861e-01 -1.636277884244918823e-01 -2.702259272336959839e-02 -3.008610606193542480e-01
-2.251911610364913940e-01 9.107361733913421631e-02 5.966791510581970215e-02 -1.942530423402786255e-01 -2.873631119728088379e-01 -7.892744243144989014e-02 2.284089773893356323e-01 -2.255066484212875366e-01 -1.770930439233779907e-01 -2.448554635047912598e-01
-3.908417746424674988e-02 2.615606226027011871e-02 -1.871781982481479645e-02 -2.403535544872283936e-01 4.310887753963470459e-01 -1.036148220300674438e-01 2.332042343914508820e-02 -1.724544614553451538e-01 8.719934523105621338e-02 -7.497905492782592773e-01
-9.906876832246780396e-02 -1.163963600993156433e-01 -5.106602907180786133e-01 4.779125154018402100e-01 2.417945861816406250e-02 9.663195163011550903e-02 -9.329745173454284668e-02 -4.778310656547546387e-01 4.710864126682281494e-01 -2.880265936255455017e-03
-7.315123826265335083e-02 3.209499716758728027e-01 -2.397168129682540894e-01 -1.339194625616073608e-01 -3.646130487322807312e-02 8.486894518136978149e-02 2.549097239971160889e-01 4.528439044952392578e-02 9.325785189867019653e-02 -2.189789898693561554e-02
4.185560941696166992e-01 -1.928785592317581177e-01 4.123479127883911133e-01 1.642915010452270508e-01 -6.646751761436462402e-01 -1.362047642469406128e-01 -6.008902192115783691e-01 -1.331825256347656250e-01 -1.798790246248245239e-01 -6.233132481575012207e-01
4.593952000141143799e-02 -2.886637151241302490e-01 -3.027209341526031494e-01 -7.504910975694656372e-02 1.254369318485260010e-01 6.172389723360538483e-03 2.614611685276031494e-01 8.258527517318725586e-02 -4.737274944782257080e-01 7.361596915870904922e-03
1.360509097576141357e-01 -4.634055867791175842e-02 -3.070366755127906799e-02 4.095209017395973206e-02 1.396856755018234253e-01 6.569382548332214355e-02 9.761516004800796509e-02 -1.561735421419143677e-01 -2.505160570144653320e-01 -3.769850358366966248e-02
-1.304557174444198608e-01 3.017459213733673096e-01 2.518764697015285492e-02 5.527043715119361877e-02 1.001490466296672821e-02 -2.484753727912902832e-01 -5.933349952101707458e-02 1.352874785661697388e-01 4.063192382454872131e-02 -6.064992398023605347e-02
5.644261837005615234e-01 -1.866405010223388672e-01 -4.321421384811401367e-01 -2.270194701850414276e-03 -3.374724686145782471e-01 -3.479634970426559448e-02 -2.635932266712188721e-01 5.085517764091491699e-01 -5.760831832885742188e-01 -5.087187886238098145e-01
1.484913975000381470e-01 -2.646549940109252930e-01 -4.095083568245172501e-03 3.100390173494815826e-02 -1.390613466501235962e-01 -9.699259698390960693e-02 -2.503722906112670898e-01 -2.528578042984008789e-01 1.471017599105834961e-01 -3.988706767559051514e-01
-1.053444221615791321e-01 1.188803836703300476e-01 -2.794962823390960693e-01 1.214844733476638794e-01 -2.161400765180587769e-01 1.095278933644294739e-01 -1.627509668469429016e-02 8.920887857675552368e-02 -8.388366550207138062e-02 1.491896808147430420e-01
-2.545667625963687897e-02 1.412255913019180298e-01 2.354809790849685669e-01 -6.271333247423171997e-02 -1.393560767173767090e-01 1.227901652455329895e-01 -2.782269418239593506e-01 1.097755506634712219e-01 -1.691431850194931030e-01 4.534564167261123657e-02
-3.669306933879852295e-01 -2.436233013868331909e-01 -9.517393261194229126e-02 -2.393002994358539581e-02 2.781332135200500488e-01 3.639173507690429688e-02 -5.458843111991882324e-01 1.798730939626693726e-01 -3.402937576174736023e-02 8.185721188783645630e-02
3.459388613700866699e-01 -2.153057008981704712e-01 -2.138741612434387207e-01 -1.875671297311782837e-01 7.220306247472763062e-02 2.442503869533538818e-01 2.820112705230712891e-01 -2.448834627866744995e-01 -8.236923813819885254e-02 -1.082959696650505066e-01
-9.172990918159484863e-02 2.351414971053600311e-02 1.937712542712688446e-02 -4.755651652812957764e-01 -3.662259280681610107e-01 -2.210573852062225342e-02 1.893384903669357300e-01 -2.088444679975509644e-02 2.066385447978973389e-01 -1.260440051555633545e-01
4.429370164871215820e-01 -3.176030516624450684e-01 -4.640195369720458984e-01 1.916739791631698608e-01 -3.946709632873535156e-01 3.312378004193305969e-02 -5.871123671531677246e-01 7.279612123966217041e-02 6.295175850391387939e-02 1.303555816411972046e-01
-1.337476819753646851e-02 -1.070363894104957581e-01 -4.124487191438674927e-02 8.527960628271102905e-03 -7.884494215250015259e-02 -8.116856962442398071e-02 -1.539880931377410889e-01 -1.921647489070892334e-01 -2.896330058574676514e-01 -2.182505279779434204e-01
-2.210889756679534912e-01 4.460732266306877136e-02 -7.612118870019912720e-02 -2.523493170738220215e-01 3.612865507602691650e-01 -2.297096401453018188e-01 -2.146011739969253540e-01 2.450563162565231323e-01 4.258771613240242004e-02 -2.194673717021942139e-01
