-3.965425491333007812e-01
-3.965423703193664551e-01
-3.965424597263336182e-01
-3.965422809123992920e-01
-3.965424001216888428e-01
-3.965424001216888428e-01
-3.965423405170440674e-01
-3.965423107147216797e-01
-3.965420722961425781e-01
-3.965426087379455566e-01
-3.965425491333007812e-01
-3.965423703193664551e-01
-3.966044485569000244e-01
-3.966917395591735840e-01
-3.965549468994140625e-01
-3.965425193309783936e-01
-3.965424597263336182e-01
-3.965424299240112305e-01
-3.965423703193664551e-01
-3.965424001216888428e-01
-3.965421915054321289e-01
-3.965424895286560059e-01
-3.965422809123992920e-01
-3.965424299240112305e-01
-3.965422213077545166e-01
-3.965423107147216797e-01
-3.965421617031097412e-01
-3.965425193309783936e-01
-3.965424597263336182e-01
-3.965425193309783936e-01
-3.965425193309783936e-01
-3.965424597263336182e-01
-3.964861631393432617e-01
-3.963668644428253174e-01
-3.964609801769256592e-01
-3.955475389957427979e-01
-3.900475203990936279e-01
-3.856609463691711426e-01
-3.744328618049621582e-01
-3.718100190162658691e-01
-3.735803365707397461e-01
-3.735878765583038330e-01
-3.747473657131195068e-01
-3.834744393825531006e-01
-3.794282078742980957e-01
-3.789890110492706299e-01
-3.837779462337493896e-01
-3.886976242065429688e-01
-3.898468017578125000e-01
-3.932934701442718506e-01
-3.952394127845764160e-01
-3.968737423419952393e-01
-3.965424895286560059e-01
-3.965424597263336182e-01
-3.965425789356231689e-01
-3.965425193309783936e-01
-3.965424299240112305e-01
-3.965424299240112305e-01
-3.963780701160430908e-01
-3.963899314403533936e-01
-3.953254222869873047e-01
-3.954917192459106445e-01
-3.885456919670104980e-01
-3.788764178752899170e-01
-3.650139570236206055e-01
-3.407480418682098389e-01
-3.319922089576721191e-01
-3.516096472740173340e-01
-3.802901506423950195e-01
-3.999319076538085938e-01
-4.235942959785461426e-01
-4.391078054904937744e-01
-4.427345991134643555e-01
-4.365123510360717773e-01
-4.244992733001708984e-01
-3.988954126834869385e-01
-3.717356622219085693e-01
-3.549248576164245605e-01
-3.618539869785308838e-01
-3.862888514995574951e-01
-3.916442394256591797e-01
-3.941873610019683838e-01
-3.965423703193664551e-01
-3.965423107147216797e-01
-3.965426087379455566e-01
-3.965422809123992920e-01
-3.958321809768676758e-01
-3.954656124114990234e-01
-3.942430317401885986e-01
-3.871703445911407471e-01
-3.713401556015014648e-01
-3.414790332317352295e-01
-3.145105242729187012e-01
-3.099963963031768799e-01
-3.272339999675750732e-01
-3.583506345748901367e-01
-3.896805047988891602e-01
-4.269713461399078369e-01
-4.689341187477111816e-01
-4.977159500122070312e-01
-5.086816549301147461e-01
-5.006687641143798828e-01
-4.640890657901763916e-01
-4.172623455524444580e-01
-3.792050480842590332e-01
-3.550896048545837402e-01
-3.491562306880950928e-01
-3.706428706645965576e-01
-3.833380937576293945e-01
-3.919361233711242676e-01
-3.961589932441711426e-01
-3.965424299240112305e-01
-3.965424597263336182e-01
-3.965426087379455566e-01
-3.947646617889404297e-01
-3.940467238426208496e-01
-3.845422863960266113e-01
-3.518152236938476562e-01
-3.158026635646820068e-01
-2.794328629970550537e-01
-2.600363194942474365e-01
-2.685846090316772461e-01
-2.944224476814270020e-01
-3.294830322265625000e-01
-3.979994356632232666e-01
-4.826615154743194580e-01
-5.699868798255920410e-01
-6.295993924140930176e-01
-6.572912931442260742e-01
-6.299402713775634766e-01
-5.539072751998901367e-01
-4.654489457607269287e-01
-3.926602900028228760e-01
-3.527522087097167969e-01
-3.319219350814819336e-01
-3.340401053428649902e-01
-3.515923321247100830e-01
-3.803791999816894531e-01
-3.933038413524627686e-01
-3.963889777660369873e-01
-3.965422511100769043e-01
-3.965422809123992920e-01
-3.946039378643035889e-01
-3.876499831676483154e-01
-3.517431318759918213e-01
-2.950334250926971436e-01
-2.455714941024780273e-01
-1.939978301525115967e-01
-1.682903468608856201e-01
-1.713997125625610352e-01
-1.963037699460983276e-01
-2.610955834388732910e-01
-3.416990041732788086e-01
-4.289321899414062500e-01
-5.325090885162353516e-01
-5.954370498657226562e-01
-6.254147887229919434e-01
-5.932586789131164551e-01
-5.303186178207397461e-01
-4.430572390556335449e-01
-3.538393676280975342e-01
-3.189006447792053223e-01
-3.181814551353454590e-01
-3.395616710186004639e-01
-3.579233884811401367e-01
-3.641249835491180420e-01
-3.838680684566497803e-01
-3.961222171783447266e-01
-3.965425789356231689e-01
-3.965272009372711182e-01
-3.941793739795684814e-01
-3.706262409687042236e-01
-3.051215708255767822e-01
-2.404645979404449463e-01
-1.760762780904769897e-01
-1.243457272648811340e-01
-1.197635531425476074e-01
-1.645595729351043701e-01
-2.282784879207611084e-01
-2.921786308288574219e-01
-3.646070659160614014e-01
-4.275779128074645996e-01
-5.172268748283386230e-01
-5.940358638763427734e-01
-6.382374763488769531e-01
-6.438081860542297363e-01
-5.927482247352600098e-01
-4.570505917072296143e-01
-3.005748689174652100e-01
-2.249984294176101685e-01
-2.329964935779571533e-01
-3.033138513565063477e-01
-3.635936975479125977e-01
-3.610844314098358154e-01
-3.689741194248199463e-01
-3.950812220573425293e-01
-3.965423107147216797e-01
-3.952661156654357910e-01
-3.826940059661865234e-01
-3.407648503780364990e-01
-2.720727622509002686e-01
-1.905141025781631470e-01
-1.132443100214004517e-01
-7.177756726741790771e-02
-1.138878390192985535e-01
-1.998623311519622803e-01
-3.061498105525970459e-01
-3.773057758808135986e-01
-4.144832193851470947e-01
-4.390535652637481689e-01
-4.653013050556182861e-01
-4.736989438533782959e-01
-5.257824063301086426e-01
-6.102019548416137695e-01
-6.475231647491455078e-01
-5.209735631942749023e-01
-2.724166810512542725e-01
-1.253103762865066528e-01
-1.174051389098167419e-01
-2.373484671115875244e-01
-3.478782773017883301e-01
-3.668783903121948242e-01
-3.619777560234069824e-01
-3.936303555965423584e-01
-3.962115049362182617e-01
-3.913198709487915039e-01
-3.608668744564056396e-01
-3.225302100181579590e-01
-2.430658042430877686e-01
-1.473202407360076904e-01
-5.453516542911529541e-02
-2.764877304434776306e-02
-1.175236478447914124e-01
-2.637440562248229980e-01
-4.097505807876586914e-01
-4.720411598682403564e-01
-4.751242101192474365e-01
-4.344048798084259033e-01
-3.586441576480865479e-01
-3.209516704082489014e-01
-3.637606799602508545e-01
-5.301555991172790527e-01
-6.785982847213745117e-01
-5.755860209465026855e-01
-2.941213548183441162e-01
-5.679059401154518127e-02
-3.658612072467803955e-02
-1.779180616140365601e-01
-3.151378333568572998e-01
-3.676418960094451904e-01
-3.616602420806884766e-01
-3.932737708091735840e-01
-3.955987393856048584e-01
-3.895049691200256348e-01
-3.572547435760498047e-01
-3.191325962543487549e-01
-2.290341407060623169e-01
-1.019368097186088562e-01
8.498968556523323059e-03
2.233846671879291534e-02
-8.661162108182907104e-02
-2.871990799903869629e-01
-4.231606423854827881e-01
-4.765772223472595215e-01
-4.425968825817108154e-01
-3.172351717948913574e-01
-2.116878032684326172e-01
-2.000094503164291382e-01
-2.873894274234771729e-01
-4.887783229351043701e-01
-6.520045399665832520e-01
-5.606958270072937012e-01
-2.881369292736053467e-01
-2.551166340708732605e-02
8.854010142385959625e-03
-1.204672530293464661e-01
-2.839389145374298096e-01
-3.545078933238983154e-01
-3.749744594097137451e-01
-3.937690556049346924e-01
-3.948422074317932129e-01
-3.840296864509582520e-01
-3.506355285644531250e-01
-3.144233226776123047e-01
-2.221843302249908447e-01
-6.974846124649047852e-02
4.109061509370803833e-02
3.648637235164642334e-02
-1.185678914189338684e-01
-3.156289458274841309e-01
-4.457843899726867676e-01
-4.795849025249481201e-01
-3.964060842990875244e-01
-2.427249252796173096e-01
-1.722873598337173462e-01
-1.920457780361175537e-01
-2.802794873714447021e-01
-5.114883780479431152e-01
-6.423017382621765137e-01
-5.091890692710876465e-01
-2.586200833320617676e-01
-2.313912287354469299e-02
2.106728777289390564e-02
-9.169046580791473389e-02
-2.476944625377655029e-01
-3.493277132511138916e-01
-3.842210173606872559e-01
-3.943566977977752686e-01
-3.956172764301300049e-01
-3.825911581516265869e-01
-3.506422340869903564e-01
-3.187167346477508545e-01
-2.187242656946182251e-01
-6.213182583451271057e-02
3.597728535532951355e-02
-1.035149022936820984e-02
-1.983222067356109619e-01
-3.699249625205993652e-01
-4.771205484867095947e-01
-4.851875007152557373e-01
-3.591316640377044678e-01
-2.523379921913146973e-01
-2.442531585693359375e-01
-2.868670225143432617e-01
-3.837940990924835205e-01
-5.660946965217590332e-01
-5.892167687416076660e-01
-4.197672903537750244e-01
-2.073089480400085449e-01
-4.344660416245460510e-02
1.187621615827083588e-02
-8.423653244972229004e-02
-2.287020087242126465e-01
-3.501131832599639893e-01
-3.876659870147705078e-01
-3.960858285427093506e-01
-3.954949080944061279e-01
-3.894782662391662598e-01
-3.640150725841522217e-01
-3.220238685607910156e-01
-2.244102656841278076e-01
-7.187421619892120361e-02
2.421076782047748566e-02
-5.268722027540206909e-02
-2.250851690769195557e-01
-3.999763131141662598e-01
-5.000963211059570312e-01
-4.666351675987243652e-01
-3.527571260929107666e-01
-3.129666149616241455e-01
-3.586204051971435547e-01
-4.099396467208862305e-01
-4.744487702846527100e-01
-5.567772984504699707e-01
-4.883802831172943115e-01
-2.985775172710418701e-01
-1.537776589393615723e-01
-5.299110338091850281e-02
-7.152418605983257294e-03
-8.471997827291488647e-02
-2.177542597055435181e-01
-3.529315590858459473e-01
-3.896142244338989258e-01
-3.956609368324279785e-01
-3.965425193309783936e-01
-3.950190246105194092e-01
-3.781105577945709229e-01
-3.324870169162750244e-01
-2.281612008810043335e-01
-8.574401587247848511e-02
6.873910315334796906e-03
-6.243603676557540894e-02
-2.297648936510086060e-01
-4.391873478889465332e-01
-5.300810933113098145e-01
-4.964449405670166016e-01
-4.207375049591064453e-01
-4.245577156543731689e-01
-5.175442695617675781e-01
-5.361148715019226074e-01
-4.981494247913360596e-01
-5.040674209594726562e-01
-3.991730511188507080e-01
-2.415355294942855835e-01
-1.428543031215667725e-01
-7.478663325309753418e-02
-2.405710890889167786e-02
-6.339899450540542603e-02
-1.987742632627487183e-01
-3.365116417407989502e-01
-3.838163316249847412e-01
-3.949675858020782471e-01
-3.966364860534667969e-01
-3.961178064346313477e-01
-3.873077929019927979e-01
-3.348439335823059082e-01
-2.397632002830505371e-01
-8.970259875059127808e-02
-1.591315958648920059e-04
-4.365418851375579834e-02
-2.537346184253692627e-01
-5.062559843063354492e-01
-5.799896121025085449e-01
-5.339292883872985840e-01
-4.697941541671752930e-01
-5.280892252922058105e-01
-6.119931340217590332e-01
-5.629745721817016602e-01
-4.719081521034240723e-01
-4.654609560966491699e-01
-3.970647454261779785e-01
-2.938228547573089600e-01
-2.024318277835845947e-01
-9.166195988655090332e-02
-9.567503817379474640e-03
-4.330556839704513550e-02
-1.763629764318466187e-01
-3.173460066318511963e-01
-3.836894929409027100e-01
-3.961889743804931641e-01
-3.965867161750793457e-01
-3.967695832252502441e-01
-3.884825110435485840e-01
-3.389819264411926270e-01
-2.352529913187026978e-01
-8.594430983066558838e-02
2.663422003388404846e-02
-2.385787479579448700e-02
-2.791536152362823486e-01
-5.221647024154663086e-01
-5.870554447174072266e-01
-5.258111357688903809e-01
-4.816856086254119873e-01
-5.439175367355346680e-01
-5.786740183830261230e-01
-5.059350728988647461e-01
-4.446020722389221191e-01
-4.527571797370910645e-01
-4.293151199817657471e-01
-3.735227584838867188e-01
-2.569076418876647949e-01
-7.902868092060089111e-02
2.758890204131603241e-02
-2.261532284319400787e-02
-1.685715317726135254e-01
-3.132499754428863525e-01
-3.827767670154571533e-01
-3.951256871223449707e-01
-3.966229557991027832e-01
-3.968338370323181152e-01
-3.855297267436981201e-01
-3.329164087772369385e-01
-2.215527296066284180e-01
-8.146259188652038574e-02
1.847831718623638153e-02
-5.461677163839340210e-02
-2.975960969924926758e-01
-5.157725214958190918e-01
-5.678359270095825195e-01
-5.101724267005920410e-01
-4.769226312637329102e-01
-5.039387345314025879e-01
-5.094034075736999512e-01
-4.550796747207641602e-01
-4.293017089366912842e-01
-4.477079808712005615e-01
-4.545771479606628418e-01
-4.154312908649444580e-01
-2.557320594787597656e-01
-4.105100408196449280e-02
7.245846837759017944e-02
-3.630425082519650459e-03
-1.691056489944458008e-01
-3.114064037799835205e-01
-3.785517811775207520e-01
-3.943277597427368164e-01
-3.965425193309783936e-01
-3.960681557655334473e-01
-3.832156658172607422e-01
-3.241530954837799072e-01
-2.068291306495666504e-01
-8.471127599477767944e-02
-2.045654319226741791e-02
-1.234823539853096008e-01
-3.310728371143341064e-01
-5.057188868522644043e-01
-5.410851240158081055e-01
-4.825219810009002686e-01
-4.329132735729217529e-01
-4.517744183540344238e-01
-4.448089301586151123e-01
-4.185090065002441406e-01
-4.040502905845642090e-01
-4.217982888221740723e-01
-4.731432199478149414e-01
-3.831106424331665039e-01
-1.779421716928482056e-01
4.373359307646751404e-02
1.129522398114204407e-01
-9.580541402101516724e-03
-1.821349710226058960e-01
-3.131758272647857666e-01
-3.788499832153320312e-01
-3.959583044052124023e-01
-3.965308666229248047e-01
-3.955263793468475342e-01
-3.791285157203674316e-01
-3.179088830947875977e-01
-1.883802115917205811e-01
-6.595747917890548706e-02
-4.962972179055213928e-02
-1.845810711383819580e-01
-3.719381988048553467e-01
-4.968725740909576416e-01
-5.228683352470397949e-01
-4.725531041622161865e-01
-4.168350696563720703e-01
-4.305295646190643311e-01
-4.338767230510711670e-01
-3.939985930919647217e-01
-3.736586272716522217e-01
-3.989729881286621094e-01
-4.122635722160339355e-01
-2.690474092960357666e-01
-5.967256799340248108e-02
1.036244258284568787e-01
1.060396879911422729e-01
-4.001440852880477905e-02
-2.126306444406509399e-01
-3.226239681243896484e-01
-3.796337842941284180e-01
-3.952904939651489258e-01
-3.964841067790985107e-01
-3.943470418453216553e-01
-3.769302964210510254e-01
-3.122112751007080078e-01
-1.801455020904541016e-01
-6.029574200510978699e-02
-4.006006568670272827e-02
-1.729031950235366821e-01
-3.514851331710815430e-01
-4.651584625244140625e-01
-4.698294103145599365e-01
-4.297811090946197510e-01
-3.829716444015502930e-01
-4.174814522266387939e-01
-4.444960951805114746e-01
-3.920810222625732422e-01
-3.575040400028228760e-01
-3.520871698856353760e-01
-3.049983382225036621e-01
-1.648945808410644531e-01
3.395577892661094666e-02
1.355292797088623047e-01
7.250605523586273193e-02
-8.826191723346710205e-02
-2.427275478839874268e-01
-3.311343789100646973e-01
-3.757773041725158691e-01
-3.956387937068939209e-01
-3.965424299240112305e-01
-3.942444622516632080e-01
-3.716358840465545654e-01
-3.105654716491699219e-01
-1.864361912012100220e-01
-7.275764644145965576e-02
-1.462424732744693756e-02
-1.202489286661148071e-01
-2.941336929798126221e-01
-4.310234785079956055e-01
-4.808219969272613525e-01
-4.506060183048248291e-01
-4.438900351524353027e-01
-5.041241049766540527e-01
-4.973094463348388672e-01
-4.033645391464233398e-01
-3.314561247825622559e-01
-2.965308427810668945e-01
-2.141647785902023315e-01
-6.652866303920745850e-02
9.180358797311782837e-02
1.155108511447906494e-01
2.100187912583351135e-02
-1.366765499114990234e-01
-2.612662315368652344e-01
-3.327528238296508789e-01
-3.791595995426177979e-01
-3.966161906719207764e-01
-3.965630829334259033e-01
-3.957669138908386230e-01
-3.756368756294250488e-01
-3.140166103839874268e-01
-2.181101888418197632e-01
-1.046503558754920959e-01
-3.235800191760063171e-02
-6.222049891948699951e-02
-2.152225822210311890e-01
-4.060013592243194580e-01
-5.383974909782409668e-01
-5.629687309265136719e-01
-5.688166618347167969e-01
-5.885526537895202637e-01
-5.083228945732116699e-01
-4.082641601562500000e-01
-3.223227858543395996e-01
-2.387962192296981812e-01
-1.484269797801971436e-01
-8.661298081278800964e-03
6.215001270174980164e-02
4.255151376128196716e-02
-6.790741533041000366e-02
-1.990833580493927002e-01
-2.926848232746124268e-01
-3.454804420471191406e-01
-3.885418474674224854e-01
-3.966313898563385010e-01
-3.965629041194915771e-01
-3.963884115219116211e-01
-3.791882991790771484e-01
-3.347757160663604736e-01
-2.777308523654937744e-01
-1.769483983516693115e-01
-1.015492379665374756e-01
-1.048014536499977112e-01
-2.209143787622451782e-01
-4.009730815887451172e-01
-5.560114383697509766e-01
-6.649655103683471680e-01
-6.999743580818176270e-01
-6.592648625373840332e-01
-5.613609552383422852e-01
-4.376119971275329590e-01
-2.974213063716888428e-01
-1.963062137365341187e-01
-1.239966526627540588e-01
-6.196242198348045349e-02
-5.164854228496551514e-02
-9.296461194753646851e-02
-1.739667057991027832e-01
-2.499527335166931152e-01
-3.159140944480895996e-01
-3.724257349967956543e-01
-3.949747979640960693e-01
-3.967075645923614502e-01
-3.965424001216888428e-01
-3.965424597263336182e-01
-3.886722028255462646e-01
-3.638374209403991699e-01
-3.336145579814910889e-01
-2.926909029483795166e-01
-2.373082190752029419e-01
-2.406828850507736206e-01
-3.259249627590179443e-01
-4.715408086776733398e-01
-6.459282040596008301e-01
-7.680688500404357910e-01
-8.021061420440673828e-01
-7.237631678581237793e-01
-5.982540249824523926e-01
-4.422418177127838135e-01
-3.103761970996856689e-01
-2.479887604713439941e-01
-2.233381420373916626e-01
-2.101056426763534546e-01
-2.096406370401382446e-01
-2.342853099107742310e-01
-2.661725282669067383e-01
-3.053945004940032959e-01
-3.532803654670715332e-01
-3.889130353927612305e-01
-3.958728909492492676e-01
-3.965424299240112305e-01
-3.965424001216888428e-01
-3.965425193309783936e-01
-3.944815099239349365e-01
-3.851420283317565918e-01
-3.619480729103088379e-01
-3.462331891059875488e-01
-3.264705240726470947e-01
-3.444584608078002930e-01
-4.218231439590454102e-01
-5.410850048065185547e-01
-6.844732761383056641e-01
-7.789528965950012207e-01
-7.957990169525146484e-01
-7.188593149185180664e-01
-6.179186701774597168e-01
-4.796087443828582764e-01
-3.899484276771545410e-01
-3.608857989311218262e-01
-3.573223352432250977e-01
-3.448707759380340576e-01
-3.193365335464477539e-01
-3.129734098911285400e-01
-3.192741274833679199e-01
-3.510424494743347168e-01
-3.802453577518463135e-01
-3.939138948917388916e-01
-3.965479433536529541e-01
-3.965425491333007812e-01
-3.965423107147216797e-01
-3.965423405170440674e-01
-3.962078392505645752e-01
-3.959951102733612061e-01
-3.888056278228759766e-01
-3.697968423366546631e-01
-3.633487224578857422e-01
-3.824326097965240479e-01
-4.366781711578369141e-01
-5.170029997825622559e-01
-6.104874610900878906e-01
-6.446054577827453613e-01
-6.369989514350891113e-01
-5.984805226325988770e-01
-5.402029752731323242e-01
-4.790966212749481201e-01
-4.541934728622436523e-01
-4.443040490150451660e-01
-4.200136661529541016e-01
-3.846144378185272217e-01
-3.499591350555419922e-01
-3.458859622478485107e-01
-3.619611561298370361e-01
-3.816296458244323730e-01
-3.918570280075073242e-01
-3.960311710834503174e-01
-3.965451419353485107e-01
-3.965424895286560059e-01
-3.965422809123992920e-01
-3.965421319007873535e-01
-3.965423107147216797e-01
-3.965423405170440674e-01
-3.916866183280944824e-01
-3.782815933227539062e-01
-3.606351017951965332e-01
-3.699990510940551758e-01
-4.128322005271911621e-01
-4.604898095130920410e-01
-5.024392008781433105e-01
-5.335448384284973145e-01
-5.407245159149169922e-01
-5.305660963058471680e-01
-5.017305612564086914e-01
-4.592360258102416992e-01
-4.360056817531585693e-01
-4.140402376651763916e-01
-3.854406177997589111e-01
-3.626039922237396240e-01
-3.580154776573181152e-01
-3.759762644767761230e-01
-3.887859582901000977e-01
-3.953213095664978027e-01
-3.963745534420013428e-01
-3.963173627853393555e-01
-3.965424895286560059e-01
-3.965424597263336182e-01
-3.965424001216888428e-01
-3.965425491333007812e-01
-3.965423405170440674e-01
-3.965426385402679443e-01
-3.959906101226806641e-01
-3.931482732295989990e-01
-3.884373009204864502e-01
-3.852541744709014893e-01
-3.832832574844360352e-01
-3.716624081134796143e-01
-3.655129969120025635e-01
-3.665171265602111816e-01
-3.744207918643951416e-01
-3.727421164512634277e-01
-3.840353786945343018e-01
-3.786019384860992432e-01
-3.606731593608856201e-01
-3.564620912075042725e-01
-3.703542649745941162e-01
-3.841230869293212891e-01
-3.911516070365905762e-01
-3.948872387409210205e-01
-3.950210809707641602e-01
-3.962169289588928223e-01
-3.965423107147216797e-01
-3.965424597263336182e-01
-3.965424895286560059e-01
-3.965424597263336182e-01
