2.789088487625122070e-01
2.147271484136581421e-01
3.130903840065002441e-01
2.056362330913543701e-01
2.127273082733154297e-01
3.089089989662170410e-01
2.098181247711181641e-01
4.745452702045440674e-01
4.483630061149597168e-01
3.769088089466094971e-01
2.014546245336532593e-01
2.296362817287445068e-01
2.185455560684204102e-01
4.012726247310638428e-01
3.096362054347991943e-01
1.890908926725387573e-01
2.161818742752075195e-01
1.903635710477828979e-01
4.319996535778045654e-01
2.579997777938842773e-01
2.934543788433074951e-01
2.929090261459350586e-01
2.314542382955551147e-01
4.647272527217864990e-01
1.889091134071350098e-01
3.438181579113006592e-01
2.441823184490203857e-01
1.767272949218750000e-01
2.125453650951385498e-01
2.803634703159332275e-01
2.378181815147399902e-01
2.709089815616607666e-01
1.781818419694900513e-01
1.699998676776885986e-01
3.030909895896911621e-01
2.770909965038299561e-01
4.705455601215362549e-01
2.267271727323532104e-01
3.687271773815155029e-01
2.319997996091842651e-01
3.674545884132385254e-01
3.663636147975921631e-01
1.721818298101425171e-01
2.127273529767990112e-01
2.101815491914749146e-01
2.209091484546661377e-01
2.785454094409942627e-01
1.938180029392242432e-01
2.247272729873657227e-01
1.890909969806671143e-01
4.932723939418792725e-01
2.143635451793670654e-01
3.136362135410308838e-01
1.901818662881851196e-01
4.105452001094818115e-01
4.965448081493377686e-01
2.230908721685409546e-01
3.632726669311523438e-01
2.109089493751525879e-01
1.550909131765365601e-01
2.145452499389648438e-01
2.550907433032989502e-01
3.947272002696990967e-01
2.776361703872680664e-01
3.505455255508422852e-01
1.819999814033508301e-01
1.916364878416061401e-01
5.516359806060791016e-01
2.812727093696594238e-01
2.387273758649826050e-01
2.578182518482208252e-01
2.527271211147308350e-01
2.850909829139709473e-01
4.078181087970733643e-01
2.089089453220367432e-01
4.570909738540649414e-01
1.970908045768737793e-01
2.465454488992691040e-01
1.934542357921600342e-01
2.003634870052337646e-01
2.209090143442153931e-01
2.494545429944992065e-01
2.347270697355270386e-01
3.281819820404052734e-01
3.163636624813079834e-01
2.359998524188995361e-01
1.607272475957870483e-01
2.032728046178817749e-01
1.590907573699951172e-01
1.799998134374618530e-01
3.347271680831909180e-01
2.930910885334014893e-01
2.145452648401260376e-01
1.596364527940750122e-01
4.801815152168273926e-01
4.023634195327758789e-01
3.605454266071319580e-01
1.985455155372619629e-01
2.116362750530242920e-01
2.192725688219070435e-01
3.505453169345855713e-01
4.165454804897308350e-01
3.218179047107696533e-01
2.581818997859954834e-01
3.509088754653930664e-01
3.514541089534759521e-01
2.025453448295593262e-01
4.803637564182281494e-01
1.900000274181365967e-01
2.210907191038131714e-01
2.876360416412353516e-01
2.170908451080322266e-01
3.805455267429351807e-01
2.447272092103958130e-01
2.381816059350967407e-01
1.641816794872283936e-01
2.098180800676345825e-01
2.270907163619995117e-01
3.189090788364410400e-01
1.950908154249191284e-01
2.656362652778625488e-01
2.461818903684616089e-01
2.996364235877990723e-01
3.461816310882568359e-01
4.394540190696716309e-01
2.643637061119079590e-01
3.319999575614929199e-01
3.118177354335784912e-01
2.969092130661010742e-01
2.172724604606628418e-01
3.241817355155944824e-01
3.225452005863189697e-01
2.469092160463333130e-01
2.118181437253952026e-01
2.978180646896362305e-01
2.505451440811157227e-01
1.389090865850448608e-01
1.945455074310302734e-01
2.150909155607223511e-01
4.852722585201263428e-01
2.114544808864593506e-01
3.829089403152465820e-01
2.172725200653076172e-01
2.289089560508728027e-01
1.547274589538574219e-01
2.310908883810043335e-01
2.449090778827667236e-01
1.972725540399551392e-01
2.343635410070419312e-01
1.632726639509201050e-01
4.063634872436523438e-01
2.070908546447753906e-01
2.261817157268524170e-01
2.494544088840484619e-01
2.112728208303451538e-01
3.136365413665771484e-01
3.885450065135955811e-01
2.847273647785186768e-01
1.709090322256088257e-01
3.781816959381103516e-01
2.256365120410919189e-01
2.743634283542633057e-01
4.318182170391082764e-01
4.992726147174835205e-01
2.087271809577941895e-01
3.125455975532531738e-01
2.063634246587753296e-01
2.505452036857604980e-01
4.461821019649505615e-01
1.827273219823837280e-01
4.958177506923675537e-01
2.199999243021011353e-01
1.701817363500595093e-01
2.301817834377288818e-01
2.150908410549163818e-01
1.621816307306289673e-01
5.185449123382568359e-01
2.034545540809631348e-01
1.943634450435638428e-01
2.023636549711227417e-01
2.585452795028686523e-01
4.181817770004272461e-01
1.861818432807922363e-01
3.765450716018676758e-01
2.198181599378585815e-01
2.427271306514739990e-01
4.005450904369354248e-01
2.229090034961700439e-01
3.841813504695892334e-01
2.118179947137832642e-01
1.929091960191726685e-01
4.430908858776092529e-01
3.334544599056243896e-01
4.063634276390075684e-01
2.954546213150024414e-01
4.210904538631439209e-01
2.590908706188201904e-01
2.049089223146438599e-01
2.118179947137832642e-01
2.454543411731719971e-01
3.721815049648284912e-01
2.916360199451446533e-01
2.980000376701354980e-01
2.043636143207550049e-01
3.514545261859893799e-01
2.092724591493606567e-01
3.796360194683074951e-01
2.181816995143890381e-01
4.947268664836883545e-01
2.278179973363876343e-01
2.569088935852050781e-01
2.221817523241043091e-01
2.321816384792327881e-01
2.069089859724044800e-01
2.263637334108352661e-01
3.436361551284790039e-01
2.683633565902709961e-01
6.103633046150207520e-01
3.659997284412384033e-01
2.210907638072967529e-01
1.989090293645858765e-01
2.332726567983627319e-01
2.138178795576095581e-01
4.030905961990356445e-01
2.047273069620132446e-01
