-1.127267628908157349e-01
-1.125449314713478088e-01
-1.139994785189628601e-01
-1.139995232224464417e-01
-1.132722496986389160e-01
-1.150903850793838501e-01
-1.125449612736701965e-01
-1.079995110630989075e-01
-1.101813539862632751e-01
-1.112722530961036682e-01
-1.114540919661521912e-01
-1.149085536599159241e-01
-1.107267960906028748e-01
-1.119994968175888062e-01
-1.070904657244682312e-01
-1.076359078288078308e-01
-1.099995076656341553e-01
-1.067268103361129761e-01
-1.087267920374870300e-01
-1.116358265280723572e-01
-1.134540662169456482e-01
-1.109086200594902039e-01
-1.092722564935684204e-01
-1.094540879130363464e-01
-1.119995340704917908e-01
-1.119995191693305969e-01
-1.114540845155715942e-01
-1.167267784476280212e-01
-1.083631664514541626e-01
-1.103631258010864258e-01
-1.090904176235198975e-01
-1.156358718872070312e-01
-1.114540472626686096e-01
-1.138176769018173218e-01
-1.107267960906028748e-01
-1.107267886400222778e-01
-1.085450053215026855e-01
-1.054541021585464478e-01
-1.065450161695480347e-01
-1.041813716292381287e-01
-1.009086817502975464e-01
-1.023632138967514038e-01
-1.099995747208595276e-01
-1.030904948711395264e-01
-1.056359559297561646e-01
-1.027268245816230774e-01
-1.101813539862632751e-01
-1.070904433727264404e-01
-1.056359186768531799e-01
-1.070904731750488281e-01
-1.149085760116577148e-01
-1.105450019240379333e-01
-1.087267845869064331e-01
-1.090904176235198975e-01
-1.123631522059440613e-01
-1.089086234569549561e-01
-1.154541000723838806e-01
-1.078176423907279968e-01
-1.105449274182319641e-01
-1.105449646711349487e-01
-1.147267818450927734e-01
-1.054540872573852539e-01
-1.005450338125228882e-01
-1.003632619976997375e-01
-9.945415705442428589e-02
-8.618154376745223999e-02
-7.836340367794036865e-02
-7.072705030441284180e-02
-6.999989598989486694e-02
-7.163622975349426270e-02
-8.781798183917999268e-02
-9.436357021331787109e-02
-1.047271788120269775e-01
-1.030907630920410156e-01
-9.236348420381546021e-02
-8.672702312469482422e-02
-8.345431089401245117e-02
-8.781792968511581421e-02
-9.709051996469497681e-02
-1.041813567280769348e-01
-1.147268041968345642e-01
-1.099995076656341553e-01
-1.114540845155715942e-01
-1.096358671784400940e-01
-1.134540140628814697e-01
-1.147267445921897888e-01
-1.072722449898719788e-01
-1.187267452478408813e-01
-1.121813803911209106e-01
-1.047268286347389221e-01
-1.038177907466888428e-01
-8.672697842121124268e-02
-6.581805646419525146e-02
-5.036357417702674866e-02
-5.581819266080856323e-02
-6.854539364576339722e-02
-9.272724390029907227e-02
-1.239998191595077515e-01
-1.461818069219589233e-01
-1.574544012546539307e-01
-1.732726991176605225e-01
-1.714543551206588745e-01
-1.527270823717117310e-01
-1.161817237734794617e-01
-8.927260339260101318e-02
-7.127256691455841064e-02
-8.199974894523620605e-02
-9.527237713336944580e-02
-1.050905138254165649e-01
-1.099995300173759460e-01
-1.123631522059440613e-01
-1.074540987610816956e-01
-1.121812984347343445e-01
-1.143631190061569214e-01
-1.110904216766357422e-01
-1.141813024878501892e-01
-1.045450121164321899e-01
-9.163604676723480225e-02
-6.927255541086196899e-02
-4.290903732180595398e-02
-3.654541075229644775e-02
-5.781823769211769104e-02
-9.872714430093765259e-02
-1.476362943649291992e-01
-2.098181098699569702e-01
-2.727271020412445068e-01
-3.280000090599060059e-01
-3.747268319129943848e-01
-3.718179166316986084e-01
-3.194543421268463135e-01
-2.549089193344116211e-01
-1.874544769525527954e-01
-1.279999017715454102e-01
-8.490914106369018555e-02
-6.672716885805130005e-02
-6.509077548980712891e-02
-8.690888434648513794e-02
-1.041814088821411133e-01
-1.050904765725135803e-01
-1.129086092114448547e-01
-1.132721900939941406e-01
-1.114540547132492065e-01
-1.103631481528282166e-01
-1.109085977077484131e-01
-9.345423430204391479e-02
-5.781811103224754333e-02
-3.345454484224319458e-02
-3.490907326340675354e-02
-5.618182569742202759e-02
-9.418180584907531738e-02
-1.620000451803207397e-01
-2.358180284500122070e-01
-3.263634741306304932e-01
-4.083633124828338623e-01
-4.685447812080383301e-01
-5.132730007171630859e-01
-5.089091062545776367e-01
-4.550909698009490967e-01
-3.541817665100097656e-01
-2.530907392501831055e-01
-1.519999504089355469e-01
-9.236359596252441406e-02
-6.345459818840026855e-02
-5.454544350504875183e-02
-6.090909242630004883e-02
-7.836344093084335327e-02
-1.059995815157890320e-01
-1.121813058853149414e-01
-1.079995557665824890e-01
-1.107267588376998901e-01
-1.125449463725090027e-01
-9.654513746500015259e-02
-6.199987977743148804e-02
-2.527268603444099426e-02
-2.109091728925704956e-02
-3.363636881113052368e-02
-7.472725212574005127e-02
-1.465454250574111938e-01
-2.369089871644973755e-01
-3.507270812988281250e-01
-4.401815831661224365e-01
-5.058177113533020020e-01
-5.638177990913391113e-01
-5.929086208343505859e-01
-5.918177366256713867e-01
-5.519998073577880859e-01
-4.554542303085327148e-01
-3.207274079322814941e-01
-1.901819854974746704e-01
-9.563633799552917480e-02
-6.036363542079925537e-02
-4.836364090442657471e-02
-5.418179184198379517e-02
-6.545443832874298096e-02
-9.327238053083419800e-02
-1.089085862040519714e-01
-1.061813756823539734e-01
-1.114540249109268188e-01
-1.023632362484931946e-01
-8.472704142332077026e-02
-3.945448622107505798e-02
-1.545455120503902435e-02
-1.127274241298437119e-02
-3.581812605261802673e-02
-1.036363020539283752e-01
-2.147272080183029175e-01
-3.399997949600219727e-01
-4.610908031463623047e-01
-5.018178820610046387e-01
-5.341819524765014648e-01
-5.252726078033447266e-01
-5.341814756393432617e-01
-5.498178601264953613e-01
-5.609089732170104980e-01
-5.021817088127136230e-01
-3.803634047508239746e-01
-2.370908111333847046e-01
-1.161816790699958801e-01
-5.599998682737350464e-02
-4.727268591523170471e-02
-6.490908563137054443e-02
-6.018173694610595703e-02
-8.836331963539123535e-02
-1.149085834622383118e-01
-1.130904257297515869e-01
-1.076359003782272339e-01
-9.636327624320983887e-02
-6.199989467859268188e-02
-2.927270159125328064e-02
-1.581818796694278717e-02
-6.181803531944751740e-03
-5.145454779267311096e-02
-1.481818705797195435e-01
-2.978182137012481689e-01
-4.454543292522430420e-01
-5.141816735267639160e-01
-4.936365783214569092e-01
-4.356364309787750244e-01
-3.872727751731872559e-01
-3.818180561065673828e-01
-4.378179013729095459e-01
-4.885452091693878174e-01
-5.143639445304870605e-01
-4.178180098533630371e-01
-2.796361148357391357e-01
-1.338181346654891968e-01
-6.745449453592300415e-02
-5.545451492071151733e-02
-6.127274781465530396e-02
-6.290895491838455200e-02
-8.818157762289047241e-02
-1.098177209496498108e-01
-1.118177250027656555e-01
-1.083631664514541626e-01
-8.672699332237243652e-02
-5.690896883606910706e-02
-2.654544077813625336e-02
-6.000020075589418411e-03
-5.454568658024072647e-03
-7.363627105951309204e-02
-2.109090089797973633e-01
-3.819997012615203857e-01
-4.929088056087493896e-01
-4.943627119064331055e-01
-4.232726693153381348e-01
-3.239996135234832764e-01
-2.609091401100158691e-01
-2.763636112213134766e-01
-3.343635499477386475e-01
-4.276357293128967285e-01
-4.812727570533752441e-01
-4.307270050048828125e-01
-3.003638982772827148e-01
-1.609091311693191528e-01
-8.927278220653533936e-02
-4.927269369363784790e-02
-5.599992722272872925e-02
-6.636347621679306030e-02
-9.618147462606430054e-02
-1.089086830615997314e-01
-1.041813716292381287e-01
-1.041814237833023071e-01
-9.036335349082946777e-02
-5.309091508388519287e-02
-3.127272427082061768e-02
-1.345453318208456039e-02
-2.163630910217761993e-02
-1.059999465942382812e-01
-2.641818523406982422e-01
-4.301816821098327637e-01
-5.027273893356323242e-01
-4.521814286708831787e-01
-3.465453684329986572e-01
-2.472727447748184204e-01
-2.105452865362167358e-01
-2.310908585786819458e-01
-2.905458211898803711e-01
-3.954539597034454346e-01
-4.390903711318969727e-01
-3.989087343215942383e-01
-2.934544682502746582e-01
-1.680001467466354370e-01
-8.545453101396560669e-02
-6.418173015117645264e-02
-5.036360025405883789e-02
-7.781793922185897827e-02
-9.854508191347122192e-02
-1.074541062116622925e-01
-1.136358901858329773e-01
-1.063631847500801086e-01
-8.945426344871520996e-02
-6.254538148641586304e-02
-2.945454232394695282e-02
-1.054548472166061401e-02
-5.181821808218955994e-02
-1.612727493047714233e-01
-3.320000469684600830e-01
-4.699994921684265137e-01
-4.881813526153564453e-01
-3.999994993209838867e-01
-3.056362569332122803e-01
-2.290909290313720703e-01
-2.221820205450057983e-01
-2.449089288711547852e-01
-3.220000863075256348e-01
-4.038180410861968994e-01
-4.276362955570220947e-01
-3.730912804603576660e-01
-2.821818590164184570e-01
-1.778184622526168823e-01
-9.672725200653076172e-02
-5.854543298482894897e-02
-5.509088560938835144e-02
-8.618151396512985229e-02
-9.999958425760269165e-02
-1.119995042681694031e-01
-1.118176877498626709e-01
-1.059995368123054504e-01
-1.039996147155761719e-01
-7.581801712512969971e-02
-3.927269577980041504e-02
-3.836361691355705261e-02
-9.509077668190002441e-02
-2.183635681867599487e-01
-3.752725422382354736e-01
-4.681813418865203857e-01
-4.467273056507110596e-01
-3.592728078365325928e-01
-2.847271263599395752e-01
-2.550909817218780518e-01
-2.807268798351287842e-01
-3.278181552886962891e-01
-3.929089903831481934e-01
-4.323635399341583252e-01
-4.170908331871032715e-01
-3.401817083358764648e-01
-2.712725996971130371e-01
-1.916360855102539062e-01
-1.076363697648048401e-01
-7.727275043725967407e-02
-4.890912771224975586e-02
-8.945425599813461304e-02
-1.072722598910331726e-01
-1.149085760116577148e-01
-1.147267520427703857e-01
-1.061813533306121826e-01
-1.039996221661567688e-01
-8.036340773105621338e-02
-3.745455294847488403e-02
-5.490905418992042542e-02
-1.212727800011634827e-01
-2.516365051269531250e-01
-3.994547128677368164e-01
-4.665454626083374023e-01
-4.225452244281768799e-01
-3.427270948886871338e-01
-2.961815297603607178e-01
-3.189092278480529785e-01
-3.596356511116027832e-01
-4.079996347427368164e-01
-4.399999082088470459e-01
-4.532723128795623779e-01
-4.041815400123596191e-01
-3.350908458232879639e-01
-2.709090709686279297e-01
-1.998179107904434204e-01
-1.280000060796737671e-01
-7.490904629230499268e-02
-5.363631248474121094e-02
-8.781795948743820190e-02
-1.067268326878547668e-01
-1.112722605466842651e-01
-1.103630959987640381e-01
-1.109085977077484131e-01
-1.070905029773712158e-01
-8.781789988279342651e-02
-4.363636672496795654e-02
-6.127277389168739319e-02
-1.307272762060165405e-01
-2.667273879051208496e-01
-3.954543471336364746e-01
-4.518176317214965820e-01
-4.054543375968933105e-01
-3.456365466117858887e-01
-3.300001621246337891e-01
-3.807275295257568359e-01
-4.183633327484130859e-01
-4.369092285633087158e-01
-4.669090807437896729e-01
-4.534542560577392578e-01
-3.905456066131591797e-01
-3.345451951026916504e-01
-2.836365699768066406e-01
-2.029091268777847290e-01
-1.347272098064422607e-01
-7.836347073316574097e-02
-4.890904203057289124e-02
-7.563623040914535522e-02
-1.029086858034133911e-01
-1.079995036125183105e-01
-1.058177351951599121e-01
-1.145449802279472351e-01
-1.050904244184494019e-01
-8.327245712280273438e-02
-4.472722113132476807e-02
-7.872718572616577148e-02
-1.441818773746490479e-01
-2.563635110855102539e-01
-3.858179450035095215e-01
-4.301820397377014160e-01
-3.907272219657897949e-01
-3.516368269920349121e-01
-3.594545722007751465e-01
-3.970908522605895996e-01
-4.299996793270111084e-01
-4.156357645988464355e-01
-4.392722547054290771e-01
-4.321815371513366699e-01
-3.998179435729980469e-01
-3.465455770492553711e-01
-2.929089367389678955e-01
-2.094543725252151489e-01
-1.298183202743530273e-01
-7.599995285272598267e-02
-4.309087619185447693e-02
-7.127256691455841064e-02
-1.056359559297561646e-01
-1.076359301805496216e-01
-1.156358793377876282e-01
-1.158176437020301819e-01
-1.067268475890159607e-01
-8.199974894523620605e-02
-4.454536736011505127e-02
-7.509091496467590332e-02
-1.352728158235549927e-01
-2.463636100292205811e-01
-3.594541549682617188e-01
-3.927268385887145996e-01
-3.703635036945343018e-01
-3.319998383522033691e-01
-3.514544665813446045e-01
-3.641822338104248047e-01
-3.756361603736877441e-01
-3.769090771675109863e-01
-4.078183770179748535e-01
-4.223634600639343262e-01
-3.905454576015472412e-01
-3.461815118789672852e-01
-2.827273011207580566e-01
-1.825455427169799805e-01
-1.127272471785545349e-01
-6.418183445930480957e-02
-4.054545238614082336e-02
-6.127260997891426086e-02
-9.963598102331161499e-02
-1.143631339073181152e-01
-1.136358678340911865e-01
-1.074540540575981140e-01
-1.078177765011787415e-01
-7.436341792345046997e-02
-4.890905320644378662e-02
-7.036356627941131592e-02
-1.274543702602386475e-01
-2.274543642997741699e-01
-3.221817016601562500e-01
-3.590911328792572021e-01
-3.407271206378936768e-01
-3.074543774127960205e-01
-3.074547350406646729e-01
-2.972726225852966309e-01
-3.070909976959228516e-01
-3.400000631809234619e-01
-3.858181238174438477e-01
-4.238179028034210205e-01
-4.134549796581268311e-01
-3.572731018066406250e-01
-2.581819295883178711e-01
-1.549090892076492310e-01
-7.690901309251785278e-02
-4.490907490253448486e-02
-2.672726102173328400e-02
-6.418168544769287109e-02
-1.036359369754791260e-01
-1.145449578762054443e-01
-1.141813099384307861e-01
-1.085449755191802979e-01
-1.018177717924118042e-01
-6.290898472070693970e-02
-4.490902647376060486e-02
-7.109086960554122925e-02
-1.221818923950195312e-01
-2.221820503473281860e-01
-3.138184249401092529e-01
-3.452726304531097412e-01
-3.336359262466430664e-01
-3.007272779941558838e-01
-2.661818861961364746e-01
-2.625455856323242188e-01
-2.772724628448486328e-01
-3.485454320907592773e-01
-4.176363050937652588e-01
-4.458178579807281494e-01
-4.345452487468719482e-01
-3.550912737846374512e-01
-2.229090183973312378e-01
-1.236363872885704041e-01
-5.399993434548377991e-02
-2.799996547400951385e-02
-3.490910306572914124e-02
-6.618179380893707275e-02
-1.023632660508155823e-01
-1.183631345629692078e-01
-1.116358786821365356e-01
-1.096359044313430786e-01
-1.029086634516716003e-01
-5.581810697913169861e-02
-4.563632234930992126e-02
-6.563636660575866699e-02
-1.205455064773559570e-01
-2.010909765958786011e-01
-2.959996461868286133e-01
-3.614543974399566650e-01
-3.454543650150299072e-01
-3.007271885871887207e-01
-2.885453999042510986e-01
-3.001816272735595703e-01
-3.394546210765838623e-01
-4.029092192649841309e-01
-4.676364064216613770e-01
-4.836362004280090332e-01
-4.439995884895324707e-01
-3.258181512355804443e-01
-1.769091486930847168e-01
-7.272730767726898193e-02
-2.690909430384635925e-02
-1.145452912896871567e-02
-3.709089010953903198e-02
-7.054534554481506348e-02
-9.836327284574508667e-02
-1.118176355957984924e-01
-1.089086011052131653e-01
-1.109085902571678162e-01
-9.490878134965896606e-02
-5.872717127203941345e-02
-4.799992963671684265e-02
-6.254550814628601074e-02
-9.545464068651199341e-02
-1.830907762050628662e-01
-2.865456044673919678e-01
-3.730908930301666260e-01
-3.901811242103576660e-01
-3.741814792156219482e-01
-3.741814494132995605e-01
-4.027273058891296387e-01
-4.379996955394744873e-01
-4.923631548881530762e-01
-5.127272605895996094e-01
-5.121819376945495605e-01
-4.118177592754364014e-01
-2.521817088127136230e-01
-1.187273189425468445e-01
-3.654539212584495544e-02
-3.454550635069608688e-03
-1.581821404397487640e-02
-4.963630810379981995e-02
-7.909071445465087891e-02
-1.041814237833023071e-01
-1.109086200594902039e-01
-1.167267560958862305e-01
-1.121813505887985229e-01
-1.032723113894462585e-01
-6.381805241107940674e-02
-4.636357724666595459e-02
-5.836368724703788757e-02
-9.163644164800643921e-02
-1.487273126840591431e-01
-2.498180717229843140e-01
-3.729089498519897461e-01
-4.583635032176971436e-01
-4.858183562755584717e-01
-5.074547529220581055e-01
-5.269089341163635254e-01
-5.381820201873779297e-01
-5.447261333465576172e-01
-5.365451574325561523e-01
-4.490901827812194824e-01
-3.223631978034973145e-01
-1.760000437498092651e-01
-6.472729891538619995e-02
-9.999978356063365936e-03
-5.454556085169315338e-03
-1.909087039530277252e-02
-5.545444414019584656e-02
-8.854516595602035522e-02
-1.092722639441490173e-01
-1.154540181159973145e-01
-1.121813133358955383e-01
-1.123631596565246582e-01
-1.012723669409751892e-01
-7.690885663032531738e-02
-4.909084364771842957e-02
-5.418174713850021362e-02
-7.290893793106079102e-02
-1.347272694110870361e-01
-2.149091362953186035e-01
-3.307272493839263916e-01
-4.425453841686248779e-01
-5.283637642860412598e-01
-5.709090232849121094e-01
-5.849084854125976562e-01
-5.674544572830200195e-01
-5.187267065048217773e-01
-4.472722411155700684e-01
-3.459999263286590576e-01
-2.263637483119964600e-01
-1.065455153584480286e-01
-3.454545885324478149e-02
-1.036365889012813568e-02
-1.581819914281368256e-02
-3.763634711503982544e-02
-7.727256417274475098e-02
-1.056359857320785522e-01
-1.138176843523979187e-01
-1.103631332516670227e-01
-1.110904067754745483e-01
-1.103631332516670227e-01
-1.063631772994995117e-01
-9.036331623792648315e-02
-6.709072738885879517e-02
-5.309086665511131287e-02
-6.018181890249252319e-02
-9.309078752994537354e-02
-1.689089834690093994e-01
-2.618183493614196777e-01
-3.663633465766906738e-01
-4.679996669292449951e-01
-5.127276182174682617e-01
-5.178182125091552734e-01
-4.785458147525787354e-01
-4.118176698684692383e-01
-3.307273983955383301e-01
-2.356361150741577148e-01
-1.618181169033050537e-01
-8.745458722114562988e-02
-4.709092900156974792e-02
-3.127270191907882690e-02
-4.109089076519012451e-02
-7.127264142036437988e-02
-9.218148887157440186e-02
-1.079995185136795044e-01
-1.119994819164276123e-01
-1.070904508233070374e-01
-1.072722300887107849e-01
-1.099995300173759460e-01
-1.076358854770660400e-01
-1.081813499331474304e-01
-9.127247333526611328e-02
-6.563619524240493774e-02
-5.981809645891189575e-02
-6.199994310736656189e-02
-8.945460617542266846e-02
-1.354544609785079956e-01
-2.038179785013198853e-01
-2.656363248825073242e-01
-3.107272386550903320e-01
-3.014546930789947510e-01
-2.812725603580474854e-01
-2.432727515697479248e-01
-2.045454084873199463e-01
-1.667271554470062256e-01
-1.332727521657943726e-01
-8.345458656549453735e-02
-6.163629889488220215e-02
-5.309085175395011902e-02
-7.036350667476654053e-02
-9.018154442310333252e-02
-1.036359146237373352e-01
-1.087267994880676270e-01
-1.098176687955856323e-01
-1.129085645079612732e-01
-1.107267662882804871e-01
-1.103631705045700073e-01
-1.099995672702789307e-01
-1.129086241126060486e-01
-1.038177087903022766e-01
-9.345415234565734863e-02
-7.763607800006866455e-02
-7.290879637002944946e-02
-9.890899062156677246e-02
-1.203635409474372864e-01
-1.474544554948806763e-01
-1.658180505037307739e-01
-1.821818053722381592e-01
-1.907272040843963623e-01
-1.816361695528030396e-01
-1.794545203447341919e-01
-1.676363050937652588e-01
-1.374544650316238403e-01
-1.170908138155937195e-01
-8.672720938920974731e-02
-7.399979978799819946e-02
-8.327247947454452515e-02
-9.290879219770431519e-02
-1.012723669409751892e-01
-1.090904474258422852e-01
-1.063631996512413025e-01
-1.072722822427749634e-01
-1.129085719585418701e-01
-1.107267811894416809e-01
-1.092722788453102112e-01
-1.078177168965339661e-01
-1.158176660537719727e-01
-1.052722707390785217e-01
-1.039995849132537842e-01
-9.436324983835220337e-02
-8.290884643793106079e-02
-8.709059655666351318e-02
-1.054543182253837585e-01
-1.232725977897644043e-01
-1.374545097351074219e-01
-1.534545570611953735e-01
-1.470908522605895996e-01
-1.329089850187301636e-01
-1.250907033681869507e-01
-9.909075498580932617e-02
-8.472704142332077026e-02
-8.236339688301086426e-02
-7.527254521846771240e-02
-8.836334198713302612e-02
-1.023632362484931946e-01
-1.047268211841583252e-01
-1.114540770649909973e-01
-1.067268028855323792e-01
-1.092722713947296143e-01
-1.098176911473274231e-01
-1.156358271837234497e-01
-1.147267594933509827e-01
-1.096358895301818848e-01
-1.081813350319862366e-01
-1.132722496986389160e-01
-1.147267818450927734e-01
-1.109085902571678162e-01
-1.099995076656341553e-01
-1.067268028855323792e-01
-1.016359403729438782e-01
-1.043632552027702332e-01
-9.781780838966369629e-02
-9.036339819431304932e-02
-8.836337924003601074e-02
-8.981791883707046509e-02
-8.872698247432708740e-02
-9.072703123092651367e-02
-8.745422959327697754e-02
-9.054512530565261841e-02
-1.045450568199157715e-01
-1.061813980340957642e-01
-1.072722822427749634e-01
-1.105449721217155457e-01
-1.112722679972648621e-01
-1.150903478264808655e-01
-1.083631813526153564e-01
-1.154540404677391052e-01
-1.118177026510238647e-01
-1.109085977077484131e-01
