5.655252188444137573e-02 -3.001199960708618164e-01 4.572488740086555481e-02 -3.417188525199890137e-01 -1.821174025535583496e-01 -2.826153635978698730e-01 -2.913137376308441162e-01 -1.607128977775573730e-01 -5.851195380091667175e-02 -2.843504250049591064e-01
-2.554509043693542480e-01 -1.225219070911407471e-01 -2.156577110290527344e-01 -1.956708878278732300e-01 -2.196375876665115356e-01 -1.859406530857086182e-01 -2.463043630123138428e-01 -1.893320828676223755e-01 -2.094587534666061401e-01 -2.005316764116287231e-01
2.598879933357238770e-01 -1.690965890884399414e-01 -3.201368451118469238e-01 -3.524754941463470459e-01 -1.996180564165115356e-01 -1.809941530227661133e-01 1.634970456361770630e-01 -2.033778131008148193e-01 -3.276850283145904541e-01 -2.769093215465545654e-01
-2.574370801448822021e-01 -1.297175884246826172e-01 -2.201846241950988770e-01 -1.945340037345886230e-01 -2.256585359573364258e-01 -1.851926594972610474e-01 -2.512929439544677734e-01 -1.953212618827819824e-01 -2.135428041219711304e-01 -2.210873663425445557e-01
-2.586657404899597168e-01 -1.333040148019790649e-01 -2.107729762792587280e-01 -1.987483352422714233e-01 -2.309514433145523071e-01 -1.898736953735351562e-01 -2.465709596872329712e-01 -2.051382064819335938e-01 -2.227761447429656982e-01 -2.104926109313964844e-01
-5.509463697671890259e-02 5.520686879754066467e-02 -2.022876143455505371e-01 -2.059971168637275696e-02 1.277496963739395142e-01 1.393845975399017334e-01 -2.089016884565353394e-02 9.363202750682830811e-02 1.554585844278335571e-01 6.176735833287239075e-02
-2.581733167171478271e-01 -9.673932939767837524e-02 -2.182164937257766724e-01 -1.983487755060195923e-01 -2.315918207168579102e-01 -1.921809464693069458e-01 -2.428666800260543823e-01 -2.017668485641479492e-01 -2.128654122352600098e-01 -2.149177044630050659e-01
-2.418230772018432617e-01 -3.568556904792785645e-02 5.375565961003303528e-02 1.633881181478500366e-01 6.436070799827575684e-02 -3.143846616148948669e-02 -1.289976835250854492e-01 3.033556789159774780e-02 -5.951115489006042480e-02 2.432129904627799988e-02
-1.971482932567596436e-01 -5.154219642281532288e-02 -1.219143792986869812e-01 4.936835914850234985e-02 1.626937985420227051e-01 8.348409831523895264e-02 -9.883362054824829102e-02 2.150796502828598022e-01 1.903565824031829834e-01 1.699882596731185913e-01
1.989306882023811340e-02 -3.373658657073974609e-01 -4.284380078315734863e-01 -1.655706204473972321e-02 -8.300717920064926147e-02 7.397136837244033813e-02 -4.163991212844848633e-01 -2.075391113758087158e-01 -1.145699322223663330e-01 -4.495432972908020020e-02
-2.479391694068908691e-01 -1.286041140556335449e-01 -2.138985842466354370e-01 -2.052421718835830688e-01 -2.196749597787857056e-01 -1.882042288780212402e-01 -2.415991425514221191e-01 -1.958382278680801392e-01 -2.087174952030181885e-01 -2.093548476696014404e-01
-2.552287578582763672e-01 -1.543412655591964722e-01 -2.073866277933120728e-01 -1.908003687858581543e-01 -2.174354642629623413e-01 -1.746587455272674561e-01 -2.318536788225173950e-01 -1.834052801132202148e-01 -2.174102216958999634e-01 -2.195037752389907837e-01
-2.554856240749359131e-01 -9.681674838066101074e-02 -2.055255323648452759e-01 -1.757082939147949219e-01 -2.228096574544906616e-01 -1.732332408428192139e-01 -2.292710691690444946e-01 -1.809721887111663818e-01 -1.998758167028427124e-01 -1.927446573972702026e-01
-3.591609746217727661e-02 -1.224351301789283752e-01 -4.980178922414779663e-02 5.981779098510742188e-02 1.623760759830474854e-01 1.084868907928466797e-01 5.609192699193954468e-02 -4.519647359848022461e-01 2.620799653232097626e-02 4.968028515577316284e-03
-2.605296969413757324e-01 5.116547644138336182e-02 -1.899514645338058472e-01 -1.307767480611801147e-01 -1.818120181560516357e-01 -1.893877834081649780e-01 -2.228485643863677979e-01 7.942775636911392212e-02 -2.139385193586349487e-01 -1.392999384552240372e-02
-2.568623721599578857e-01 -1.244615539908409119e-01 -2.218614220619201660e-01 -2.128463983535766602e-01 -2.380750626325607300e-01 -2.032214403152465820e-01 -2.428987920284271240e-01 -1.981899738311767578e-01 -2.180059850215911865e-01 -2.173738479614257812e-01
-9.842897951602935791e-02 4.141098558902740479e-01 -5.193934962153434753e-02 -1.775138825178146362e-01 -5.471495166420936584e-02 -1.987857520580291748e-01 -3.136189654469490051e-03 -1.537538170814514160e-01 -1.484080255031585693e-01 -2.067177444696426392e-01
-2.570616304874420166e-01 -1.277644336223602295e-01 -2.226299345493316650e-01 -1.954026222229003906e-01 -2.158589661121368408e-01 -1.887833327054977417e-01 -2.452454417943954468e-01 -1.930044740438461304e-01 -2.149508148431777954e-01 -1.995218396186828613e-01
-3.814429417252540588e-02 -2.471728026866912842e-01 -3.355567157268524170e-01 -2.556867301464080811e-01 -1.448440253734588623e-01 8.597084134817123413e-02 9.514701366424560547e-02 3.402922675013542175e-02 1.620274186134338379e-01 6.750908493995666504e-02
-1.205858588218688965e-01 1.892964988946914673e-01 -1.139213964343070984e-01 -9.340743720531463623e-02 -1.832002960145473480e-02 -4.966166615486145020e-02 -1.105578243732452393e-01 2.650068998336791992e-01 1.521855145692825317e-01 1.106090694665908813e-01
-1.196279153227806091e-01 2.766895294189453125e-01 -5.563209578394889832e-02 -1.521575730293989182e-02 -3.263694047927856445e-02 -1.254042983055114746e-01 9.283056110143661499e-02 -1.178410723805427551e-01 -1.015771552920341492e-01 -1.426926702260971069e-01
1.275775730609893799e-01 -2.403543889522552490e-01 -2.226543128490447998e-01 -4.981437623500823975e-01 -1.455738246440887451e-01 -2.550662755966186523e-01 -1.658622175455093384e-01 -4.165561795234680176e-01 -2.775290012359619141e-01 -2.826558351516723633e-01
1.257730927318334579e-02 -2.130594700574874878e-01 -4.851534962654113770e-02 6.942625343799591064e-02 -2.869608700275421143e-01 6.531444936990737915e-02 -1.840452551841735840e-01 -2.399582564830780029e-01 -7.777107506990432739e-02 -2.375044077634811401e-01
8.114238083362579346e-02 -1.033903211355209351e-01 -1.487866491079330444e-01 1.635424420237541199e-02 -3.656833767890930176e-01 6.641239393502473831e-03 2.573791444301605225e-01 2.539974153041839600e-01 -1.115414276719093323e-01 -7.357313483953475952e-02
-2.590191066265106201e-01 -1.102162376046180725e-01 -2.028702795505523682e-01 -1.857162117958068848e-01 -2.269177585840225220e-01 -1.860716938972473145e-01 -2.418214082717895508e-01 -1.974814683198928833e-01 -2.095170021057128906e-01 -2.186163961887359619e-01
-2.347780317068099976e-01 -2.381087839603424072e-01 -1.588868796825408936e-01 -1.600292176008224487e-01 2.812741994857788086e-01 -1.749834865331649780e-01 -2.827503979206085205e-01 2.217075675725936890e-01 -2.621698677539825439e-01 1.489239186048507690e-01
5.867011472582817078e-02 -1.652620583772659302e-01 1.464008446782827377e-02 -9.041178971529006958e-02 -1.479309052228927612e-01 5.625446140766143799e-02 -1.451263427734375000e-01 -5.350944772362709045e-02 4.047227278351783752e-02 -9.150801599025726318e-02
-2.614389657974243164e-01 -1.513969302177429199e-01 -2.132340222597122192e-01 -1.930747032165527344e-01 -2.283425629138946533e-01 -1.946955472230911255e-01 -2.400176823139190674e-01 -1.806713342666625977e-01 -2.113364785909652710e-01 -2.171989381313323975e-01
-2.523293495178222656e-01 -8.832754194736480713e-02 -2.084861844778060913e-01 -1.931166797876358032e-01 -2.278369665145874023e-01 -1.782942712306976318e-01 -2.565335929393768311e-01 -1.850221455097198486e-01 -2.103689908981323242e-01 -2.006629705429077148e-01
-1.366564631462097168e-01 2.854723930358886719e-01 -1.311907917261123657e-01 -9.655478596687316895e-02 -4.369348287582397461e-02 -1.350169777870178223e-01 -2.036273665726184845e-02 3.094284795224666595e-02 -1.127338856458663940e-01 -1.360296551138162613e-02
-2.479092776775360107e-01 3.799911588430404663e-02 -1.998802721500396729e-01 -1.720621287822723389e-01 -1.934417784214019775e-01 -1.734558194875717163e-01 -2.101195305585861206e-01 -1.518638432025909424e-01 -1.818905025720596313e-01 -1.418785303831100464e-01
-2.547810077667236328e-01 -9.663800150156021118e-02 -2.010772973299026489e-01 -1.881432533264160156e-01 -2.116625010967254639e-01 -1.688679903745651245e-01 -2.465403378009796143e-01 -1.775539666414260864e-01 -2.130164653062820435e-01 -1.968497186899185181e-01
-2.559056282043457031e-01 -1.253286749124526978e-01 -2.106174230575561523e-01 -2.053683847188949585e-01 -2.211400419473648071e-01 -1.936639249324798584e-01 -2.407985180616378784e-01 -1.894320249557495117e-01 -2.152293324470520020e-01 -2.098273187875747681e-01
-2.559450864791870117e-01 -1.466115862131118774e-01 -2.174560278654098511e-01 -2.063164114952087402e-01 -2.227819710969924927e-01 -2.028592079877853394e-01 -2.499777525663375854e-01 -2.128841131925582886e-01 -2.296087294816970825e-01 -2.236702293157577515e-01
-1.282764673233032227e-01 2.242360413074493408e-01 9.930820018053054810e-02 -1.098714396357536316e-01 -7.760839164257049561e-02 -1.435587555170059204e-01 -2.290157042443752289e-02 -1.477008014917373657e-01 -2.504355646669864655e-02 -2.328593283891677856e-01
-2.136380076408386230e-01 2.197162508964538574e-01 -1.664579063653945923e-01 -1.292170584201812744e-01 -1.340258866548538208e-01 -1.487954854965209961e-01 -1.189569011330604553e-01 -9.270684421062469482e-02 -1.553884297609329224e-01 -1.027500554919242859e-01
-1.717247813940048218e-01 -1.788442432880401611e-01 7.721386104822158813e-02 -1.152216419577598572e-01 7.683677226305007935e-02 -1.553591340780258179e-01 8.116563409566879272e-02 4.038198292255401611e-02 -4.976907745003700256e-02 -3.456125780940055847e-02
-2.532622218132019043e-01 -8.040055632591247559e-02 -1.995025575160980225e-01 -1.862855553627014160e-01 -2.213506996631622314e-01 -1.862710565328598022e-01 -2.343503087759017944e-01 -1.831521391868591309e-01 -2.053429633378982544e-01 -1.996053457260131836e-01
1.808258704841136932e-02 -2.683455049991607666e-01 -1.100066080689430237e-01 -1.933428645133972168e-01 6.237378716468811035e-02 1.685592532157897949e-01 1.746785193681716919e-01 4.323958978056907654e-02 -2.103754132986068726e-01 5.922293663024902344e-02
1.809359043836593628e-01 -2.704545669257640839e-02 -3.981177806854248047e-01 2.260938733816146851e-01 -2.998838126659393311e-01 2.056030631065368652e-01 -1.146745905280113220e-01 -3.004928827285766602e-01 5.653440207242965698e-02 -8.040837198495864868e-02
1.392213162034749985e-02 -1.829905360937118530e-01 1.903495937585830688e-01 1.185486465692520142e-01 -2.783522568643093109e-02 -1.889175772666931152e-01 -3.585174977779388428e-01 5.177335813641548157e-02 -3.643324971199035645e-02 -1.774652451276779175e-01
1.403804570436477661e-01 -1.264022141695022583e-01 1.792600005865097046e-01 1.142001599073410034e-01 -1.180636510252952576e-01 -1.291007399559020996e-01 -3.125510215759277344e-01 2.113886922597885132e-01 -1.257003098726272583e-01 -2.077733278274536133e-01
-2.575820386409759521e-01 -1.411455869674682617e-01 -2.219113111495971680e-01 -2.119832336902618408e-01 -2.270730733871459961e-01 -1.951806843280792236e-01 -2.427351027727127075e-01 -1.987206637859344482e-01 -2.344309538602828979e-01 -2.190660089254379272e-01
-1.618422865867614746e-01 3.009740114212036133e-01 -1.654524803161621094e-01 -1.208586916327476501e-01 -1.017365381121635437e-01 -1.613905280828475952e-01 -2.200112305581569672e-02 -1.435090750455856323e-01 -1.778924465179443359e-01 -1.612028628587722778e-01
-2.607124745845794678e-01 -1.010317355394363403e-01 -2.131562083959579468e-01 -1.965359449386596680e-01 -2.231833040714263916e-01 -1.736332178115844727e-01 -2.355226576328277588e-01 -1.974203437566757202e-01 -2.158398181200027466e-01 -2.026430368423461914e-01
-2.555173933506011963e-01 -1.106386557221412659e-01 -2.024862617254257202e-01 -1.778217405080795288e-01 -2.137827575206756592e-01 -1.684030443429946899e-01 -2.322448790073394775e-01 -1.902013272047042847e-01 -2.019039839506149292e-01 -1.915043741464614868e-01
1.249755918979644775e-01 -2.706480622291564941e-01 -1.650154963135719299e-02 -1.533846743404865265e-02 -4.332432448863983154e-01 -9.513326734304428101e-02 1.091104447841644287e-01 -2.415159046649932861e-01 -4.201215505599975586e-01 -3.109693229198455811e-01
-2.553291320800781250e-01 -1.288227587938308716e-01 -2.172778397798538208e-01 -2.072451412677764893e-01 -2.347694784402847290e-01 -1.954221725463867188e-01 -2.519605159759521484e-01 -2.041969150304794312e-01 -2.260289937257766724e-01 -2.107908725738525391e-01
-2.490485608577728271e-01 -8.920076489448547363e-02 -1.975364685058593750e-01 -1.909800767898559570e-01 -2.209621518850326538e-01 -1.889421641826629639e-01 -2.382104843854904175e-01 -1.879843622446060181e-01 -2.089848816394805908e-01 -2.025067955255508423e-01
-2.604981362819671631e-01 -1.435641497373580933e-01 -2.172419130802154541e-01 -2.096358686685562134e-01 -2.307689636945724487e-01 -1.941045820713043213e-01 -2.500275671482086182e-01 -2.039293944835662842e-01 -2.282740622758865356e-01 -2.224003672599792480e-01
-6.450683623552322388e-02 -3.967028558254241943e-01 -1.095018759369850159e-01 -2.943181395530700684e-01 8.632079511880874634e-02 -1.210386380553245544e-01 1.949467360973358154e-01 -1.599552482366561890e-02 -4.262374043464660645e-01 -2.579113282263278961e-02
-2.534495592117309570e-01 -1.625487357378005981e-01 -2.241001576185226440e-01 -2.061924040317535400e-01 -2.167893499135971069e-01 -1.936386972665786743e-01 -2.363004237413406372e-01 -1.907657980918884277e-01 -2.222595214843750000e-01 -2.069476395845413208e-01
-2.476370632648468018e-01 -1.186859831213951111e-01 -1.091035529971122742e-01 9.981703758239746094e-02 1.052563078701496124e-02 1.990882866084575653e-02 -2.615702152252197266e-01 1.152404993772506714e-01 2.140023857355117798e-01 1.849407702684402466e-01
-2.519280016422271729e-01 -1.127456501126289368e-01 -2.116701751947402954e-01 -1.981035619974136353e-01 -2.277535796165466309e-01 -1.942900717258453369e-01 -2.343459129333496094e-01 -2.020211815834045410e-01 -2.100578248500823975e-01 -2.121912539005279541e-01
-1.324260532855987549e-01 -2.479749023914337158e-01 -2.085428833961486816e-01 1.532596945762634277e-01 -7.400021702051162720e-02 2.836949750781059265e-02 -1.506220996379852295e-01 -3.663378953933715820e-02 8.614304661750793457e-02 2.382101677358150482e-02
-2.100128680467605591e-01 -1.539651304483413696e-01 -2.151756882667541504e-01 -1.208165511488914490e-01 3.411621153354644775e-01 -6.058679893612861633e-02 -3.151470050215721130e-02 3.498053923249244690e-02 -2.078171670436859131e-01 1.989690065383911133e-01
-2.546254992485046387e-01 -9.968347847461700439e-02 -2.104783654212951660e-01 -1.928835362195968628e-01 -2.246833443641662598e-01 -1.853837221860885620e-01 -2.395682483911514282e-01 -1.829059422016143799e-01 -2.053582370281219482e-01 -1.973370313644409180e-01
3.445259854197502136e-02 -2.007941603660583496e-01 5.673735961318016052e-02 -7.661924697458744049e-03 -3.522655665874481201e-01 -1.168803423643112183e-01 6.771570444107055664e-02 1.440486311912536621e-01 -1.321783959865570068e-01 -1.197428628802299500e-01
-2.496899962425231934e-01 -7.859125733375549316e-02 -2.058832347393035889e-01 -1.871458888053894043e-01 -2.286378443241119385e-01 -1.856912523508071899e-01 -2.413348704576492310e-01 -1.736463904380798340e-01 -2.073545455932617188e-01 -1.995388120412826538e-01
-1.027897223830223083e-01 3.567028641700744629e-01 -1.289819628000259399e-01 -2.215571701526641846e-01 -6.176250055432319641e-02 -2.140640467405319214e-01 -3.872148320078849792e-02 -1.558061987161636353e-01 -1.973056197166442871e-01 -2.074734866619110107e-01
-1.020310446619987488e-01 4.371444880962371826e-01 -1.664485484361648560e-01 -1.948891580104827881e-01 -3.167933225631713867e-02 -2.096955031156539917e-01 -1.906132698059082031e-02 -8.585243672132492065e-02 -1.787030398845672607e-01 -1.426324248313903809e-01
-1.310104429721832275e-01 1.216044127941131592e-01 -1.745392978191375732e-01 -1.660699546337127686e-01 1.000921204686164856e-01 -4.492096602916717529e-03 -1.452452242374420166e-01 1.873942911624908447e-01 -2.821184508502483368e-02 3.416869789361953735e-02
-2.603341341018676758e-01 -3.300110399723052979e-01 1.591894924640655518e-01 1.675624996423721313e-01 5.481426790356636047e-02 -7.970443367958068848e-02 -1.708897650241851807e-01 -4.513122513890266418e-02 3.559032455086708069e-02 1.791319102048873901e-01
-1.362743228673934937e-01 -7.933321595191955566e-02 -1.691737920045852661e-01 -1.051520258188247681e-01 1.098509654402732849e-01 1.364512443542480469e-01 -2.068520635366439819e-01 2.294168770313262939e-01 6.985960155725479126e-02 7.523239403963088989e-02
1.044296845793724060e-01 -1.197016909718513489e-01 2.014372497797012329e-01 -1.918070912361145020e-01 -2.184985280036926270e-01 -2.068743258714675903e-01 -1.917636580765247345e-02 6.506305932998657227e-02 5.999639257788658142e-02 -1.799655407667160034e-01
-2.544106245040893555e-01 -1.061342433094978333e-01 -2.144939452409744263e-01 -2.045052647590637207e-01 -2.241694033145904541e-01 -2.010639160871505737e-01 -2.396277487277984619e-01 -1.982360035181045532e-01 -2.151269614696502686e-01 -2.161035090684890747e-01
-2.627513706684112549e-01 -1.313924193382263184e-01 -2.231895625591278076e-01 -2.024530172348022461e-01 -2.217542976140975952e-01 -1.910930126905441284e-01 -2.424307614564895630e-01 -1.908135116100311279e-01 -2.191950827836990356e-01 -2.113156914710998535e-01
-2.284466624259948730e-01 -1.190237551927566528e-01 1.406328231096267700e-01 -6.706910580396652222e-02 2.411168366670608521e-01 -1.466169804334640503e-01 2.433754950761795044e-01 -4.159421324729919434e-01 -9.044793248176574707e-02 -3.577432408928871155e-02
-1.289814710617065430e-01 3.212240934371948242e-01 -1.132215410470962524e-01 -8.070577681064605713e-02 -4.861150681972503662e-02 -1.526991128921508789e-01 9.551332890987396240e-02 -1.350848972797393799e-01 -1.464754790067672729e-01 -1.603486388921737671e-01
-2.535794675350189209e-01 -1.365438103675842285e-01 -2.029633671045303345e-01 -1.926423311233520508e-01 -2.162042111158370972e-01 -1.672391444444656372e-01 -2.407321482896804810e-01 -1.742907315492630005e-01 -2.109299451112747192e-01 -1.943730413913726807e-01
-1.350013911724090576e-01 2.518284022808074951e-01 -9.658380597829818726e-02 -3.533510118722915649e-02 -5.574151873588562012e-02 -1.094557568430900574e-01 1.000856235623359680e-01 -1.302829384803771973e-01 -1.211363077163696289e-01 -1.306999027729034424e-01
-2.538649439811706543e-01 -8.174338936805725098e-02 -2.023190259933471680e-01 -1.836578547954559326e-01 -2.268905192613601685e-01 -1.832364946603775024e-01 -2.318603545427322388e-01 -1.902470141649246216e-01 -2.077543288469314575e-01 -2.023036777973175049e-01
-2.696074359118938446e-02 -3.116977773606777191e-02 -3.144185245037078857e-01 2.554408609867095947e-01 -4.199691116809844971e-02 2.401252090930938721e-01 7.337355613708496094e-02 -3.668556213378906250e-01 2.027262449264526367e-01 -2.620418556034564972e-02
-9.428657591342926025e-02 1.326798498630523682e-01 1.531228125095367432e-01 -1.587321162223815918e-01 -1.830372959375381470e-02 1.068364158272743225e-01 1.630477756261825562e-01 -7.021017372608184814e-02 2.236914485692977905e-01 1.198947429656982422e-02
-2.607074975967407227e-01 -1.120721027255058289e-01 -2.089056521654129028e-01 -1.945322602987289429e-01 -2.109408080577850342e-01 -1.843114644289016724e-01 -2.309829592704772949e-01 -1.756483912467956543e-01 -2.112143635749816895e-01 -2.109167426824569702e-01
-9.939293563365936279e-02 -2.373108714818954468e-01 1.675750315189361572e-01 -2.440664917230606079e-01 -1.032817065715789795e-01 -2.981674969196319580e-01 2.905429154634475708e-02 1.040137633681297302e-01 -1.690617501735687256e-01 -1.908427774906158447e-01
-2.581429481506347656e-01 -1.177619770169258118e-01 -2.228760123252868652e-01 -2.012904584407806396e-01 -2.293769717216491699e-01 -1.904682815074920654e-01 -2.480977326631546021e-01 -1.907520592212677002e-01 -2.200096398591995239e-01 -2.114716768264770508e-01
-2.521840035915374756e-01 -7.764975726604461670e-02 -1.976175755262374878e-01 -1.620167791843414307e-01 -2.023740559816360474e-01 -1.631044894456863403e-01 -2.202873080968856812e-01 -1.694021970033645630e-01 -1.912055909633636475e-01 -1.688470840454101562e-01
-2.540519833564758301e-01 1.052019931375980377e-02 -2.037644237279891968e-01 -1.864804923534393311e-01 -2.220409363508224487e-01 -1.999080032110214233e-01 -2.353518754243850708e-01 -1.752866208553314209e-01 -2.039814591407775879e-01 -1.812906563282012939e-01
-9.913243353366851807e-02 3.992102444171905518e-01 -9.691009670495986938e-02 -1.848079860210418701e-01 -5.342348664999008179e-02 -1.951889991760253906e-01 2.003528364002704620e-02 -1.674546152353286743e-01 -1.485980451107025146e-01 -2.074542194604873657e-01
-2.544656693935394287e-01 -1.230593621730804443e-01 -2.004683613777160645e-01 -1.765855550765991211e-01 -2.133328318595886230e-01 -1.721992641687393188e-01 -2.405124306678771973e-01 -1.726805567741394043e-01 -2.044361829757690430e-01 -1.947711408138275146e-01
-2.532610297203063965e-01 -1.385144591331481934e-01 -2.052040696144104004e-01 -1.779901236295700073e-01 -1.913354247808456421e-01 -1.613667756319046021e-01 -2.219981104135513306e-01 -1.805996745824813843e-01 -1.987856477499008179e-01 -1.881690919399261475e-01
9.180189669132232666e-02 -4.564909934997558594e-01 -3.560319542884826660e-01 1.890548616647720337e-01 -4.679004549980163574e-01 7.604970037937164307e-02 -5.029593110084533691e-01 1.149946674704551697e-01 5.962643306702375412e-03 -6.888403743505477905e-02
6.141391769051551819e-02 -1.482364982366561890e-01 -1.659643501043319702e-01 -1.563120633363723755e-01 1.303314715623855591e-01 1.150895208120346069e-01 7.898051291704177856e-02 -2.424292266368865967e-01 5.559403821825981140e-02 1.944506764411926270e-01
8.457905799150466919e-02 -6.345890462398529053e-02 1.159483715891838074e-01 -1.267555207014083862e-01 -2.160019576549530029e-01 -1.181285362690687180e-02 1.534725725650787354e-01 -2.626220583915710449e-01 -1.415394395589828491e-01 -3.670684397220611572e-01
-2.544540762901306152e-01 -1.319630891084671021e-01 -2.051047086715698242e-01 -1.984507739543914795e-01 -2.059135735034942627e-01 -1.810252815485000610e-01 -2.310213595628738403e-01 -1.794540733098983765e-01 -2.067267596721649170e-01 -1.914028525352478027e-01
-2.558990120887756348e-01 -1.055574566125869751e-01 -2.238497287034988403e-01 -2.086993604898452759e-01 -2.359933108091354370e-01 -2.029788047075271606e-01 -2.520949542522430420e-01 -2.005391418933868408e-01 -2.237880527973175049e-01 -2.171933501958847046e-01
-2.523799836635589600e-01 -1.090137436985969543e-01 -2.130566239356994629e-01 -1.916492432355880737e-01 -2.140747457742691040e-01 -1.816620081663131714e-01 -2.396053969860076904e-01 -1.819130927324295044e-01 -2.144358456134796143e-01 -1.989313960075378418e-01
-9.554343670606613159e-02 4.341990947723388672e-01 -1.517159938812255859e-01 -2.178500294685363770e-01 -6.518109887838363647e-02 -2.246603369712829590e-01 -1.632221601903438568e-02 -1.863076537847518921e-01 -2.149315327405929565e-01 -2.213755100965499878e-01
-9.863454103469848633e-02 4.255834221839904785e-01 -1.405371427536010742e-01 -2.243550866842269897e-01 -5.983720719814300537e-02 -2.080526202917098999e-01 -2.636598609387874603e-02 -1.663938164710998535e-01 -2.004806101322174072e-01 -2.143180817365646362e-01
-1.044159457087516785e-01 1.588669270277023315e-01 -8.902107179164886475e-02 -5.139202624559402466e-02 -2.570763975381851196e-02 -3.000249527394771576e-02 6.334445625543594360e-02 1.935440897941589355e-01 -1.049530431628227234e-01 7.068140804767608643e-02
-5.992967635393142700e-03 1.930677331984043121e-02 -1.999304145574569702e-01 -1.702796220779418945e-01 1.154489889740943909e-01 6.527841836214065552e-02 -2.421331591904163361e-03 1.045806780457496643e-01 2.921142801642417908e-02 -3.353514242917299271e-03
1.649052649736404419e-01 -5.086048245429992676e-01 -3.541571795940399170e-01 -7.542101293802261353e-02 -3.129382133483886719e-01 1.083336994051933289e-01 -5.143319368362426758e-01 6.642646342515945435e-02 -1.056604310870170593e-01 1.479592919349670410e-01
-2.559568285942077637e-01 -1.468228995800018311e-01 -2.255508750677108765e-01 -2.119003236293792725e-01 -2.292717248201370239e-01 -1.972410827875137329e-01 -2.436849921941757202e-01 -1.997709423303604126e-01 -2.241324037313461304e-01 -2.186798155307769775e-01
-3.562950193881988525e-01 -2.626619115471839905e-02 2.355182617902755737e-01 -3.941231071949005127e-01 2.325463742017745972e-01 -3.129389584064483643e-01 2.545141577720642090e-01 -9.871158003807067871e-02 2.355555146932601929e-01 1.876012384891510010e-01
1.581498235464096069e-01 -2.769065201282501221e-01 -3.996563255786895752e-01 -4.695203900337219238e-01 1.702453047037124634e-01 1.047791987657546997e-01 1.709959208965301514e-01 -2.788850069046020508e-01 -1.837288141250610352e-01 1.548174023628234863e-01
-8.021925576031208038e-03 -1.118915379047393799e-01 8.898393064737319946e-02 5.649757012724876404e-02 1.095592230558395386e-01 9.143014252185821533e-02 -1.098046377301216125e-01 -1.771699339151382446e-01 -1.671788655221462250e-02 -4.065514542162418365e-03
-1.172128021717071533e-01 1.725671887397766113e-01 -1.739664375782012939e-01 -1.765232384204864502e-01 6.888159364461898804e-02 -2.758337184786796570e-02 -1.171792969107627869e-01 1.939579844474792480e-01 -5.080151185393333435e-02 5.058432742953300476e-02
-2.487082481384277344e-01 6.590522080659866333e-02 -2.087654024362564087e-01 -1.856776326894760132e-01 -2.098443061113357544e-01 -1.854390054941177368e-01 -2.231994271278381348e-01 -1.839419603347778320e-01 -2.052957713603973389e-01 -1.909930855035781860e-01
-2.537748813629150391e-01 -1.045047640800476074e-01 -2.066758871078491211e-01 -1.863506734371185303e-01 -2.299270778894424438e-01 -1.817899644374847412e-01 -2.428263723850250244e-01 -1.956698596477508545e-01 -2.154882103204727173e-01 -2.150771319866180420e-01
-2.039128243923187256e-01 6.233089044690132141e-02 1.808042973279953003e-01 1.622022092342376709e-01 -3.390026465058326721e-02 8.679281920194625854e-02 -7.936802506446838379e-02 3.994737938046455383e-02 2.813494801521301270e-01 -1.806925609707832336e-02
-2.495887577533721924e-01 -2.559969127178192139e-01 -1.555063575506210327e-01 -1.702874898910522461e-01 3.607906997203826904e-01 -1.668025702238082886e-01 -2.557935416698455811e-01 2.468182444572448730e-01 -2.884228527545928955e-01 1.295100897550582886e-01
-1.395469605922698975e-01 1.624662280082702637e-01 -1.224989257752895355e-02 7.286269962787628174e-02 -3.467101976275444031e-02 9.664811939001083374e-02 1.254132986068725586e-01 -5.621144920587539673e-02 -2.010367624461650848e-02 -1.802571676671504974e-02
1.781383603811264038e-01 -7.135190814733505249e-02 -3.354392349720001221e-01 5.535119026899337769e-02 -7.432428002357482910e-02 1.313509196043014526e-01 1.588708758354187012e-01 1.851946301758289337e-02 6.591024994850158691e-02 8.402564376592636108e-02
-2.134331688284873962e-02 -6.024458631873130798e-02 9.239045530557632446e-02 -1.597766429185867310e-01 1.304114460945129395e-01 -3.887182474136352539e-02 1.336846947669982910e-01 -2.817038297653198242e-01 -6.610944867134094238e-02 7.318888604640960693e-02
8.270652033388614655e-03 -1.472939550876617432e-01 8.964616060256958008e-02 1.778105199337005615e-01 6.439734250307083130e-02 6.672977656126022339e-02 -1.415002644062042236e-01 2.618090249598026276e-03 -2.752210572361946106e-02 4.967190325260162354e-02
-2.473643124103546143e-01 2.827922813594341278e-02 -2.009792774915695190e-01 -1.774512976408004761e-01 -2.205519825220108032e-01 -1.875877976417541504e-01 -2.169906347990036011e-01 -1.891803443431854248e-01 -1.917646229267120361e-01 -1.999114602804183960e-01
1.396744102239608765e-01 -5.860039964318275452e-02 1.513922959566116333e-01 2.049453705549240112e-01 -4.038926213979721069e-02 4.281180724501609802e-02 -1.029643639922142029e-01 3.081673085689544678e-01 -1.010770052671432495e-01 -5.188972502946853638e-02
-2.551729977130889893e-01 -1.342447996139526367e-01 -2.245450317859649658e-01 -2.096501439809799194e-01 -2.175796926021575928e-01 -1.955088376998901367e-01 -2.450222522020339966e-01 -1.965823322534561157e-01 -2.169621884822845459e-01 -2.113636732101440430e-01
-2.501860857009887695e-01 8.172201365232467651e-02 -2.038908600807189941e-01 -1.750857681035995483e-01 -2.152214348316192627e-01 -1.829627454280853271e-01 -2.282011508941650391e-01 -1.722614020109176636e-01 -1.954190880060195923e-01 -1.868773549795150757e-01
-2.889972329139709473e-01 1.903083622455596924e-01 2.486763522028923035e-03 3.214841187000274658e-01 -8.388590812683105469e-02 1.567739993333816528e-01 -2.191668748855590820e-01 -4.065043292939662933e-03 1.903973370790481567e-01 -4.536562412977218628e-02
-2.549439668655395508e-01 -6.269601732492446899e-02 -2.114601880311965942e-01 -1.867108792066574097e-01 -2.250837236642837524e-01 -1.829806864261627197e-01 -2.390889674425125122e-01 -1.787774115800857544e-01 -2.097851783037185669e-01 -2.008689343929290771e-01
4.193514958024024963e-02 -1.619564592838287354e-01 1.823132932186126709e-01 4.581646621227264404e-02 -6.198640167713165283e-02 -1.673332154750823975e-01 -3.329880833625793457e-01 7.650917023420333862e-02 -1.824232004582881927e-02 -1.627187132835388184e-01
-2.509136199951171875e-01 -1.318616271018981934e-01 -1.918539255857467651e-01 -1.825451403856277466e-01 -1.929335445165634155e-01 -1.600190252065658569e-01 -2.355646044015884399e-01 -1.483602821826934814e-01 -2.014313489198684692e-01 -1.848281770944595337e-01
-2.476515769958496094e-01 7.047995924949645996e-02 -2.038586586713790894e-01 -1.816988140344619751e-01 -2.172704786062240601e-01 -1.840834170579910278e-01 -2.197961360216140747e-01 -1.633715331554412842e-01 -1.976887434720993042e-01 -1.819008141756057739e-01
-1.143621355295181274e-01 3.932620882987976074e-01 -1.800786107778549194e-01 -1.724241822957992554e-01 -7.429154217243194580e-02 -2.144945710897445679e-01 -2.771950885653495789e-02 -1.698644310235977173e-01 -2.065880596637725830e-01 -1.973441839218139648e-01
-2.538572549819946289e-01 -6.962638348340988159e-02 -2.221528291702270508e-01 -1.975615620613098145e-01 -2.140427231788635254e-01 -1.862974315881729126e-01 -2.401961982250213623e-01 -1.853838115930557251e-01 -2.130630314350128174e-01 -1.904280781745910645e-01
-2.521974146366119385e-01 -5.984733998775482178e-02 -1.981072723865509033e-01 -1.807670891284942627e-01 -2.214661240577697754e-01 -1.801246404647827148e-01 -2.274507135152816772e-01 -1.909015029668807983e-01 -1.962953358888626099e-01 -1.992873847484588623e-01
-1.197916790843009949e-01 2.928965389728546143e-01 1.533386018127202988e-02 -1.302438378334045410e-01 -4.548432677984237671e-02 -1.144972145557403564e-01 8.741153404116630554e-03 -1.219009831547737122e-01 3.284894675016403198e-02 -2.063480913639068604e-01
-2.518717348575592041e-01 4.445950314402580261e-02 -2.073536962270736694e-01 -1.854280829429626465e-01 -2.261483520269393921e-01 -1.923258900642395020e-01 -2.315476983785629272e-01 -1.831458359956741333e-01 -2.024730741977691650e-01 -1.972450166940689087e-01
-2.512770891189575195e-01 -5.883655976504087448e-03 -1.897114217281341553e-01 -1.708521842956542969e-01 -1.937229186296463013e-01 -1.698306202888488770e-01 -2.311675995588302612e-01 -9.583726525306701660e-02 -1.928360015153884888e-01 -1.398370265960693359e-01
-2.546057403087615967e-01 -8.144042640924453735e-02 -1.979218274354934692e-01 -1.833172887563705444e-01 -2.173683494329452515e-01 -1.794923841953277588e-01 -2.335727065801620483e-01 -1.913295090198516846e-01 -1.992016136646270752e-01 -2.010747790336608887e-01
-1.529332101345062256e-01 1.375102549791336060e-01 -1.696860641241073608e-01 -1.304931491613388062e-01 1.724885851144790649e-01 8.139634132385253906e-02 -1.534438282251358032e-01 2.660144269466400146e-01 1.153406202793121338e-01 7.994531840085983276e-02
-1.912712603807449341e-01 1.116057038307189941e-01 1.361524313688278198e-01 3.133814334869384766e-01 -2.025161385536193848e-01 -9.319934062659740448e-03 8.325489610433578491e-02 -2.211963683366775513e-01 -2.550354599952697754e-02 -2.717622518539428711e-01
-6.413741502910852432e-03 -2.130315750837326050e-01 -3.960587978363037109e-01 -3.123404383659362793e-01 8.759351447224617004e-03 9.563774615526199341e-02 9.009465575218200684e-02 -3.292893469333648682e-01 -4.285210371017456055e-02 -6.684949994087219238e-02
-9.578856080770492554e-02 2.075694799423217773e-01 -4.290277883410453796e-02 -5.969238653779029846e-02 4.378643259406089783e-02 -1.321790665388107300e-01 -9.001743793487548828e-02 2.988385260105133057e-01 9.520603716373443604e-02 1.984460949897766113e-01
-1.021579504013061523e-01 -2.645239233970642090e-01 1.219269633293151855e-02 -2.812664210796356201e-01 5.924614146351814270e-02 -1.131236329674720764e-01 -3.672853708267211914e-01 -3.828879892826080322e-01 5.242502689361572266e-02 -1.819102466106414795e-01
-1.140550449490547180e-01 3.081704676151275635e-01 -8.875062316656112671e-02 -1.947757899761199951e-01 9.677207097411155701e-03 -1.248971372842788696e-01 1.275603659451007843e-02 -1.864628121256828308e-02 -2.917424961924552917e-02 -7.443495839834213257e-02
2.872014343738555908e-01 -2.742052972316741943e-01 -3.007523417472839355e-01 -3.812633454799652100e-01 -8.667591214179992676e-02 -1.284222155809402466e-01 -3.709714114665985107e-01 -4.868725081905722618e-04 -3.867806196212768555e-01 -6.357538700103759766e-02
-2.528192400932312012e-01 -1.450999230146408081e-01 -2.207101583480834961e-01 -2.094339579343795776e-01 -2.307915538549423218e-01 -1.928912848234176636e-01 -2.522206604480743408e-01 -1.914924234151840210e-01 -2.230974882841110229e-01 -2.180628478527069092e-01
-1.037119328975677490e-01 2.005456537008285522e-01 -7.642777264118194580e-02 3.617960959672927856e-02 2.263022400438785553e-02 -1.427121758460998535e-01 -1.103082001209259033e-01 3.351272046566009521e-01 -8.800445497035980225e-02 3.046409487724304199e-01
2.603031694889068604e-01 -3.150050640106201172e-01 -2.915641069412231445e-01 -3.415967822074890137e-01 1.506224647164344788e-02 -3.100515604019165039e-01 -1.383470594882965088e-01 4.648383706808090210e-02 -3.847565948963165283e-01 -9.711492061614990234e-02
-1.153802052140235901e-01 3.403102457523345947e-01 -1.001043766736984253e-01 -7.778388261795043945e-02 -5.221930518746376038e-02 -1.670644581317901611e-01 5.343190208077430725e-02 -1.437530666589736938e-01 -1.421567052602767944e-01 -1.784138232469558716e-01
-2.587969601154327393e-01 -9.538579732179641724e-02 -2.109155654907226562e-01 -1.945350766181945801e-01 -2.202447205781936646e-01 -1.949366331100463867e-01 -2.366712987422943115e-01 -1.824758946895599365e-01 -2.011121660470962524e-01 -1.884710341691970825e-01
-1.192473992705345154e-01 2.212809175252914429e-01 -4.185617901384830475e-03 -9.235983341932296753e-02 -9.240667335689067841e-03 -9.094774723052978516e-02 -4.045010730624198914e-02 1.684594303369522095e-01 2.123009040951728821e-02 2.526653744280338287e-02
7.265754044055938721e-02 -3.408136367797851562e-01 -4.194597601890563965e-01 9.365496039390563965e-02 -3.115599155426025391e-01 -3.645467385649681091e-02 -4.227522909641265869e-01 -1.446261405944824219e-01 -3.824607133865356445e-01 -2.958402037620544434e-01
-9.837856888771057129e-02 4.101848006248474121e-01 -1.702962815761566162e-01 -2.246556133031845093e-01 -5.740322545170783997e-02 -2.262315452098846436e-01 -2.944298461079597473e-02 -1.579651683568954468e-01 -2.064736783504486084e-01 -2.130356132984161377e-01
-2.519856989383697510e-01 -1.377980411052703857e-01 -2.114729285240173340e-01 -2.000879198312759399e-01 -2.124494314193725586e-01 -1.802169680595397949e-01 -2.362398356199264526e-01 -1.836780458688735962e-01 -2.133103907108306885e-01 -2.029199898242950439e-01
-2.530624866485595703e-01 -1.434876918792724609e-01 -2.191086411476135254e-01 -2.064631432294845581e-01 -2.224918901920318604e-01 -1.859533935785293579e-01 -2.450024336576461792e-01 -1.849513202905654907e-01 -2.264896482229232788e-01 -2.080308049917221069e-01
-2.421137392520904541e-01 -1.173769980669021606e-01 2.395331561565399170e-01 -1.054136380553245544e-01 1.925161778926849365e-01 -1.985571235418319702e-01 2.750090062618255615e-01 -1.826772838830947876e-01 2.834256738424301147e-02 8.738806098699569702e-02
-2.489065378904342651e-01 -5.523403361439704895e-02 -2.077730149030685425e-01 -1.812307834625244141e-01 -2.197544872760772705e-01 -1.920446455478668213e-01 -2.357210218906402588e-01 -1.751062721014022827e-01 -2.025383412837982178e-01 -1.910222470760345459e-01
-1.143317297101020813e-01 1.959319710731506348e-01 -1.164595410227775574e-01 -5.518260970711708069e-02 2.376954704523086548e-01 -4.026946052908897400e-02 -4.939743317663669586e-03 2.622321546077728271e-01 -1.299726217985153198e-01 2.826002240180969238e-01
-2.532687485218048096e-01 -9.310866147279739380e-02 -2.060072124004364014e-01 -1.860754638910293579e-01 -2.148862481117248535e-01 -1.705132424831390381e-01 -2.205654531717300415e-01 -1.844360381364822388e-01 -2.131241708993911743e-01 -1.783852726221084595e-01
-2.604857385158538818e-01 -6.003612279891967773e-02 -2.047655731439590454e-01 -1.756002902984619141e-01 -2.058202624320983887e-01 -1.717329323291778564e-01 -2.280970215797424316e-01 -1.606845855712890625e-01 -2.035733610391616821e-01 -1.800638139247894287e-01
-8.985375612974166870e-02 4.363672733306884766e-01 -1.237405464053153992e-01 -2.095092833042144775e-01 -5.401010066270828247e-02 -2.142543345689773560e-01 -1.397926360368728638e-02 -1.769960224628448486e-01 -1.980154514312744141e-01 -2.097335457801818848e-01
-2.580934762954711914e-01 -8.579818904399871826e-02 -1.904692947864532471e-01 -1.888131350278854370e-01 -2.232036739587783813e-01 -1.789781302213668823e-01 -2.362754046916961670e-01 -1.784767955541610718e-01 -2.079569399356842041e-01 -2.003004401922225952e-01
-2.475769370794296265e-01 -1.147969067096710205e-01 -2.041203081607818604e-01 -1.945801824331283569e-01 -2.056949138641357422e-01 -1.637554168701171875e-01 -2.319044619798660278e-01 -1.741070002317428589e-01 -2.168145477771759033e-01 -1.841145008802413940e-01
-2.549203336238861084e-01 -3.068715520203113556e-02 -2.126275449991226196e-01 -1.909099519252777100e-01 -2.258435189723968506e-01 -1.854452788829803467e-01 -2.372711598873138428e-01 -1.652151495218276978e-01 -2.141264677047729492e-01 -1.972057223320007324e-01
-2.520564496517181396e-01 -9.190415591001510620e-02 -2.194198817014694214e-01 -1.913102269172668457e-01 -2.186369150876998901e-01 -1.772849708795547485e-01 -2.315671443939208984e-01 -1.772919893264770508e-01 -2.131360918283462524e-01 -2.044562697410583496e-01
-2.512524425983428955e-01 -1.162272393703460693e-01 -2.198869138956069946e-01 -2.053804248571395874e-01 -2.336449027061462402e-01 -1.889339238405227661e-01 -2.385971248149871826e-01 -2.090452909469604492e-01 -2.193389534950256348e-01 -2.150728851556777954e-01
1.819263212382793427e-02 -2.233345657587051392e-01 -3.979057371616363525e-01 -4.778569340705871582e-01 6.722926045767962933e-04 -1.267283856868743896e-01 -6.646777689456939697e-02 -3.150258958339691162e-01 -1.621794849634170532e-01 -1.482213884592056274e-01
-1.235596537590026855e-01 3.924049139022827148e-01 -1.789639443159103394e-01 -1.978888660669326782e-01 -6.585332006216049194e-02 -1.969539523124694824e-01 -2.728659100830554962e-02 -1.357533931732177734e-01 -1.908682137727737427e-01 -1.819113343954086304e-01
-2.564417421817779541e-01 -1.386270970106124878e-01 -2.062957137823104858e-01 -1.875807195901870728e-01 -2.150079607963562012e-01 -1.805009841918945312e-01 -2.375359982252120972e-01 -2.005566507577896118e-01 -2.065481245517730713e-01 -2.270591259002685547e-01
-2.471540123224258423e-01 -1.070015132427215576e-01 -1.959714740514755249e-01 -1.679908484220504761e-01 -2.122446447610855103e-01 -1.683891713619232178e-01 -2.265773415565490723e-01 -1.771156042814254761e-01 -1.945258677005767822e-01 -1.888319849967956543e-01
-2.544349431991577148e-01 -1.616873443126678467e-01 -2.089940905570983887e-01 -1.890334933996200562e-01 -2.141756862401962280e-01 -1.854343265295028687e-01 -2.288113236427307129e-01 -1.852585226297378540e-01 -2.275960594415664673e-01 -2.034012973308563232e-01
1.662510074675083160e-02 -4.739015921950340271e-02 -5.731802061200141907e-02 -1.545388251543045044e-01 -2.547282492741942406e-03 1.053255349397659302e-01 1.166170760989189148e-01 -1.808533519506454468e-01 -5.352950468659400940e-02 -4.846435505896806717e-03
1.078959330916404724e-01 -3.362603113055229187e-02 -2.610949873924255371e-01 2.847908996045589447e-03 7.329986989498138428e-02 3.152354955673217773e-01 2.669059634208679199e-01 -6.313167046755552292e-03 6.416237354278564453e-02 1.643745601177215576e-01
8.734434843063354492e-02 -6.721266359090805054e-02 1.612396836280822754e-01 -9.603803604841232300e-02 -4.259846508502960205e-01 -1.395261585712432861e-01 2.009450346231460571e-01 -3.156611323356628418e-01 -1.735310107469558716e-01 -3.906993865966796875e-01
-2.568787336349487305e-01 -1.394696235656738281e-01 -2.198868542909622192e-01 -2.101097106933593750e-01 -2.367909401655197144e-01 -1.999396979808807373e-01 -2.449079155921936035e-01 -2.017717659473419189e-01 -2.259952872991561890e-01 -2.268497049808502197e-01
-9.719815105199813843e-02 2.856957539916038513e-02 1.788613051176071167e-01 1.133313053287565708e-03 1.434603007510304451e-03 1.691915281116962433e-02 8.050788938999176025e-02 -2.325998097658157349e-01 -6.056344881653785706e-02 -1.120628863573074341e-01
-2.594678997993469238e-01 -6.507633626461029053e-02 -2.141974419355392456e-01 -1.746365129947662354e-01 -2.019180804491043091e-01 -1.689238101243972778e-01 -2.367450892925262451e-01 -1.639934182167053223e-01 -2.058048099279403687e-01 -1.680564582347869873e-01
-2.531263828277587891e-01 -1.100418120622634888e-01 -1.984234750270843506e-01 -1.707484871149063110e-01 -1.923473477363586426e-01 -1.593371629714965820e-01 -2.273949831724166870e-01 -1.506368368864059448e-01 -1.940527558326721191e-01 -1.479839235544204712e-01
-2.506615817546844482e-01 -1.317012310028076172e-01 2.036552280187606812e-01 1.587944179773330688e-01 1.470092535018920898e-01 -9.909593313932418823e-02 1.115059778094291687e-01 -2.417596727609634399e-01 1.021578609943389893e-01 2.724376134574413300e-02
-2.911223769187927246e-01 -1.792519539594650269e-01 1.587575972080230713e-01 -2.039194554090499878e-01 7.556109130382537842e-02 -2.602055966854095459e-01 5.655846372246742249e-02 -3.602628111839294434e-01 -8.173304051160812378e-02 -2.151928395032882690e-01
-2.466649711132049561e-01 -4.483381286263465881e-02 -2.145326584577560425e-01 -1.926650851964950562e-01 -2.279759347438812256e-01 -1.896405816078186035e-01 -2.402215451002120972e-01 -1.907522529363632202e-01 -2.101309746503829956e-01 -2.065734863281250000e-01
-1.428886950016021729e-01 1.280962973833084106e-01 1.320060789585113525e-01 1.877294629812240601e-01 1.037924643605947495e-02 -1.413208395242691040e-01 -2.010695040225982666e-01 2.305943220853805542e-01 1.662487983703613281e-01 1.650971919298171997e-01
-2.598277628421783447e-01 -1.332290470600128174e-01 -2.083657681941986084e-01 -1.992049068212509155e-01 -2.239603400230407715e-01 -1.792827844619750977e-01 -2.385249286890029907e-01 -1.942661255598068237e-01 -2.199516743421554565e-01 -2.196750044822692871e-01
-1.108906418085098267e-01 2.225322127342224121e-01 -1.691423207521438599e-01 -1.354552954435348511e-01 5.489962920546531677e-02 8.032426983118057251e-02 -9.900119155645370483e-02 2.022875696420669556e-01 9.547768533229827881e-02 7.563472539186477661e-02
2.631612494587898254e-02 -8.896868675947189331e-02 2.025273442268371582e-01 2.021887600421905518e-01 -1.398103684186935425e-01 -1.408197730779647827e-01 -2.611248791217803955e-01 2.242538034915924072e-01 -5.494435131549835205e-02 -1.189734190702438354e-01
-2.510590851306915283e-01 5.925218015909194946e-02 -2.067871838808059692e-01 -1.764234304428100586e-01 -2.191362380981445312e-01 -1.816544234752655029e-01 -2.292030453681945801e-01 -1.732543110847473145e-01 -2.039785534143447876e-01 -1.884434819221496582e-01
-2.372232675552368164e-01 -1.142339035868644714e-01 -1.463112607598304749e-02 1.727966070175170898e-01 -1.590793766081333160e-02 -1.162237767130136490e-02 2.358949482440948486e-01 -1.147304568439722061e-02 -6.223480030894279480e-02 9.782018512487411499e-02
-2.547121644020080566e-01 -1.342936754226684570e-01 -1.954823881387710571e-01 -2.071708589792251587e-01 -2.114585191011428833e-01 -1.753172725439071655e-01 -2.344543933868408203e-01 -1.845637559890747070e-01 -2.025065571069717407e-01 -2.136820852756500244e-01
1.834099590778350830e-01 3.012506291270256042e-02 -1.912242472171783447e-01 1.926956176757812500e-01 -2.881142795085906982e-01 1.171609386801719666e-01 6.474027037620544434e-02 -2.975681424140930176e-01 -5.062153935432434082e-02 -3.200474679470062256e-01
-2.532771527767181396e-01 -8.876180648803710938e-02 -2.101648896932601929e-01 -1.975876986980438232e-01 -2.110897898674011230e-01 -1.922223865985870361e-01 -2.475743591785430908e-01 -1.740677356719970703e-01 -2.109650224447250366e-01 -1.926261931657791138e-01
-2.566228806972503662e-01 -1.439868062734603882e-01 -2.214778810739517212e-01 -2.112119942903518677e-01 -2.154246717691421509e-01 -1.849888712167739868e-01 -2.410817891359329224e-01 -1.937246620655059814e-01 -2.245251834392547607e-01 -1.992799788713455200e-01
1.179588437080383301e-01 -7.874524593353271484e-02 -1.431661546230316162e-01 8.223348110914230347e-02 -3.825921416282653809e-01 2.420913428068161011e-02 -2.094710469245910645e-01 -3.007731437683105469e-01 1.161443293094635010e-01 -3.533581197261810303e-01
-1.182016953825950623e-01 -1.703620105981826782e-01 8.984297513961791992e-02 -8.757958561182022095e-02 -2.578085064888000488e-01 -1.647418439388275146e-01 1.787766516208648682e-01 -1.343256980180740356e-02 -8.022601902484893799e-02 -6.278946995735168457e-02
-2.588511705398559570e-01 -4.847154021263122559e-02 -2.070759981870651245e-01 -1.878957599401473999e-01 -2.311921864748001099e-01 -1.775212883949279785e-01 -2.283449470996856689e-01 -1.905074864625930786e-01 -2.118759155273437500e-01 -2.071033865213394165e-01
-2.592642009258270264e-01 -1.066686585545539856e-01 -2.259909361600875854e-01 -1.977351158857345581e-01 -2.091311365365982056e-01 -1.974359750747680664e-01 -2.435713708400726318e-01 -1.703227460384368896e-01 -2.243187129497528076e-01 -1.850243508815765381e-01
-2.500013709068298340e-01 -1.155212298035621643e-01 -2.060607671737670898e-01 -2.047851830720901489e-01 -2.143306583166122437e-01 -1.846950352191925049e-01 -2.363835573196411133e-01 -1.818494796752929688e-01 -2.163542211055755615e-01 -2.037080824375152588e-01
1.043405756354331970e-01 -2.374678850173950195e-01 1.778816580772399902e-01 -1.506613194942474365e-01 -4.489305019378662109e-01 -1.899558007717132568e-01 -2.047584652900695801e-01 -2.574142515659332275e-01 -2.467463016510009766e-01 -3.584164977073669434e-01
-1.443251371383666992e-01 1.320237517356872559e-01 2.086639851331710815e-01 1.604550480842590332e-01 2.424061857163906097e-02 2.472161315381526947e-02 -5.270023643970489502e-02 1.308226585388183594e-01 1.084299460053443909e-01 1.013336256146430969e-01
-2.481173276901245117e-01 7.185701280832290649e-02 -2.014971822500228882e-01 -1.840357929468154907e-01 -2.124575376510620117e-01 -1.949293613433837891e-01 -2.229295521974563599e-01 -1.782282143831253052e-01 -2.033227086067199707e-01 -1.832045614719390869e-01
-1.230688840150833130e-01 1.836732327938079834e-01 -4.107581824064254761e-02 2.343453019857406616e-01 -1.315361410379409790e-01 -9.885973483324050903e-02 -1.152057796716690063e-01 4.232934713363647461e-01 -1.029464006423950195e-01 1.866445094347000122e-01
-2.556916475296020508e-01 -9.357054531574249268e-02 -2.093933075666427612e-01 -1.935847997665405273e-01 -2.260281741619110107e-01 -1.962767094373703003e-01 -2.362148016691207886e-01 -1.926389634609222412e-01 -2.132799029350280762e-01 -2.086206078529357910e-01
-2.633061110973358154e-01 -1.456190496683120728e-01 -2.130234688520431519e-01 -1.969379931688308716e-01 -2.056054770946502686e-01 -1.844388991594314575e-01 -2.431894987821578979e-01 -1.509347856044769287e-01 -2.309413850307464600e-01 -1.655076295137405396e-01
-2.121998071670532227e-01 -6.626783311367034912e-02 -1.387421339750289917e-01 -7.986681908369064331e-02 2.869066596031188965e-01 -1.438021808862686157e-01 -2.405689358711242676e-01 1.754209101200103760e-01 -1.901233047246932983e-01 2.410556972026824951e-01
-9.848228096961975098e-02 4.099685549736022949e-01 -5.130757763981819153e-02 -1.487826406955718994e-01 -3.887845948338508606e-02 -1.930105686187744141e-01 4.409615695476531982e-02 -1.478152871131896973e-01 -1.293906122446060181e-01 -2.029106765985488892e-01
-1.791330724954605103e-01 -2.304821461439132690e-01 8.856278657913208008e-02 3.917552903294563293e-02 1.059854552149772644e-01 -1.249953433871269226e-01 1.272762268781661987e-01 -3.602015972137451172e-01 6.059425696730613708e-02 7.494506984949111938e-02
-1.021148860454559326e-01 3.089977800846099854e-01 -7.993360608816146851e-02 -1.986017823219299316e-01 -6.089030206203460693e-02 -1.577087193727493286e-01 1.802711922209709883e-04 -1.493422389030456543e-01 -1.262011528015136719e-01 -2.138425707817077637e-01
-2.537019848823547363e-01 -1.486865431070327759e-01 -2.092391997575759888e-01 -1.936319619417190552e-01 -2.267263829708099365e-01 -1.845414638519287109e-01 -2.475428432226181030e-01 -1.970696449279785156e-01 -2.354469746351242065e-01 -2.109991908073425293e-01
4.695967957377433777e-02 -1.160999983549118042e-01 1.498165279626846313e-01 1.902451813220977783e-01 -4.704400151968002319e-02 -1.849188804626464844e-01 -3.122166693210601807e-01 2.510940730571746826e-01 -1.527107357978820801e-01 -2.103492319583892822e-01
-2.910837531089782715e-02 -1.263014134019613266e-02 -2.297975420951843262e-01 5.238638073205947876e-02 8.629863709211349487e-02 2.144366800785064697e-01 6.581901013851165771e-02 1.310653537511825562e-01 2.424082607030868530e-01 1.041450947523117065e-01
-1.214742213487625122e-01 -2.028285413980484009e-01 -1.311144083738327026e-01 1.966904997825622559e-01 1.493804622441530228e-02 3.136003762483596802e-02 9.602809697389602661e-02 1.563158780336380005e-01 3.188799321651458740e-02 8.077878504991531372e-02
-1.372140049934387207e-01 9.316255152225494385e-02 -1.095410212874412537e-01 -1.509394049644470215e-01 1.462937891483306885e-01 1.299367100000381470e-02 -1.431926190853118896e-01 1.472555398941040039e-01 2.092231661081314087e-01 4.166716709733009338e-02
-7.633864134550094604e-02 -1.770863533020019531e-01 -4.536782577633857727e-02 -1.184592321515083313e-01 1.167023703455924988e-01 4.448747262358665466e-02 1.129385083913803101e-01 3.666298091411590576e-02 5.197187885642051697e-02 4.341174662113189697e-02
-2.608495652675628662e-01 -9.839586913585662842e-02 -1.845895200967788696e-01 -1.671709269285202026e-01 -2.109683752059936523e-01 -1.545341908931732178e-01 -2.347584664821624756e-01 -1.647037416696548462e-01 -1.852902770042419434e-01 -1.920728683471679688e-01
-2.581278979778289795e-01 -1.276673078536987305e-01 -2.052701115608215332e-01 -1.832874864339828491e-01 -2.154028564691543579e-01 -1.817818284034729004e-01 -2.266191095113754272e-01 -1.783803403377532959e-01 -2.065112739801406860e-01 -1.961344927549362183e-01
-2.263105958700180054e-01 1.450355648994445801e-01 -1.808767169713973999e-01 -1.703252494335174561e-01 -1.933678537607192993e-01 -1.771167218685150146e-01 -1.715538948774337769e-01 -1.751396209001541138e-01 -1.851095706224441528e-01 -2.035214304924011230e-01
-2.595326304435729980e-01 -1.208242774009704590e-01 -1.967325359582901001e-01 -1.924534142017364502e-01 -2.002131491899490356e-01 -1.732241809368133545e-01 -2.468257695436477661e-01 -1.731949895620346069e-01 -2.104126513004302979e-01 -1.961138397455215454e-01
-2.307338267564773560e-02 -1.139557436108589172e-01 1.868293434381484985e-01 2.590955048799514771e-02 8.635582029819488525e-02 -4.096075892448425293e-02 -1.015883982181549072e-01 -1.431444436311721802e-01 7.794757932424545288e-02 -6.260286550968885422e-03
-1.864111274480819702e-01 2.202043980360031128e-01 -1.257920712232589722e-01 -1.088925898075103760e-01 -1.027945801615715027e-01 -1.420285850763320923e-01 -3.649119660258293152e-02 -1.167976558208465576e-01 -1.552537679672241211e-01 -1.143454313278198242e-01
-1.495076417922973633e-01 1.729862540960311890e-01 -7.413969188928604126e-02 -2.665760926902294159e-02 8.821766823530197144e-03 3.344969078898429871e-02 -1.524373888969421387e-01 2.911752462387084961e-01 2.302386462688446045e-01 1.537178307771682739e-01
-2.573491036891937256e-01 -1.064542606472969055e-01 -2.157186418771743774e-01 -1.941014081239700317e-01 -2.316138297319412231e-01 -1.950963139533996582e-01 -2.365797013044357300e-01 -1.812424808740615845e-01 -2.117835134267807007e-01 -1.952008605003356934e-01
-1.997863650321960449e-01 2.335190959274768829e-02 -2.021822929382324219e-01 2.908466458320617676e-01 4.401396960020065308e-02 2.495020627975463867e-01 -9.141998738050460815e-02 8.595183491706848145e-02 9.610304236412048340e-02 2.044750899076461792e-01
-2.532375454902648926e-01 -7.193621248006820679e-02 -2.113945186138153076e-01 -2.001469135284423828e-01 -2.212981134653091431e-01 -1.905324310064315796e-01 -2.362321764230728149e-01 -1.910342872142791748e-01 -2.171857506036758423e-01 -2.173695713281631470e-01
-1.454928368330001831e-01 -2.126292437314987183e-01 6.932625174522399902e-02 6.622884422540664673e-02 1.692427992820739746e-01 -2.184089086949825287e-02 3.382471576333045959e-02 -2.611892819404602051e-01 -3.449005261063575745e-02 1.261618286371231079e-01
-2.574492990970611572e-01 -2.500041760504245758e-02 -1.979640126228332520e-01 -1.526708751916885376e-01 -1.995438635349273682e-01 -1.646029800176620483e-01 -2.354512959718704224e-01 -1.439712494611740112e-01 -1.948889344930648804e-01 -1.369320601224899292e-01
-3.654882311820983887e-01 1.192369870841503143e-02 1.733190715312957764e-01 -3.733278810977935791e-01 2.421149313449859619e-01 -1.409228891134262085e-01 2.567721009254455566e-01 -1.906914114952087402e-01 2.698907852172851562e-01 2.431740313768386841e-01
-2.335972636938095093e-01 1.378929018974304199e-01 -1.772198826074600220e-01 -1.662446707487106323e-01 -2.042274326086044312e-01 -1.831288188695907593e-01 -1.866474151611328125e-01 -1.606103628873825073e-01 -1.781963706016540527e-01 -1.885281652212142944e-01
-1.085137650370597839e-01 4.054412245750427246e-01 -1.503913253545761108e-01 -1.837018877267837524e-01 -1.936907693743705750e-02 -2.007773667573928833e-01 -2.946769818663597107e-02 -5.186949670314788818e-02 -1.681520193815231323e-01 -1.237147152423858643e-01
-2.543113231658935547e-01 -1.180629730224609375e-01 -2.067349702119827271e-01 -2.018742114305496216e-01 -2.230044901371002197e-01 -1.910605132579803467e-01 -2.358184605836868286e-01 -2.010347396135330200e-01 -2.180335223674774170e-01 -1.999530792236328125e-01
1.552827209234237671e-01 -4.342376813292503357e-02 6.924240291118621826e-02 4.364593327045440674e-02 -3.798498511314392090e-01 -2.001325041055679321e-02 -1.653836369514465332e-01 -3.098125457763671875e-01 -1.537872552871704102e-01 -3.835360407829284668e-01
-1.233367025852203369e-01 3.382434248924255371e-01 -1.412969827651977539e-01 -8.318821340799331665e-02 -6.504984945058822632e-02 -1.803456842899322510e-01 1.074895542114973068e-02 -1.555391550064086914e-01 -1.484397947788238525e-01 -1.878831535577774048e-01
-2.579223513603210449e-01 -7.996365427970886230e-02 -1.985215693712234497e-01 -1.784593760967254639e-01 -2.139351218938827515e-01 -1.682255417108535767e-01 -2.302767038345336914e-01 -1.628524661064147949e-01 -1.944665312767028809e-01 -1.923153549432754517e-01
-1.788301765918731689e-01 -1.431955397129058838e-01 -3.151268959045410156e-01 3.298223912715911865e-01 -1.122280210256576538e-02 2.156768739223480225e-01 -1.494457423686981201e-01 1.008211523294448853e-01 9.462215006351470947e-02 9.584905952215194702e-02
-1.180227473378181458e-01 3.179893791675567627e-01 3.928125277161598206e-02 -6.091126799583435059e-02 -5.174993351101875305e-02 -1.676681339740753174e-01 3.470008727163076401e-03 -1.344578266143798828e-01 3.158314386382699013e-03 -2.139065265655517578e-01
-3.206940889358520508e-01 -7.957214862108230591e-02 -1.469530463218688965e-01 -1.804626882076263428e-01 3.136142790317535400e-01 -1.667406708002090454e-01 3.990244567394256592e-01 1.357301771640777588e-01 -2.433308809995651245e-01 2.174016833305358887e-01
-2.327329963445663452e-01 1.922659389674663544e-02 -1.041761636734008789e-01 3.694079350680112839e-03 -1.742801219224929810e-01 3.340379893779754639e-02 5.264247953891754150e-02 -4.125240445137023926e-02 -1.386544257402420044e-01 -6.036050245165824890e-02
2.416706085205078125e-01 -2.043099850416183472e-01 -3.602585196495056152e-01 -3.778489530086517334e-01 -2.394057363271713257e-01 -2.398256659507751465e-01 -1.195489540696144104e-01 -2.045449912548065186e-01 -3.472898602485656738e-01 -2.544999122619628906e-01
-2.563202679157257080e-01 -1.448593586683273315e-01 -2.113496363162994385e-01 -2.029282748699188232e-01 -2.197707891464233398e-01 -1.870430409908294678e-01 -2.477920651435852051e-01 -1.985416710376739502e-01 -2.231745868921279907e-01 -2.102436274290084839e-01
-2.587578296661376953e-01 1.246942393481731415e-02 -1.947470158338546753e-01 -1.638834178447723389e-01 -2.191519737243652344e-01 -1.718771606683731079e-01 -2.170379906892776489e-01 -1.828320026397705078e-01 -1.888792067766189575e-01 -1.972324997186660767e-01
-1.039441227912902832e-01 3.742391467094421387e-01 -1.004456430673599243e-01 -1.100932806730270386e-01 -5.246981233358383179e-02 -1.770979911088943481e-01 6.899548321962356567e-02 -1.596496254205703735e-01 -1.552710384130477905e-01 -1.890785843133926392e-01
2.065411955118179321e-02 -8.065294474363327026e-02 2.753263413906097412e-01 5.345795303583145142e-02 -7.895451784133911133e-02 -1.663808077573776245e-01 -1.373648643493652344e-01 7.280945032835006714e-02 1.401548385620117188e-01 -5.552482604980468750e-02
-2.598579227924346924e-01 -1.325594037771224976e-01 -2.197937816381454468e-01 -1.973239332437515259e-01 -2.182805985212326050e-01 -1.883956342935562134e-01 -2.430102527141571045e-01 -1.951138377189636230e-01 -2.257571816444396973e-01 -2.222623527050018311e-01
