-1.321364194154739380e-02 -5.198869854211807251e-03 8.263261057436466217e-03 -1.241680514067411423e-02 -2.094668895006179810e-02 3.130254894495010376e-02 -3.339323028922080994e-02 -3.055129665881395340e-03 1.012388803064823151e-02 -6.439981982111930847e-03
-4.056099429726600647e-02 -4.561951383948326111e-02 7.419880479574203491e-03 1.441381778568029404e-02 -6.032751407474279404e-03 3.749867901206016541e-02 8.496263995766639709e-03 -1.377448532730340958e-02 -1.255495101213455200e-02 -1.477461121976375580e-02
-1.675208471715450287e-02 -2.091545797884464264e-02 -8.164493367075920105e-03 -2.414269931614398956e-02 -6.083695963025093079e-02 4.479090124368667603e-02 3.129488974809646606e-02 -5.058014765381813049e-03 -9.751648642122745514e-03 -3.041207417845726013e-02
2.917283447459340096e-03 -2.896254509687423706e-02 -3.481636568903923035e-02 -5.340527743101119995e-03 1.179253216832876205e-02 1.737589016556739807e-02 1.985695026814937592e-02 -7.122607901692390442e-03 9.935383684933185577e-03 6.241796072572469711e-03
4.026467446237802505e-03 -3.097875602543354034e-02 -3.291963785886764526e-02 1.138172671198844910e-02 -3.046903200447559357e-02 5.625288933515548706e-02 -2.935589989647269249e-03 -2.995060198009014130e-02 2.489182911813259125e-02 4.419756308197975159e-02
-7.572923600673675537e-02 1.937665231525897980e-02 2.170938439667224884e-02 3.366952016949653625e-02 -2.842314727604389191e-02 5.251853540539741516e-02 -1.108728498220443726e-01 -2.733569033443927765e-02 2.216496504843235016e-02 3.044198825955390930e-02
-5.390625819563865662e-02 2.090194821357727051e-02 4.940052330493927002e-02 5.949482694268226624e-02 -5.469566211104393005e-02 -4.343881458044052124e-02 -5.038638412952423096e-02 7.783605903387069702e-02 -6.373391300439834595e-02 -1.580251604318618774e-01
1.588298566639423370e-02 -3.611177438870072365e-03 -1.322473734617233276e-01 2.863217145204544067e-02 -1.357973087579011917e-02 8.384658955037593842e-03 3.682868555188179016e-02 4.174955654889345169e-03 -1.196639426052570343e-02 -2.710656728595495224e-03
-1.343201100826263428e-02 7.658594753593206406e-03 3.036706708371639252e-02 3.330067545175552368e-02 1.166695728898048401e-02 -3.151010349392890930e-02 -9.989923797547817230e-03 7.476922124624252319e-02 -2.180087380111217499e-02 -1.048597767949104309e-01
-7.518031634390354156e-03 -4.100973531603813171e-02 1.390586979687213898e-02 1.147028617560863495e-02 -4.435937851667404175e-02 -1.390993688255548477e-02 1.420755963772535324e-02 -2.327897027134895325e-02 -6.459714472293853760e-02 2.200338803231716156e-02
-1.959436573088169098e-02 -9.400220587849617004e-03 2.002118621021509171e-03 2.888688072562217712e-02 -1.952325552701950073e-02 -5.965786799788475037e-02 -2.665442414581775665e-02 8.472728542983531952e-03 1.483157742768526077e-02 4.006047546863555908e-02
1.700076647102832794e-02 2.307964721694588661e-03 5.913737043738365173e-02 1.352228573523461819e-04 -6.047812849283218384e-02 3.794777672737836838e-03 -2.681969199329614639e-03 -7.382117956876754761e-02 1.108933147042989731e-02 -7.340718805789947510e-02
2.948705479502677917e-02 1.346137374639511108e-02 -6.506814807653427124e-02 -2.320166304707527161e-02 1.776111684739589691e-02 2.342269755899906158e-02 2.792660333216190338e-02 -1.551373768597841263e-02 3.271204233169555664e-02 4.430452734231948853e-02
1.466714683920145035e-02 -1.043148618191480637e-02 -6.771639920771121979e-03 3.233218565583229065e-02 -2.664982341229915619e-02 -7.546760607510805130e-03 -1.074095536023378372e-02 3.864299738779664040e-03 -9.717002976685762405e-04 -1.704500988125801086e-02
7.628648891113698483e-04 2.607412822544574738e-02 -2.046853303909301758e-02 7.954056374728679657e-03 -3.702709451317787170e-02 9.168585762381553650e-03 1.107928808778524399e-02 3.236910328269004822e-02 -1.701981574296951294e-02 2.378827892243862152e-02
-1.203424483537673950e-02 5.303223803639411926e-02 3.255761787295341492e-02 -4.917002469301223755e-02 -1.157552897930145264e-01 -1.817520149052143097e-02 2.070195227861404419e-02 -3.525291383266448975e-02 6.437309086322784424e-02 -1.486148089170455933e-01
-3.975830972194671631e-03 -2.018771879374980927e-02 -2.389115840196609497e-02 7.443605922162532806e-03 -1.194729376584291458e-02 -1.031130086630582809e-02 2.220264822244644165e-02 -2.620025537908077240e-02 -5.935046356171369553e-03 -2.792241517454385757e-03
1.533327531069517136e-02 -4.851462319493293762e-02 -8.182847499847412109e-02 1.616658270359039307e-02 2.642291598021984100e-03 8.227118104696273804e-02 -7.753390073776245117e-02 3.174623847007751465e-02 -8.088804781436920166e-02 -1.579171605408191681e-02
-1.074475646018981934e-01 8.129715919494628906e-03 -5.780152045190334320e-03 9.189000353217124939e-03 -1.186387799680233002e-02 -1.387535184621810913e-01 5.535066500306129456e-02 -4.407855123281478882e-02 6.234060227870941162e-02 5.878670886158943176e-02
6.420535501092672348e-04 -4.181514680385589600e-02 4.359059501439332962e-03 -5.027240331401117146e-05 -9.207121096551418304e-03 -1.919075846672058105e-02 1.986224437132477760e-03 -1.077536214143037796e-02 -7.996314205229282379e-03 -6.008164957165718079e-03
2.811394631862640381e-02 7.117970287799835205e-02 -9.551269933581352234e-03 1.099575217813253403e-02 2.409080974757671356e-02 4.506149888038635254e-02 -5.685541313141584396e-03 -9.402050822973251343e-02 -4.550812765955924988e-03 3.637580201029777527e-02
1.004364923574030399e-03 3.326088562607765198e-02 2.167389914393424988e-02 1.087496709078550339e-02 -6.024221330881118774e-02 -3.198876976966857910e-02 -3.090023761615157127e-03 -5.865087732672691345e-03 7.190438453108072281e-03 9.733365848660469055e-03
9.727479889988899231e-03 1.992544159293174744e-02 2.069123834371566772e-02 6.342982500791549683e-02 -2.626429311931133270e-02 -2.220696397125720978e-02 -9.491071105003356934e-03 -4.317797720432281494e-02 -4.059880226850509644e-02 -2.944061160087585449e-02
-1.257275938987731934e-01 9.170285426080226898e-03 6.728986650705337524e-02 1.352781057357788086e-02 2.523252740502357483e-02 2.918775193393230438e-02 -6.071838736534118652e-02 -2.274309471249580383e-02 5.851117148995399475e-02 -4.994523897767066956e-02
-2.559624053537845612e-02 -2.455299533903598785e-02 7.265140116214752197e-02 1.249983906745910645e-02 -5.480128899216651917e-02 6.232285406440496445e-03 -2.197446301579475403e-02 -1.449397858232259750e-02 -4.792401523445732892e-05 3.295086324214935303e-02
1.743083819746971130e-02 -1.257524918764829636e-02 3.631608560681343079e-02 1.152803190052509308e-02 -7.118102163076400757e-02 -8.864133059978485107e-02 -1.505281031131744385e-02 -1.441389881074428558e-02 3.562715649604797363e-02 6.348127126693725586e-02
-6.044597830623388290e-04 -3.687001019716262817e-02 2.663253981154412031e-04 -2.792280539870262146e-02 7.055261638015508652e-03 5.590886995196342468e-02 -1.120275468565523624e-03 -1.100418623536825180e-02 -2.017252705991268158e-02 3.010290488600730896e-02
-1.668845862150192261e-02 -6.733949296176433563e-03 3.635731711983680725e-02 -2.386402897536754608e-02 -6.711824797093868256e-03 6.657049525529146194e-03 -7.196283899247646332e-03 1.211285218596458435e-02 2.228588564321398735e-03 -4.224637895822525024e-02
-5.742155760526657104e-02 1.086288467049598694e-01 2.019286900758743286e-02 -5.381516739726066589e-02 -3.605581447482109070e-02 6.310382485389709473e-02 1.380548905581235886e-02 3.791606426239013672e-02 -1.512193977832794189e-01 -7.808266580104827881e-02
2.042593434453010559e-03 -2.040454186499118805e-02 1.106946635991334915e-02 1.119275297969579697e-02 3.519141301512718201e-02 -3.115807101130485535e-02 -2.000909298658370972e-02 7.498021586798131466e-04 1.407148968428373337e-02 -1.480614859610795975e-02
-1.293574832379817963e-02 3.428789600729942322e-02 4.669603705406188965e-02 2.764817886054515839e-02 4.154076054692268372e-02 5.775700882077217102e-02 -5.078196153044700623e-02 -6.659753620624542236e-02 -1.241089776158332825e-02 -7.643828541040420532e-02
-2.012586034834384918e-02 -5.223800428211688995e-03 8.525023236870765686e-03 1.798638701438903809e-02 -2.152224443852901459e-02 -3.000208549201488495e-02 2.194228954613208771e-02 -2.367393299937248230e-02 -2.896482497453689575e-02 -2.969929017126560211e-02
-5.332442931830883026e-03 -3.989997319877147675e-03 3.929076716303825378e-03 1.877090334892272949e-02 -2.222796529531478882e-02 7.278055418282747269e-04 7.030231505632400513e-02 -3.867153078317642212e-02 -2.622851356863975525e-02 -2.931210957467556000e-02
1.257951930165290833e-02 1.012225821614265442e-02 8.762256242334842682e-03 4.406097158789634705e-02 -8.109316974878311157e-02 3.897178452461957932e-03 -1.041922485455870628e-03 5.610758438706398010e-03 -4.660516232252120972e-02 -1.082893740385770798e-02
-2.633299492299556732e-02 -3.264069091528654099e-03 -7.732053752988576889e-03 7.941428571939468384e-03 3.501756861805915833e-02 -3.726338269189000130e-03 -7.795605808496475220e-03 2.792967949062585831e-03 3.359318245202302933e-03 -2.409933833405375481e-03
1.857209205627441406e-02 -1.836569607257843018e-02 -3.233778849244117737e-02 -9.694237262010574341e-02 2.088126167654991150e-02 6.812754273414611816e-02 8.281562477350234985e-03 8.987545967102050781e-03 2.400206960737705231e-02 -1.831706054508686066e-02
2.345012873411178589e-02 -3.965817019343376160e-02 -3.757370170205831528e-03 1.984763145446777344e-02 -4.981786757707595825e-02 3.852641582489013672e-02 -1.907753013074398041e-02 3.801424801349639893e-02 1.461607310920953751e-02 -9.447831660509109497e-03
-1.250948756933212280e-01 1.245053298771381378e-02 1.926665380597114563e-02 3.369780257344245911e-02 3.284342586994171143e-02 7.734120637178421021e-02 -2.425651252269744873e-02 -9.604804962873458862e-02 -5.461930483579635620e-02 1.529610622674226761e-02
6.190688535571098328e-02 -2.285391837358474731e-02 2.929353527724742889e-02 3.368574194610118866e-03 -4.234747495502233505e-03 8.593595586717128754e-03 -1.231072470545768738e-01 2.294437959790229797e-02 -1.562665961682796478e-02 -2.650382183492183685e-02
1.517031714320182800e-02 -2.965042367577552795e-03 -8.810131810605525970e-03 -1.006382750347256660e-03 4.197358340024948120e-02 -3.231666982173919678e-02 2.270872890949249268e-02 -3.245453163981437683e-02 2.086928673088550568e-02 -7.486079633235931396e-02
-3.765021264553070068e-02 -1.148583367466926575e-02 3.599244868382811546e-03 3.569741919636726379e-02 -1.079740300774574280e-01 2.564746141433715820e-02 6.150690838694572449e-02 -8.610248565673828125e-02 -1.035700365900993347e-01 -6.319901347160339355e-02
-1.184259802103042603e-01 3.297467902302742004e-02 2.705697529017925262e-02 5.828666314482688904e-02 6.520527601242065430e-02 -5.806413665413856506e-02 4.730169847607612610e-02 2.534270100295543671e-02 -7.897339761257171631e-02 -4.523491859436035156e-02
-1.098109781742095947e-02 -5.866586416959762573e-02 -5.284767225384712219e-02 -9.378273040056228638e-02 1.455394551157951355e-02 5.554679781198501587e-02 2.713675377890467644e-03 2.241697534918785095e-02 -2.637179568409919739e-02 -1.205323450267314911e-02
-2.342643588781356812e-02 -9.446925483644008636e-03 2.699955180287361145e-02 4.959492757916450500e-02 2.209972357377409935e-03 -9.168420732021331787e-02 2.175400219857692719e-02 2.687987685203552246e-02 -4.290897026658058167e-02 -1.989590749144554138e-02
-1.711460761725902557e-02 5.617718026041984558e-02 3.704148111864924431e-03 -8.109818398952484131e-02 5.027505755424499512e-02 8.319927752017974854e-02 2.341271936893463135e-02 -9.384188801050186157e-02 1.447471510618925095e-02 -1.338139623403549194e-01
5.088766105473041534e-03 -2.384767867624759674e-02 -1.152201439253985882e-04 3.788517322391271591e-03 8.909906260669231415e-03 9.172019548714160919e-03 -4.119453951716423035e-02 -2.371344249695539474e-03 5.220320075750350952e-03 1.165198162198066711e-02
2.011458127526566386e-05 -1.661968789994716644e-02 2.132422477006912231e-02 -4.537119343876838684e-02 -4.421722609549760818e-03 -2.186838164925575256e-02 5.090073216706514359e-03 2.773167099803686142e-03 1.853267662227153778e-02 -3.619728982448577881e-02
7.284031808376312256e-02 -1.618378050625324249e-02 -5.252543464303016663e-02 1.933564804494380951e-02 -1.703715324401855469e-02 3.650721395388245583e-03 -7.591257244348526001e-02 4.681541770696640015e-02 -4.961635172367095947e-02 -2.033746242523193359e-02
-1.433471962809562683e-02 -4.599639680236577988e-03 4.322765022516250610e-02 -1.963915675878524780e-02 3.020868077874183655e-02 1.227019727230072021e-02 1.436332706362009048e-02 -3.931650519371032715e-02 -5.613895505666732788e-02 8.602412417531013489e-03
-2.396041154861450195e-02 2.635438367724418640e-02 1.459490042179822922e-02 -7.511941343545913696e-02 2.130506373941898346e-02 4.422963038086891174e-02 4.977851640433073044e-03 8.435913175344467163e-02 -9.968464076519012451e-02 3.944613039493560791e-03
-5.259591341018676758e-02 1.781284995377063751e-02 1.579180732369422913e-02 3.179086372256278992e-02 5.027742311358451843e-02 -3.796166926622390747e-02 1.296378090046346188e-03 2.118215151131153107e-02 -2.395247854292392731e-02 -4.500921349972486496e-03
-4.026271402835845947e-02 6.568926386535167694e-03 3.641923144459724426e-02 -1.951542869210243225e-02 1.135779451578855515e-02 -5.432203877717256546e-03 -2.979229949414730072e-02 -3.704609815031290054e-03 -6.110265851020812988e-03 -8.734245784580707550e-03
3.208896145224571228e-02 -2.641466632485389709e-02 2.461870200932025909e-02 -7.224874943494796753e-02 1.000156719237565994e-02 -6.104901805520057678e-02 2.943720482289791107e-02 -3.815854713320732117e-02 -1.373391039669513702e-02 7.518675643950700760e-03
9.968467988073825836e-03 1.746414927765727043e-03 -1.263032574206590652e-02 -5.486346781253814697e-02 8.186926133930683136e-03 1.644289679825305939e-02 -7.285790052264928818e-03 3.484057262539863586e-02 6.576894782483577728e-03 -3.108259662985801697e-02
-1.054557040333747864e-02 6.544372066855430603e-03 -2.862810157239437103e-02 2.666440326720476151e-03 -1.974746119230985641e-04 -1.254490017890930176e-02 1.686384552158415318e-03 -3.458345681428909302e-02 2.885170653462409973e-02 3.809915482997894287e-02
6.669064611196517944e-02 6.182346958667039871e-03 4.696237668395042419e-02 -1.393816024065017700e-01 1.740076951682567596e-02 -5.021431669592857361e-02 9.601444005966186523e-03 -1.256689727306365967e-01 3.873888403177261353e-02 3.805511072278022766e-02
4.294910281896591187e-02 9.964942000806331635e-03 -1.266614627093076706e-02 -2.642938168719410896e-03 -2.041605673730373383e-02 2.176112867891788483e-02 -3.606928512454032898e-02 -1.152102369815111160e-02 3.421745821833610535e-02 -2.858934924006462097e-02
-4.307158663868904114e-02 5.962108820676803589e-02 -3.635515272617340088e-02 6.500059273093938828e-03 -4.724233876913785934e-03 -4.297185689210891724e-02 -2.342969924211502075e-02 -5.815652199089527130e-03 2.539571560919284821e-02 3.566588461399078369e-02
-1.610746420919895172e-02 -5.971031635999679565e-02 9.574349969625473022e-03 -2.753729559481143951e-02 6.389850750565528870e-03 4.376867040991783142e-02 4.168464243412017822e-02 1.482161314925178885e-04 -2.505781874060630798e-02 -1.076994091272354126e-02
-3.397072851657867432e-02 -4.607243929058313370e-03 2.954863756895065308e-02 1.855057780630886555e-03 -1.573990471661090851e-02 -2.088337950408458710e-02 1.031690835952758789e-02 -1.878514420241117477e-03 5.665069818496704102e-02 -8.032792806625366211e-02
-1.120591610670089722e-01 3.641201555728912354e-02 4.087005183100700378e-02 -1.246473044157028198e-01 6.593190133571624756e-02 -8.043242245912551880e-02 1.145696919411420822e-02 5.149484425783157349e-02 -5.832786113023757935e-02 1.163161173462867737e-02
-5.272491369396448135e-03 2.831706544384360313e-03 3.331712214276194572e-04 1.930665783584117889e-02 1.939263753592967987e-02 -3.522051125764846802e-02 1.456701313145458698e-03 5.840571131557226181e-03 2.992107346653938293e-02 -2.685004845261573792e-02
-9.273780137300491333e-02 4.334092512726783752e-02 -1.860677152872085571e-01 2.074837451800704002e-03 -3.693998325616121292e-03 1.638145186007022858e-02 -1.479379367083311081e-02 1.344242691993713379e-02 3.494754061102867126e-02 3.524056449532508850e-02
-3.514269832521677017e-03 -2.820213139057159424e-02 8.129728958010673523e-03 4.920330829918384552e-03 -2.624828135594725609e-03 -2.233173698186874390e-02 4.411351401358842850e-03 -2.123770862817764282e-02 -2.037769445450976491e-04 2.024061232805252075e-02
-1.493689715862274170e-01 3.900488093495368958e-02 5.025963112711906433e-02 -9.263350069522857666e-02 4.419010877609252930e-02 -2.134521491825580597e-03 1.788590103387832642e-02 -8.253801614046096802e-02 5.755813419818878174e-02 -5.848620459437370300e-02
1.292513962835073471e-02 -1.070265844464302063e-02 -6.826093886047601700e-03 -1.932360231876373291e-02 -5.218199919909238815e-03 1.910480298101902008e-02 -1.698255911469459534e-02 -2.951049059629440308e-02 3.757685422897338867e-02 4.950199741870164871e-03
-5.061850883066654205e-03 -1.204043813049793243e-02 4.192935675382614136e-02 3.001700900495052338e-02 1.976333558559417725e-02 -6.092824786901473999e-02 1.634397893212735653e-03 3.882831335067749023e-02 -4.639679566025733948e-02 -1.014835294336080551e-02
-2.303926460444927216e-02 -8.025033026933670044e-02 1.878824084997177124e-03 1.652846112847328186e-02 -4.563070461153984070e-02 -1.771457493305206299e-02 1.218029670417308807e-02 2.100962400436401367e-02 1.895680092275142670e-02 4.931984469294548035e-02
2.506461739540100098e-02 -1.316764857620000839e-02 5.039480980485677719e-03 -8.995526470243930817e-03 -8.423695713281631470e-02 -4.554324317723512650e-03 -1.156221926212310791e-01 4.430998489260673523e-02 -3.272470319643616676e-03 3.010514937341213226e-02
1.282670721411705017e-02 -7.375933229923248291e-02 2.422774955630302429e-02 1.099139358848333359e-02 9.667838364839553833e-02 -1.365254912525415421e-02 2.028012089431285858e-02 2.331609651446342468e-02 -2.069151960313320160e-02 -8.837044984102249146e-02
1.510771457105875015e-02 -7.840748131275177002e-02 1.522702723741531372e-02 -1.766275055706501007e-02 -2.494307607412338257e-02 4.809792339801788330e-02 1.463402993977069855e-02 1.071394048631191254e-02 3.280209004878997803e-02 -1.171204261481761932e-02
2.451471425592899323e-02 -1.944587379693984985e-02 -9.675111621618270874e-03 -1.548561826348304749e-02 5.846804473549127579e-03 1.820827089250087738e-02 3.756935521960258484e-02 -3.454874735325574875e-03 4.050893336534500122e-02 -2.973622828722000122e-02
2.425690926611423492e-02 -1.714169420301914215e-02 -8.894734084606170654e-02 2.746592275798320770e-02 2.618918567895889282e-02 3.818148374557495117e-02 -2.928317524492740631e-02 -1.731515745632350445e-03 1.554047875106334686e-02 -4.157802090048789978e-03
2.852195128798484802e-02 -2.140595111995935440e-03 -1.620501838624477386e-02 -2.629391103982925415e-02 4.418260231614112854e-02 -5.133278295397758484e-02 2.089171297848224640e-02 -2.060359902679920197e-02 1.965033635497093201e-02 -5.121400579810142517e-03
4.421013593673706055e-02 -4.446279723197221756e-03 -2.032155357301235199e-02 -4.293763637542724609e-02 9.233939344994723797e-04 3.418500348925590515e-02 2.434417232871055603e-02 1.924771815538406372e-02 3.120002523064613342e-02 -2.853887528181076050e-02
-3.256896138191223145e-02 -3.701550886034965515e-02 5.227429792284965515e-02 -4.658859223127365112e-02 -4.056255891919136047e-02 1.050595473498106003e-02 1.533535961061716080e-02 -1.541531365364789963e-02 -1.133510693907737732e-01 3.820363059639930725e-02
3.961290046572685242e-02 -2.237160317599773407e-02 7.070171833038330078e-02 -1.747447624802589417e-02 -7.073476910591125488e-02 -2.843198599293828011e-03 -1.822466216981410980e-02 -7.187237590551376343e-02 5.048059672117233276e-02 -7.942748069763183594e-02
1.919549517333507538e-02 3.109101951122283936e-02 3.518781065940856934e-02 1.693583093583583832e-02 -4.041157197207212448e-03 -5.074730142951011658e-02 7.243074011057615280e-03 1.466562226414680481e-02 -3.026965819299221039e-02 -1.556305587291717529e-02
-2.699478901922702789e-02 1.171150151640176773e-02 2.115003950893878937e-02 -3.655046224594116211e-02 -1.941871084272861481e-02 5.480831488966941833e-02 4.984618350863456726e-02 2.999326959252357483e-02 -5.923205614089965820e-02 -5.678587127476930618e-03
3.583342581987380981e-02 -6.011328101158142090e-02 1.835454069077968597e-02 2.022396586835384369e-02 -6.461569666862487793e-02 7.944024354219436646e-02 -5.829882249236106873e-02 -5.904280021786689758e-02 -2.759725041687488556e-02 -5.803245678544044495e-02
1.757574081420898438e-02 3.419521450996398926e-02 -3.907882794737815857e-02 -4.514828324317932129e-02 2.159141004085540771e-02 4.392112791538238525e-02 2.927527576684951782e-02 -5.743026360869407654e-02 2.957597607746720314e-03 5.473280325531959534e-02
-2.930317074060440063e-03 -1.586396363563835621e-03 1.790035888552665710e-02 1.997224055230617523e-02 -2.506874129176139832e-02 8.417005650699138641e-03 9.826757013797760010e-03 2.931984886527061462e-02 1.124345697462558746e-02 -4.905645735561847687e-03
-4.047262668609619141e-02 5.467526242136955261e-02 -1.751560270786285400e-01 -3.775370121002197266e-02 3.964282944798469543e-02 6.529588252305984497e-02 -2.278272621333599091e-02 8.375178091228008270e-03 3.995236754417419434e-02 5.450299382209777832e-02
5.668950825929641724e-02 -4.201692715287208557e-02 -8.919098973274230957e-02 3.651418909430503845e-02 1.163046434521675110e-02 7.596136536449193954e-03 1.867930032312870026e-02 2.868266776204109192e-02 -4.831803496927022934e-03 1.634027995169162750e-02
-5.633334163576364517e-03 -2.510194107890129089e-02 -9.821017831563949585e-02 -4.550314974039793015e-03 8.636724203824996948e-02 7.774574309587478638e-02 1.917828992009162903e-02 2.314369194209575653e-02 -1.585435867309570312e-01 -6.587591767311096191e-02
-4.980364069342613220e-02 -3.246052656322717667e-03 2.307231537997722626e-03 -5.587897077202796936e-02 4.240649938583374023e-02 -2.006755955517292023e-02 1.391445845365524292e-02 -3.789247421082109213e-04 2.444031089544296265e-02 -5.798047408461570740e-03
3.760786354541778564e-02 -7.663974165916442871e-02 -5.634580180048942566e-02 -9.025287628173828125e-02 -5.152543634176254272e-02 9.757985174655914307e-02 6.273544579744338989e-02 1.566350832581520081e-02 2.822793647646903992e-02 1.131522133946418762e-01
-5.393854342401027679e-03 2.683049999177455902e-02 -3.328613564372062683e-02 -2.865739166736602783e-02 3.756879363209009171e-03 1.253116410225629807e-02 -1.289977226406335831e-02 -1.369883213192224503e-02 3.796135634183883667e-02 2.651695348322391510e-02
-2.921130741015076637e-03 1.457485835999250412e-02 -9.970411658287048340e-03 3.472380049061030149e-04 6.950660608708858490e-04 1.082750782370567322e-02 -5.671314522624015808e-02 2.586919255554676056e-02 4.938894882798194885e-02 -7.513998076319694519e-03
-8.215571753680706024e-03 3.547751158475875854e-02 6.171392742544412613e-04 -3.289636224508285522e-02 -4.349685087800025940e-02 3.340342268347740173e-02 -1.327356882393360138e-02 4.163609072566032410e-02 -6.038407608866691589e-02 1.471456605941057205e-02
4.245281592011451721e-02 -5.020794924348592758e-03 1.377379801124334335e-02 3.766054287552833557e-02 -6.900585722178220749e-03 -1.716505736112594604e-02 -1.226699426770210266e-01 3.932750970125198364e-02 -2.426969073712825775e-02 -3.141166642308235168e-02
-2.695197239518165588e-02 -1.393516734242439270e-02 1.566428877413272858e-02 3.865635022521018982e-02 5.317222792655229568e-03 -6.127718091011047363e-02 3.730572992935776711e-03 -1.234459318220615387e-02 -1.798879727721214294e-02 4.690288752317428589e-02
3.596654534339904785e-02 2.922128653153777122e-03 2.213344909250736237e-03 1.017696876078844070e-02 -3.996407985687255859e-02 -1.105029135942459106e-02 -5.452775955200195312e-02 3.926813602447509766e-02 -1.878324896097183228e-02 3.288350999355316162e-02
2.442912757396697998e-02 -3.883698582649230957e-02 -5.336713511496782303e-03 -5.245223268866539001e-02 5.550769716501235962e-02 -3.258310258388519287e-02 2.058796025812625885e-02 2.454066462814807892e-02 -5.907883867621421814e-02 -1.120385061949491501e-02
-5.145027302205562592e-03 -2.896142750978469849e-02 5.071828141808509827e-03 1.344184949994087219e-02 -8.538398891687393188e-03 -5.012244218960404396e-04 -8.020934462547302246e-02 -1.271310169249773026e-02 1.847152598202228546e-02 3.506030514836311340e-02
1.145201269537210464e-03 6.401077378541231155e-03 -5.202163383364677429e-02 4.640048742294311523e-02 -4.474330693483352661e-02 2.305530942976474762e-02 -6.485534459352493286e-02 8.228943496942520142e-02 -8.435238897800445557e-02 -8.652989566326141357e-02
3.022576915100216866e-03 -3.255148231983184814e-02 -3.081060014665126801e-03 -8.908539265394210815e-02 -3.889613971114158630e-02 7.525973767042160034e-02 2.418005652725696564e-02 3.337958455085754395e-02 2.075882442295551300e-02 2.278168126940727234e-02
3.398209437727928162e-02 -2.212589606642723083e-02 4.748903587460517883e-02 -2.145008556544780731e-02 -1.252643857151269913e-02 -6.001909822225570679e-02 -6.492236256599426270e-02 4.583733528852462769e-02 -2.183041651733219624e-04 -7.866403460502624512e-02
-2.005303651094436646e-02 7.664101570844650269e-02 6.590614467859268188e-02 -1.740266568958759308e-02 -6.229773908853530884e-02 4.210638627409934998e-02 -1.015463843941688538e-01 6.265266984701156616e-02 -1.915048435330390930e-02 -1.745019704103469849e-01
2.296680398285388947e-02 -8.332286961376667023e-03 3.055701591074466705e-02 -7.391360402107238770e-02 1.234267745167016983e-02 -9.737458825111389160e-02 -1.125651318579912186e-02 -8.181738667190074921e-03 -3.306106105446815491e-02 3.358644992113113403e-02
-8.882769942283630371e-02 6.723435968160629272e-02 -4.593488574028015137e-02 3.635137528181076050e-02 5.010692775249481201e-02 1.604605652391910553e-02 -7.929632812738418579e-02 5.375158041715621948e-03 -3.238362818956375122e-02 1.790766790509223938e-02
5.731225945055484772e-03 -2.502780966460704803e-02 2.099892299156636000e-04 1.180494856089353561e-02 -2.094744145870208740e-02 -5.321349203586578369e-02 -1.411334029398858547e-03 2.825742959976196289e-02 -7.141044829040765762e-03 -2.647045068442821503e-02
2.370617538690567017e-02 -1.887244172394275665e-02 -6.636626552790403366e-03 -2.296382933855056763e-02 2.301024831831455231e-02 -4.545615613460540771e-02 -5.243973806500434875e-03 4.255015775561332703e-02 3.817222267389297485e-02 1.448343601077795029e-02
-6.631454825401306152e-02 2.360692247748374939e-02 -3.714664280414581299e-02 -6.239318102598190308e-02 1.369444373995065689e-02 1.241830177605152130e-02 8.637909591197967529e-02 9.207424707710742950e-03 -1.705836504697799683e-02 6.643049418926239014e-03
-3.165780566632747650e-03 -1.296600792557001114e-02 -2.518082968890666962e-02 2.472752146422863007e-02 -1.433623675256967545e-02 4.147676751017570496e-03 5.824436433613300323e-03 -1.447572652250528336e-02 2.372265420854091644e-02 -2.945952489972114563e-02
-7.062136195600032806e-03 -3.540267422795295715e-02 2.285130135715007782e-02 1.925418525934219360e-02 -5.974671617150306702e-02 4.780161753296852112e-02 -2.692981064319610596e-02 -6.146815139800310135e-03 -2.585912297945469618e-04 -5.130595341324806213e-02
1.665598526597023010e-02 1.663143187761306763e-02 -1.139057241380214691e-02 3.864073380827903748e-02 1.232800632715225220e-02 1.445445581339299679e-03 1.513684540987014771e-02 3.537651896476745605e-02 -5.593821033835411072e-02 5.543095059692859650e-03
3.813566872850060463e-03 2.428207360208034515e-02 1.461813040077686310e-02 -9.378015063703060150e-03 -3.926419839262962341e-02 -3.470967337489128113e-02 3.220376372337341309e-02 1.972686871886253357e-02 7.477995939552783966e-03 2.257231064140796661e-02
-1.028407737612724304e-02 -1.426402106881141663e-02 1.619797758758068085e-02 -1.995334634557366371e-03 3.139083832502365112e-02 -5.977141484618186951e-02 -1.889636367559432983e-02 1.712861843407154083e-02 3.281491622328758240e-02 1.252004178240895271e-03
3.254159912467002869e-02 -3.735477104783058167e-03 1.920425891876220703e-02 -6.256067007780075073e-02 -4.559542518109083176e-03 -2.016890048980712891e-02 2.161293104290962219e-02 -2.916586026549339294e-02 3.001756407320499420e-02 -1.733675785362720490e-02
-2.806188911199569702e-02 -2.850520890206098557e-03 3.425032272934913635e-02 -3.567680343985557556e-02 1.394794136285781860e-02 -1.350123062729835510e-02 1.634262874722480774e-02 5.571268498897552490e-03 -1.150988880544900894e-02 1.441025268286466599e-02
-5.923345312476158142e-02 2.636949531733989716e-02 -6.992470473051071167e-03 2.977958321571350098e-02 1.281664986163377762e-02 -2.984184212982654572e-02 1.004598662257194519e-02 3.494543582201004028e-02 -5.541857331991195679e-03 -3.964915126562118530e-02
3.833340108394622803e-02 7.802017498761415482e-04 3.235669806599617004e-02 1.561895292252302170e-02 -7.133138179779052734e-02 -5.596590414643287659e-02 -4.370564594864845276e-02 -4.001800343394279480e-02 -4.559422843158245087e-03 -4.906855151057243347e-02
1.161963492631912231e-02 -3.877500817179679871e-02 2.242382802069187164e-02 -3.038060106337070465e-02 3.082212759181857109e-03 9.116561268456280231e-04 1.199612393975257874e-02 -1.534543093293905258e-02 -4.797294270247220993e-03 2.832824364304542542e-03
-4.943001549690961838e-03 3.096900880336761475e-02 -1.038212329149246216e-02 2.177502727136015892e-03 -1.761869527399539948e-02 2.225528471171855927e-02 1.334960758686065674e-02 1.154478359967470169e-02 5.603298544883728027e-02 -4.708497598767280579e-02
2.079821377992630005e-02 -4.915440827608108521e-02 -3.405508771538734436e-02 -7.129581645131111145e-03 -1.813763007521629333e-02 2.477851323783397675e-02 -6.175692752003669739e-02 1.280683279037475586e-02 4.404446110129356384e-02 1.771360263228416443e-02
2.349360659718513489e-02 -1.445564813911914825e-02 -4.820142313838005066e-02 4.325284063816070557e-02 1.445148140192031860e-02 2.176936157047748566e-02 6.597823463380336761e-03 2.066437341272830963e-02 -6.388342007994651794e-03 6.754992995411157608e-03
1.565306819975376129e-02 8.869796991348266602e-03 2.862740680575370789e-02 3.275327384471893311e-02 3.818627819418907166e-02 -7.951547391712665558e-03 -2.187929302453994751e-02 -2.254013530910015106e-02 -1.403130311518907547e-02 -6.790299434214830399e-03
2.849026955664157867e-02 1.031787018291652203e-03 3.623037785291671753e-02 -9.559226222336292267e-03 -6.354769319295883179e-02 6.664299289695918560e-04 -1.981072314083576202e-02 -5.304748564958572388e-02 3.065620176494121552e-02 -5.983774736523628235e-02
2.268267795443534851e-02 -5.826014094054698944e-03 1.329004764556884766e-02 7.283660117536783218e-03 -1.168067380785942078e-02 -4.202157631516456604e-02 -1.850416138768196106e-02 -4.241638525854796171e-04 4.040044173598289490e-02 -3.748533129692077637e-02
-4.357390105724334717e-03 -5.393161624670028687e-02 -2.431248431093990803e-04 2.843195572495460510e-02 4.161943681538105011e-03 -3.051250055432319641e-02 -2.537143044173717499e-02 9.721696376800537109e-03 6.206114776432514191e-04 1.180216856300830841e-02
2.425874397158622742e-02 -2.760632149875164032e-02 -7.977703958749771118e-02 5.603916943073272705e-03 2.622670680284500122e-02 1.115511916577816010e-02 3.370958566665649414e-02 1.535742636770009995e-02 1.224966347217559814e-02 6.756167393177747726e-03
1.370599027723073959e-02 -3.426547721028327942e-02 -1.148805767297744751e-02 4.514384269714355469e-02 9.313971968367695808e-04 -3.944399952888488770e-02 8.104012813419103622e-04 1.349655631929636002e-02 3.903289325535297394e-03 1.623831875622272491e-02
-7.291110605001449585e-02 2.927049808204174042e-02 3.769629448652267456e-02 -1.154785975813865662e-02 -4.197129979729652405e-02 8.600126206874847412e-02 -1.877516880631446838e-02 -9.989508427679538727e-03 -4.148627165704965591e-03 1.665648445487022400e-02
9.668763726949691772e-03 7.216873578727245331e-03 1.958773471415042877e-02 -4.768179357051849365e-02 5.793433636426925659e-02 4.203052073717117310e-02 -1.034887973219156265e-02 -3.986721485853195190e-02 4.827795177698135376e-02 -4.340694472193717957e-02
-3.632450103759765625e-02 -9.937159717082977295e-03 -1.228478853590786457e-03 -2.652639523148536682e-03 3.418547287583351135e-02 -5.602549761533737183e-03 -3.514977917075157166e-02 2.043151482939720154e-02 -7.186589296907186508e-03 -1.378865446895360947e-03
3.483540378510951996e-03 -4.533573985099792480e-02 -7.311278581619262695e-02 -2.094103582203388214e-02 2.470712549984455109e-02 -5.925189470872282982e-04 3.089225664734840393e-02 -6.149913184344768524e-03 3.861827030777931213e-02 -4.296232480555772781e-03
-2.102151280269026756e-03 -2.679081447422504425e-02 1.561279222369194031e-02 -4.367085918784141541e-02 -6.354134064167737961e-03 2.110578306019306183e-02 1.507667452096939087e-02 -2.385902218520641327e-02 1.930222101509571075e-02 -8.142463862895965576e-02
1.259130053222179413e-02 4.109051823616027832e-02 2.103050239384174347e-02 -4.310816898941993713e-02 -7.149061560630798340e-02 -1.023436989635229111e-02 4.032363370060920715e-02 -8.411730080842971802e-02 6.553153507411479950e-03 -8.463216572999954224e-02
-8.807045407593250275e-03 -2.596796303987503052e-02 -2.106482628732919693e-03 1.935215294361114502e-02 2.151833847165107727e-02 -1.640573842450976372e-03 -4.170225188136100769e-02 -2.944804541766643524e-02 2.156182937324047089e-02 -1.169150054920464754e-04
4.435814172029495239e-02 -1.675458252429962158e-02 2.893320983275771141e-03 -5.986035242676734924e-02 1.753109879791736603e-02 -9.291635453701019287e-02 -1.707929745316505432e-02 5.674012750387191772e-02 -6.940310448408126831e-02 -4.523545503616333008e-02
-5.363354459404945374e-03 -5.663963407278060913e-02 2.682011574506759644e-02 3.923955932259559631e-02 1.329316990450024605e-03 3.611273830756545067e-03 1.523664221167564392e-03 -5.814122501760721207e-03 -3.671680390834808350e-02 7.471783086657524109e-03
6.325060036033391953e-03 -2.984308637678623199e-02 2.132723480463027954e-02 -1.149926800280809402e-03 -6.141683831810951233e-02 2.642129361629486084e-02 1.818808913230895996e-02 -2.559700049459934235e-02 3.933558613061904907e-02 -5.980467796325683594e-02
4.044391214847564697e-02 2.134555019438266754e-02 -1.128257252275943756e-02 -7.342121005058288574e-02 -1.480604708194732666e-02 -6.032525748014450073e-02 3.988789767026901245e-02 3.550723195075988770e-02 7.276146113872528076e-02 -1.830519177019596100e-02
5.828370898962020874e-02 -8.072474971413612366e-03 1.438360754400491714e-02 -3.616942465305328369e-02 3.454982489347457886e-02 -1.608155369758605957e-01 2.198629081249237061e-02 -4.229443892836570740e-02 -6.029678508639335632e-02 3.210007399320602417e-02
-5.487910471856594086e-03 -3.178248181939125061e-02 6.075824052095413208e-02 3.039344586431980133e-02 1.768809556961059570e-02 -2.855623513460159302e-02 -1.284728646278381348e-01 2.043443731963634491e-02 -1.104916855692863464e-01 1.304817851632833481e-02
9.020844474434852600e-03 -4.954251274466514587e-02 1.134660560637712479e-02 6.553744524717330933e-02 5.474120005965232849e-02 4.833987355232238770e-02 -1.522658392786979675e-02 3.155746683478355408e-02 -8.433265984058380127e-02 -1.209246739745140076e-01
-5.421102978289127350e-03 -3.664343431591987610e-02 7.696144282817840576e-03 -2.343270555138587952e-02 -1.987852156162261963e-02 3.396193683147430420e-02 -2.462945505976676941e-02 -1.533173862844705582e-02 -1.325852889567613602e-02 1.995576545596122742e-02
1.767661608755588531e-02 -1.195577811449766159e-02 -2.691934444010257721e-02 3.930122405290603638e-02 -2.419910021126270294e-02 -1.994877867400646210e-02 -2.271270565688610077e-02 -2.511426061391830444e-02 1.096770633012056351e-02 4.568338766694068909e-02
9.874646551907062531e-03 1.043836120516061783e-02 -7.030184566974639893e-02 3.760712221264839172e-02 -3.862878680229187012e-02 3.319049254059791565e-02 2.458614856004714966e-02 2.722537703812122345e-02 -7.703467458486557007e-02 -1.015525124967098236e-02
4.145464301109313965e-02 -2.243345603346824646e-02 -2.493959851562976837e-03 5.136508494615554810e-03 5.894823931157588959e-03 -3.093438688665628433e-03 -7.830868661403656006e-02 6.923636887222528458e-03 1.323899812996387482e-02 -1.476547494530677795e-02
-2.811513654887676239e-02 -2.194070070981979370e-02 3.176479041576385498e-02 2.060237713158130646e-02 -1.039821654558181763e-02 1.588989421725273132e-02 -9.409514255821704865e-03 -2.434238046407699585e-02 -1.509268674999475479e-02 -1.547723077237606049e-02
7.395423203706741333e-02 5.873478483408689499e-03 1.824710331857204437e-02 -1.537442672997713089e-02 -1.489021070301532745e-02 -6.600668281316757202e-02 -1.185337454080581665e-02 1.670509949326515198e-02 -2.411937899887561798e-02 2.731049247086048126e-02
-1.274692267179489136e-02 6.699618883430957794e-03 -1.886526308953762054e-02 4.683248407673090696e-04 2.590754441916942596e-02 -5.809557158499956131e-03 2.487879619002342224e-02 -2.683546394109725952e-02 2.507148077711462975e-03 -1.624046824872493744e-02
3.617613762617111206e-02 5.439043510705232620e-03 1.374132651835680008e-02 8.932723104953765869e-02 -3.903817757964134216e-02 -3.365359827876091003e-02 -2.527083270251750946e-02 4.278760775923728943e-02 -7.149352878332138062e-02 -1.221513468772172928e-02
5.913538858294487000e-03 -2.487231278792023659e-03 4.926882311701774597e-02 4.253442585468292236e-02 -1.154942624270915985e-02 -4.644106701016426086e-02 -7.437890022993087769e-02 4.861509427428245544e-03 -2.602876536548137665e-02 9.610631386749446392e-04
1.234214194118976593e-02 -2.159071899950504303e-02 -9.357080794870853424e-03 -1.525663584470748901e-02 -6.919947266578674316e-02 5.772872641682624817e-02 9.536502882838249207e-03 -2.510808408260345459e-03 -4.878076259046792984e-03 -3.057823888957500458e-02
-1.786330528557300568e-02 -2.660609595477581024e-02 -1.389434095472097397e-02 1.487131044268608093e-02 -2.333983220160007477e-02 1.489877514541149139e-02 3.758529666811227798e-03 -5.408715829253196716e-02 1.820953749120235443e-02 1.307443156838417053e-02
-4.347248375415802002e-02 3.362560272216796875e-02 1.139961183071136475e-02 4.975691437721252441e-03 1.262976042926311493e-02 1.441031601279973984e-02 -1.200611889362335205e-02 2.662488445639610291e-02 1.187268877401947975e-03 -3.467526985332369804e-03
4.046563059091567993e-02 -1.602764427661895752e-02 -1.011014282703399658e-01 7.743261754512786865e-02 -2.071511372923851013e-02 6.098476424813270569e-02 1.941721886396408081e-02 -9.086044505238533020e-03 1.248411368578672409e-03 -1.269014924764633179e-02
-4.377819597721099854e-02 4.074592143297195435e-02 5.252751335501670837e-02 2.493140846490859985e-02 -7.687460631132125854e-02 1.989792659878730774e-02 -4.466021899133920670e-03 5.223876237869262695e-02 -8.645522594451904297e-02 -9.078930132091045380e-03
3.678070381283760071e-02 -1.489154808223247528e-02 9.188081137835979462e-03 -8.218280039727687836e-03 -1.467733643949031830e-03 -1.957804709672927856e-02 -3.060919977724552155e-02 1.341317687183618546e-02 -1.160532701760530472e-02 -2.655501663684844971e-02
4.361246246844530106e-03 -4.600583575665950775e-03 4.637649282813072205e-03 1.190617796964943409e-03 -1.363446656614542007e-02 -1.516437996178865433e-02 -1.606534607708454132e-02 -2.223092596977949142e-03 4.422075301408767700e-02 -2.315627411007881165e-02
-2.810242958366870880e-02 3.039612900465726852e-03 4.399134777486324310e-03 -1.487093977630138397e-03 3.975163400173187256e-02 2.183178998529911041e-02 -1.904720999300479889e-02 -1.519827754236757755e-03 -1.633602567017078400e-02 -1.743288338184356689e-02
-1.364660914987325668e-03 5.180849693715572357e-03 -3.828399255871772766e-02 -2.351978793740272522e-02 -7.067522965371608734e-03 -5.102106370031833649e-03 2.544301375746726990e-02 1.506696548312902451e-02 3.570876270532608032e-02 -4.260249901562929153e-03
3.254478052258491516e-02 -3.453918173909187317e-02 -8.368374407291412354e-02 -1.756135821342468262e-01 1.811053603887557983e-02 8.426574617624282837e-02 3.564389422535896301e-02 -1.790857128798961639e-02 -8.425914682447910309e-03 6.481482088565826416e-02
-1.789879240095615387e-02 -6.579905748367309570e-04 -1.131002157926559448e-01 -1.492247171700000763e-02 -4.813898727297782898e-02 5.668091028928756714e-02 -4.923333227634429932e-02 2.022464759647846222e-02 3.418202325701713562e-02 2.766216639429330826e-03
3.656641393899917603e-02 -1.299175247550010681e-02 -2.012419886887073517e-02 -6.107556167989969254e-03 2.444195374846458435e-02 -4.464496672153472900e-02 1.006034016609191895e-02 -1.245536431670188904e-01 2.350370772182941437e-02 7.639594376087188721e-02
-2.027040719985961914e-02 7.982319220900535583e-03 -3.814839571714401245e-02 -5.395554006099700928e-03 1.772195333614945412e-03 3.998971357941627502e-02 2.344003412872552872e-03 -1.413374114781618118e-02 2.937265206128358841e-03 3.835129085928201675e-03
-3.135970234870910645e-02 -9.385480731725692749e-02 1.183656323701143265e-02 4.700065031647682190e-02 2.119464986026287079e-02 -7.352258078753948212e-03 -1.325361616909503937e-02 1.816409640014171600e-02 1.991874910891056061e-02 -1.836620457470417023e-02
3.212039172649383545e-02 -1.570833660662174225e-02 1.623811200261116028e-02 -6.700683385133743286e-02 5.067439749836921692e-02 -6.214382871985435486e-02 3.238898888230323792e-02 -3.465411439538002014e-02 -9.533302509225904942e-04 1.443545799702405930e-02
-7.014351338148117065e-02 3.212773427367210388e-02 -4.484668001532554626e-02 -1.389530897140502930e-01 8.230504393577575684e-02 -1.605053544044494629e-01 3.553661704063415527e-02 1.204294268973171711e-03 -5.137282889336347580e-03 4.757175594568252563e-02
-6.338082998991012573e-02 -2.911431482061743736e-03 2.224487997591495514e-02 3.192592412233352661e-02 3.581658005714416504e-02 -1.094465553760528564e-01 -1.668494753539562225e-02 3.836290212348103523e-03 6.081163510680198669e-02 1.946219243109226227e-02
1.044312771409749985e-02 2.928238175809383392e-02 -7.119244337081909180e-02 -2.816116251051425934e-02 -8.373616635799407959e-02 2.232840284705162048e-02 2.851067855954170227e-02 1.540557760745286942e-02 -8.159527182579040527e-02 5.062552914023399353e-02
4.267120361328125000e-02 -1.615938730537891388e-02 4.754363372921943665e-02 -1.075539067387580872e-01 -2.060720510780811310e-02 -5.820682272315025330e-02 6.037520617246627808e-02 -3.006477840244770050e-03 -1.643092744052410126e-02 4.505300428718328476e-03
-4.354983975645154715e-04 -1.861446723341941833e-02 5.200077430345118046e-04 -1.028927508741617203e-02 -3.335199505090713501e-02 -2.628577174618840218e-03 3.212689608335494995e-02 -7.957312278449535370e-03 -2.922797203063964844e-02 -2.822152338922023773e-02
-2.827314194291830063e-03 -3.512201085686683655e-02 -7.477518916130065918e-02 -2.545933425426483154e-02 1.328058261424303055e-02 3.618442267179489136e-02 2.385762520134449005e-02 2.771222218871116638e-02 3.535228222608566284e-02 -1.666832529008388519e-02
2.437416650354862213e-02 2.767648920416831970e-02 5.372648313641548157e-02 8.875631727278232574e-03 -1.483286321163177490e-01 -1.413202285766601562e-01 5.289022810757160187e-04 2.752119116485118866e-02 2.828552573919296265e-02 1.120236366987228394e-01
6.524427793920040131e-03 -3.445149632170796394e-03 -4.129544273018836975e-02 9.781391359865665436e-03 4.231488704681396484e-02 -2.137589035555720329e-03 4.656285792589187622e-02 -1.312413960695266724e-01 -1.794280670583248138e-02 7.690656930208206177e-02
-7.528182864189147949e-02 3.614683821797370911e-02 -2.519542910158634186e-02 9.668540209531784058e-03 5.873228609561920166e-02 3.046569973230361938e-02 4.352303966879844666e-02 3.638335689902305603e-02 -5.330522730946540833e-02 -3.010417148470878601e-02
-7.033596932888031006e-02 -3.633669018745422363e-02 -1.838240586221218109e-02 -9.148814529180526733e-02 8.054094016551971436e-02 -1.171696856617927551e-01 3.117320826277136803e-03 5.962107703089714050e-02 -1.124435290694236755e-01 3.109247423708438873e-02
-5.828906781971454620e-03 -2.728635631501674652e-02 -1.371372491121292114e-02 1.116857863962650299e-02 3.274424746632575989e-02 3.307273238897323608e-02 -1.472121011465787888e-02 -1.763998158276081085e-02 1.875917660072445869e-03 1.486714184284210205e-02
7.924360781908035278e-02 -2.434568246826529503e-03 6.536622997373342514e-03 -5.572702363133430481e-02 4.803352430462837219e-02 -1.438115388154983521e-01 -6.021720916032791138e-02 1.481551211327314377e-02 -4.072101041674613953e-02 5.138212814927101135e-02
2.568121999502182007e-02 -3.240840509533882141e-02 -2.060624584555625916e-02 -6.946308910846710205e-02 5.373436957597732544e-02 9.456975385546684265e-03 8.984600193798542023e-03 -1.076711062341928482e-02 2.223169431090354919e-02 1.282365061342716217e-02
6.095597520470619202e-02 -9.373706765472888947e-03 -1.838357932865619659e-02 9.684461168944835663e-03 -1.328901201486587524e-02 -5.038733035326004028e-02 1.860127225518226624e-02 -3.463216125965118408e-02 -5.787119269371032715e-02 3.037312766537070274e-03
9.949008934199810028e-03 -3.859741380438208580e-03 -5.439866799861192703e-03 6.996285635977983475e-03 6.205047015100717545e-03 2.210162580013275146e-03 -1.760904490947723389e-02 -6.790337618440389633e-03 2.036305516958236694e-02 -2.241333387792110443e-02
-1.995969004929065704e-02 -5.642290040850639343e-02 -6.971508264541625977e-02 1.442402414977550507e-02 4.538143798708915710e-02 2.376070059835910797e-02 -1.243423148989677429e-01 6.584564596414566040e-02 -3.091782331466674805e-02 5.806043371558189392e-02
-1.039058342576026917e-01 2.168445847928524017e-02 2.001981250941753387e-02 9.714533574879169464e-03 1.141745131462812424e-02 -1.324632316827774048e-01 -1.132516097277402878e-02 -2.383375726640224457e-02 3.164466097950935364e-02 3.229210153222084045e-02
1.111570186913013458e-02 -1.392020378261804581e-02 1.604824885725975037e-02 -1.394537184387445450e-02 -3.369654715061187744e-02 -7.524431683123111725e-03 -1.862997305579483509e-03 -3.236824646592140198e-03 1.717286556959152222e-02 -6.273931358009576797e-03
1.659965142607688904e-02 -6.250915676355361938e-02 2.641147561371326447e-02 -5.689032375812530518e-02 -3.703812882304191589e-02 1.309607177972793579e-04 1.706512831151485443e-02 -1.793839223682880402e-02 1.589076966047286987e-02 8.748402446508407593e-02
-1.315195672214031219e-02 2.747603319585323334e-02 1.275006961077451706e-02 1.081381365656852722e-02 -3.343115001916885376e-02 2.366254106163978577e-02 -4.440809041261672974e-02 9.611699730157852173e-03 -8.121076226234436035e-02 -2.102211304008960724e-02
-1.097005084156990051e-01 1.037609111517667770e-02 -1.648279838263988495e-03 5.280677229166030884e-02 2.358366549015045166e-02 5.348601192235946655e-02 9.808750823140144348e-03 -1.480989754199981689e-01 5.147150903940200806e-02 4.815334081649780273e-02
2.416915446519851685e-02 -6.672645919024944305e-03 -4.378073289990425110e-02 -3.080853447318077087e-02 4.912352934479713440e-02 2.204992808401584625e-02 -1.893704029498621821e-04 -1.096195280551910400e-01 6.823857873678207397e-02 3.454553894698619843e-03
4.643220081925392151e-02 -1.590997539460659027e-02 -1.245467066764831543e-01 -8.251408487558364868e-02 5.069536715745925903e-02 5.145141482353210449e-02 3.434472903609275818e-02 2.043149620294570923e-02 -4.284431412816047668e-02 2.225721627473831177e-02
-4.454902186989784241e-02 -2.941569313406944275e-02 2.074579708278179169e-02 5.069643259048461914e-03 1.327199395745992661e-02 -1.380393281579017639e-02 -3.574018180370330811e-02 6.995584815740585327e-03 1.688835769891738892e-02 -4.280610010027885437e-03
-1.282765120267868042e-01 9.432180225849151611e-02 -7.619784027338027954e-02 2.502040378749370575e-02 3.199331462383270264e-02 4.394141957163810730e-02 -1.011437103152275085e-01 -1.287686079740524292e-01 4.455559700727462769e-02 7.195818424224853516e-02
2.996037155389785767e-02 6.687589338980615139e-04 -4.065980762243270874e-02 4.454057663679122925e-02 -5.635292455554008484e-02 -6.109669804573059082e-03 3.892621397972106934e-02 4.338325560092926025e-02 3.514309972524642944e-02 -2.583278343081474304e-02
-7.536030840128660202e-03 -1.493346062488853931e-03 3.655959293246269226e-02 2.939660474658012390e-02 -5.060252174735069275e-02 -2.720507606863975525e-02 6.233064923435449600e-03 -4.222147911787033081e-02 1.285502687096595764e-03 8.132842183113098145e-02
5.573411472141742706e-03 -3.234597668051719666e-02 5.337545648217201233e-02 -2.578033320605754852e-02 -4.815210402011871338e-02 -1.508381497114896774e-02 -3.575740754604339600e-02 -1.633049803785979748e-03 3.182340040802955627e-02 1.029897388070821762e-02
1.339355763047933578e-02 -3.362175310030579567e-03 -2.745936997234821320e-02 -4.614835232496261597e-02 -5.577031522989273071e-02 -2.158815786242485046e-02 2.283479552716016769e-03 -9.188349358737468719e-03 8.607824146747589111e-02 6.047439202666282654e-02
1.890981197357177734e-02 7.476060837507247925e-02 -6.841744482517242432e-02 6.831554230302572250e-03 -4.344140365719795227e-02 -8.248184807598590851e-03 -3.508926555514335632e-02 -8.397242426872253418e-02 -4.083320870995521545e-02 -7.641750574111938477e-02
1.543081831187009811e-02 -7.131963968276977539e-02 3.198677673935890198e-02 9.616420604288578033e-03 -1.650461927056312561e-02 -9.020089171826839447e-03 4.314387217164039612e-02 -1.488371659070253372e-02 -1.384452264755964279e-02 -1.661285199224948883e-02
-6.944084167480468750e-02 1.406009122729301453e-02 -3.167738765478134155e-02 2.457966655492782593e-02 4.181129485368728638e-02 -1.851276680827140808e-02 -5.413651000708341599e-03 -4.327781032770872116e-03 6.369725801050662994e-03 1.664815470576286316e-02
-2.930334210395812988e-02 -1.747005619108676910e-02 -5.896535702049732208e-03 -4.247773811221122742e-02 -1.776549406349658966e-02 5.973607301712036133e-02 -2.008276246488094330e-02 -1.630875654518604279e-02 3.188247978687286377e-02 2.511138282716274261e-02
3.517086617648601532e-03 -1.114081218838691711e-02 1.130063738673925400e-02 5.674190819263458252e-03 1.218037563376128674e-03 -2.261025458574295044e-02 -4.316846281290054321e-02 1.432776357978582382e-02 -9.710108861327171326e-03 -7.043244317173957825e-03
1.863713748753070831e-02 -1.879663951694965363e-02 2.935964427888393402e-02 2.146158367395401001e-02 -1.232524067163467407e-01 -1.365145668387413025e-02 -3.793428465723991394e-02 -3.441523015499114990e-02 -1.677845232188701630e-02 1.333849281072616577e-01
-1.349105034023523331e-02 -1.605654507875442505e-02 -5.445687100291252136e-02 2.694993279874324799e-02 4.177374020218849182e-02 -1.895115152001380920e-02 1.194529980421066284e-02 -2.279010368511080742e-03 2.993918210268020630e-02 -1.708339201286435127e-03
5.169000849127769470e-02 1.336915325373411179e-02 2.586317434906959534e-02 1.861759275197982788e-02 -7.926290482282638550e-02 9.361135214567184448e-02 1.149025931954383850e-02 -6.737563014030456543e-02 -3.177378326654434204e-02 -5.812842398881912231e-02
7.991343736648559570e-02 1.777087710797786713e-02 1.973772794008255005e-02 -2.985601604450494051e-04 -5.000567436218261719e-02 -2.975716441869735718e-02 -1.280252635478973389e-02 2.189809828996658325e-02 -7.305961847305297852e-02 4.013132303953170776e-03
1.876501180231571198e-02 -7.686567027121782303e-03 4.145533777773380280e-03 2.605504542589187622e-02 -3.976383712142705917e-03 -2.325457520782947540e-02 -6.598990876227617264e-03 -3.401992470026016235e-02 -1.422957517206668854e-02 -1.802471466362476349e-02
-2.687337808310985565e-02 1.993985660374164581e-02 1.763522066175937653e-02 -1.117062103003263474e-02 -6.446983665227890015e-02 6.608538329601287842e-02 1.228099782019853592e-02 2.147194929420948029e-02 -5.492239072918891907e-02 3.452034294605255127e-02
5.342578049749135971e-03 -2.443166077136993408e-02 5.197054124437272549e-04 1.998277753591537476e-02 -3.968765214085578918e-02 -3.865894302725791931e-02 2.538248710334300995e-02 -2.031643874943256378e-03 -6.426966749131679535e-03 1.285715214908123016e-02
1.655692979693412781e-02 4.348823335021734238e-03 1.895154267549514771e-02 5.604325328022241592e-03 6.936515681445598602e-03 -1.527412142604589462e-02 9.536410681903362274e-03 -4.081975296139717102e-02 -2.694102562963962555e-02 1.576330885291099548e-02
-7.968649268150329590e-03 -1.496598776429891586e-02 -4.858641885221004486e-03 2.963475417345762253e-04 -2.458860911428928375e-02 1.331367809325456619e-02 4.778780415654182434e-02 -1.160840038210153580e-02 -3.463081642985343933e-02 -8.702983148396015167e-03
6.612380500882863998e-03 8.462334517389535904e-04 -7.165500428527593613e-03 -2.044515311717987061e-02 -1.696080341935157776e-02 9.544931352138519287e-03 3.937495872378349304e-02 -1.212796103209257126e-02 -2.759273163974285126e-02 1.936912909150123596e-02
1.089498400688171387e-02 5.754870548844337463e-02 3.255497897043824196e-03 4.074555635452270508e-02 -8.414663374423980713e-02 -1.045556068420410156e-01 -1.879998110234737396e-02 2.796024829149246216e-02 1.196300145238637924e-02 9.025689959526062012e-02
-2.311655320227146149e-02 -6.557463854551315308e-02 1.571450009942054749e-02 -5.327142775058746338e-02 -2.125844359397888184e-02 5.899219587445259094e-02 3.129855543375015259e-02 4.905898123979568481e-02 -1.052792556583881378e-02 -1.222168095409870148e-03
8.722761645913124084e-03 7.141786161810159683e-03 1.939027337357401848e-03 -1.774992048740386963e-02 3.967456519603729248e-03 1.903930446133017540e-03 -1.023799553513526917e-02 -4.545107483863830566e-02 1.428670808672904968e-02 1.348107028752565384e-02
5.782364169135689735e-04 -4.223472625017166138e-02 5.910261999815702438e-03 9.335007052868604660e-04 5.241080373525619507e-02 -3.288941830396652222e-02 -7.540746591985225677e-03 1.294911932200193405e-02 3.950700536370277405e-02 -9.782764129340648651e-03
5.398521199822425842e-02 -1.245878916233778000e-02 -1.243034843355417252e-02 1.749033853411674500e-02 -1.538189221173524857e-02 2.377813309431076050e-02 -2.834018319845199585e-02 1.209760550409555435e-02 1.876062899827957153e-02 -5.883428826928138733e-02
-1.292304508388042450e-02 -6.597198545932769775e-03 -3.264897270128130913e-03 1.970634609460830688e-02 7.990050129592418671e-03 -2.234380692243576050e-02 -1.008707657456398010e-02 -4.064081609249114990e-02 6.345714908093214035e-03 3.369432408362627029e-03
-3.591677919030189514e-02 -5.539016798138618469e-02 3.646232932806015015e-02 -5.902281403541564941e-02 2.308928407728672028e-02 9.877241402864456177e-02 2.253900095820426941e-02 -3.246306441724300385e-04 -5.264210700988769531e-02 -5.909265484660863876e-03
-1.686055585741996765e-02 -7.348021492362022400e-03 -1.445290166884660721e-02 2.130431868135929108e-02 5.407843273133039474e-03 -3.247978165745735168e-02 1.450410019606351852e-02 -2.829969674348831177e-02 2.691266499459743500e-02 1.006594393402338028e-02
6.757198832929134369e-03 2.706638351082801819e-02 -2.436703070998191833e-02 5.654468666762113571e-03 -1.824913732707500458e-02 4.124733433127403259e-02 1.194473449140787125e-02 -5.256754532456398010e-02 -4.389527812600135803e-02 2.642195858061313629e-02
-1.441687718033790588e-02 4.947391524910926819e-02 -5.622905865311622620e-02 6.679604947566986084e-02 4.124144837260246277e-02 -8.937638998031616211e-02 -4.253534972667694092e-02 3.115344792604446411e-02 -1.121299639344215393e-01 -6.369951367378234863e-02
9.559879079461097717e-03 1.161880325525999069e-02 -8.059880137443542480e-02 2.270990982651710510e-02 -1.975304260849952698e-02 7.282758597284555435e-03 4.046540707349777222e-02 1.445390935987234116e-02 -1.409178040921688080e-02 -2.747260779142379761e-02
-2.466332167387008667e-03 2.700490131974220276e-02 4.240447655320167542e-02 8.446728810667991638e-03 3.702223766595125198e-03 2.623854961711913347e-04 -3.292541950941085815e-02 -1.759804319590330124e-03 -8.325526863336563110e-02 -7.599788950756192207e-04
9.095468558371067047e-03 -1.459184009581804276e-02 2.157245762646198273e-02 -5.055629089474678040e-02 6.751487031579017639e-03 -7.576574385166168213e-02 -2.191288955509662628e-02 4.186411853879690170e-03 3.641122952103614807e-02 2.377525903284549713e-02
-2.335284836590290070e-02 -1.719819754362106323e-02 -2.800082415342330933e-02 2.290006168186664581e-02 -4.954457655549049377e-02 3.447111230343580246e-03 6.991147249937057495e-02 2.144338935613632202e-02 -6.530912965536117554e-02 -5.563593469560146332e-03
-1.870584487915039062e-02 2.593320794403553009e-02 -2.831392548978328705e-02 2.522039785981178284e-02 -6.668233871459960938e-02 2.469071559607982635e-02 -3.961768746376037598e-02 4.319651424884796143e-02 -1.456383243203163147e-02 -5.723518505692481995e-02
5.997287109494209290e-03 1.815156638622283936e-02 -1.385651528835296631e-01 -4.135448113083839417e-02 3.192544355988502502e-02 -3.801096975803375244e-02 2.169918827712535858e-02 2.553807199001312256e-02 3.311258926987648010e-02 1.650294847786426544e-02
-1.742775202728807926e-05 -8.309136331081390381e-02 -7.874337956309318542e-03 1.805689372122287750e-02 1.152598019689321518e-02 1.288698241114616394e-02 -1.085162088274955750e-01 3.676250949501991272e-02 -1.279120054095983505e-02 -2.531742118299007416e-02
-3.828683402389287949e-03 -1.123524736613035202e-02 -1.162919402122497559e-02 3.039115294814109802e-02 8.953758515417575836e-03 -1.476519741117954254e-02 6.915837526321411133e-03 5.348664149641990662e-02 -3.078913316130638123e-02 2.089222660288214684e-03
6.033570040017366409e-03 -7.099200971424579620e-03 -5.291168577969074249e-03 -4.416823759675025940e-02 7.540185004472732544e-02 3.911681100726127625e-02 5.224855989217758179e-02 -7.337993383407592773e-02 2.035774057731032372e-03 -1.463870555162429810e-01
-1.084016785025596619e-01 3.363345563411712646e-02 -8.277522027492523193e-02 1.952271163463592529e-02 3.879276663064956665e-02 -6.049345433712005615e-02 1.566628180444240570e-02 7.649964094161987305e-02 -5.173847079277038574e-03 2.429603040218353271e-02
