3.891006857156753540e-02
1.654366493225097656e+00
1.073909163475036621e+00
1.265905618667602539e+00
2.042455911636352539e+00
1.190640568733215332e+00
2.896021604537963867e+00
1.590363383293151855e+00
2.186016321182250977e+00
3.081812560558319092e-01
2.555113315582275391e+00
2.027094125747680664e+00
2.139451980590820312e+00
1.065722346305847168e+00
1.375458478927612305e+00
2.097457885742187500e+00
1.219912767410278320e+00
2.193004369735717773e+00
1.441450357437133789e+00
1.077184200286865234e+00
2.286290168762207031e+00
1.879085153341293335e-01
-1.842720955610275269e-01
1.875815272331237793e+00
2.296824455261230469e+00
5.485417842864990234e-01
1.226366907358169556e-01
1.879352450370788574e+00
1.833544492721557617e+00
2.358474731445312500e+00
2.073915719985961914e+00
2.512837886810302734e+00
3.049934864044189453e+00
2.122909545898437500e+00
9.096333980560302734e-01
1.604095339775085449e+00
9.336273670196533203e-01
2.041810989379882812e+00
1.424555927515029907e-01
1.823639571666717529e-01
3.308162987232208252e-01
7.123603820800781250e-01
8.303643465042114258e-01
1.289819359779357910e+00
2.009272336959838867e+00
2.681924819946289062e+00
5.964510440826416016e-01
1.991454482078552246e+00
2.223376512527465820e+00
1.050907015800476074e+00
4.869965314865112305e-01
2.267009019851684570e+00
9.119069576263427734e-01
2.147363185882568359e+00
1.212542891502380371e+00
1.338454365730285645e+00
1.915626525878906250e+00
6.059070825576782227e-01
1.547904610633850098e+00
1.024636626243591309e+00
2.077095985412597656e+00
1.327366590499877930e+00
6.917232871055603027e-01
9.823617339134216309e-01
1.245001792907714844e+00
2.354006290435791016e+00
1.751719117164611816e+00
1.919726729393005371e+00
2.029458522796630859e+00
1.477813005447387695e+00
1.645273804664611816e+00
2.535373449325561523e+00
4.048182368278503418e-01
8.959079384803771973e-01
1.947450399398803711e+00
6.373622417449951172e-01
2.805482387542724609e+00
2.446746349334716797e+00
1.234363675117492676e+00
2.165374994277954102e+00
2.371747732162475586e+00
2.258916139602661133e+00
1.600016653537750244e-02
8.550904989242553711e-01
1.135815739631652832e+00
2.429741144180297852e+00
2.859214782714843750e+00
1.684084653854370117e+00
4.884597659111022949e-01
2.518200576305389404e-01
1.700006574392318726e-01
1.023904323577880859e+00
5.744513273239135742e-01
2.695837259292602539e+00
1.379459500312805176e+00
1.270183205604553223e+00
5.232685804367065430e-01
7.434518337249755859e-01
2.327189207077026367e+00
2.558383941650390625e+00
1.870454430580139160e+00
3.993647694587707520e-01
2.191924810409545898e+00
8.689088821411132812e-01
1.271273136138916016e+00
4.209099709987640381e-01
1.076538681983947754e+00
9.436308145523071289e-01
2.641574859619140625e+00
1.587722897529602051e+00
9.213638901710510254e-01
1.800356268882751465e+00
2.561811208724975586e-01
2.919484138488769531e+00
2.470381975173950195e+00
1.367545247077941895e+00
2.193647146224975586e+00
1.948639154434204102e+00
2.954540252685546875e-01
2.085915565490722656e+00
2.083731174468994141e+00
2.602661371231079102e+00
1.385366916656494141e+00
1.243632197380065918e+00
1.367085218429565430e+00
1.393639683723449707e+00
9.246382713317871094e-01
5.714517235755920410e-01
-2.603617012500762939e-01
7.472704052925109863e-01
2.032089233398437500e+00
2.987273633480072021e-01
2.000272035598754883e+00
2.519839525222778320e+00
2.114995241165161133e+00
1.280909478664398193e-01
3.611782789230346680e-01
2.181561708450317383e+00
1.525635361671447754e+00
2.071642398834228516e+00
1.491539478302001953e+00
2.159286499023437500e+00
2.204011917114257812e+00
1.824913859367370605e+00
7.799068689346313477e-01
2.614206552505493164e+00
2.333096504211425781e+00
1.764910101890563965e+00
2.334374189376831055e+00
1.968631029129028320e+00
1.250013709068298340e-01
2.098005771636962891e+00
1.442269206047058105e+00
2.606751203536987305e+00
1.799369454383850098e+00
1.364729046821594238e+00
1.160727381706237793e+00
4.115431010723114014e-01
1.530549049377441406e+00
1.309459090232849121e+00
1.942724108695983887e+00
1.673275351524353027e+00
1.120634198188781738e+00
1.473639369010925293e+00
2.275096416473388672e+00
1.643002152442932129e+00
2.133280277252197266e+00
1.686824679374694824e+00
1.125179648399353027e+00
2.025544643402099609e+00
2.195926904678344727e+00
1.693541049957275391e+00
3.961812853813171387e-01
1.872909426689147949e+00
1.693086266517639160e+00
-5.372672900557518005e-02
1.981091380119323730e+00
2.953112363815307617e+00
1.740637660026550293e+00
2.166821956634521484e+00
2.133636772632598877e-01
1.304173707962036133e+00
2.038728237152099609e+00
1.689280390739440918e+00
2.350009202957153320e+00
1.589719653129577637e+00
1.590105175971984863e+00
1.076545119285583496e+00
7.683604359626770020e-01
9.045444726943969727e-01
1.984549641609191895e+00
7.543625235557556152e-01
1.588462233543395996e+00
1.534363985061645508e+00
1.155178666114807129e+00
1.534725546836853027e+00
1.535181522369384766e+00
2.353009223937988281e+00
1.244176983833312988e+00
1.119896769523620605e+00
-6.009094789624214172e-02
2.261466264724731445e+00
1.655358076095581055e+00
2.750125408172607422e+00
2.226644039154052734e+00
2.398838520050048828e+00
8.305449485778808594e-01
1.729906678199768066e+00
1.073999404907226562e+00
1.656453847885131836e+00
1.087636470794677734e+00
2.094088077545166016e+00
-2.188175916671752930e-01
1.720364332199096680e+00
2.797934293746948242e+00
1.581728577613830566e+00
1.163451910018920898e+00
2.506494283676147461e+00
1.938089728355407715e+00
-2.210014462471008301e-01
1.405909061431884766e+00
2.606841325759887695e+00
2.203554391860961914e+00
4.689083993434906006e-01
2.144096612930297852e+00
