-9.556583762168884277e-01
-9.627492427825927734e-01
-9.599315524101257324e-01
-9.614774584770202637e-01
-9.618415832519531250e-01
-9.594778418540954590e-01
-9.620239734649658203e-01
-9.613867998123168945e-01
-9.612066745758056641e-01
-9.592041969299316406e-01
-9.609307050704956055e-01
-9.626594781875610352e-01
-9.614758491516113281e-01
-9.617514014244079590e-01
-9.620224833488464355e-01
-9.628404378890991211e-01
-9.642947912216186523e-01
-9.594779610633850098e-01
-9.607500433921813965e-01
-9.596606492996215820e-01
-9.609320759773254395e-01
-9.594770669937133789e-01
-9.625670909881591797e-01
-9.612047076225280762e-01
-9.605692028999328613e-01
-9.616594910621643066e-01
-9.626606106758117676e-01
-9.574790596961975098e-01
-9.628420472145080566e-01
-9.602947831153869629e-01
-9.642042517662048340e-01
-9.607509970664978027e-01
-9.620225429534912109e-01
-9.602044820785522461e-01
-9.598423242568969727e-01
-9.592956304550170898e-01
-9.612051844596862793e-01
-9.540275335311889648e-01
-9.588446021080017090e-01
-9.600273370742797852e-01
-9.641193151473999023e-01
-9.588474035263061523e-01
-9.636662006378173828e-01
-9.620295763015747070e-01
-9.617557525634765625e-01
-9.549397230148315430e-01
-9.575731754302978516e-01
-9.588438868522644043e-01
-9.594805240631103516e-01
-9.596613645553588867e-01
-9.629324674606323242e-01
-9.642952680587768555e-01
-9.643863439559936523e-01
-9.600238204002380371e-01
-9.600226283073425293e-01
-9.581132531166076660e-01
-9.627496004104614258e-01
-9.592971205711364746e-01
-9.597500562667846680e-01
-9.585687518119812012e-01
-9.625697731971740723e-01
-9.614782333374023438e-01
-9.551154971122741699e-01
-9.505724310874938965e-01
-9.497584700584411621e-01
-9.462195634841918945e-01
-9.580449461936950684e-01
-9.775036573410034180e-01
-9.920575022697448730e-01
-1.008695960044860840e+00
-1.023977637290954590e+00
-1.019706606864929199e+00
-1.019528985023498535e+00
-1.010071635246276855e+00
-9.991568922996520996e-01
-9.790555238723754883e-01
-9.600498080253601074e-01
-9.518558382987976074e-01
-9.472155570983886719e-01
-9.571159482002258301e-01
-9.593881368637084961e-01
-9.586593508720397949e-01
-9.605680704116821289e-01
-9.624760746955871582e-01
-9.619311690330505371e-01
-9.592055678367614746e-01
-9.626578092575073242e-01
-9.615671038627624512e-01
-9.599323868751525879e-01
-9.569354057312011719e-01
-9.443959593772888184e-01
-9.348584413528442383e-01
-9.326890707015991211e-01
-9.531528949737548828e-01
-1.003890633583068848e+00
-1.052806496620178223e+00
-1.091081619262695312e+00
-1.136719584465026855e+00
-1.158176064491271973e+00
-1.167997837066650391e+00
-1.161543726921081543e+00
-1.136180400848388672e+00
-1.074085831642150879e+00
-1.009534955024719238e+00
-9.663434624671936035e-01
-9.476077556610107422e-01
-9.435931444168090820e-01
-9.433088302612304688e-01
-9.510295391082763672e-01
-9.567514657974243164e-01
-9.602055549621582031e-01
-9.604765772819519043e-01
-9.630219340324401855e-01
-9.586598277091979980e-01
-9.607499837875366211e-01
-9.596603512763977051e-01
-9.553896188735961914e-01
-9.297671914100646973e-01
-9.164150953292846680e-01
-9.071585536003112793e-01
-9.317117929458618164e-01
-1.001446127891540527e+00
-1.095266461372375488e+00
-1.196088910102844238e+00
-1.315912842750549316e+00
-1.403451204299926758e+00
-1.502093672752380371e+00
-1.544732451438903809e+00
-1.483458876609802246e+00
-1.336550354957580566e+00
-1.203636050224304199e+00
-1.098273754119873047e+00
-1.019088149070739746e+00
-9.876272082328796387e-01
-9.686198830604553223e-01
-9.547011256217956543e-01
-9.465037584304809570e-01
-9.513977766036987305e-01
-9.598442316055297852e-01
-9.631145000457763672e-01
-9.641126990318298340e-01
-9.654780626296997070e-01
-9.590232968330383301e-01
-9.552073478698730469e-01
-9.330390691757202148e-01
-8.923308849334716797e-01
-8.627104163169860840e-01
-8.599886894226074219e-01
-8.981798291206359863e-01
-9.943613409996032715e-01
-1.112639784812927246e+00
-1.233000516891479492e+00
-1.345084786415100098e+00
-1.455179095268249512e+00
-1.539723157882690430e+00
-1.548997998237609863e+00
-1.473991513252258301e+00
-1.296630501747131348e+00
-1.158726572990417480e+00
-1.028088450431823730e+00
-9.707254767417907715e-01
-9.321824312210083008e-01
-9.219971299171447754e-01
-9.409880042076110840e-01
-9.509848356246948242e-01
-9.432330727577209473e-01
-9.593930840492248535e-01
-9.617491364479064941e-01
-9.592044353485107422e-01
-9.622958302497863770e-01
-9.593876004219055176e-01
-9.433060884475708008e-01
-8.956037163734436035e-01
-8.420797586441040039e-01
-8.107208609580993652e-01
-8.350834846496582031e-01
-9.113629460334777832e-01
-1.047363042831420898e+00
-1.159821271896362305e+00
-1.233085155487060547e+00
-1.323540806770324707e+00
-1.428540468215942383e+00
-1.515900135040283203e+00
-1.543549776077270508e+00
-1.467275619506835938e+00
-1.333096265792846680e+00
-1.209906220436096191e+00
-1.082544684410095215e+00
-9.370918869972229004e-01
-8.773647546768188477e-01
-8.739084601402282715e-01
-9.149955511093139648e-01
-9.602613449096679688e-01
-9.437925219535827637e-01
-9.454034566879272461e-01
-9.580249190330505371e-01
-9.606603980064392090e-01
-9.627513289451599121e-01
-9.560277462005615234e-01
-9.288645386695861816e-01
-8.593458533287048340e-01
-8.025387525558471680e-01
-7.795444130897521973e-01
-8.283633589744567871e-01
-9.812727570533752441e-01
-1.114088058471679688e+00
-1.204001665115356445e+00
-1.217454433441162109e+00
-1.256363153457641602e+00
-1.328448534011840820e+00
-1.440087795257568359e+00
-1.493090391159057617e+00
-1.467719197273254395e+00
-1.399275422096252441e+00
-1.306184291839599609e+00
-1.175279021263122559e+00
-1.003729104995727539e+00
-8.674568533897399902e-01
-8.494530916213989258e-01
-9.007236361503601074e-01
-9.763559103012084961e-01
-9.690698981285095215e-01
-9.512224793434143066e-01
-9.588432908058166504e-01
-9.621134996414184570e-01
-9.594798684120178223e-01
-9.543058276176452637e-01
-9.104226231575012207e-01
-8.613520860671997070e-01
-8.007212877273559570e-01
-7.842687368392944336e-01
-9.056335687637329102e-01
-1.077637076377868652e+00
-1.263724088668823242e+00
-1.336907148361206055e+00
-1.325632691383361816e+00
-1.284365534782409668e+00
-1.371910095214843750e+00
-1.518724441528320312e+00
-1.610633611679077148e+00
-1.563819885253906250e+00
-1.493541359901428223e+00
-1.428910613059997559e+00
-1.293817877769470215e+00
-1.104456543922424316e+00
-9.511775970458984375e-01
-8.602737188339233398e-01
-9.222679138183593750e-01
-9.868100881576538086e-01
-9.853399395942687988e-01
-9.534068107604980469e-01
-9.578425884246826172e-01
-9.622045159339904785e-01
-9.628432989120483398e-01
-9.492239356040954590e-01
-9.178758263587951660e-01
-8.642615675926208496e-01
-8.211766481399536133e-01
-8.407239317893981934e-01
-1.006091237068176270e+00
-1.219095110893249512e+00
-1.408273577690124512e+00
-1.387176632881164551e+00
-1.354814052581787109e+00
-1.349815249443054199e+00
-1.486538887023925781e+00
-1.675369381904602051e+00
-1.749637484550476074e+00
-1.648002624511718750e+00
-1.573449611663818359e+00
-1.493173599243164062e+00
-1.353086709976196289e+00
-1.144907832145690918e+00
-9.739076495170593262e-01
-8.752737641334533691e-01
-8.969035744667053223e-01
-9.611723423004150391e-01
-9.702428579330444336e-01
-9.563996791839599609e-01
-9.622966647148132324e-01
-9.597496986389160156e-01
-9.612083435058593750e-01
-9.536760449409484863e-01
-9.219694733619689941e-01
-8.791686296463012695e-01
-8.676304221153259277e-01
-9.149034619331359863e-01
-1.078452467918395996e+00
-1.321359515190124512e+00
-1.427629590034484863e+00
-1.405001044273376465e+00
-1.347719550132751465e+00
-1.364455699920654297e+00
-1.478996276855468750e+00
-1.704544663429260254e+00
-1.739815115928649902e+00
-1.590453147888183594e+00
-1.545364856719970703e+00
-1.461635112762451172e+00
-1.290360808372497559e+00
-1.117365121841430664e+00
-9.416364431381225586e-01
-8.803597688674926758e-01
-8.867219090461730957e-01
-9.316251277923583984e-01
-9.503265619277954102e-01
-9.530330300331115723e-01
-9.597502946853637695e-01
-9.608424901962280273e-01
-9.619355797767639160e-01
-9.564041495323181152e-01
-9.285055994987487793e-01
-8.916214108467102051e-01
-9.006350636482238770e-01
-9.941757321357727051e-01
-1.167725801467895508e+00
-1.366910219192504883e+00
-1.438719630241394043e+00
-1.376458406448364258e+00
-1.325267553329467773e+00
-1.289910197257995605e+00
-1.437083840370178223e+00
-1.695372581481933594e+00
-1.683000087738037109e+00
-1.499268412590026855e+00
-1.423091888427734375e+00
-1.366905927658081055e+00
-1.179453015327453613e+00
-1.011632204055786133e+00
-9.289063215255737305e-01
-8.879977464675903320e-01
-9.003608226776123047e-01
-9.091688394546508789e-01
-9.450435042381286621e-01
-9.550271034240722656e-01
-9.622958302497863770e-01
-9.619327187538146973e-01
-9.632067084312438965e-01
-9.610313773155212402e-01
-9.395017623901367188e-01
-9.126184582710266113e-01
-9.391750097274780273e-01
-1.036996245384216309e+00
-1.215453028678894043e+00
-1.389630794525146484e+00
-1.407723784446716309e+00
-1.332001090049743652e+00
-1.246091723442077637e+00
-1.148449301719665527e+00
-1.418725609779357910e+00
-1.749538660049438477e+00
-1.695174574851989746e+00
-1.463639974594116211e+00
-1.359179615974426270e+00
-1.256091833114624023e+00
-1.062818646430969238e+00
-9.624513983726501465e-01
-9.522708058357238770e-01
-9.270887970924377441e-01
-9.166288971900939941e-01
-9.228972792625427246e-01
-9.367662072181701660e-01
-9.576615095138549805e-01
-9.618402123451232910e-01
-9.640220403671264648e-01
-9.615694880485534668e-01
-9.593002796173095703e-01
-9.368634223937988281e-01
-9.146189093589782715e-01
-9.720850586891174316e-01
-1.071545362472534180e+00
-1.228272080421447754e+00
-1.351908802986145020e+00
-1.363540053367614746e+00
-1.297271966934204102e+00
-1.165271759033203125e+00
-1.106906414031982422e+00
-1.483816385269165039e+00
-1.863270640373229980e+00
-1.756907224655151367e+00
-1.472182273864746094e+00
-1.365370869636535645e+00
-1.207825541496276855e+00
-1.097814440727233887e+00
-1.008910417556762695e+00
-9.910938739776611328e-01
-9.606325030326843262e-01
-9.409940242767333984e-01
-9.392622113227844238e-01
-9.370462894439697266e-01
-9.571176767349243164e-01
-9.648415446281433105e-01
-9.591129422187805176e-01
-9.598420262336730957e-01
-9.590253829956054688e-01
-9.413133263587951660e-01
-9.250779747962951660e-01
-9.881755113601684570e-01
-1.091904044151306152e+00
-1.219360947608947754e+00
-1.321184754371643066e+00
-1.368179321289062500e+00
-1.272545337677001953e+00
-1.136905312538146973e+00
-1.162360310554504395e+00
-1.656825423240661621e+00
-1.982178926467895508e+00
-1.819183349609375000e+00
-1.536094665527343750e+00
-1.438000321388244629e+00
-1.317093610763549805e+00
-1.187178969383239746e+00
-1.104363560676574707e+00
-1.025453329086303711e+00
-9.677250981330871582e-01
-9.534512758255004883e-01
-9.476305842399597168e-01
-9.352352023124694824e-01
-9.550287127494812012e-01
-9.605689048767089844e-01
-9.596587419509887695e-01
-9.629325866699218750e-01
-9.581158757209777832e-01
-9.397705197334289551e-01
-9.357145428657531738e-01
-1.003541231155395508e+00
-1.077271938323974609e+00
-1.176450133323669434e+00
-1.265001296997070312e+00
-1.318090796470642090e+00
-1.264903903007507324e+00
-1.177636861801147461e+00
-1.328451752662658691e+00
-1.834452033042907715e+00
-2.121647357940673828e+00
-1.898100137710571289e+00
-1.606731176376342773e+00
-1.517360329627990723e+00
-1.395726323127746582e+00
-1.285548567771911621e+00
-1.123996376991271973e+00
-1.028451204299926758e+00
-9.697263240814208984e-01
-9.533547759056091309e-01
-9.507159590721130371e-01
-9.356901645660400391e-01
-9.527564644813537598e-01
-9.586601257324218750e-01
-9.608420729637145996e-01
-9.623864293098449707e-01
-9.576618671417236328e-01
-9.319542646408081055e-01
-9.423493146896362305e-01
-9.961790442466735840e-01
-1.057364225387573242e+00
-1.130269527435302734e+00
-1.177540302276611328e+00
-1.221087455749511719e+00
-1.229006767272949219e+00
-1.247544765472412109e+00
-1.491915225982666016e+00
-1.904092192649841309e+00
-2.104910612106323242e+00
-1.890721917152404785e+00
-1.612178802490234375e+00
-1.520362615585327148e+00
-1.401820063591003418e+00
-1.275091648101806641e+00
-1.105634808540344238e+00
-1.003087639808654785e+00
-9.378166198730468750e-01
-9.246304631233215332e-01
-9.378994107246398926e-01
-9.377842545509338379e-01
-9.568513631820678711e-01
-9.628414511680603027e-01
-9.604779481887817383e-01
-9.615685939788818359e-01
-9.528457522392272949e-01
-9.229609966278076172e-01
-9.427161216735839844e-01
-9.629921913146972656e-01
-1.024003624916076660e+00
-1.093090534210205078e+00
-1.122542142868041992e+00
-1.140274405479431152e+00
-1.177365422248840332e+00
-1.252540826797485352e+00
-1.490633606910705566e+00
-1.826906085014343262e+00
-1.932359814643859863e+00
-1.742448925971984863e+00
-1.543002963066101074e+00
-1.420272946357727051e+00
-1.376634836196899414e+00
-1.254636883735656738e+00
-1.069090604782104492e+00
-9.524539113044738770e-01
-9.039061665534973145e-01
-9.073616862297058105e-01
-9.100804924964904785e-01
-9.353332519531250000e-01
-9.501249790191650391e-01
-9.586589336395263672e-01
-9.619321823120117188e-01
-9.642958045005798340e-01
-9.459398984909057617e-01
-8.927834033966064453e-01
-9.106269478797912598e-01
-9.281756877899169922e-01
-9.978168606758117676e-01
-1.091180801391601562e+00
-1.106360197067260742e+00
-1.121449828147888184e+00
-1.175091385841369629e+00
-1.290454030036926270e+00
-1.472272276878356934e+00
-1.715993165969848633e+00
-1.744089245796203613e+00
-1.556911706924438477e+00
-1.423731207847595215e+00
-1.357455134391784668e+00
-1.354543447494506836e+00
-1.211000323295593262e+00
-1.035365581512451172e+00
-9.239088892936706543e-01
-8.481799364089965820e-01
-8.539966344833374023e-01
-8.923522233963012695e-01
-9.281531572341918945e-01
-9.475755095481872559e-01
-9.601136445999145508e-01
-9.636584520339965820e-01
-9.586597084999084473e-01
-9.393058419227600098e-01
-8.851529955863952637e-01
-8.671720623970031738e-01
-8.597235083580017090e-01
-9.616316556930541992e-01
-1.080541253089904785e+00
-1.148364067077636719e+00
-1.175819277763366699e+00
-1.199183583259582520e+00
-1.291903853416442871e+00
-1.456908226013183594e+00
-1.622454643249511719e+00
-1.678275585174560547e+00
-1.517911672592163086e+00
-1.394274234771728516e+00
-1.364363551139831543e+00
-1.332907199859619141e+00
-1.193449020385742188e+00
-9.914552569389343262e-01
-8.190913796424865723e-01
-7.736339569091796875e-01
-8.047225475311279297e-01
-8.687115311622619629e-01
-9.168763160705566406e-01
-9.463950991630554199e-01
-9.612943530082702637e-01
-9.606583714485168457e-01
-9.603881239891052246e-01
-9.292196035385131836e-01
-8.723387122154235840e-01
-8.074451088905334473e-01
-8.071789145469665527e-01
-8.880863785743713379e-01
-1.028183341026306152e+00
-1.179270505905151367e+00
-1.255454301834106445e+00
-1.256549477577209473e+00
-1.296367049217224121e+00
-1.400361657142639160e+00
-1.560000419616699219e+00
-1.590632915496826172e+00
-1.511081814765930176e+00
-1.455450296401977539e+00
-1.445082783699035645e+00
-1.325730681419372559e+00
-1.124632239341735840e+00
-8.904506564140319824e-01
-7.548162341117858887e-01
-7.235468029975891113e-01
-7.872680425643920898e-01
-8.644378185272216797e-01
-9.154151678085327148e-01
-9.500298500061035156e-01
-9.623855352401733398e-01
-9.642052054405212402e-01
-9.590238928794860840e-01
-9.323987364768981934e-01
-8.671569228172302246e-01
-8.013556003570556641e-01
-7.553617954254150391e-01
-7.836349010467529297e-01
-9.390014410018920898e-01
-1.161089301109313965e+00
-1.326268672943115234e+00
-1.356180191040039062e+00
-1.339181303977966309e+00
-1.401266932487487793e+00
-1.519179701805114746e+00
-1.580814719200134277e+00
-1.595903873443603516e+00
-1.563094496726989746e+00
-1.446451067924499512e+00
-1.264090776443481445e+00
-1.042274475097656250e+00
-8.446331024169921875e-01
-7.234550714492797852e-01
-7.381789088249206543e-01
-7.999898791313171387e-01
-8.761570453643798828e-01
-9.277675747871398926e-01
-9.534801840782165527e-01
-9.602049589157104492e-01
-9.591141939163208008e-01
-9.611141085624694824e-01
-9.370330572128295898e-01
-8.843330740928649902e-01
-8.142556548118591309e-01
-7.628136277198791504e-01
-7.299068570137023926e-01
-8.385444879531860352e-01
-1.038087725639343262e+00
-1.239637732505798340e+00
-1.395365357398986816e+00
-1.478092312812805176e+00
-1.563182115554809570e+00
-1.651357889175415039e+00
-1.682814002037048340e+00
-1.657724261283874512e+00
-1.539363861083984375e+00
-1.362459778785705566e+00
-1.185905933380126953e+00
-9.591807723045349121e-01
-8.344517350196838379e-01
-7.817235589027404785e-01
-7.944474816322326660e-01
-8.514347672462463379e-01
-9.041439294815063477e-01
-9.458502531051635742e-01
-9.592972397804260254e-01
-9.617509245872497559e-01
-9.600231051445007324e-01
-9.638411402702331543e-01
-9.491183161735534668e-01
-9.162257909774780273e-01
-8.787044286727905273e-01
-8.428984284400939941e-01
-8.151786327362060547e-01
-8.486326932907104492e-01
-9.519106149673461914e-01
-1.089360356330871582e+00
-1.244092583656311035e+00
-1.397088289260864258e+00
-1.554447889328002930e+00
-1.641811847686767578e+00
-1.665357589721679688e+00
-1.597820758819580078e+00
-1.442357540130615234e+00
-1.283276081085205078e+00
-1.125817298889160156e+00
-9.864512681961059570e-01
-9.101787209510803223e-01
-8.738093972206115723e-01
-8.700722455978393555e-01
-9.011467695236206055e-01
-9.313118457794189453e-01
-9.555722475051879883e-01
-9.631133079528808594e-01
-9.586576223373413086e-01
-9.622945785522460938e-01
-9.614784717559814453e-01
-9.598425626754760742e-01
-9.494846463203430176e-01
-9.200453758239746094e-01
-9.025149345397949219e-01
-8.858910799026489258e-01
-8.752649426460266113e-01
-9.073593616485595703e-01
-9.722721576690673828e-01
-1.070363283157348633e+00
-1.201001763343811035e+00
-1.290000796318054199e+00
-1.342815995216369629e+00
-1.372365474700927734e+00
-1.330545067787170410e+00
-1.260452151298522949e+00
-1.161180138587951660e+00
-1.086628913879394531e+00
-1.010537385940551758e+00
-9.618048667907714844e-01
-9.283351898193359375e-01
-9.194195866584777832e-01
-9.331324696540832520e-01
-9.512118697166442871e-01
-9.592069983482360840e-01
-9.594786763191223145e-01
-9.601157903671264648e-01
-9.599329829216003418e-01
-9.612049460411071777e-01
-9.597509503364562988e-01
-9.601172208786010742e-01
-9.548444747924804688e-01
-9.438522458076477051e-01
-9.405003786087036133e-01
-9.421485066413879395e-01
-9.427088499069213867e-01
-9.790773987770080566e-01
-1.038538813591003418e+00
-1.080722928047180176e+00
-1.115366339683532715e+00
-1.135995626449584961e+00
-1.142905116081237793e+00
-1.135992884635925293e+00
-1.133359313011169434e+00
-1.111087441444396973e+00
-1.069535732269287109e+00
-1.019337534904479980e+00
-9.668773412704467773e-01
-9.478631019592285156e-01
-9.402218461036682129e-01
-9.496650099754333496e-01
-9.573882818222045898e-01
-9.567497968673706055e-01
-9.612949490547180176e-01
-9.612963199615478516e-01
-9.637499451637268066e-01
-9.608424901962280273e-01
-9.582959413528442383e-01
-9.623855352401733398e-01
-9.583885669708251953e-01
-9.601196646690368652e-01
-9.553083181381225586e-01
-9.605889320373535156e-01
-9.823269248008728027e-01
-1.008150458335876465e+00
-1.046980381011962891e+00
-1.080171108245849609e+00
-1.100441336631774902e+00
-1.104715466499328613e+00
-1.092262148857116699e+00
-1.082348465919494629e+00
-1.062803626060485840e+00
-1.044702053070068359e+00
-1.008869409561157227e+00
-9.792293906211853027e-01
-9.566775560379028320e-01
-9.549412727355957031e-01
-9.597519636154174805e-01
-9.602053165435791016e-01
-9.629322886466979980e-01
-9.642957448959350586e-01
-9.605683684349060059e-01
-9.632032513618469238e-01
-9.647493958473205566e-01
-9.602941274642944336e-01
-9.597502350807189941e-01
-9.614772796630859375e-01
-9.638413190841674805e-01
-9.614768624305725098e-01
-9.591142535209655762e-01
-9.572072625160217285e-01
-9.583916068077087402e-01
-9.554835557937622070e-01
-9.607594609260559082e-01
-9.641256332397460938e-01
-9.717656373977661133e-01
-9.794031381607055664e-01
-9.879487752914428711e-01
-9.850369691848754883e-01
-9.788518548011779785e-01
-9.742113947868347168e-01
-9.669374823570251465e-01
-9.598442912101745605e-01
-9.587534666061401367e-01
-9.581152200698852539e-01
-9.616598486900329590e-01
-9.613864421844482422e-01
-9.615681171417236328e-01
-9.620232582092285156e-01
-9.635673165321350098e-01
-9.614772200584411621e-01
