4.951846003532409668e-01 -5.323907732963562012e-01 3.068173229694366455e-01 -2.742618918418884277e-01 -2.190252244472503662e-01 -6.921571493148803711e-01 -2.673126161098480225e-01 -3.263486921787261963e-01 2.174883335828781128e-01 -3.918962478637695312e-01
-1.252658516168594360e-01 -4.770335555076599121e-02 -9.120265394449234009e-02 -2.203389257192611694e-02 -1.516380906105041504e-01 1.023325473070144653e-01 -1.483956128358840942e-01 -8.914933353662490845e-02 -3.152756690979003906e-01 2.163780629634857178e-01
5.777885913848876953e-01 -2.736433148384094238e-01 -3.665896952152252197e-01 -6.323764324188232422e-01 -6.316328048706054688e-02 3.878221213817596436e-01 4.110387563705444336e-01 1.508043259382247925e-01 -4.234988391399383545e-01 -5.673595070838928223e-01
-2.297082394361495972e-01 -2.345373630523681641e-01 -2.392757385969161987e-01 -1.111702173948287964e-01 3.749767839908599854e-01 -9.273813664913177490e-02 1.353430896997451782e-01 -5.032441113144159317e-04 -7.545114308595657349e-02 -4.721787273883819580e-01
-2.267572134733200073e-01 -3.921312838792800903e-02 1.849972642958164215e-02 2.734262309968471527e-02 1.039573997259140015e-01 1.694909036159515381e-01 -2.585719227790832520e-01 -2.404715120792388916e-02 -3.188646137714385986e-01 -2.703803591430187225e-02
1.762701123952865601e-01 2.747969143092632294e-02 -1.000433325767517090e+00 -5.287175625562667847e-02 2.926579117774963379e-01 1.901127845048904419e-01 1.065643727779388428e-01 2.152696102857589722e-01 1.333685219287872314e-01 2.304000779986381531e-02
-6.680756062269210815e-02 -1.531025320291519165e-01 2.090576142072677612e-01 -9.543962776660919189e-02 -5.259145796298980713e-02 2.607294023036956787e-01 1.240711007267236710e-02 6.052020937204360962e-03 4.022641852498054504e-02 -1.390981525182723999e-01
-2.088241577148437500e-01 -2.544121444225311279e-01 1.803901195526123047e-01 2.313886880874633789e-01 1.206331402063369751e-01 2.808344662189483643e-01 -4.257240295410156250e-01 1.658818572759628296e-01 -1.626927107572555542e-01 -8.322412520647048950e-02
-3.057862222194671631e-01 -1.039962843060493469e-01 -8.164191246032714844e-02 -8.108600974082946777e-02 1.405105441808700562e-01 7.821141183376312256e-02 5.438621155917644501e-03 2.827157676219940186e-01 1.881189085543155670e-02 1.489739865064620972e-02
1.343492269515991211e-01 -4.674477577209472656e-01 -3.738851547241210938e-01 -4.482977092266082764e-02 3.504458367824554443e-01 4.524417221546173096e-02 -7.603827118873596191e-01 -2.946291267871856689e-01 2.559753954410552979e-01 4.227422643452882767e-03
-1.987562328577041626e-01 2.623050510883331299e-01 8.219277113676071167e-02 -2.596980035305023193e-01 -1.244021132588386536e-01 3.863413631916046143e-01 -2.265084683895111084e-01 2.477085143327713013e-01 -3.272614777088165283e-01 -2.880821228027343750e-01
-2.505908012390136719e-01 1.262052357196807861e-01 -1.542959809303283691e-01 -6.618128158152103424e-03 5.001871660351753235e-02 2.904342114925384521e-01 -7.762381806969642639e-03 1.528678387403488159e-01 -1.650476008653640747e-01 -1.948668360710144043e-01
-4.175637289881706238e-02 1.190923675894737244e-01 -6.516098231077194214e-02 8.992817997932434082e-02 2.249177396297454834e-01 -3.365962207317352295e-01 -1.984528601169586182e-01 -1.181537955999374390e-01 4.139750450849533081e-02 1.936195194721221924e-01
-6.282516568899154663e-02 1.523831784725189209e-01 2.147097699344158173e-02 1.865452080965042114e-01 3.544672727584838867e-01 -5.369487777352333069e-02 -1.318173706531524658e-01 -7.020397782325744629e-01 -3.137015104293823242e-01 3.287705406546592712e-02
-6.016463786363601685e-02 8.834658563137054443e-02 -3.603118956089019775e-01 -1.997775286436080933e-01 -1.604471653699874878e-01 -4.579244852066040039e-01 -2.966530248522758484e-02 3.294257223606109619e-01 -5.456463098526000977e-01 1.392518877983093262e-01
-2.958786301314830780e-02 -1.585516333580017090e-01 1.823048666119575500e-02 7.769980281591415405e-02 -8.016960928216576576e-04 4.415655508637428284e-03 5.064650997519493103e-02 -1.420077681541442871e-01 -2.018242627382278442e-01 -3.677375614643096924e-01
1.077527999877929688e-01 4.254679679870605469e-01 1.148795410990715027e-01 -5.842131376266479492e-02 -2.273544073104858398e-01 -3.485101759433746338e-01 6.954777054488658905e-03 -2.413908094167709351e-01 -4.954040944576263428e-01 -4.671459645032882690e-02
-2.298802733421325684e-01 -2.521874755620956421e-02 -8.781147003173828125e-02 1.429720432497560978e-04 1.894137859344482422e-01 3.468541204929351807e-01 9.209552779793739319e-03 -1.936786435544490814e-02 -2.056797444820404053e-01 -2.487945854663848877e-01
-5.296251550316810608e-02 -2.482643127441406250e-01 -7.016407251358032227e-01 -5.629563331604003906e-01 -4.805678725242614746e-01 5.641520023345947266e-01 2.643305361270904541e-01 -8.424336463212966919e-02 7.091220617294311523e-01 4.739619791507720947e-01
-2.456775456666946411e-01 3.169318139553070068e-01 4.353330656886100769e-02 -3.932236135005950928e-01 -3.203173577785491943e-01 -2.629719115793704987e-02 -3.864674568176269531e-01 1.959148645401000977e-01 9.227722883224487305e-02 -4.266346991062164307e-02
-2.226307392120361328e-01 1.768931373953819275e-02 1.273684054613113403e-01 6.478439271450042725e-02 -2.063680998980998993e-02 1.699601262807846069e-01 2.494650334119796753e-01 -3.893125429749488831e-02 -3.448491990566253662e-01 -1.309649199247360229e-01
3.579381704330444336e-01 -3.906252980232238770e-01 2.398232929408550262e-02 -7.853108644485473633e-01 -9.118886664509773254e-03 -3.011582195758819580e-01 1.335012167692184448e-01 -4.107381999492645264e-01 9.010744839906692505e-02 -6.014708876609802246e-01
-1.686956882476806641e-01 -2.848768830299377441e-01 -1.197888255119323730e-01 4.259738028049468994e-01 -2.005181834101676941e-02 -7.977637648582458496e-02 -2.808631062507629395e-01 -2.853219509124755859e-01 -3.810437619686126709e-01 -7.640486359596252441e-01
4.021407663822174072e-01 -3.695720434188842773e-01 -2.305138856172561646e-01 -2.547370791435241699e-01 -9.839125871658325195e-01 -2.290397323668003082e-02 4.793763458728790283e-01 6.170845031738281250e-01 -1.869963258504867554e-01 -4.713908433914184570e-01
2.607364766299724579e-02 -3.939764574170112610e-02 -6.550547480583190918e-02 3.673743605613708496e-01 5.908277258276939392e-02 -8.543439954519271851e-02 -2.599134147167205811e-01 6.106408685445785522e-02 -2.603352963924407959e-01 -1.406162977218627930e-01
-4.338541924953460693e-01 -3.081940412521362305e-01 -2.528899908065795898e-01 -4.280180335044860840e-01 5.638151764869689941e-01 -6.860402822494506836e-01 -5.238143205642700195e-01 3.983424305915832520e-01 -6.099535226821899414e-01 -1.230769604444503784e-01
-7.678427547216415405e-02 -2.088080793619155884e-01 -8.090585470199584961e-02 -5.368449911475181580e-02 -5.011244490742683411e-02 1.141647845506668091e-01 -4.389441609382629395e-01 5.949034541845321655e-02 -2.275280803442001343e-01 -4.078698754310607910e-01
-1.109837517142295837e-01 -3.421523049473762512e-02 -1.673248112201690674e-01 -7.152900099754333496e-02 1.031118109822273254e-01 1.866873353719711304e-02 2.084375172853469849e-01 -5.358019098639488220e-02 -1.644281297922134399e-01 -5.383620858192443848e-01
-3.963819239288568497e-03 4.249107837677001953e-02 -2.658500671386718750e-01 1.167928650975227356e-01 -2.752921283245086670e-01 -1.103844717144966125e-01 -1.081692948937416077e-01 5.443293601274490356e-02 -2.103710323572158813e-01 1.049744039773941040e-01
-2.633859515190124512e-01 4.067414700984954834e-01 -4.528063535690307617e-02 -1.819006353616714478e-02 3.903395682573318481e-02 1.896205991506576538e-01 3.390977531671524048e-02 1.805796027183532715e-01 -3.587312102317810059e-01 -1.282389014959335327e-01
4.154604673385620117e-02 -8.609184622764587402e-02 -2.451598644256591797e-02 -1.315170079469680786e-01 1.297409385442733765e-01 -1.773643791675567627e-01 1.216080561280250549e-01 -2.752273082733154297e-01 1.955645382404327393e-01 -1.442425139248371124e-02
-9.523393958806991577e-02 7.090776413679122925e-02 4.410536214709281921e-02 -9.532521665096282959e-02 -6.729826331138610840e-02 2.001339793205261230e-01 -9.126736223697662354e-02 2.397201359272003174e-01 -5.737942829728126526e-02 -2.048493474721908569e-01
-1.310855150222778320e-01 3.744898438453674316e-01 -1.456170380115509033e-01 -3.100423142313957214e-02 2.133151888847351074e-01 7.751841098070144653e-02 6.683772057294845581e-02 -5.243175476789474487e-02 1.518624722957611084e-01 -2.513742744922637939e-01
-3.220329880714416504e-01 -5.702299065887928009e-03 -1.960026621818542480e-01 -8.349705487489700317e-02 3.301270604133605957e-01 3.066864907741546631e-01 5.021366290748119354e-03 -1.440658271312713623e-01 2.648276649415493011e-02 -1.539420783519744873e-01
-1.635504961013793945e-01 9.469057619571685791e-02 3.958166018128395081e-02 1.781277060508728027e-01 7.027472835034132004e-03 -5.557369589805603027e-01 -8.099236339330673218e-02 -2.457915097475051880e-01 3.593191504478454590e-01 -5.549486875534057617e-01
-9.945572912693023682e-02 -2.558295428752899170e-01 1.747234910726547241e-01 1.073286980390548706e-01 -3.678435385227203369e-01 3.442057669162750244e-01 -1.922301352024078369e-01 -2.826158404350280762e-01 -5.507477521896362305e-01 1.340576913207769394e-03
-3.565429151058197021e-01 2.472021733410656452e-04 -4.260427132248878479e-02 -1.646772623062133789e-01 8.720009028911590576e-02 -5.251777172088623047e-01 3.171147406101226807e-02 1.040182560682296753e-01 -2.113146632909774780e-01 -2.507430911064147949e-01
-2.717134915292263031e-02 -1.699464023113250732e-01 1.010429710149765015e-01 1.158055961132049561e-01 -1.346224844455718994e-01 -3.898161053657531738e-01 -1.879877895116806030e-01 -3.333115717396140099e-03 8.265819400548934937e-02 -5.551378428936004639e-02
3.902634978294372559e-01 -7.368572950363159180e-01 1.636294424533843994e-01 -5.343261957168579102e-01 2.050099968910217285e-01 1.907422691583633423e-01 3.936768770217895508e-01 8.851185441017150879e-02 -6.722696423530578613e-01 -1.301409304141998291e-01
1.988449394702911377e-01 2.950454056262969971e-01 -1.005002617835998535e+00 7.615466117858886719e-01 -4.524275660514831543e-01 1.322388499975204468e-01 -2.586764693260192871e-01 -6.765782833099365234e-01 1.336250752210617065e-01 3.087722659111022949e-01
-2.164419740438461304e-01 -2.278990447521209717e-01 1.419861763715744019e-01 4.895488023757934570e-01 1.776194423437118530e-01 -4.581906199455261230e-01 -6.272345185279846191e-01 1.531887706369161606e-02 -2.114329040050506592e-01 -2.131929993629455566e-01
3.614700436592102051e-01 -2.363097667694091797e-01 2.522610425949096680e-01 1.778361350297927856e-01 -1.114274114370346069e-01 -5.226450562477111816e-01 -6.701833009719848633e-01 4.530263543128967285e-01 -2.367004007101058960e-01 -4.004108905792236328e-01
-3.489603288471698761e-03 -1.452372372150421143e-01 3.127085044980049133e-02 1.141987666487693787e-01 9.883636236190795898e-02 2.477295696735382080e-01 -1.970076560974121094e-01 7.637047022581100464e-02 -2.992490530014038086e-01 -2.022492289543151855e-01
-4.982950687408447266e-01 -3.599341213703155518e-01 2.227444574236869812e-02 -1.538591384887695312e-01 -7.482684254646301270e-01 3.030650317668914795e-01 1.927274465560913086e-01 -3.599633872509002686e-01 -1.867115497589111328e-01 1.980700045824050903e-01
-1.759829819202423096e-01 -9.721305966377258301e-02 3.002607263624668121e-02 -1.816271543502807617e-01 -2.636449225246906281e-02 2.473679482936859131e-01 -6.924845278263092041e-02 5.489780567586421967e-03 -8.565721660852432251e-02 -2.431898415088653564e-01
-7.342438399791717529e-02 2.463622838258743286e-01 -2.687600553035736084e-01 1.609970927238464355e-01 8.339822292327880859e-02 -4.631157219409942627e-02 -9.906243532896041870e-02 -7.473670411854982376e-03 -1.242670565843582153e-01 -7.713980227708816528e-02
1.560675054788589478e-01 -3.469209372997283936e-01 -1.411378979682922363e-01 -7.688394188880920410e-02 -5.899603366851806641e-01 -2.702234983444213867e-01 4.894689619541168213e-01 -3.032439649105072021e-01 -7.394806742668151855e-01 -3.262391090393066406e-01
-1.766012459993362427e-01 -4.382274299860000610e-02 -8.627764880657196045e-02 -1.524396333843469620e-02 1.397761702537536621e-01 3.757863119244575500e-02 -1.972342580556869507e-01 3.862150013446807861e-02 7.778920978307723999e-02 -4.154477268457412720e-03
7.086248695850372314e-02 -7.520066201686859131e-02 7.446407526731491089e-02 2.900199890136718750e-01 3.064012825489044189e-01 -3.434863984584808350e-01 -1.863025575876235962e-01 7.447074353694915771e-02 -1.494399160146713257e-01 -4.450492560863494873e-01
-8.486153185367584229e-02 -8.092758804559707642e-02 -1.436053216457366943e-01 -3.245287761092185974e-02 -2.027699351310729980e-01 -6.739978678524494171e-03 3.815383464097976685e-02 -1.715658009052276611e-01 -3.753591477870941162e-01 -6.521732360124588013e-02
1.589481979608535767e-01 -9.801053404808044434e-01 2.259525060653686523e-01 -3.735859096050262451e-01 1.745939105749130249e-01 -1.375849545001983643e-01 4.789426922798156738e-01 4.754995554685592651e-02 -8.491244316101074219e-01 2.849358320236206055e-01
-1.253583133220672607e-01 2.281519025564193726e-02 -9.119044989347457886e-02 1.198997814208269119e-02 4.847091622650623322e-03 1.539079695940017700e-01 -1.396645456552505493e-01 -4.112919420003890991e-02 -2.564417421817779541e-01 -1.566739976406097412e-01
-6.015395522117614746e-01 -1.434119939804077148e-01 -6.055892258882522583e-02 -2.627286314964294434e-01 9.916183352470397949e-02 1.020903885364532471e-01 -4.476572275161743164e-01 -5.103208497166633606e-02 3.569126129150390625e-01 3.255775272846221924e-01
-1.328354179859161377e-01 1.089126802980899811e-02 -5.312364920973777771e-02 2.089698798954486847e-02 -3.184427320957183838e-02 -1.389255821704864502e-01 -1.635285615921020508e-01 1.682529151439666748e-01 -1.294209361076354980e-01 5.365402903407812119e-04
-4.412421882152557373e-01 -3.155202269554138184e-01 -3.779945373535156250e-01 2.654418945312500000e-01 2.627280168235301971e-02 -7.357985246926546097e-03 -3.412561118602752686e-01 -1.918158680200576782e-01 3.155968189239501953e-01 -1.267241686582565308e-01
-1.095571443438529968e-01 -4.300459623336791992e-01 -5.240780711174011230e-01 -9.727095812559127808e-02 4.995252490043640137e-01 2.994126379489898682e-01 3.743910491466522217e-01 -8.655925281345844269e-03 -4.532684981822967529e-01 3.696945607662200928e-01
-1.940781623125076294e-01 8.840798586606979370e-02 9.234097599983215332e-02 -4.070120304822921753e-02 -1.580465734004974365e-01 -1.765660494565963745e-01 -2.257505804300308228e-01 2.754933945834636688e-02 -1.727222055196762085e-01 -8.315419405698776245e-02
1.787274479866027832e-01 -4.406106770038604736e-01 1.591923981904983521e-01 -2.225723266601562500e-01 -6.642507314682006836e-01 -2.596986889839172363e-01 -4.637484624981880188e-02 2.407766282558441162e-01 6.291262060403823853e-02 -1.951075643301010132e-01
-1.724166423082351685e-01 -6.840901821851730347e-02 -6.760975718498229980e-02 3.125824928283691406e-01 -4.087227582931518555e-01 9.876399487257003784e-02 -1.668801903724670410e-01 1.731723994016647339e-01 -6.568909287452697754e-01 5.546114966273307800e-02
8.021005243062973022e-02 1.737930178642272949e-01 5.983735248446464539e-02 -5.601053684949874878e-02 -5.876266956329345703e-02 -2.831556797027587891e-01 3.164209052920341492e-02 1.209235116839408875e-01 -1.697600930929183960e-01 -4.484654664993286133e-01
-3.082132339477539062e-01 5.049585700035095215e-01 -9.999336302280426025e-02 4.947487637400627136e-02 -1.424974650144577026e-01 1.364871561527252197e-01 1.373931765556335449e-01 -3.124765586107969284e-03 -3.675224483013153076e-01 2.668226659297943115e-01
9.261189028620719910e-03 3.118765652179718018e-01 -3.489025831222534180e-01 -2.220737338066101074e-01 2.634554505348205566e-01 2.862355411052703857e-01 -1.928846091032028198e-01 3.632146120071411133e-01 -1.330232899636030197e-02 9.916815906763076782e-02
-1.280587315559387207e-01 -4.911873936653137207e-01 2.502802014350891113e-01 7.065307348966598511e-02 -4.938196837902069092e-01 -1.929768174886703491e-01 -1.315259039402008057e-01 -1.330394893884658813e-01 -5.660420656204223633e-01 2.888585031032562256e-01
1.078164875507354736e-01 -3.599678874015808105e-01 -1.817183494567871094e-01 -1.837027817964553833e-01 2.205772846937179565e-01 8.236050605773925781e-02 -1.000333428382873535e-01 5.150511264801025391e-01 1.041334494948387146e-01 -1.740401051938533783e-02
1.442493647336959839e-01 -3.992454707622528076e-01 3.173467218875885010e-01 -4.809890687465667725e-01 -5.908619761466979980e-01 -8.632946014404296875e-02 -1.415395289659500122e-01 -1.853012740612030029e-01 7.145080715417861938e-02 -1.409674435853958130e-01
-2.525915801525115967e-01 1.555931568145751953e-01 -1.274034529924392700e-01 9.067732840776443481e-02 -1.926253587007522583e-01 -9.342686831951141357e-02 6.300861388444900513e-02 -7.523611187934875488e-02 -2.749004587531089783e-02 3.716227412223815918e-01
1.069777458906173706e-01 -7.921080291271209717e-02 1.679935157299041748e-01 -1.950902342796325684e-01 4.542830213904380798e-02 -3.554674983024597168e-02 -1.037029474973678589e-01 -8.735861629247665405e-02 -1.548316329717636108e-01 -5.822356045246124268e-02
1.209914125502109528e-02 -1.487502157688140869e-01 1.432681977748870850e-01 -3.621606230735778809e-01 5.347529649734497070e-01 -2.783452570438385010e-01 5.783684849739074707e-01 -9.502840638160705566e-01 1.289162039756774902e-01 6.546766757965087891e-01
-1.349817961454391479e-01 3.676887974143028259e-02 1.931423395872116089e-01 -4.228878021240234375e-01 8.570250123739242554e-03 3.640276491641998291e-01 1.993302255868911743e-01 -1.732669025659561157e-01 -1.962936371564865112e-01 -1.230759546160697937e-01
-1.383960247039794922e-01 -7.725314237177371979e-03 9.840054810047149658e-02 -3.308224380016326904e-01 -3.411279991269111633e-02 2.303418144583702087e-02 -1.546071656048297882e-02 -9.129022061824798584e-02 -6.301996856927871704e-02 -1.657363921403884888e-01
-1.167284324765205383e-01 2.080998718738555908e-01 -2.021894976496696472e-02 2.457411214709281921e-02 -1.265033055096864700e-02 -1.486366093158721924e-01 4.041722118854522705e-01 -1.265556812286376953e-01 -1.903200596570968628e-01 -9.860873222351074219e-02
-2.125919610261917114e-01 1.707108914852142334e-01 -9.077373147010803223e-02 -1.883974857628345490e-02 -2.098119817674160004e-02 -1.015087440609931946e-01 -5.076945945620536804e-02 -1.461556106805801392e-01 -1.810277700424194336e-01 -1.337579041719436646e-01
-2.855063378810882568e-01 1.021029055118560791e-01 -8.089521527290344238e-01 6.695311069488525391e-01 2.391215972602367401e-02 4.851237237453460693e-01 -2.062641270458698273e-02 -8.802040219306945801e-01 5.907235741615295410e-01 6.815898418426513672e-02
2.880466729402542114e-02 2.174980640411376953e-01 1.063949316740036011e-01 -3.737296462059020996e-01 -4.706648588180541992e-01 -2.844364345073699951e-01 7.320731412619352341e-03 -1.002098843455314636e-01 4.562349319458007812e-01 1.102610006928443909e-01
-9.579715132713317871e-02 -7.079819915816187859e-04 -1.271774768829345703e-01 -1.479871571063995361e-01 1.805895939469337463e-02 5.623479187488555908e-02 -1.661993376910686493e-02 8.726160973310470581e-02 -1.807604879140853882e-01 -3.463713228702545166e-01
-1.019385904073715210e-01 -4.950377345085144043e-01 2.187566310167312622e-01 9.324086131528019905e-04 -6.679186820983886719e-01 -6.038929820060729980e-01 1.657821983098983765e-01 1.119227260351181030e-01 -9.233410656452178955e-02 -4.729637503623962402e-02
-1.235948428511619568e-01 -1.761508523486554623e-03 1.249433904886245728e-01 2.725586295127868652e-02 -5.037714913487434387e-02 8.525975793600082397e-02 -4.964357987046241760e-02 2.132486402988433838e-01 -6.573661416769027710e-02 -2.067430764436721802e-01
-4.790844395756721497e-02 -2.146746590733528137e-02 1.156513206660747528e-02 -1.113798543810844421e-01 1.008054986596107483e-02 -2.311964929103851318e-01 6.894082762300968170e-03 -2.129023661836981773e-03 -1.289331614971160889e-01 -1.911196410655975342e-01
-2.133238464593887329e-01 2.088405564427375793e-02 -1.070360168814659119e-01 9.624706953763961792e-02 -4.453100562095642090e-01 1.836548373103141785e-02 -3.100790083408355713e-01 -1.458314806222915649e-01 -2.034359127283096313e-01 3.697980046272277832e-01
-7.822369039058685303e-02 5.314798355102539062e-01 9.091593092307448387e-04 -1.287157386541366577e-01 -3.927843570709228516e-01 -8.733873255550861359e-03 1.575815081596374512e-01 -1.753616333007812500e-01 -9.823301434516906738e-02 -2.118177413940429688e-01
-2.388293743133544922e-01 1.145776882767677307e-01 4.259632434695959091e-03 -2.108591049909591675e-01 -5.724233761429786682e-02 2.087113261222839355e-01 -8.314844965934753418e-02 1.768662780523300171e-01 -1.202530339360237122e-01 -1.054072901606559753e-01
-2.492610663175582886e-01 2.984921261668205261e-02 1.425125170499086380e-02 -2.362490817904472351e-02 -9.188098460435867310e-02 1.323610991239547729e-01 -1.239976212382316589e-01 7.776476442813873291e-02 -1.932403296232223511e-01 -3.144142404198646545e-02
3.077115118503570557e-01 -6.955831050872802734e-01 -5.266603827476501465e-01 2.886015474796295166e-01 -7.288064956665039062e-01 -2.769498527050018311e-01 -1.081836581230163574e+00 4.013557136058807373e-01 6.343247890472412109e-01 -3.524794802069664001e-02
2.319608926773071289e-01 1.852188110351562500e-01 -1.534200161695480347e-01 -3.367637395858764648e-01 -6.148663163185119629e-02 6.299863755702972412e-02 1.816220209002494812e-02 -3.993343710899353027e-01 1.415032446384429932e-01 5.233570933341979980e-01
2.720347940921783447e-01 1.961786746978759766e-01 5.965837836265563965e-01 -2.432108670473098755e-01 1.280890852212905884e-01 1.690063774585723877e-01 2.011095881462097168e-01 -3.655284047126770020e-01 -2.072140574455261230e-02 -7.187854647636413574e-01
-3.410871326923370361e-01 3.040082752704620361e-02 -1.073765084147453308e-01 -1.867242604494094849e-01 2.469950169324874878e-01 1.433389037847518921e-01 -1.456698775291442871e-02 1.874556690454483032e-01 3.645555675029754639e-02 -6.581252217292785645e-01
-8.771505206823348999e-02 1.614423245191574097e-01 -6.503094732761383057e-02 2.602822519838809967e-02 -3.364465832710266113e-01 -1.137966364622116089e-01 5.963197350502014160e-02 -3.762993589043617249e-02 7.021256536245346069e-02 4.589784890413284302e-02
-5.456132814288139343e-02 -1.294679343700408936e-01 1.749433428049087524e-01 -3.963735699653625488e-01 -1.208935230970382690e-01 2.228849977254867554e-01 -4.068756103515625000e-01 -9.154939651489257812e-02 -7.961713522672653198e-02 1.000685840845108032e-01
3.654741868376731873e-02 5.389209985733032227e-01 3.983073681592941284e-02 -3.679340779781341553e-01 -9.463636577129364014e-02 -1.964794844388961792e-01 8.223248645663261414e-03 -1.533062756061553955e-01 -4.657366573810577393e-01 -2.188299000263214111e-01
-3.845237940549850464e-02 7.003042697906494141e-01 -9.735391288995742798e-02 -2.901699542999267578e-01 -6.647346913814544678e-02 -1.632342785596847534e-01 2.227033488452434540e-02 -1.043005436658859253e-01 -3.464731276035308838e-01 -1.989539116621017456e-01
-4.895040392875671387e-01 -2.526797354221343994e-01 -8.220202475786209106e-02 -2.057303301990032196e-02 -1.543443202972412109e-01 -1.230930536985397339e-01 2.752640098333358765e-02 6.045328825712203979e-02 -2.874997556209564209e-01 -2.461353242397308350e-01
3.318242132663726807e-01 5.124791525304317474e-03 -5.992819666862487793e-01 -4.481768012046813965e-01 9.208515286445617676e-02 1.094603165984153748e-01 1.114871948957443237e-01 1.797633022069931030e-01 1.175689976662397385e-02 -1.152630373835563660e-01
5.852615237236022949e-01 -7.176898121833801270e-01 -5.743225216865539551e-01 -9.996700286865234375e-02 -7.746571302413940430e-01 1.308790892362594604e-01 -1.207343339920043945e+00 2.366084903478622437e-01 -1.158416047692298889e-01 6.203216314315795898e-01
-2.034105509519577026e-01 2.526841498911380768e-02 2.735908702015876770e-02 -2.835415676236152649e-02 -3.999900817871093750e-02 1.797599047422409058e-01 -2.307766079902648926e-01 1.296839863061904907e-01 -2.492231130599975586e-01 -1.167703792452812195e-01
-8.212566375732421875e-01 3.418817743659019470e-02 4.745190441608428955e-01 -8.519172072410583496e-01 4.264544844627380371e-01 -1.148480534553527832e+00 4.198731780052185059e-01 -1.692564487457275391e-01 8.378233313560485840e-01 2.307818830013275146e-01
4.792360961437225342e-01 -3.441801071166992188e-01 -1.123277306556701660e+00 -1.103697776794433594e+00 2.417002022266387939e-01 2.855063974857330322e-01 7.816200852394104004e-01 -5.794290900230407715e-01 1.146348342299461365e-01 7.644468545913696289e-01
-1.693859398365020752e-01 -1.748916357755661011e-01 -5.025579929351806641e-01 1.020428091287612915e-01 6.846760958433151245e-02 1.761235669255256653e-02 6.619495153427124023e-02 -6.306203007698059082e-01 -2.035402320325374603e-02 1.674802303314208984e-01
-1.580335348844528198e-01 4.933818876743316650e-01 -5.700376629829406738e-01 -3.164271116256713867e-01 3.482452034950256348e-01 2.356004267930984497e-01 -2.557294964790344238e-01 5.822216868400573730e-01 -1.966204941272735596e-01 2.098558247089385986e-01
-2.352538555860519409e-01 -1.283673793077468872e-01 -4.855493083596229553e-03 -6.585837155580520630e-02 -7.729860395193099976e-02 1.108346804976463318e-01 -2.162899821996688843e-01 -2.563076615333557129e-01 2.713413238525390625e-01 5.973433703184127808e-02
-1.128633618354797363e-01 1.961317807435989380e-01 -1.940252631902694702e-02 -1.250771582126617432e-01 -1.892625167965888977e-02 -2.366981655359268188e-01 -2.483730018138885498e-01 1.279679685831069946e-01 -6.548771262168884277e-02 -3.125790506601333618e-02
-3.021836876869201660e-01 7.342141866683959961e-02 3.264401555061340332e-01 -1.543445419520139694e-02 -1.564467847347259521e-01 5.103355646133422852e-01 -1.268228590488433838e-01 -1.319616138935089111e-01 1.765311956405639648e-01 1.200216636061668396e-01
-1.194056943058967590e-01 -1.939969062805175781e-01 9.958372265100479126e-02 -2.157456874847412109e-01 6.903342008590698242e-01 -4.356168508529663086e-01 2.993440441787242889e-02 5.501793622970581055e-01 -2.626027464866638184e-01 3.893277645111083984e-01
-3.058203160762786865e-01 1.046621426939964294e-02 2.252954095602035522e-01 -2.050475329160690308e-01 -1.848914846777915955e-02 1.059824466705322266e+00 1.526856273412704468e-01 6.397049129009246826e-02 -4.630121290683746338e-01 -2.331180870532989502e-01
2.533213198184967041e-01 3.355662152171134949e-02 -8.623370528221130371e-01 1.799856126308441162e-01 -3.763236105442047119e-01 -1.621030718088150024e-01 2.421442270278930664e-01 3.055173754692077637e-01 -4.545324295759201050e-02 2.217531949281692505e-01
5.474750325083732605e-02 2.576653957366943359e-01 3.184815347194671631e-01 -2.977638505399227142e-02 8.859322965145111084e-02 -1.135077178478240967e-01 -3.695188835263252258e-02 -4.991548359394073486e-01 -2.011081427335739136e-01 4.409129619598388672e-01
-3.478192090988159180e-01 -9.965671598911285400e-02 -1.083542108535766602e-01 4.039003551006317139e-01 5.494286864995956421e-02 4.391176998615264893e-02 -5.193157792091369629e-01 -1.029088720679283142e-02 -3.355230391025543213e-01 1.594899147748947144e-01
3.040921092033386230e-01 -8.090207725763320923e-02 1.105677187442779541e-01 -5.444984883069992065e-02 -2.472798526287078857e-01 -1.509494185447692871e-01 -1.781722456216812134e-01 -7.263400405645370483e-02 -1.197637096047401428e-01 -1.141832619905471802e-01
3.724914789199829102e-01 -5.580527186393737793e-01 7.028475403785705566e-03 2.612164914608001709e-01 -1.386618018150329590e-01 -3.039159774780273438e-01 -1.947822123765945435e-01 3.207132518291473389e-01 -2.134406268596649170e-01 -2.007079124450683594e-01
-6.980771571397781372e-02 9.284681081771850586e-02 -4.836257919669151306e-02 -1.664984598755836487e-02 -3.457940369844436646e-02 2.880369126796722412e-01 -2.436600476503372192e-01 2.084191441535949707e-01 -2.860510647296905518e-01 -5.581725761294364929e-02
6.536121666431427002e-02 2.539837732911109924e-03 -2.270728535950183868e-02 -1.397217959165573120e-01 -9.940189123153686523e-02 1.584022790193557739e-01 -1.819273382425308228e-01 -1.780586689710617065e-02 1.118548810482025146e-01 9.123952127993106842e-03
-1.051037430763244629e+00 5.028505921363830566e-01 -1.099679470062255859e-01 6.987614035606384277e-01 1.048401296138763428e-01 5.222268700599670410e-01 -6.002399325370788574e-01 6.075298041105270386e-02 -6.596631556749343872e-02 -1.684570908546447754e-01
4.878498986363410950e-02 -2.206056565046310425e-01 2.308641374111175537e-02 -9.891831316053867340e-03 -1.679022014141082764e-01 6.511164456605911255e-02 -1.554527878761291504e-01 -3.623204678297042847e-02 -1.214215606451034546e-01 -1.121408268809318542e-01
-1.859740912914276123e-01 -3.442279100418090820e-01 3.161314427852630615e-01 9.290748089551925659e-02 2.473762929439544678e-01 -8.336952924728393555e-01 -5.985355973243713379e-01 -5.949037522077560425e-02 1.233939006924629211e-01 -4.534451663494110107e-01
-2.042763233184814453e-01 4.532057046890258789e-02 2.586933672428131104e-01 -3.363573178648948669e-02 -2.013888359069824219e-01 2.510731518268585205e-01 -3.520174324512481689e-01 2.224578410387039185e-01 -1.715769991278648376e-02 -3.731917738914489746e-01
-2.328329682350158691e-01 1.408434510231018066e-01 -1.234935075044631958e-01 -9.478854387998580933e-02 1.951852589845657349e-01 7.591770589351654053e-02 -9.795716032385826111e-03 -1.593709290027618408e-01 1.260393708944320679e-01 3.688268363475799561e-01
-5.981579422950744629e-02 6.117076873779296875e-01 5.014657974243164062e-03 -7.578640431165695190e-02 3.125422075390815735e-02 -2.544943988323211670e-01 -1.071972493082284927e-02 1.368334889411926270e-02 -8.767884224653244019e-03 -1.462517827749252319e-01
-1.410377919673919678e-01 6.146417185664176941e-02 1.576124574057757854e-03 -5.701516568660736084e-02 -7.713368535041809082e-02 1.369761526584625244e-01 -2.521066963672637939e-01 6.316167116165161133e-02 -3.148788511753082275e-01 2.048095874488353729e-02
-1.401290297508239746e-02 -1.309380978345870972e-01 4.907566308975219727e-02 2.796103060245513916e-02 -1.733750253915786743e-01 2.714945003390312195e-02 -1.340868175029754639e-01 -6.308215856552124023e-02 -1.593093946576118469e-02 -3.083159029483795166e-02
-5.076990127563476562e-01 1.302592456340789795e-01 6.197062507271766663e-02 3.257566392421722412e-01 -2.968474030494689941e-01 -1.042238250374794006e-01 1.284684240818023682e-01 -2.229898273944854736e-01 5.995720624923706055e-01 -4.342583715915679932e-01
5.122102797031402588e-02 -8.026791363954544067e-02 -5.516988411545753479e-02 1.349371224641799927e-01 -8.032858371734619141e-02 1.336756497621536255e-01 -1.702744662761688232e-01 3.549174591898918152e-02 -1.038083247840404510e-02 5.975560098886489868e-02
-2.239131778478622437e-01 1.538855116814374924e-02 -8.752836287021636963e-02 -8.739746361970901489e-02 -1.788143813610076904e-01 -1.614668071269989014e-01 -1.834404766559600830e-01 2.252635359764099121e-02 -3.541074991226196289e-01 1.774360239505767822e-01
-1.169683411717414856e-01 8.401406556367874146e-02 -2.428537979722023010e-02 -1.658950559794902802e-02 2.675417363643646240e-01 2.153265774250030518e-01 -1.339113619178533554e-02 -1.302374750375747681e-01 9.425330162048339844e-02 -2.117120027542114258e-01
-5.049149394035339355e-01 4.335998892784118652e-01 -5.330339670181274414e-01 -3.131281435489654541e-01 2.662160992622375488e-01 2.822155952453613281e-01 -3.115326464176177979e-01 5.435550808906555176e-01 -3.511438146233558655e-02 -5.196373537182807922e-02
-1.785455495119094849e-01 2.986978888511657715e-01 1.278878282755613327e-02 5.705663561820983887e-01 -2.434295713901519775e-01 -2.375016808509826660e-01 -1.810867339372634888e-02 -3.971051573753356934e-01 -3.484130501747131348e-01 -3.041216433048248291e-01
6.604070216417312622e-02 1.005960535258054733e-02 -6.665031909942626953e-01 -5.578824877738952637e-01 3.143045306205749512e-01 5.229063630104064941e-01 2.274588942527770996e-01 -4.635588526725769043e-01 4.342376887798309326e-01 5.515077337622642517e-02
-9.924431145191192627e-02 4.304773807525634766e-01 1.710983514785766602e-01 -4.541942477226257324e-02 -6.912243366241455078e-02 -6.378899216651916504e-01 -1.518379300832748413e-01 4.331104755401611328e-01 -1.278838813304901123e-01 4.770800769329071045e-01
-3.347946703433990479e-01 -1.431594491004943848e-01 1.686466336250305176e-01 -5.251721739768981934e-01 4.188832044601440430e-01 -5.851377267390489578e-03 -5.856426954269409180e-01 -6.682453155517578125e-01 5.578805804252624512e-01 -7.963808625936508179e-02
-1.928738206624984741e-01 4.989777505397796631e-02 -4.511366784572601318e-02 -4.035905003547668457e-01 -3.278683423995971680e-01 4.819367080926895142e-02 -4.088079929351806641e-02 6.889920681715011597e-02 3.421857357025146484e-01 -5.116219073534011841e-02
1.053460836410522461e+00 -7.069871425628662109e-01 2.379753254354000092e-02 -6.032548546791076660e-01 -2.674034237861633301e-01 1.842146366834640503e-01 -7.274025082588195801e-01 -6.039590388536453247e-02 -5.240488648414611816e-01 -2.053017318248748779e-01
1.381711475551128387e-02 -2.175568044185638428e-01 -3.407334163784980774e-02 5.320291593670845032e-02 1.935248612426221371e-03 -2.977095544338226318e-01 -1.813043653964996338e-02 5.978004634380340576e-02 -1.439157277345657349e-01 -1.073359027504920959e-01
-2.484444081783294678e-01 4.651781618595123291e-01 -4.242699220776557922e-02 2.317253798246383667e-01 5.481191352009773254e-02 -5.497913956642150879e-01 -2.849468290805816650e-01 4.828535616397857666e-01 -1.690064072608947754e-01 6.032714247703552246e-01
1.018462777137756348e+00 -4.522603750228881836e-01 -4.224695861339569092e-01 -5.189394354820251465e-01 -1.193927749991416931e-01 -9.053994417190551758e-01 7.792565971612930298e-02 3.947558701038360596e-01 -9.698008298873901367e-01 -3.015688955783843994e-01
-1.535634249448776245e-01 4.264919459819793701e-01 -3.210340440273284912e-02 1.577623933553695679e-01 5.105337128043174744e-02 -2.181542962789535522e-01 1.719778180122375488e-01 -4.829714819788932800e-02 -1.075195223093032837e-01 -2.065964639186859131e-01
-1.147938147187232971e-01 1.917971223592758179e-01 -1.310967355966567993e-01 -2.670813798904418945e-01 1.357404794543981552e-02 7.606384158134460449e-02 1.255106627941131592e-01 2.570661902427673340e-02 -1.663856059312820435e-01 1.754387766122817993e-01
-1.524756755679845810e-02 5.242773890495300293e-01 1.672694385051727295e-01 -2.678143382072448730e-01 6.957703828811645508e-02 -2.190278901252895594e-04 6.245875731110572815e-02 4.542752802371978760e-01 -1.338609457015991211e-01 -7.627864181995391846e-02
4.665641486644744873e-01 -4.517944753170013428e-01 -7.188814282417297363e-01 3.022921383380889893e-01 -4.210113883018493652e-01 1.296361833810806274e-01 -6.155424714088439941e-01 -3.535291180014610291e-03 -7.387154102325439453e-01 -2.711140215396881104e-01
-3.765081614255905151e-02 7.050867080688476562e-01 -1.331131458282470703e-01 -2.618367075920104980e-01 -5.613031238317489624e-02 -2.156866192817687988e-01 -1.826125569641590118e-02 -9.432653337717056274e-02 -3.368304073810577393e-01 -1.903984248638153076e-01
1.744368346408009529e-03 1.529299747198820114e-02 2.725494652986526489e-02 -2.835986763238906860e-02 -1.616321951150894165e-01 -8.848860114812850952e-02 -1.469667851924896240e-01 2.341321110725402832e-02 -8.576416969299316406e-02 -7.801026850938796997e-02
-3.215300664305686951e-02 -1.265789121389389038e-01 -1.553816199302673340e-01 -1.802812069654464722e-01 3.070511519908905029e-01 3.262273669242858887e-01 -2.174575775861740112e-01 2.232296764850616455e-01 -1.464897692203521729e-01 -7.612894773483276367e-01
-4.411156848073005676e-02 -1.202851608395576477e-01 2.583550810813903809e-01 -9.550435096025466919e-02 2.927895486354827881e-01 -1.106087088584899902e+00 5.107314586639404297e-01 -2.174044102430343628e-01 8.887954987585544586e-03 1.528443694114685059e-01
-4.244834929704666138e-02 -2.768860012292861938e-02 -1.319540888071060181e-01 -1.737770438194274902e-01 -1.189360097050666809e-01 1.913823559880256653e-02 2.546214312314987183e-02 7.562147825956344604e-02 -4.772007837891578674e-02 2.979682385921478271e-02
-5.786466877907514572e-03 1.364776194095611572e-01 -2.211888730525970459e-01 5.945419147610664368e-02 5.444216132164001465e-01 1.990945935249328613e-01 -1.375780161470174789e-02 3.294127583503723145e-01 -1.777893304824829102e-01 1.813281327486038208e-01
-1.988140195608139038e-01 4.480049386620521545e-02 -6.727933883666992188e-02 -6.107487529516220093e-02 -2.221591025590896606e-01 7.766910642385482788e-02 -1.461105495691299438e-01 -2.425388805568218231e-02 -7.403197139501571655e-02 3.617966175079345703e-01
1.796991527080535889e-01 -1.491273343563079834e-01 5.041730776429176331e-02 -1.532355844974517822e-01 3.450891673564910889e-01 6.208546459674835205e-02 -9.873327612876892090e-02 -8.995704352855682373e-02 -1.920924708247184753e-02 -2.619711160659790039e-01
-3.858087956905364990e-02 6.989939808845520020e-01 1.178967654705047607e-01 -3.932290077209472656e-01 -1.083748564124107361e-01 -1.892551034688949585e-01 -1.570658944547176361e-02 -1.135393157601356506e-01 -4.458225071430206299e-01 -2.339159995317459106e-01
-1.829102784395217896e-01 4.174727573990821838e-02 -8.637864142656326294e-02 -7.208578288555145264e-02 -1.008400693535804749e-01 -1.801600158214569092e-01 -4.709351062774658203e-02 4.270537197589874268e-02 -1.290472596883773804e-01 -1.128443330526351929e-01
-1.439397782087326050e-01 -7.341876160353422165e-03 -1.019371822476387024e-01 -6.457989662885665894e-02 -2.242216654121875763e-02 2.494279742240905762e-01 -5.844936519861221313e-02 4.298486560583114624e-02 9.045941382646560669e-02 -1.168401539325714111e-01
-8.664502948522567749e-02 -1.778691262006759644e-01 3.919221088290214539e-02 1.079089343547821045e-01 -3.975660204887390137e-01 -1.165352314710617065e-01 -1.785449832677841187e-01 1.197851523756980896e-01 -1.138524487614631653e-01 1.298861354589462280e-01
-1.543301790952682495e-01 3.309595957398414612e-02 5.367158353328704834e-02 -7.294616103172302246e-02 1.450001001358032227e-01 8.426071703433990479e-02 -8.774967491626739502e-02 -5.892747268080711365e-02 -7.404542714357376099e-02 -3.919993937015533447e-01
1.114765554666519165e-01 -8.122687786817550659e-02 1.800226420164108276e-01 -1.528352200984954834e-01 -3.528244495391845703e-01 9.515722841024398804e-02 -1.085051298141479492e-01 -1.231703255325555801e-02 1.361165642738342285e-01 -1.388915777206420898e-01
-6.889822334051132202e-02 -3.006062507629394531e-01 -3.132705688476562500e-01 -6.684832572937011719e-01 -2.193281054496765137e-01 5.928170680999755859e-01 -4.028596729040145874e-02 -7.251074910163879395e-01 4.255480170249938965e-01 -7.558503746986389160e-02
-9.719711542129516602e-02 4.004930853843688965e-01 3.585579991340637207e-02 -6.379667669534683228e-02 -1.143073886632919312e-01 -7.849730551242828369e-02 1.509856134653091431e-01 1.356106549501419067e-01 -1.462307572364807129e-01 -2.745594270527362823e-02
-3.878947496414184570e-01 -1.213543638586997986e-01 -2.922964394092559814e-01 -1.689446419477462769e-01 2.129015326499938965e-01 3.167701363563537598e-01 3.537350893020629883e-01 -2.378317862749099731e-01 5.708882957696914673e-02 -4.666921794414520264e-01
-1.645160168409347534e-01 1.429082155227661133e-01 -6.124394387006759644e-02 -1.298086643218994141e-01 1.051192060112953186e-01 -2.023882418870925903e-01 -1.503953039646148682e-01 2.307029366493225098e-01 -1.388902515172958374e-01 -1.183766573667526245e-01
-1.463433206081390381e-01 -7.350534945726394653e-02 -2.208486758172512054e-02 -2.151266932487487793e-01 4.052771627902984619e-01 5.002115666866302490e-02 2.402809560298919678e-01 6.165027990937232971e-02 -2.439606189727783203e-01 -7.456411719322204590e-01
3.777131736278533936e-01 3.033369481563568115e-01 -1.663192957639694214e-01 -3.259011507034301758e-01 -3.182004392147064209e-02 2.528721690177917480e-01 3.642520308494567871e-01 -4.471176862716674805e-01 3.319768607616424561e-02 4.337906837463378906e-01
1.944419443607330322e-01 -2.870817780494689941e-01 -5.188120007514953613e-01 -3.388783931732177734e-01 7.702690362930297852e-02 1.165083423256874084e-01 2.829029262065887451e-01 -1.376754697412252426e-02 5.751591324806213379e-01 -7.135245203971862793e-02
2.843430638313293457e-01 9.487797319889068604e-02 2.416034638881683350e-01 -4.976483434438705444e-02 -1.355098128318786621e+00 6.301949918270111084e-02 7.445677518844604492e-01 -7.465217709541320801e-01 3.956052288413047791e-02 -6.907543540000915527e-01
-8.242128044366836548e-02 -4.774219542741775513e-02 -6.743125617504119873e-02 -1.077452749013900757e-01 -2.334282398223876953e-01 2.257892787456512451e-01 -8.390811830759048462e-02 -2.704406157135963440e-02 -1.560865193605422974e-01 -7.057563215494155884e-02
-6.074332818388938904e-02 1.602972894906997681e-01 5.395845770835876465e-01 -3.957253880798816681e-03 2.143468149006366730e-02 -3.798993676900863647e-02 -3.221899271011352539e-02 -4.020487666130065918e-01 -8.710903674364089966e-02 1.613908708095550537e-01
-5.095582008361816406e-01 -1.480342075228691101e-02 2.598505839705467224e-02 1.384552717208862305e-01 -3.873721361160278320e-01 6.471338123083114624e-02 -1.721079200506210327e-01 8.800678700208663940e-02 -1.941684782505035400e-01 -1.878403127193450928e-02
9.651017189025878906e-02 -2.361330240964889526e-01 1.958505809307098389e-01 3.176152408123016357e-01 -4.255281388759613037e-01 1.648150570690631866e-02 -2.128491699695587158e-01 3.272310597822070122e-03 -3.551425337791442871e-01 2.280158996582031250e-01
-5.067476630210876465e-01 -6.279159337282180786e-02 3.757466673851013184e-01 3.184320330619812012e-01 3.301007151603698730e-01 -2.233690768480300903e-01 -3.039258765056729317e-03 -4.338493943214416504e-01 -1.711470261216163635e-02 -4.483849275857210159e-03
-3.131214082241058350e-01 -2.552500367164611816e-02 3.583950698375701904e-01 -1.651013493537902832e-01 8.503707647323608398e-01 -3.095691800117492676e-01 2.391968220472335815e-01 -5.558041334152221680e-01 4.444808885455131531e-02 -5.102856755256652832e-01
-2.275735288858413696e-01 6.634778529405593872e-02 6.937730312347412109e-02 -1.617565602064132690e-01 -9.334044903516769409e-02 2.069971263408660889e-01 -1.026749312877655029e-01 1.906673796474933624e-02 -2.031215839087963104e-02 1.449727565050125122e-01
-1.838909983634948730e-01 3.247330486774444580e-01 1.934597343206405640e-01 1.369098275899887085e-01 2.401579171419143677e-02 -3.055934906005859375e-01 -4.622399806976318359e-01 4.113200306892395020e-01 -2.586610019207000732e-01 9.309748560190200806e-02
-2.638262510299682617e-01 -1.388655304908752441e-01 8.990669250488281250e-02 -5.102193728089332581e-02 -8.068779855966567993e-02 -1.454634517431259155e-01 -9.516151994466781616e-02 8.155217021703720093e-02 1.679586917161941528e-01 -2.150373160839080811e-01
-2.107126712799072266e-01 4.768024981021881104e-01 -7.886481881141662598e-01 -2.680941224098205566e-01 7.689858227968215942e-02 3.843243420124053955e-01 -1.606402993202209473e-01 4.328313767910003662e-01 1.362053304910659790e-01 2.245447486639022827e-01
1.701351404190063477e-01 -1.436036229133605957e-01 4.366174936294555664e-01 5.853721499443054199e-01 -4.593542814254760742e-01 -3.970003128051757812e-01 -6.911202669143676758e-01 2.353430688381195068e-01 2.807824015617370605e-01 2.274813950061798096e-01
-2.952406108379364014e-01 -1.190208941698074341e-01 -1.136953160166740417e-01 2.797582447528839111e-01 -1.127726808190345764e-01 1.048912331461906433e-01 -1.491120755672454834e-01 -2.817097604274749756e-01 -6.552404165267944336e-02 1.327383220195770264e-01
-1.676170155405998230e-03 -1.439602375030517578e-01 -1.095405891537666321e-01 3.028869628906250000e-01 -1.778174638748168945e-01 -4.893425405025482178e-01 2.899834215641021729e-01 1.167999580502510071e-01 -2.549627721309661865e-01 3.125460445880889893e-01
-3.328931927680969238e-01 -1.854756772518157959e-01 -1.344820708036422729e-01 -3.122623562812805176e-01 -4.094562530517578125e-01 3.136831521987915039e-01 5.299922823905944824e-02 -1.597458869218826294e-01 1.203118711709976196e-01 -1.187721863389015198e-01
1.718662083148956299e-01 1.982165127992630005e-01 -3.531297147274017334e-01 3.386054337024688721e-01 -6.452584266662597656e-01 -9.383910894393920898e-02 1.049221679568290710e-01 -5.808995366096496582e-01 -3.786194324493408203e-01 -6.234723329544067383e-01
-3.182024508714675903e-02 1.051467210054397583e-01 -1.707347296178340912e-02 1.250433456152677536e-02 -5.972653254866600037e-02 -3.398573994636535645e-01 -1.120943576097488403e-02 -2.795029897242784500e-03 -4.105579480528831482e-02 -5.517121031880378723e-02
-1.889571547508239746e-02 -2.395332455635070801e-01 -2.200236618518829346e-01 2.278839610517024994e-02 5.530204623937606812e-02 1.828412339091300964e-02 -2.881712317466735840e-01 -9.672453254461288452e-02 -6.161506846547126770e-02 2.177205085754394531e-01
-1.540461927652359009e-02 -5.437406301498413086e-01 -3.053484559059143066e-01 -3.312144195660948753e-03 -3.489428758621215820e-01 -5.633616447448730469e-02 -3.649260401725769043e-01 -1.822284311056137085e-01 6.348698139190673828e-01 -1.134351968765258789e+00
3.807050585746765137e-01 -3.414522111415863037e-01 3.162976205348968506e-01 -1.203980445861816406e-01 -8.405218124389648438e-01 -8.394439816474914551e-01 2.814121246337890625e-01 -2.488687261939048767e-02 1.348649561405181885e-01 1.669380962848663330e-01
-2.421199344098567963e-02 6.316509097814559937e-02 -3.116606920957565308e-02 1.272862702608108521e-01 -1.920099556446075439e-01 -2.274305522441864014e-01 -1.541627049446105957e-01 1.178562268614768982e-01 3.021620400249958038e-02 1.508974581956863403e-01
-3.008215501904487610e-02 -1.207593455910682678e-01 -1.958081722259521484e-01 -1.041897013783454895e-01 1.080496981739997864e-01 4.419269859790802002e-01 -6.511732190847396851e-02 -9.568688273429870605e-02 -7.286367565393447876e-02 -4.217509925365447998e-01
-1.263613402843475342e-01 1.868425458669662476e-01 -1.429694741964340210e-01 -6.896618008613586426e-02 -4.705783724784851074e-02 -1.239669695496559143e-01 2.952658198773860931e-02 2.280604094266891479e-01 -4.501662850379943848e-01 -5.070855841040611267e-02
3.299742937088012695e-01 -2.005595862865447998e-01 4.589726030826568604e-01 -3.120245337486267090e-01 -6.145604252815246582e-01 -7.522868365049362183e-02 -2.582131624221801758e-01 -3.324127495288848877e-01 -1.401936169713735580e-02 -6.483163833618164062e-01
4.636718630790710449e-01 -3.753377795219421387e-01 6.436621546745300293e-01 -7.418095320463180542e-02 -1.470320075750350952e-01 2.958132624626159668e-01 -3.774248361587524414e-01 2.595490515232086182e-01 -2.155697196722030640e-01 -2.754843533039093018e-01
-2.476617544889450073e-01 -7.250678539276123047e-02 1.031399592757225037e-01 3.497833013534545898e-01 -9.109385311603546143e-02 -2.558389306068420410e-01 -2.195649147033691406e-01 -1.940467059612274170e-01 -1.622313559055328369e-01 2.220682352781295776e-01
-3.662515580654144287e-01 2.384921759366989136e-01 -8.571228384971618652e-02 8.746114373207092285e-01 -8.272324204444885254e-01 -2.740407586097717285e-01 -4.030149281024932861e-01 7.160186767578125000e-01 -6.083008050918579102e-01 7.459141612052917480e-01
1.400459208525717258e-03 -5.756988748908042908e-02 1.013344153761863708e-01 4.450621828436851501e-02 3.449713587760925293e-01 -3.573043644428253174e-02 -3.585087880492210388e-02 -2.620944976806640625e-01 -1.480054110288619995e-01 -2.491652071475982666e-01
-8.957659453153610229e-02 -1.339832991361618042e-01 -6.111392751336097717e-02 -2.158487439155578613e-01 -1.961520165205001831e-01 1.383799314498901367e-01 -1.655304618179798126e-02 -2.110256403684616089e-01 -2.555765807628631592e-01 -1.907801479101181030e-01
-4.256387948989868164e-01 1.661876440048217773e-01 -2.752875089645385742e-01 -1.418676078319549561e-01 1.018716931343078613e+00 -6.743183732032775879e-01 -4.458253085613250732e-01 5.005099177360534668e-01 -3.762070834636688232e-01 6.780469417572021484e-01
1.539317599963396788e-04 5.894131660461425781e-01 1.575125604867935181e-01 -3.225072026252746582e-01 -1.127888187766075134e-01 -3.238258063793182373e-01 6.082314252853393555e-02 -1.529053598642349243e-01 -3.529316186904907227e-01 -2.486391365528106689e-01
-2.741332650184631348e-01 -3.363007009029388428e-01 5.792678892612457275e-02 -3.073349781334400177e-02 2.062582522630691528e-01 -5.094503164291381836e-01 5.418480932712554932e-02 -5.060200095176696777e-01 -3.118599355220794678e-01 1.390359103679656982e-01
3.157733473926782608e-03 5.917884409427642822e-02 2.099769264459609985e-01 -6.723798811435699463e-02 -4.195201694965362549e-01 7.120126485824584961e-02 6.336221843957901001e-02 -1.267960071563720703e-01 -9.420094639062881470e-02 -3.281999826431274414e-01
-4.338788390159606934e-01 8.013150840997695923e-02 -7.551103830337524414e-02 -9.781355410814285278e-02 3.480920791625976562e-01 6.277289390563964844e-01 -2.857235372066497803e-01 3.893015161156654358e-02 -2.646285295486450195e-01 -3.914533257484436035e-01
4.723363369703292847e-02 4.253602772951126099e-02 2.522719502449035645e-01 7.557018995285034180e-01 2.968312799930572510e-02 -3.968259096145629883e-01 -5.814854502677917480e-01 6.396350264549255371e-01 -5.651633739471435547e-01 -2.498043328523635864e-01
1.660744100809097290e-01 -2.181757986545562744e-01 -6.575073599815368652e-01 -3.406792879104614258e-02 6.448066979646682739e-02 2.812563478946685791e-01 1.811834573745727539e-01 -8.048026263713836670e-02 5.049529075622558594e-01 1.747813522815704346e-01
7.879806309938430786e-02 -2.180109024047851562e-01 -3.847507238388061523e-01 5.569018051028251648e-02 -3.279724717140197754e-01 -1.416395604610443115e-01 3.569351136684417725e-01 3.092243373394012451e-01 -3.919306993484497070e-01 -1.133121773600578308e-01
-1.816699504852294922e-01 -1.058371663093566895e-01 2.015503346920013428e-01 -3.866664767265319824e-01 -1.188824139535427094e-02 -4.618805274367332458e-02 6.944332271814346313e-02 1.655281633138656616e-01 6.964878439903259277e-01 -1.745143681764602661e-01
-1.563386321067810059e-01 1.849142313003540039e-01 5.417730659246444702e-02 -2.938235402107238770e-01 1.101564094424247742e-01 -1.673302948474884033e-01 1.326652765274047852e-01 3.171176314353942871e-01 2.259710580110549927e-01 -1.704264059662818909e-02
2.524295262992382050e-02 2.387688122689723969e-02 -1.430441886186599731e-01 1.077388748526573181e-01 -2.993298172950744629e-01 -4.053286835551261902e-02 -2.239455096423625946e-02 1.047856267541646957e-02 -1.978373378515243530e-01 8.110910654067993164e-02
-9.639992564916610718e-02 -1.419395655393600464e-01 7.627613842487335205e-02 -1.920149028301239014e-01 -9.149342775344848633e-02 2.816724479198455811e-01 -1.768910139799118042e-01 2.752933837473392487e-02 1.013984978199005127e-01 2.057760953903198242e-01
-8.494640141725540161e-02 -1.122369691729545593e-01 2.003354392945766449e-02 -1.899612247943878174e-01 1.190878227353096008e-01 7.520815357565879822e-03 9.781076014041900635e-02 -1.149565055966377258e-01 -1.865345798432826996e-02 -2.507943809032440186e-01
-2.474400252103805542e-01 -2.772787213325500488e-01 -1.563690304756164551e-01 1.479109525680541992e-01 1.007864102721214294e-01 4.586761444807052612e-02 1.157195121049880981e-01 -3.095589578151702881e-01 -1.554115116596221924e-01 -2.733855247497558594e-01
-2.141647189855575562e-01 -3.396835625171661377e-01 2.661943733692169189e-01 -2.981742843985557556e-02 8.708308637142181396e-02 -1.719607859849929810e-01 -1.184067949652671814e-01 -8.352298140525817871e-01 -2.395060956478118896e-01 2.501935064792633057e-01
-1.900478452444076538e-01 3.780214190483093262e-01 -3.723341226577758789e-01 -4.007346928119659424e-02 -1.221583560109138489e-01 5.479069799184799194e-02 1.913283765316009521e-01 8.674867451190948486e-02 -1.370713263750076294e-01 8.156448602676391602e-02
-4.476808309555053711e-01 4.547118842601776123e-01 1.426783055067062378e-01 -1.166579127311706543e-01 -4.021771848201751709e-01 8.449832908809185028e-03 -3.053488433361053467e-01 3.577216565608978271e-01 -1.176709979772567749e-01 2.478087842464447021e-01
-2.878024876117706299e-01 1.750011146068572998e-01 -1.394439041614532471e-01 -1.772839426994323730e-01 -5.159638356417417526e-03 7.281352579593658447e-02 -4.903376847505569458e-02 5.857538059353828430e-02 -8.873454295098781586e-03 -1.747459918260574341e-01
-3.492355346679687500e-01 2.348971664905548096e-01 -8.215095996856689453e-01 5.275738239288330078e-01 -7.349527906626462936e-03 4.192282259464263916e-01 9.433857630938291550e-04 -6.321096327155828476e-03 -1.034423410892486572e-01 7.683889567852020264e-02
-1.289630681276321411e-01 1.714279204607009888e-01 1.978816278278827667e-02 -2.590588629245758057e-01 2.267026901245117188e-01 6.037715449929237366e-02 1.858596801757812500e-01 1.516931056976318359e-01 -1.572773605585098267e-01 -2.590063512325286865e-01
-4.815824031829833984e-01 -4.538957960903644562e-03 6.596329808235168457e-02 1.824095845222473145e-01 2.485147118568420410e-01 -1.683852076530456543e-01 -1.035712752491235733e-02 -2.332802712917327881e-01 -2.030353993177413940e-01 3.613441884517669678e-01
-1.567209959030151367e-01 -1.300910115242004395e-01 1.133096143603324890e-01 3.444195389747619629e-01 -3.581796884536743164e-01 -4.341997951269149780e-02 -2.875417172908782959e-01 -6.115291267633438110e-02 -3.124321103096008301e-01 4.961314052343368530e-02
-6.756560206413269043e-01 -2.789456583559513092e-02 2.619564235210418701e-01 -7.857753038406372070e-01 3.647522032260894775e-01 3.067134022712707520e-01 4.482260644435882568e-01 -5.251457691192626953e-01 8.319783806800842285e-01 6.812592744827270508e-01
2.646769285202026367e-01 1.118926182389259338e-01 -6.512792408466339111e-02 -1.426245435141026974e-03 -9.468101710081100464e-02 1.896902173757553101e-01 -1.850114613771438599e-01 3.702725097537040710e-02 2.297136336565017700e-01 4.665423184633255005e-02
-6.470549702644348145e-01 4.185319840908050537e-01 3.882004180923104286e-03 -4.442815855145454407e-02 -2.410977929830551147e-01 1.676773577928543091e-01 1.060781478881835938e-01 1.837674677371978760e-01 -1.186063215136528015e-01 1.233764812350273132e-01
-3.492181003093719482e-01 1.454826146364212036e-01 -2.464372664690017700e-02 -4.055486992001533508e-03 -1.964071393013000488e-02 -1.861511468887329102e-01 2.262726724147796631e-01 -1.270343512296676636e-01 1.343307644128799438e-01 1.385018676519393921e-01
3.066434264183044434e-01 2.213040888309478760e-01 3.148784339427947998e-01 7.500954717397689819e-02 -9.644384384155273438e-01 9.714010171592235565e-03 -3.746563196182250977e-01 -3.501682877540588379e-01 -3.005133569240570068e-01 -8.233271837234497070e-01
1.981194168329238892e-01 4.673330783843994141e-01 1.161393243819475174e-02 3.449158044531941414e-03 -1.082318797707557678e-01 -1.246172115206718445e-01 6.520308554172515869e-02 -2.033574432134628296e-01 -8.780191093683242798e-02 -2.018836289644241333e-01
1.082615777850151062e-01 9.712719172239303589e-02 1.520631834864616394e-02 -9.418557584285736084e-02 -2.393596991896629333e-02 2.135933190584182739e-01 2.990423701703548431e-02 3.996557742357254028e-02 9.080650657415390015e-02 -9.958764910697937012e-02
-2.637388706207275391e-01 -1.823766976594924927e-01 -9.694508910179138184e-01 7.276363968849182129e-01 1.135042309761047363e-01 5.019477605819702148e-01 -5.790035054087638855e-02 -1.199709344655275345e-02 3.353497684001922607e-01 -2.186055481433868408e-01
-1.929631270468235016e-02 3.828041553497314453e-01 1.355540603399276733e-01 2.479063421487808228e-01 -2.432053983211517334e-01 -3.305763900279998779e-01 -5.189367383718490601e-02 4.997750278562307358e-03 1.281575262546539307e-01 -4.087240695953369141e-01
-6.132098436355590820e-01 1.649737060070037842e-01 -5.919428467750549316e-01 -4.332777261734008789e-01 1.157798886299133301e+00 -1.046892166137695312e+00 1.202123641967773438e+00 1.782759279012680054e-01 -9.016699790954589844e-01 8.273000121116638184e-01
-2.185526341199874878e-01 2.489539831876754761e-01 -1.439945101737976074e-01 2.206957787275314331e-01 -2.135540395975112915e-01 -5.963112711906433105e-01 3.437317311763763428e-01 -7.053608715068548918e-05 -3.045630156993865967e-01 -1.092694476246833801e-01
5.756608843803405762e-01 -2.730357646942138672e-01 -4.067105650901794434e-01 -6.291984319686889648e-01 -1.778594255447387695e-01 1.295370757579803467e-01 1.708154976367950439e-01 -1.494550108909606934e-01 -5.982716679573059082e-01 1.949551403522491455e-01
-1.849561929702758789e-01 4.841369763016700745e-02 -4.744053259491920471e-02 -2.066576331853866577e-01 9.077500551939010620e-02 -2.434079051017761230e-01 1.666210778057575226e-02 1.221864074468612671e-01 -2.064476907253265381e-01 -7.842424511909484863e-02
-7.030180841684341431e-02 -7.712284103035926819e-03 -1.292760763317346573e-02 1.967542469501495361e-01 8.012145757675170898e-02 -1.651288382709026337e-02 -5.212892964482307434e-02 -9.373989701271057129e-02 -1.262422502040863037e-01 1.911318302154541016e-01
-1.047628521919250488e-01 3.189633488655090332e-01 -1.362627893686294556e-01 1.054410357028245926e-02 4.834841191768646240e-02 3.751759827136993408e-01 2.440872341394424438e-01 -1.818295866250991821e-01 -4.572495073080062866e-02 -2.151692211627960205e-01
-1.576185673475265503e-01 -2.013801783323287964e-01 4.780546426773071289e-01 8.457559160888195038e-03 -3.744100928306579590e-01 -4.973773062229156494e-01 -3.121832013130187988e-01 -3.677360415458679199e-01 4.664269983768463135e-01 -2.734257094562053680e-02
-1.274935007095336914e-01 -1.940130442380905151e-01 2.051169574260711670e-01 -1.613242626190185547e-01 1.615373194217681885e-01 4.130577743053436279e-01 -3.112830221652984619e-01 1.788623817265033722e-02 -3.141179382801055908e-01 -5.771681070327758789e-01
