-2.501513063907623291e-01 -2.403943389654159546e-01 -2.340694516897201538e-01 -2.333879321813583374e-01 -2.427717447280883789e-01 -2.362073957920074463e-01 -2.547369599342346191e-01 -2.379615157842636108e-01 -2.434379607439041138e-01 -2.430850416421890259e-01
-2.460439801216125488e-01 -2.421401888132095337e-01 -2.338595837354660034e-01 -2.326521724462509155e-01 -2.409094423055648804e-01 -2.362673133611679077e-01 -2.484601140022277832e-01 -2.391392737627029419e-01 -2.423615157604217529e-01 -2.419345676898956299e-01
3.468703031539916992e-01 2.771417796611785889e-01 2.719137370586395264e-01 2.689281404018402100e-01 2.932890355587005615e-01 2.708177268505096436e-01 3.546446263790130615e-01 2.723841667175292969e-01 2.995900511741638184e-01 2.880896925926208496e-01
-2.509883344173431396e-01 -2.404499202966690063e-01 -2.316217869520187378e-01 -2.312454432249069214e-01 -2.426496446132659912e-01 -2.355664968490600586e-01 -2.572199404239654541e-01 -2.377255558967590332e-01 -2.439083606004714966e-01 -2.434006780385971069e-01
-1.226304844021797180e-01 -2.291437387466430664e-01 -2.452084273099899292e-01 -2.455728501081466675e-01 -1.954519599676132202e-01 -2.399938106536865234e-01 -9.697020798921585083e-02 -2.293989211320877075e-01 -1.947645694017410278e-01 -2.019198238849639893e-01
-2.504921257495880127e-01 -2.403274327516555786e-01 -2.315097153186798096e-01 -2.305838316679000854e-01 -2.432724088430404663e-01 -2.340411692857742310e-01 -2.565144896507263184e-01 -2.371983379125595093e-01 -2.441567182540893555e-01 -2.431202530860900879e-01
-2.511286735534667969e-01 -2.400849908590316772e-01 -2.322463095188140869e-01 -2.322564274072647095e-01 -2.426654100418090820e-01 -2.360012680292129517e-01 -2.564359605312347412e-01 -2.387333810329437256e-01 -2.438403069972991943e-01 -2.420496195554733276e-01
-2.531987726688385010e-01 -2.411690354347229004e-01 -2.329341918230056763e-01 -2.325664162635803223e-01 -2.436081767082214355e-01 -2.354946583509445190e-01 -2.585178911685943604e-01 -2.374494075775146484e-01 -2.438516765832901001e-01 -2.445241361856460571e-01
8.143652975559234619e-02 -2.710581012070178986e-02 -8.563169836997985840e-02 -8.151470869779586792e-02 1.228697784245014191e-02 -6.421484798192977905e-02 9.606474637985229492e-02 -3.828066214919090271e-02 1.857690885663032532e-02 -2.489203470759093761e-04
9.890467673540115356e-02 4.571232479065656662e-03 -4.988623782992362976e-02 -5.558874085545539856e-02 3.382151573896408081e-02 -2.813814580440521240e-02 1.132455989718437195e-01 -3.203125437721610069e-03 3.911808505654335022e-02 2.749820239841938019e-02
-2.519997358322143555e-01 -2.415844202041625977e-01 -2.351101189851760864e-01 -2.345202863216400146e-01 -2.449687421321868896e-01 -2.372064888477325439e-01 -2.590714991092681885e-01 -2.381932735443115234e-01 -2.466281354427337646e-01 -2.450831234455108643e-01
-6.844504922628402710e-02 -2.113849371671676636e-01 -2.587524354457855225e-01 -2.584565877914428711e-01 -1.568830758333206177e-01 -2.458011358976364136e-01 -3.321325033903121948e-02 -2.234605550765991211e-01 -1.551450341939926147e-01 -1.715365946292877197e-01
-4.216124769300222397e-03 -1.134754042141139507e-03 9.736740961670875549e-03 1.842435821890830994e-02 -1.365547068417072296e-02 -7.612360641360282898e-04 -9.485959075391292572e-03 2.861222019419074059e-04 -1.478073745965957642e-02 -5.942581687122583389e-03
-2.516213655471801758e-01 -2.410967051982879639e-01 -2.337165027856826782e-01 -2.324889898300170898e-01 -2.429685741662979126e-01 -2.365855723619461060e-01 -2.558035254478454590e-01 -2.378257215023040771e-01 -2.439021021127700806e-01 -2.434540688991546631e-01
-6.273008137941360474e-02 -2.042543888092041016e-01 -2.587366700172424316e-01 -2.590590417385101318e-01 -1.484702974557876587e-01 -2.394718825817108154e-01 -2.992533519864082336e-02 -2.152423560619354248e-01 -1.436164081096649170e-01 -1.625845730304718018e-01
-8.244149386882781982e-02 -2.207129448652267456e-01 -2.537149488925933838e-01 -2.540614306926727295e-01 -1.738954633474349976e-01 -2.465063035488128662e-01 -4.907191172242164612e-02 -2.280427068471908569e-01 -1.715883016586303711e-01 -1.835318356752395630e-01
-2.505120933055877686e-01 -2.401241362094879150e-01 -2.320846766233444214e-01 -2.321927845478057861e-01 -2.413127422332763672e-01 -2.357191145420074463e-01 -2.552158832550048828e-01 -2.369172275066375732e-01 -2.428288161754608154e-01 -2.418677061796188354e-01
-1.243138909339904785e-01 -9.043707698583602905e-02 -4.567196220159530640e-02 -4.843067377805709839e-02 -1.042131632566452026e-01 -6.586007773876190186e-02 -1.354180574417114258e-01 -8.114238083362579346e-02 -1.064143776893615723e-01 -1.024056673049926758e-01
-2.501830458641052246e-01 -2.406222373247146606e-01 -2.321261614561080933e-01 -2.317340224981307983e-01 -2.431858032941818237e-01 -2.345033735036849976e-01 -2.538647353649139404e-01 -2.375984936952590942e-01 -2.443511933088302612e-01 -2.422778755426406860e-01
3.205749765038490295e-02 -1.140611544251441956e-01 -2.173811942338943481e-01 -2.191054970026016235e-01 -5.216087028384208679e-02 -1.781075298786163330e-01 6.267826259136199951e-02 -1.312182545661926270e-01 -4.735266044735908508e-02 -6.675558537244796753e-02
1.021288484334945679e-01 -1.073329243808984756e-02 -6.224812194705009460e-02 -6.606055051088333130e-02 2.967215888202190399e-02 -4.279839619994163513e-02 1.194902583956718445e-01 -2.070576883852481842e-02 3.745466098189353943e-02 1.761976815760135651e-02
3.435524702072143555e-01 2.715760767459869385e-01 2.642357945442199707e-01 2.620278894901275635e-01 2.897171378135681152e-01 2.662211358547210693e-01 3.534192144870758057e-01 2.676815390586853027e-01 2.956074774265289307e-01 2.835523188114166260e-01
-2.526351213455200195e-01 -2.415054887533187866e-01 -2.332428097724914551e-01 -2.325028777122497559e-01 -2.435228824615478516e-01 -2.364280074834823608e-01 -2.585563957691192627e-01 -2.382954061031341553e-01 -2.447936832904815674e-01 -2.450897842645645142e-01
-2.534140050411224365e-01 -2.425234317779541016e-01 -2.349041253328323364e-01 -2.329411655664443970e-01 -2.449929863214492798e-01 -2.373851239681243896e-01 -2.592969834804534912e-01 -2.402852326631546021e-01 -2.461330592632293701e-01 -2.449505627155303955e-01
-9.339667111635208130e-02 -2.260196655988693237e-01 -2.540078759193420410e-01 -2.537878155708312988e-01 -1.771754026412963867e-01 -2.466541975736618042e-01 -6.056239828467369080e-02 -2.321711778640747070e-01 -1.793393492698669434e-01 -1.907565891742706299e-01
-2.536398172378540039e-01 -2.446696013212203979e-01 -2.366026937961578369e-01 -2.353817820549011230e-01 -2.466076761484146118e-01 -2.391026020050048828e-01 -2.591766715049743652e-01 -2.424100637435913086e-01 -2.480479925870895386e-01 -2.477302700281143188e-01
2.512430027127265930e-02 1.095567736774682999e-02 3.409662516787648201e-03 1.237459667026996613e-02 9.021076373755931854e-03 7.602163590490818024e-03 1.854762434959411621e-02 1.035596430301666260e-02 8.688444271683692932e-03 1.161140389740467072e-02
1.367638725787401199e-02 -1.387610137462615967e-01 -2.373318225145339966e-01 -2.397593408823013306e-01 -7.695096731185913086e-02 -2.034947425127029419e-01 4.439147561788558960e-02 -1.593886017799377441e-01 -7.121170312166213989e-02 -9.193273633718490601e-02
-9.472274780273437500e-02 -5.178603157401084900e-02 5.600709468126296997e-03 4.801228642463684082e-03 -7.205402851104736328e-02 -1.882054843008518219e-02 -1.075797602534294128e-01 -3.893044590950012207e-02 -7.274956256151199341e-02 -6.716466695070266724e-02
7.967153936624526978e-02 -1.577519066631793976e-02 -1.994119584560394287e-02 -3.016446903347969055e-02 1.791949197649955750e-02 -2.216536737978458405e-02 1.004342660307884216e-01 -1.889151334762573242e-02 2.391245402395725250e-02 4.973792005330324173e-03
-2.521979510784149170e-01 -2.406942099332809448e-01 -2.329659610986709595e-01 -2.317126989364624023e-01 -2.431736886501312256e-01 -2.352339029312133789e-01 -2.574757933616638184e-01 -2.372300922870635986e-01 -2.440135478973388672e-01 -2.438226193189620972e-01
-8.957746624946594238e-02 -1.963006108999252319e-01 -2.439105361700057983e-01 -2.444589138031005859e-01 -1.505451649427413940e-01 -2.273261100053787231e-01 -6.469947844743728638e-02 -2.053852379322052002e-01 -1.470941752195358276e-01 -1.633478850126266479e-01
-6.167581677436828613e-02 -2.177900373935699463e-01 -2.632205486297607422e-01 -2.640736699104309082e-01 -1.576580405235290527e-01 -2.496718615293502808e-01 -2.820951119065284729e-02 -2.248394638299942017e-01 -1.555507481098175049e-01 -1.717135012149810791e-01
1.390125006437301636e-01 2.836726792156696320e-02 -1.220377907156944275e-02 -2.319950796663761139e-02 6.567825376987457275e-02 4.074648022651672363e-03 1.592070013284683228e-01 2.048389799892902374e-02 7.522621750831604004e-02 5.417485907673835754e-02
-2.535001635551452637e-01 -2.422366589307785034e-01 -2.336256057024002075e-01 -2.326274216175079346e-01 -2.445254921913146973e-01 -2.356678843498229980e-01 -2.578016519546508789e-01 -2.388795316219329834e-01 -2.456726133823394775e-01 -2.448790818452835083e-01
1.880597174167633057e-01 8.946880698204040527e-02 4.415505006909370422e-02 4.376526921987533569e-02 1.205737143754959106e-01 6.388919800519943237e-02 2.047984302043914795e-01 7.860391587018966675e-02 1.255663484334945679e-01 1.104612424969673157e-01
-2.547684609889984131e-01 -2.407415360212326050e-01 -2.332108616828918457e-01 -2.332050502300262451e-01 -2.453285306692123413e-01 -2.366438657045364380e-01 -2.605415582656860352e-01 -2.394486665725708008e-01 -2.462011724710464478e-01 -2.454085201025009155e-01
5.998834222555160522e-02 -7.951322942972183228e-02 -1.454288512468338013e-01 -1.497679948806762695e-01 -2.594561316072940826e-02 -1.210543364286422729e-01 8.934485912322998047e-02 -9.543451666831970215e-02 -2.149405889213085175e-02 -3.927788510918617249e-02
-2.476472854614257812e-01 -2.407932132482528687e-01 -2.341141700744628906e-01 -2.345141023397445679e-01 -2.424884736537933350e-01 -2.372613549232482910e-01 -2.489659488201141357e-01 -2.391002178192138672e-01 -2.442730367183685303e-01 -2.424672245979309082e-01
-5.884055420756340027e-02 -1.929883211851119995e-01 -2.521054148674011230e-01 -2.539328336715698242e-01 -1.388551145792007446e-01 -2.325146347284317017e-01 -2.662118896842002869e-02 -2.059740722179412842e-01 -1.347509175539016724e-01 -1.526006758213043213e-01
-2.512801587581634521e-01 -2.397384494543075562e-01 -2.318136692047119141e-01 -2.322616428136825562e-01 -2.433954626321792603e-01 -2.345010191202163696e-01 -2.567279040813446045e-01 -2.383781373500823975e-01 -2.441340237855911255e-01 -2.415809184312820435e-01
-2.542508393526077271e-02 1.778953894972801208e-02 3.573517873883247375e-02 2.817042358219623566e-02 -8.138744160532951355e-04 2.490457333624362946e-02 -3.911038488149642944e-02 2.161328308284282684e-02 -1.659100293181836605e-03 6.733273039571940899e-04
9.621597826480865479e-02 -3.690919652581214905e-02 -1.280680894851684570e-01 -1.300577670335769653e-01 1.203310862183570862e-02 -9.468857198953628540e-02 1.196910515427589417e-01 -5.561619251966476440e-02 2.110948599874973297e-02 -2.040328225120902061e-03
1.343959122896194458e-01 1.415888220071792603e-02 -6.420093029737472534e-02 -6.412487477064132690e-02 5.982885882258415222e-02 -3.253148123621940613e-02 1.512964963912963867e-01 -5.434948834590613842e-04 6.408637762069702148e-02 4.713410511612892151e-02
-2.462156414985656738e-01 -2.377669662237167358e-01 -2.300626784563064575e-01 -2.295045554637908936e-01 -2.399148046970367432e-01 -2.332329750061035156e-01 -2.510297000408172607e-01 -2.337991595268249512e-01 -2.397467643022537231e-01 -2.408525049686431885e-01
-2.507013380527496338e-01 -2.401917576789855957e-01 -2.314757853746414185e-01 -2.323824167251586914e-01 -2.415484935045242310e-01 -2.354256510734558105e-01 -2.563442587852478027e-01 -2.383207976818084717e-01 -2.443103343248367310e-01 -2.418793290853500366e-01
-7.742238044738769531e-02 -2.203898429870605469e-01 -2.552187144756317139e-01 -2.565010190010070801e-01 -1.679148972034454346e-01 -2.468720525503158569e-01 -4.468875005841255188e-02 -2.270399183034896851e-01 -1.669158041477203369e-01 -1.817559897899627686e-01
-6.454735994338989258e-02 -8.864564821124076843e-03 6.377606093883514404e-02 6.386247277259826660e-02 -3.429523110389709473e-02 3.172333538532257080e-02 -8.132953196763992310e-02 7.107428275048732758e-03 -3.872694075107574463e-02 -3.136403113603591919e-02
-2.452067136764526367e-01 -2.396724224090576172e-01 -2.336366325616836548e-01 -2.337614595890045166e-01 -2.423597127199172974e-01 -2.362154424190521240e-01 -2.492889314889907837e-01 -2.370581775903701782e-01 -2.420531362295150757e-01 -2.428866475820541382e-01
-5.733703821897506714e-02 -1.255334820598363876e-03 5.137246102094650269e-02 5.406095087528228760e-02 -2.807791717350482941e-02 3.421959280967712402e-02 -7.133600115776062012e-02 6.165332160890102386e-03 -3.194291144609451294e-02 -2.344259619712829590e-02
-7.793015986680984497e-02 -2.213846445083618164e-01 -2.600294053554534912e-01 -2.582012116909027100e-01 -1.709201186895370483e-01 -2.485283017158508301e-01 -4.685380309820175171e-02 -2.277388870716094971e-01 -1.669845283031463623e-01 -1.845787167549133301e-01
-1.131139174103736877e-01 -2.288215458393096924e-01 -2.514508068561553955e-01 -2.499855160713195801e-01 -1.901981830596923828e-01 -2.467268705368041992e-01 -8.613888174295425415e-02 -2.335129678249359131e-01 -1.882342547178268433e-01 -2.003335356712341309e-01
-2.477150410413742065e-01 -2.403083294630050659e-01 -2.315695583820343018e-01 -2.319183796644210815e-01 -2.419080734252929688e-01 -2.344338148832321167e-01 -2.526477277278900146e-01 -2.357949614524841309e-01 -2.438363432884216309e-01 -2.406594902276992798e-01
3.262804746627807617e-01 2.541376650333404541e-01 2.441206127405166626e-01 2.411425262689590454e-01 2.716983556747436523e-01 2.479311078786849976e-01 3.358923792839050293e-01 2.487804591655731201e-01 2.763557136058807373e-01 2.647858560085296631e-01
-5.125934258103370667e-02 1.583922654390335083e-02 9.791420400142669678e-02 1.004507243633270264e-01 -1.721066795289516449e-02 6.109507754445075989e-02 -7.075567543506622314e-02 2.894979342818260193e-02 -1.744047179818153381e-02 -1.113430317491292953e-02
1.322446465492248535e-01 2.364231273531913757e-02 -2.601725049316883087e-02 -2.787754312157630920e-02 6.230290234088897705e-02 -6.454396527260541916e-03 1.498392820358276367e-01 1.187196094542741776e-02 6.594237685203552246e-02 5.026382580399513245e-02
-2.497255206108093262e-01 -2.398817092180252075e-01 -2.320436388254165649e-01 -2.319836318492889404e-01 -2.417780905961990356e-01 -2.352878600358963013e-01 -2.555487453937530518e-01 -2.383319586515426636e-01 -2.439531981945037842e-01 -2.431035637855529785e-01
-2.490277439355850220e-01 -2.391413748264312744e-01 -2.320863604545593262e-01 -2.304336577653884888e-01 -2.417289912700653076e-01 -2.342114895582199097e-01 -2.542732357978820801e-01 -2.367808967828750610e-01 -2.430728524923324585e-01 -2.425740361213684082e-01
-2.520973682403564453e-01 -2.413159757852554321e-01 -2.336424887180328369e-01 -2.324999719858169556e-01 -2.431177049875259399e-01 -2.374663650989532471e-01 -2.577268779277801514e-01 -2.388183772563934326e-01 -2.435219436883926392e-01 -2.439041584730148315e-01
-2.505650818347930908e-01 -2.392705082893371582e-01 -2.323286235332489014e-01 -2.319453060626983643e-01 -2.416528165340423584e-01 -2.350271046161651611e-01 -2.558400034904479980e-01 -2.368321269750595093e-01 -2.447744905948638916e-01 -2.431798130273818970e-01
1.043940261006355286e-01 -2.887595817446708679e-02 -1.375695168972015381e-01 -1.376462280750274658e-01 2.158142253756523132e-02 -9.238213300704956055e-02 1.308851540088653564e-01 -5.068738386034965515e-02 3.054936975240707397e-02 1.045826449990272522e-02
-2.503756582736968994e-01 -2.397369295358657837e-01 -2.309380620718002319e-01 -2.300583869218826294e-01 -2.418555766344070435e-01 -2.350671589374542236e-01 -2.545939087867736816e-01 -2.375452518463134766e-01 -2.425014674663543701e-01 -2.413225919008255005e-01
5.028860643506050110e-02 -1.021070256829261780e-01 -2.128506600856781006e-01 -2.185129672288894653e-01 -3.852631151676177979e-02 -1.733633726835250854e-01 8.198757469654083252e-02 -1.238256916403770447e-01 -3.352798148989677429e-02 -5.313952639698982239e-02
-5.994483456015586853e-02 -2.143178731203079224e-01 -2.626098990440368652e-01 -2.654203176498413086e-01 -1.552151739597320557e-01 -2.491968572139739990e-01 -2.448057942092418671e-02 -2.257292419672012329e-01 -1.523563712835311890e-01 -1.692785918712615967e-01
-2.513679862022399902e-01 -2.386248260736465454e-01 -2.318186908960342407e-01 -2.314488142728805542e-01 -2.429512888193130493e-01 -2.341102212667465210e-01 -2.572923898696899414e-01 -2.374513149261474609e-01 -2.444468438625335693e-01 -2.424283176660537720e-01
2.686656452715396881e-02 -3.355494514107704163e-02 -2.316609025001525879e-02 -2.730416320264339447e-02 -1.049460843205451965e-02 -2.832172252237796783e-02 3.176776692271232605e-02 -3.272173926234245300e-02 -4.777576774358749390e-03 -1.874176040291786194e-02
7.044690847396850586e-02 -7.578554004430770874e-02 -1.573115736246109009e-01 -1.638875901699066162e-01 -1.615875959396362305e-02 -1.236224696040153503e-01 9.597835689783096313e-02 -9.281969070434570312e-02 -1.165957842022180557e-02 -3.288324177265167236e-02
-6.903862953186035156e-02 -1.562457531690597534e-02 4.967952892184257507e-02 5.175111070275306702e-02 -4.142569750547409058e-02 1.987487822771072388e-02 -8.611436188220977783e-02 -3.465198911726474762e-03 -4.589216411113739014e-02 -3.596746176481246948e-02
8.909958600997924805e-02 1.225782744586467743e-02 2.823268808424472809e-02 2.180012315511703491e-02 3.502957522869110107e-02 1.980433240532875061e-02 1.054392531514167786e-01 1.020204089581966400e-02 4.174081981182098389e-02 2.540688961744308472e-02
6.228335574269294739e-02 1.296096853911876678e-02 1.002093590795993805e-02 -7.421355694532394409e-04 2.338787540793418884e-02 1.037147268652915955e-02 7.262755185365676880e-02 1.385651808232069016e-02 2.437693439424037933e-02 2.156724967062473297e-02
-2.487933188676834106e-01 -2.383887618780136108e-01 -2.327822446823120117e-01 -2.305995821952819824e-01 -2.398485243320465088e-01 -2.356086075305938721e-01 -2.522680163383483887e-01 -2.368667721748352051e-01 -2.435394823551177979e-01 -2.405051141977310181e-01
-2.510841488838195801e-01 -2.407443970441818237e-01 -2.317594587802886963e-01 -2.323177903890609741e-01 -2.434898465871810913e-01 -2.365579754114151001e-01 -2.564421892166137695e-01 -2.384104877710342407e-01 -2.439713031053543091e-01 -2.430672198534011841e-01
7.284081727266311646e-02 -5.839385092258453369e-02 -1.102865114808082581e-01 -1.168700754642486572e-01 -1.020312029868364334e-02 -9.008634835481643677e-02 9.939220547676086426e-02 -7.103385776281356812e-02 -3.179223043844103813e-03 -2.354587800800800323e-02
-2.533278465270996094e-01 -2.424755394458770752e-01 -2.340472489595413208e-01 -2.339957952499389648e-01 -2.460978180170059204e-01 -2.381070107221603394e-01 -2.588818669319152832e-01 -2.399177551269531250e-01 -2.462195456027984619e-01 -2.464477717876434326e-01
1.781225651502609253e-01 9.091594070196151733e-02 8.085972070693969727e-02 7.368290424346923828e-02 1.161850541830062866e-01 8.366918563842773438e-02 1.934202164411544800e-01 8.551874011754989624e-02 1.230368763208389282e-01 1.079657971858978271e-01
9.178632497787475586e-02 -3.282895311713218689e-02 -1.200959756970405579e-01 -1.237819492816925049e-01 1.469166576862335205e-02 -8.646105229854583740e-02 1.154302656650543213e-01 -5.009223520755767822e-02 2.143657207489013672e-02 2.580706495791673660e-03
1.374025195837020874e-01 2.938354760408401489e-02 -2.063909731805324554e-02 -2.088208682835102081e-02 6.459084153175354004e-02 1.587444421602413058e-04 1.526694744825363159e-01 1.708014123141765594e-02 7.039241492748260498e-02 5.355809628963470459e-02
4.215923324227333069e-02 -1.038425117731094360e-01 -2.118952721357345581e-01 -2.155147492885589600e-01 -4.706350341439247131e-02 -1.722752302885055542e-01 7.368999719619750977e-02 -1.272120922803878784e-01 -4.088404774665832520e-02 -6.113221496343612671e-02
-2.797129563987255096e-02 3.616229072213172913e-02 9.453514218330383301e-02 8.747015893459320068e-02 8.756347931921482086e-03 7.181479781866073608e-02 -4.567405581474304199e-02 4.903191328048706055e-02 4.029673058539628983e-03 1.445438340306282043e-02
-2.531407773494720459e-01 -2.405609190464019775e-01 -2.337522506713867188e-01 -2.335845232009887695e-01 -2.435701489448547363e-01 -2.374112159013748169e-01 -2.563566565513610840e-01 -2.380044311285018921e-01 -2.457412630319595337e-01 -2.437347024679183960e-01
9.651040285825729370e-02 -1.456288807094097137e-02 -9.996031224727630615e-02 -9.437134116888046265e-02 2.862153947353363037e-02 -6.634899973869323730e-02 1.158727109432220459e-01 -3.091911226511001587e-02 3.381656855344772339e-02 1.659767888486385345e-02
-2.486283928155899048e-01 -2.394325733184814453e-01 -2.307801395654678345e-01 -2.305937111377716064e-01 -2.416971623897552490e-01 -2.340899705886840820e-01 -2.547509968280792236e-01 -2.355844527482986450e-01 -2.428255081176757812e-01 -2.421181946992874146e-01
1.362819224596023560e-01 2.850948646664619446e-02 -1.058574952185153961e-02 -1.288559939712285995e-02 6.349234282970428467e-02 3.904977580532431602e-03 1.577338874340057373e-01 2.062423713505268097e-02 7.236076891422271729e-02 5.420562624931335449e-02
2.177814692258834839e-01 1.329413801431655884e-01 1.130203008651733398e-01 1.096181944012641907e-01 1.579125672578811646e-01 1.211743652820587158e-01 2.339725196361541748e-01 1.270942836999893188e-01 1.633118540048599243e-01 1.500903218984603882e-01
3.614953905344009399e-02 -7.076132297515869141e-02 -1.647061705589294434e-01 -1.658952534198760986e-01 -2.624592743813991547e-02 -1.276153028011322021e-01 5.799887701869010925e-02 -8.819578588008880615e-02 -2.118240296840667725e-02 -3.782460838556289673e-02
3.551572263240814209e-01 2.825708687305450439e-01 2.767850756645202637e-01 2.733903527259826660e-01 3.005379140377044678e-01 2.762920260429382324e-01 3.641388714313507080e-01 2.786802351474761963e-01 3.056010603904724121e-01 2.944399416446685791e-01
-6.904687732458114624e-02 -2.161395698785781860e-01 -2.597924768924713135e-01 -2.612274587154388428e-01 -1.590579301118850708e-01 -2.479139417409896851e-01 -3.475353866815567017e-02 -2.247651070356369019e-01 -1.563650518655776978e-01 -1.725010573863983154e-01
-2.491324841976165771e-01 -2.391037940979003906e-01 -2.313724458217620850e-01 -2.308941036462783813e-01 -2.396313995122909546e-01 -2.336572259664535522e-01 -2.541793286800384521e-01 -2.365967780351638794e-01 -2.417710125446319580e-01 -2.416054904460906982e-01
-2.512770295143127441e-01 -2.409508973360061646e-01 -2.322346419095993042e-01 -2.320841550827026367e-01 -2.420931607484817505e-01 -2.358646988868713379e-01 -2.558336257934570312e-01 -2.386750280857086182e-01 -2.444823682308197021e-01 -2.443174868822097778e-01
-2.523312568664550781e-01 -2.437747269868850708e-01 -2.363411635160446167e-01 -2.342600822448730469e-01 -2.445976287126541138e-01 -2.384629249572753906e-01 -2.545641064643859863e-01 -2.393604665994644165e-01 -2.462566196918487549e-01 -2.446292489767074585e-01
-8.767218142747879028e-02 -2.132348865270614624e-01 -2.422492206096649170e-01 -2.446900159120559692e-01 -1.715311259031295776e-01 -2.341989129781723022e-01 -5.769820511341094971e-02 -2.204814255237579346e-01 -1.703061908483505249e-01 -1.831754446029663086e-01
-2.518459260463714600e-01 -2.411233037710189819e-01 -2.327619493007659912e-01 -2.319949120283126831e-01 -2.433025687932968140e-01 -2.347710728645324707e-01 -2.574273645877838135e-01 -2.372595518827438354e-01 -2.453726381063461304e-01 -2.440458983182907104e-01
1.214235797524452209e-01 4.054627381265163422e-03 -6.839403510093688965e-02 -6.794938445091247559e-02 4.720649495720863342e-02 -3.618740290403366089e-02 1.420470476150512695e-01 -1.032648701220750809e-02 5.446125939488410950e-02 3.796396777033805847e-02
-2.510633468627929688e-01 -2.407702505588531494e-01 -2.328891009092330933e-01 -2.322619110345840454e-01 -2.437753826379776001e-01 -2.356434762477874756e-01 -2.573567330837249756e-01 -2.372089922428131104e-01 -2.449454814195632935e-01 -2.429172545671463013e-01
-1.168011780828237534e-02 -1.763200759887695312e-01 -2.563077807426452637e-01 -2.619820237159729004e-01 -1.074486374855041504e-01 -2.319597899913787842e-01 2.371368184685707092e-02 -1.934798508882522583e-01 -1.054776310920715332e-01 -1.255084872245788574e-01
-2.516182959079742432e-01 -2.404711097478866577e-01 -2.332170605659484863e-01 -2.321840375661849976e-01 -2.423191070556640625e-01 -2.361992746591567993e-01 -2.571512460708618164e-01 -2.377830296754837036e-01 -2.434777170419692993e-01 -2.423408180475234985e-01
-2.544349431991577148e-01 -2.412841618061065674e-01 -2.336575835943222046e-01 -2.329145073890686035e-01 -2.445432096719741821e-01 -2.364595681428909302e-01 -2.581666111946105957e-01 -2.390462160110473633e-01 -2.454980909824371338e-01 -2.445847541093826294e-01
4.961283132433891296e-02 -8.814473450183868408e-02 -1.902911365032196045e-01 -1.924281418323516846e-01 -3.199713677167892456e-02 -1.511059403419494629e-01 7.944796234369277954e-02 -1.072736233472824097e-01 -2.626771479845046997e-02 -4.451563954353332520e-02
-2.518006563186645508e-01 -2.395393550395965576e-01 -2.335227727890014648e-01 -2.325246036052703857e-01 -2.425919026136398315e-01 -2.361024618148803711e-01 -2.574584484100341797e-01 -2.380736768245697021e-01 -2.442316859960556030e-01 -2.428563535213470459e-01
-2.508882880210876465e-01 -2.392670512199401855e-01 -2.311744689941406250e-01 -2.302563935518264771e-01 -2.405299544334411621e-01 -2.350912690162658691e-01 -2.547096312046051025e-01 -2.366088777780532837e-01 -2.428318411111831665e-01 -2.412093877792358398e-01
-2.878567390143871307e-02 -1.918684393167495728e-01 -2.607154250144958496e-01 -2.653950154781341553e-01 -1.248221546411514282e-01 -2.397132068872451782e-01 7.996083237230777740e-03 -2.079060226678848267e-01 -1.209260076284408569e-01 -1.421837657690048218e-01
6.769365817308425903e-02 -2.065335400402545929e-02 -9.416966699063777924e-03 -1.125291734933853149e-02 7.802665233612060547e-03 -1.538047939538955688e-02 8.110760897397994995e-02 -1.957032829523086548e-02 1.032952684909105301e-02 2.223449293524026871e-03
1.041742861270904541e-01 -2.648335695266723633e-02 -1.295189410448074341e-01 -1.318441182374954224e-01 2.445507980883121490e-02 -9.029530733823776245e-02 1.267789155244827271e-01 -4.542594775557518005e-02 3.001211397349834442e-02 1.205206569284200668e-02
-2.517700791358947754e-01 -2.403248995542526245e-01 -2.330506443977355957e-01 -2.340494394302368164e-01 -2.435621917247772217e-01 -2.373037934303283691e-01 -2.553786039352416992e-01 -2.392422109842300415e-01 -2.454053610563278198e-01 -2.435087710618972778e-01
-2.540697157382965088e-01 -2.417377531528472900e-01 -2.338474392890930176e-01 -2.342644929885864258e-01 -2.445245087146759033e-01 -2.384220659732818604e-01 -2.579097747802734375e-01 -2.389219254255294800e-01 -2.451385557651519775e-01 -2.451100945472717285e-01
-2.490835934877395630e-01 -2.411209344863891602e-01 -2.329492121934890747e-01 -2.315409034490585327e-01 -2.415018379688262939e-01 -2.365802824497222900e-01 -2.528751492500305176e-01 -2.376009821891784668e-01 -2.432133853435516357e-01 -2.420546561479568481e-01
7.740611582994461060e-02 -6.975034624338150024e-02 -1.872238665819168091e-01 -1.908483058214187622e-01 -7.509368006139993668e-03 -1.428010463714599609e-01 1.078636273741722107e-01 -9.031861275434494019e-02 -3.010169137269258499e-03 -2.286027558147907257e-02
-1.434470713138580322e-01 -2.321881800889968872e-01 -2.427896112203598022e-01 -2.450861036777496338e-01 -2.067162245512008667e-01 -2.420309036970138550e-01 -1.190348044037818909e-01 -2.343146651983261108e-01 -2.059883475303649902e-01 -2.116786837577819824e-01
-2.519657909870147705e-01 -2.411033064126968384e-01 -2.334208339452743530e-01 -2.318967580795288086e-01 -2.418971657752990723e-01 -2.367080152034759521e-01 -2.580764889717102051e-01 -2.377008646726608276e-01 -2.437631934881210327e-01 -2.431982159614562988e-01
-2.376608401536941528e-01 -2.387277632951736450e-01 -2.321749925613403320e-01 -2.327777445316314697e-01 -2.391290217638015747e-01 -2.358935028314590454e-01 -2.390781790018081665e-01 -2.357926070690155029e-01 -2.395768463611602783e-01 -2.389764338731765747e-01
8.303873240947723389e-02 -6.282267719507217407e-02 -1.801473349332809448e-01 -1.838416755199432373e-01 -3.398437052965164185e-03 -1.344198286533355713e-01 1.129402220249176025e-01 -8.361607044935226440e-02 3.321513067930936813e-03 -1.781104318797588348e-02
-2.514418959617614746e-01 -2.407074570655822754e-01 -2.322492897510528564e-01 -2.310765236616134644e-01 -2.419867217540740967e-01 -2.350456267595291138e-01 -2.566440999507904053e-01 -2.374714910984039307e-01 -2.451049685478210449e-01 -2.438903898000717163e-01
1.196801066398620605e-01 2.817858010530471802e-02 1.332061830908060074e-03 -3.615105990320444107e-03 5.672637373208999634e-02 8.600456640124320984e-03 1.341764777898788452e-01 2.129933983087539673e-02 6.614885479211807251e-02 4.412181302905082703e-02
-1.023647859692573547e-01 -2.286535948514938354e-01 -2.486835420131683350e-01 -2.513627111911773682e-01 -1.860218346118927002e-01 -2.431467026472091675e-01 -7.285179197788238525e-02 -2.304055541753768921e-01 -1.847175806760787964e-01 -1.963812559843063354e-01
-8.553279936313629150e-02 -2.213989347219467163e-01 -2.519145905971527100e-01 -2.529508769512176514e-01 -1.755494922399520874e-01 -2.427183836698532104e-01 -5.425466969609260559e-02 -2.249292731285095215e-01 -1.730318665504455566e-01 -1.882948875427246094e-01
-2.502637803554534912e-01 -2.376568764448165894e-01 -2.304448783397674561e-01 -2.308115065097808838e-01 -2.410596460103988647e-01 -2.338701784610748291e-01 -2.556760907173156738e-01 -2.371200621128082275e-01 -2.432367950677871704e-01 -2.411376237869262695e-01
-6.545225530862808228e-02 -2.185430675745010376e-01 -2.614138722419738770e-01 -2.610709667205810547e-01 -1.597791165113449097e-01 -2.489001452922821045e-01 -3.365003690123558044e-02 -2.273603230714797974e-01 -1.572829633951187134e-01 -1.760922223329544067e-01
3.247515857219696045e-01 2.541333734989166260e-01 2.447760850191116333e-01 2.398345917463302612e-01 2.707181572914123535e-01 2.453052252531051636e-01 3.356867730617523193e-01 2.469415366649627686e-01 2.760300040245056152e-01 2.647357285022735596e-01
-9.117954969406127930e-02 -1.920044273138046265e-01 -2.216937392950057983e-01 -2.253686934709548950e-01 -1.591590195894241333e-01 -2.127578556537628174e-01 -6.835345923900604248e-02 -1.959468126296997070e-01 -1.579360961914062500e-01 -1.649736016988754272e-01
-2.499761730432510376e-01 -2.389560937881469727e-01 -2.315424978733062744e-01 -2.306040972471237183e-01 -2.417185902595520020e-01 -2.346523255109786987e-01 -2.553594112396240234e-01 -2.373109161853790283e-01 -2.442628443241119385e-01 -2.411961555480957031e-01
-5.653490871191024780e-02 -3.780453931540250778e-03 5.567827820777893066e-02 5.475735664367675781e-02 -2.603813074529170990e-02 3.449876606464385986e-02 -6.997318565845489502e-02 6.822397466748952866e-03 -2.903286181390285492e-02 -2.193274907767772675e-02
1.474245190620422363e-01 4.793182760477066040e-02 8.881935849785804749e-03 5.192876793444156647e-03 8.221123367547988892e-02 2.013771235942840576e-02 1.611269265413284302e-01 3.949563205242156982e-02 8.676807582378387451e-02 7.331375777721405029e-02
7.307822257280349731e-02 -6.237197294831275940e-02 -1.324801146984100342e-01 -1.379300206899642944e-01 -1.254544779658317566e-02 -1.034658998250961304e-01 9.881431609392166138e-02 -8.054631203413009644e-02 -7.120436988770961761e-03 -2.538237161934375763e-02
1.026871651411056519e-01 -1.861931057646870613e-03 -4.777363687753677368e-02 -4.893515259027481079e-02 3.250785917043685913e-02 -3.285562992095947266e-02 1.188626661896705627e-01 -1.324681751430034637e-02 3.949687629938125610e-02 2.246140316128730774e-02
3.560571074485778809e-01 2.851248383522033691e-01 2.779665887355804443e-01 2.749089598655700684e-01 3.034289181232452393e-01 2.807710766792297363e-01 3.657422065734863281e-01 2.807424664497375488e-01 3.081409633159637451e-01 2.966969013214111328e-01
3.031543828547000885e-02 -5.636241286993026733e-02 -1.197446137666702271e-01 -1.243947818875312805e-01 -2.764454297721385956e-02 -9.613548219203948975e-02 4.832173511385917664e-02 -6.718407571315765381e-02 -2.598392590880393982e-02 -3.264975920319557190e-02
-2.467284798622131348e-01 -2.408653050661087036e-01 -2.337108105421066284e-01 -2.328923344612121582e-01 -2.420014142990112305e-01 -2.363022267818450928e-01 -2.497529536485671997e-01 -2.387244105339050293e-01 -2.439426481723785400e-01 -2.419756799936294556e-01
-2.538327574729919434e-01 -2.416889220476150513e-01 -2.329813987016677856e-01 -2.329234927892684937e-01 -2.447369396686553955e-01 -2.361872345209121704e-01 -2.607325017452239990e-01 -2.385363429784774780e-01 -2.455638349056243896e-01 -2.442309111356735229e-01
7.661152631044387817e-02 -6.608108431100845337e-02 -1.598301380872726440e-01 -1.664584279060363770e-01 -9.910254739224910736e-03 -1.239342838525772095e-01 1.032045185565948486e-01 -8.443197607994079590e-02 -5.566966254264116287e-03 -2.243266999721527100e-02
1.442243903875350952e-02 -8.348130434751510620e-02 -1.440361887216567993e-01 -1.474675983190536499e-01 -4.820767790079116821e-02 -1.237497106194496155e-01 3.617750853300094604e-02 -9.055650979280471802e-02 -4.738521203398704529e-02 -5.714615806937217712e-02
-7.857061177492141724e-02 -2.765274792909622192e-02 4.573165252804756165e-02 4.718163236975669861e-02 -5.054294317960739136e-02 1.416920404881238937e-02 -9.419240057468414307e-02 -1.187596656382083893e-02 -5.500708520412445068e-02 -4.727393016219139099e-02
-9.895345568656921387e-02 -2.254333049058914185e-01 -2.507895529270172119e-01 -2.504532039165496826e-01 -1.826006323099136353e-01 -2.434309422969818115e-01 -6.806037575006484985e-02 -2.282739728689193726e-01 -1.805416345596313477e-01 -1.926755756139755249e-01
-2.518399655818939209e-01 -2.403006404638290405e-01 -2.323898226022720337e-01 -2.311012893915176392e-01 -2.430829703807830811e-01 -2.351659983396530151e-01 -2.555896937847137451e-01 -2.378294914960861206e-01 -2.434139847755432129e-01 -2.438443601131439209e-01
-2.437706440687179565e-01 -2.418639212846755981e-01 -2.337802797555923462e-01 -2.338405251502990723e-01 -2.397006154060363770e-01 -2.375803738832473755e-01 -2.439095228910446167e-01 -2.388723641633987427e-01 -2.415290325880050659e-01 -2.439876943826675415e-01
-2.438632249832153320e-01 -2.400341480970382690e-01 -2.347985059022903442e-01 -2.320916205644607544e-01 -2.419694811105728149e-01 -2.372536510229110718e-01 -2.462558597326278687e-01 -2.396581023931503296e-01 -2.428180277347564697e-01 -2.426039278507232666e-01
1.214423254132270813e-01 1.415192615240812302e-02 -4.752497747540473938e-02 -4.156751930713653564e-02 5.323931574821472168e-02 -2.336479537189006805e-02 1.353505402803421021e-01 1.914940890856087208e-03 5.548474192619323730e-02 4.368754103779792786e-02
-2.383099198341369629e-01 -2.384235411882400513e-01 -2.329515069723129272e-01 -2.320400625467300415e-01 -2.381249666213989258e-01 -2.355019152164459229e-01 -2.398381680250167847e-01 -2.364571094512939453e-01 -2.388816326856613159e-01 -2.378889769315719604e-01
-2.517231106758117676e-01 -2.405108511447906494e-01 -2.324107140302658081e-01 -2.313499450683593750e-01 -2.423667162656784058e-01 -2.341558784246444702e-01 -2.556108534336090088e-01 -2.376469224691390991e-01 -2.439067959785461426e-01 -2.425181269645690918e-01
8.557514101266860962e-02 -1.009456161409616470e-02 -5.155716836452484131e-02 -4.608609527349472046e-02 2.825784496963024139e-02 -3.704788908362388611e-02 9.877692908048629761e-02 -1.789393089711666107e-02 2.890837378799915314e-02 1.771457493305206299e-02
1.034843027591705322e-01 -2.571074292063713074e-02 -1.178088560700416565e-01 -1.241340860724449158e-01 2.585432864725589752e-02 -8.130288124084472656e-02 1.286644190549850464e-01 -4.276371374726295471e-02 2.959678694605827332e-02 1.315715909004211426e-02
-6.498480588197708130e-02 -2.126156538724899292e-01 -2.604938745498657227e-01 -2.602083086967468262e-01 -1.551253199577331543e-01 -2.462809234857559204e-01 -3.208476305007934570e-02 -2.233894765377044678e-01 -1.541671901941299438e-01 -1.720307171344757080e-01
-2.503890097141265869e-01 -2.385210990905761719e-01 -2.322904765605926514e-01 -2.315305173397064209e-01 -2.424499392509460449e-01 -2.355075776576995850e-01 -2.567978203296661377e-01 -2.376361191272735596e-01 -2.428685575723648071e-01 -2.433099597692489624e-01
5.554025247693061829e-02 -4.195934534072875977e-02 -5.122575536370277405e-02 -6.214797496795654297e-02 -8.104884997010231018e-03 -4.895219951868057251e-02 7.457007467746734619e-02 -4.687575623393058777e-02 -2.891187556087970734e-03 -1.797317713499069214e-02
-2.492489516735076904e-01 -2.385598868131637573e-01 -2.323617339134216309e-01 -2.310943603515625000e-01 -2.406096756458282471e-01 -2.357565462589263916e-01 -2.554730772972106934e-01 -2.360313832759857178e-01 -2.429676353931427002e-01 -2.421814352273941040e-01
-1.975155919790267944e-01 -2.389080226421356201e-01 -2.362375408411026001e-01 -2.381191849708557129e-01 -2.243240922689437866e-01 -2.379184514284133911e-01 -1.848661303520202637e-01 -2.363120764493942261e-01 -2.274119555950164795e-01 -2.306765466928482056e-01
5.119701102375984192e-02 -4.663620516657829285e-02 -8.016710728406906128e-02 -8.339200168848037720e-02 -1.433054730296134949e-02 -6.865315884351730347e-02 7.062868028879165649e-02 -5.474027246236801147e-02 -1.318120956420898438e-02 -2.022044174373149872e-02
-2.515583336353302002e-01 -2.410658299922943115e-01 -2.336300015449523926e-01 -2.341651767492294312e-01 -2.444405257701873779e-01 -2.362897992134094238e-01 -2.562548518180847168e-01 -2.397508174180984497e-01 -2.457186281681060791e-01 -2.449238747358322144e-01
-2.470854371786117554e-01 -2.391599863767623901e-01 -2.314492762088775635e-01 -2.301794290542602539e-01 -2.399346828460693359e-01 -2.340885996818542480e-01 -2.512057721614837646e-01 -2.350193262100219727e-01 -2.414383739233016968e-01 -2.399006336927413940e-01
1.578217148780822754e-01 5.565462261438369751e-02 4.245012532919645309e-03 6.315367296338081360e-03 9.091044962406158447e-02 2.498010359704494476e-02 1.753592938184738159e-01 4.480543360114097595e-02 9.402794390916824341e-02 8.132857084274291992e-02
-2.498489320278167725e-01 -2.376596480607986450e-01 -2.311124950647354126e-01 -2.307500988245010376e-01 -2.401230484247207642e-01 -2.330584079027175903e-01 -2.556166052818298340e-01 -2.355227619409561157e-01 -2.417614161968231201e-01 -2.404320687055587769e-01
-1.002390775829553604e-02 -8.885680884122848511e-02 -1.366977393627166748e-01 -1.392931789159774780e-01 -6.138223409652709961e-02 -1.202570423483848572e-01 8.601811714470386505e-03 -9.873688220977783203e-02 -6.452194601297378540e-02 -6.640639901161193848e-02
-2.522435188293457031e-01 -2.402565330266952515e-01 -2.331643998622894287e-01 -2.319055944681167603e-01 -2.424865961074829102e-01 -2.354007959365844727e-01 -2.578597068786621094e-01 -2.385131418704986572e-01 -2.445766329765319824e-01 -2.448028028011322021e-01
-2.532122284173965454e-02 -2.937401644885540009e-03 2.745752781629562378e-02 3.475541248917579651e-02 -1.785343140363693237e-02 1.479026209563016891e-02 -3.342050686478614807e-02 2.931550610810518265e-03 -1.966066658496856689e-02 -1.167144253849983215e-02
-2.498506754636764526e-01 -2.393519878387451172e-01 -2.315599173307418823e-01 -2.312005162239074707e-01 -2.419808357954025269e-01 -2.342268973588943481e-01 -2.563907504081726074e-01 -2.357100248336791992e-01 -2.430385202169418335e-01 -2.421343922615051270e-01
1.473001390695571899e-02 -1.987660676240921021e-02 -1.972175762057304382e-02 -2.242738008499145508e-02 -6.790360435843467712e-03 -2.008979767560958862e-02 1.674245297908782959e-02 -2.164955623447895050e-02 -2.103330101817846298e-03 -1.173521298915147781e-02
-2.517154812812805176e-01 -2.409929633140563965e-01 -2.324137091636657715e-01 -2.322321385145187378e-01 -2.417834103107452393e-01 -2.371506094932556152e-01 -2.559064328670501709e-01 -2.383081763982772827e-01 -2.440003603696823120e-01 -2.424524426460266113e-01
-2.502999901771545410e-01 -2.395243942737579346e-01 -2.311164885759353638e-01 -2.318399399518966675e-01 -2.409069985151290894e-01 -2.347902804613113403e-01 -2.559048235416412354e-01 -2.373645901679992676e-01 -2.432143688201904297e-01 -2.419019788503646851e-01
-2.516478002071380615e-01 -2.402933984994888306e-01 -2.327728569507598877e-01 -2.315616607666015625e-01 -2.429563850164413452e-01 -2.350416481494903564e-01 -2.546345889568328857e-01 -2.370691895484924316e-01 -2.431105971336364746e-01 -2.417085021734237671e-01
-1.109654679894447327e-01 -2.232161760330200195e-01 -2.463442981243133545e-01 -2.477779239416122437e-01 -1.874796301126480103e-01 -2.413595169782638550e-01 -8.225190639495849609e-02 -2.281403094530105591e-01 -1.854193061590194702e-01 -1.947765350341796875e-01
-2.512137591838836670e-01 -2.400794625282287598e-01 -2.329939752817153931e-01 -2.326545417308807373e-01 -2.419899553060531616e-01 -2.362443059682846069e-01 -2.559667527675628662e-01 -2.379665374755859375e-01 -2.440853267908096313e-01 -2.440952658653259277e-01
-8.064399659633636475e-02 -2.249610275030136108e-01 -2.609435021877288818e-01 -2.610523402690887451e-01 -1.710573732852935791e-01 -2.511828541755676270e-01 -4.685941711068153381e-02 -2.322486490011215210e-01 -1.681013703346252441e-01 -1.860260665416717529e-01
3.561068475246429443e-01 2.845532298088073730e-01 2.769544720649719238e-01 2.749710381031036377e-01 3.030931055545806885e-01 2.795639932155609131e-01 3.663737177848815918e-01 2.813908159732818604e-01 3.081249892711639404e-01 2.973289191722869873e-01
-2.522780895233154297e-01 -2.418653219938278198e-01 -2.336461395025253296e-01 -2.341937571763992310e-01 -2.441901564598083496e-01 -2.378305643796920776e-01 -2.582172155380249023e-01 -2.385535687208175659e-01 -2.459429651498794556e-01 -2.457710802555084229e-01
-5.873785912990570068e-02 -3.003110922873020172e-02 -4.851851984858512878e-02 -4.250277578830718994e-02 -4.123276844620704651e-02 -3.848553448915481567e-02 -6.979894638061523438e-02 -2.924922108650207520e-02 -4.158314689993858337e-02 -3.561647236347198486e-02
-2.547203302383422852e-01 -2.402741611003875732e-01 -2.325941622257232666e-01 -2.331128567457199097e-01 -2.449478507041931152e-01 -2.366960197687149048e-01 -2.590744197368621826e-01 -2.381980866193771362e-01 -2.447996288537979126e-01 -2.442288547754287720e-01
-2.528167665004730225e-01 -2.402255833148956299e-01 -2.329026758670806885e-01 -2.331553846597671509e-01 -2.435494363307952881e-01 -2.367528527975082397e-01 -2.570741176605224609e-01 -2.383062392473220825e-01 -2.447614371776580811e-01 -2.441807687282562256e-01
-4.000210016965866089e-02 1.469315402209758759e-02 5.638051405549049377e-02 5.271698161959648132e-02 -1.092374138534069061e-02 3.708332031965255737e-02 -5.615200847387313843e-02 2.437246404588222504e-02 -1.224381756037473679e-02 -5.947167985141277313e-03
-2.513152360916137695e-01 -2.396545112133026123e-01 -2.319626659154891968e-01 -2.320341616868972778e-01 -2.413968145847320557e-01 -2.360282540321350098e-01 -2.568130493164062500e-01 -2.365753054618835449e-01 -2.440097332000732422e-01 -2.423983663320541382e-01
-2.527704536914825439e-01 -2.425260841846466064e-01 -2.339497804641723633e-01 -2.328648865222930908e-01 -2.443894594907760620e-01 -2.368633598089218140e-01 -2.574347257614135742e-01 -2.389507740736007690e-01 -2.460076361894607544e-01 -2.443145215511322021e-01
-2.510558068752288818e-01 -2.407433092594146729e-01 -2.338973730802536011e-01 -2.323398292064666748e-01 -2.420772165060043335e-01 -2.361743599176406860e-01 -2.565577626228332520e-01 -2.381849735975265503e-01 -2.452235519886016846e-01 -2.435680180788040161e-01
-5.127036571502685547e-02 -2.016599923372268677e-01 -2.575811743736267090e-01 -2.597693800926208496e-01 -1.420642584562301636e-01 -2.405312955379486084e-01 -2.055531367659568787e-02 -2.146922200918197632e-01 -1.384252011775970459e-01 -1.540934145450592041e-01
-4.050065577030181885e-02 -3.164207795634865761e-03 2.590572461485862732e-03 7.625808473676443100e-03 -1.711001060903072357e-02 3.634588327258825302e-03 -5.087566375732421875e-02 2.694403287023305893e-03 -1.924294419586658478e-02 -1.290249731391668320e-02
-5.129021033644676208e-02 -2.026116251945495605e-01 -2.615393698215484619e-01 -2.645860612392425537e-01 -1.429703086614608765e-01 -2.434259355068206787e-01 -1.790462620556354523e-02 -2.149989753961563110e-01 -1.397220492362976074e-01 -1.569043248891830444e-01
-2.531648576259613037e-01 -2.414155751466751099e-01 -2.334781438112258911e-01 -2.332056462764739990e-01 -2.440648078918457031e-01 -2.379621118307113647e-01 -2.573347985744476318e-01 -2.401654720306396484e-01 -2.456884682178497314e-01 -2.447640001773834229e-01
8.190003782510757446e-02 -3.005781583487987518e-02 -8.374541252851486206e-02 -9.243173152208328247e-02 7.865825667977333069e-03 -6.693491339683532715e-02 9.758300334215164185e-02 -3.921892121434211731e-02 1.175114698708057404e-02 -2.278733532875776291e-03
-2.485075145959854126e-01 -2.392549663782119751e-01 -2.315669953823089600e-01 -2.311979830265045166e-01 -2.408064305782318115e-01 -2.356146425008773804e-01 -2.542125582695007324e-01 -2.376003563404083252e-01 -2.419274002313613892e-01 -2.423027157783508301e-01
7.280876487493515015e-02 -2.533057518303394318e-02 -3.283160179853439331e-02 -3.972768411040306091e-02 9.308698587119579315e-03 -2.862129360437393188e-02 8.988565206527709961e-02 -2.463167347013950348e-02 1.600584015250205994e-02 -3.565660677850246429e-03
-6.170093640685081482e-02 -2.118908166885375977e-01 -2.610566616058349609e-01 -2.645808160305023193e-01 -1.552696526050567627e-01 -2.465549856424331665e-01 -2.610851638019084930e-02 -2.238857299089431763e-01 -1.507891714572906494e-01 -1.679467558860778809e-01
5.630341917276382446e-02 4.418433457612991333e-02 8.216619491577148438e-02 8.483407646417617798e-02 3.533562645316123962e-02 6.392710655927658081e-02 5.266434699296951294e-02 5.207941308617591858e-02 3.646197915077209473e-02 4.136305674910545349e-02
-2.525898814201354980e-01 -2.412640303373336792e-01 -2.328238487243652344e-01 -2.322072833776473999e-01 -2.420236766338348389e-01 -2.362788766622543335e-01 -2.586905062198638916e-01 -2.387001514434814453e-01 -2.453257441520690918e-01 -2.431640028953552246e-01
-2.339088916778564453e-01 -2.392391711473464966e-01 -2.332228124141693115e-01 -2.333378493785858154e-01 -2.375168204307556152e-01 -2.371588945388793945e-01 -2.316472679376602173e-01 -2.370264828205108643e-01 -2.385731786489486694e-01 -2.392632812261581421e-01
7.309093140065670013e-03 2.666721306741237640e-02 4.556820169091224670e-02 4.963093623518943787e-02 1.201736740767955780e-02 3.568729758262634277e-02 -5.665890872478485107e-03 3.063130006194114685e-02 1.125796698033809662e-02 1.918215304613113403e-02
3.318881690502166748e-01 2.651783823966979980e-01 2.607313692569732666e-01 2.559202909469604492e-01 2.804643809795379639e-01 2.600921392440795898e-01 3.406923711299896240e-01 2.610196471214294434e-01 2.864364981651306152e-01 2.736217379570007324e-01
3.494150638580322266e-01 2.803429961204528809e-01 2.750158607959747314e-01 2.711535394191741943e-01 2.968594133853912354e-01 2.753102183341979980e-01 3.576380610466003418e-01 2.761241793632507324e-01 3.030434548854827881e-01 2.911028563976287842e-01
-2.156751006841659546e-01 -2.334458678960800171e-01 -2.312421351671218872e-01 -2.304776012897491455e-01 -2.270595431327819824e-01 -2.310962080955505371e-01 -2.066632062196731567e-01 -2.318822890520095825e-01 -2.292802482843399048e-01 -2.301131933927536011e-01
6.321959942579269409e-02 1.362758129835128784e-02 -2.050894685089588165e-02 -2.191519550979137421e-02 2.775767818093299866e-02 -6.761328317224979401e-03 7.279402017593383789e-02 9.493346326053142548e-03 2.814028039574623108e-02 2.476604655385017395e-02
-1.144731417298316956e-01 -7.557646930217742920e-02 -2.305795252323150635e-02 -2.476561628282070160e-02 -9.124941378831863403e-02 -4.491423442959785461e-02 -1.269332617521286011e-01 -6.490239500999450684e-02 -9.375333040952682495e-02 -8.888388425111770630e-02
-5.251399055123329163e-02 1.174366008490324020e-02 8.436100184917449951e-02 8.974441885948181152e-02 -2.073490060865879059e-02 5.263878777623176575e-02 -7.075868546962738037e-02 2.504109777510166168e-02 -2.219067513942718506e-02 -1.433958858251571655e-02
9.077407419681549072e-02 -3.598706424236297607e-02 -1.211182624101638794e-01 -1.246680840849876404e-01 1.265002414584159851e-02 -8.927937597036361694e-02 1.149509176611900330e-01 -5.110201612114906311e-02 1.902753114700317383e-02 3.328506136313080788e-04
-4.504712298512458801e-02 -5.750587582588195801e-02 -8.265946805477142334e-02 -8.309904485940933228e-02 -5.653982609510421753e-02 -7.401259988546371460e-02 -4.833151027560234070e-02 -5.798402428627014160e-02 -5.408294871449470520e-02 -5.408046767115592957e-02
-2.516324818134307861e-01 -2.408258318901062012e-01 -2.325172573328018188e-01 -2.318636924028396606e-01 -2.431288957595825195e-01 -2.363334745168685913e-01 -2.556149065494537354e-01 -2.380830347537994385e-01 -2.446573376655578613e-01 -2.432186752557754517e-01
-2.545542418956756592e-01 -2.422836273908615112e-01 -2.360381782054901123e-01 -2.359559983015060425e-01 -2.448863834142684937e-01 -2.389678359031677246e-01 -2.586390972137451172e-01 -2.400446683168411255e-01 -2.469210475683212280e-01 -2.453651726245880127e-01
-2.489551007747650146e-01 -2.410252243280410767e-01 -2.342789024114608765e-01 -2.325164675712585449e-01 -2.439302802085876465e-01 -2.366310358047485352e-01 -2.539668977260589600e-01 -2.392171025276184082e-01 -2.441826462745666504e-01 -2.430437952280044556e-01
-1.873724348843097687e-02 -4.869244992733001709e-02 -8.853329718112945557e-02 -8.783154189586639404e-02 -4.064629226922988892e-02 -7.459086924791336060e-02 -1.459978148341178894e-02 -5.337583273649215698e-02 -3.834140673279762268e-02 -3.777414187788963318e-02
-2.508573532104492188e-01 -2.419190704822540283e-01 -2.344486266374588013e-01 -2.338286191225051880e-01 -2.431646883487701416e-01 -2.364246994256973267e-01 -2.552190721035003662e-01 -2.395938187837600708e-01 -2.455624341964721680e-01 -2.426219433546066284e-01
-6.676845997571945190e-02 -3.060274012386798859e-02 -2.443848177790641785e-02 -1.628537476062774658e-02 -4.528612270951271057e-02 -2.463190630078315735e-02 -8.009391278028488159e-02 -2.746065333485603333e-02 -4.750243201851844788e-02 -4.002765193581581116e-02
1.006976068019866943e-01 -1.840980723500251770e-02 -8.134248107671737671e-02 -8.182515203952789307e-02 2.569195069372653961e-02 -5.651696398854255676e-02 1.221761330962181091e-01 -3.190084919333457947e-02 3.013193234801292419e-02 1.347629912197589874e-02
-9.385970234870910645e-02 -4.699558764696121216e-02 2.094044536352157593e-02 1.942808553576469421e-02 -6.885268539190292358e-02 -9.243559092283248901e-03 -1.086318269371986389e-01 -3.398212417960166931e-02 -7.092516124248504639e-02 -6.430958956480026245e-02
-2.507372796535491943e-01 -2.393474578857421875e-01 -2.299154102802276611e-01 -2.300849854946136475e-01 -2.403378188610076904e-01 -2.338047027587890625e-01 -2.542848289012908936e-01 -2.359492033720016479e-01 -2.415373772382736206e-01 -2.426337599754333496e-01
-2.500961720943450928e-01 -2.413026988506317139e-01 -2.316729575395584106e-01 -2.326693832874298096e-01 -2.426543682813644409e-01 -2.348869889974594116e-01 -2.561748623847961426e-01 -2.379451692104339600e-01 -2.450176328420639038e-01 -2.436912208795547485e-01
-2.534782588481903076e-01 -2.423680573701858521e-01 -2.344135344028472900e-01 -2.338913679122924805e-01 -2.445923537015914917e-01 -2.386794537305831909e-01 -2.591022551059722900e-01 -2.407144904136657715e-01 -2.468846589326858521e-01 -2.465421557426452637e-01
-6.481220573186874390e-02 -2.168112099170684814e-01 -2.609363198280334473e-01 -2.638217210769653320e-01 -1.564081907272338867e-01 -2.480158954858779907e-01 -3.069008514285087585e-02 -2.245599478483200073e-01 -1.529025286436080933e-01 -1.703443527221679688e-01
6.199675053358078003e-02 -2.907237224280834198e-02 -4.839793220162391663e-02 -3.955805674195289612e-02 -7.987857679836452007e-04 -3.769408538937568665e-02 7.788656651973724365e-02 -3.159446269273757935e-02 1.988175790756940842e-05 -6.850573234260082245e-03
-2.415021508932113647e-01 -2.375749498605728149e-01 -2.314506322145462036e-01 -2.318045943975448608e-01 -2.375247180461883545e-01 -2.346074432134628296e-01 -2.452593147754669189e-01 -2.353682667016983032e-01 -2.405373752117156982e-01 -2.378237694501876831e-01
-2.514094710350036621e-01 -2.426225244998931885e-01 -2.358702421188354492e-01 -2.353376895189285278e-01 -2.440004199743270874e-01 -2.385066002607345581e-01 -2.559101283550262451e-01 -2.409925609827041626e-01 -2.464789152145385742e-01 -2.457853555679321289e-01
4.884576797485351562e-02 2.211130596697330475e-02 5.330200493335723877e-02 5.228125676512718201e-02 2.099319547414779663e-02 3.775437548756599426e-02 5.442612245678901672e-02 2.537719905376434326e-02 1.778324879705905914e-02 2.096374891698360443e-02
-2.479986697435379028e-01 -2.397780567407608032e-01 -2.316326797008514404e-01 -2.327747493982315063e-01 -2.422380745410919189e-01 -2.349944263696670532e-01 -2.522177100181579590e-01 -2.362364977598190308e-01 -2.435960620641708374e-01 -2.425825744867324829e-01
-9.826595336198806763e-02 -2.220989316701889038e-01 -2.454444169998168945e-01 -2.494586259126663208e-01 -1.807647347450256348e-01 -2.404704242944717407e-01 -6.863653659820556641e-02 -2.261092662811279297e-01 -1.782428920269012451e-01 -1.911622583866119385e-01
-2.536788880825042725e-01 -2.420198172330856323e-01 -2.345182448625564575e-01 -2.328901439905166626e-01 -2.441171109676361084e-01 -2.364152669906616211e-01 -2.578585147857666016e-01 -2.394116818904876709e-01 -2.455894798040390015e-01 -2.441824227571487427e-01
7.717325538396835327e-02 -2.950753830373287201e-02 -1.049079224467277527e-01 -1.041659787297248840e-01 1.135716773569583893e-02 -7.532515376806259155e-02 1.009036898612976074e-01 -4.334308952093124390e-02 1.410198584198951721e-02 2.739107934758067131e-03
-2.517706751823425293e-01 -2.398361116647720337e-01 -2.319732755422592163e-01 -2.312289327383041382e-01 -2.441907078027725220e-01 -2.360547780990600586e-01 -2.580403685569763184e-01 -2.374524325132369995e-01 -2.438496947288513184e-01 -2.428697049617767334e-01
2.049572393298149109e-02 2.984828874468803406e-02 2.973471023142337799e-02 2.997865900397300720e-02 2.070847153663635254e-02 2.944911457598209381e-02 5.548867862671613693e-03 3.027825243771076202e-02 2.104199677705764771e-02 2.291868813335895538e-02
-5.299066379666328430e-02 -2.101962268352508545e-01 -2.673129439353942871e-01 -2.693863511085510254e-01 -1.477943211793899536e-01 -2.504344880580902100e-01 -1.728820987045764923e-02 -2.237584739923477173e-01 -1.448706984519958496e-01 -1.627172380685806274e-01
-2.328844964504241943e-01 -2.399080544710159302e-01 -2.356215119361877441e-01 -2.332060039043426514e-01 -2.386084645986557007e-01 -2.378050982952117920e-01 -2.304456681013107300e-01 -2.383220195770263672e-01 -2.388049364089965820e-01 -2.372470349073410034e-01
-9.561336785554885864e-02 -5.052531510591506958e-02 1.449137087911367416e-02 1.394234225153923035e-02 -6.922151893377304077e-02 -1.378180179744958878e-02 -1.090529859066009521e-01 -3.742303326725959778e-02 -7.332020252943038940e-02 -6.801332533359527588e-02
3.523140847682952881e-01 2.803214192390441895e-01 2.733701169490814209e-01 2.714684307575225830e-01 2.997355461120605469e-01 2.758413553237915039e-01 3.628385961055755615e-01 2.754993438720703125e-01 3.036233186721801758e-01 2.923124134540557861e-01
6.558361649513244629e-02 -5.924416705965995789e-02 -1.228822246193885803e-01 -1.259375065565109253e-01 -1.353972405195236206e-02 -9.876827895641326904e-02 8.854027837514877319e-02 -7.072065770626068115e-02 -1.208769809454679489e-02 -2.308551594614982605e-02
-2.517419457435607910e-01 -2.407121956348419189e-01 -2.315542846918106079e-01 -2.312868535518646240e-01 -2.426742762327194214e-01 -2.356231063604354858e-01 -2.584308087825775146e-01 -2.372741103172302246e-01 -2.447258085012435913e-01 -2.437864840030670166e-01
-2.510675489902496338e-01 -2.404602169990539551e-01 -2.336586415767669678e-01 -2.326259762048721313e-01 -2.441722750663757324e-01 -2.362382262945175171e-01 -2.559587657451629639e-01 -2.376587986946105957e-01 -2.450324296951293945e-01 -2.447998523712158203e-01
-2.432582080364227295e-01 -2.415953427553176880e-01 -2.354728132486343384e-01 -2.346853464841842651e-01 -2.405455410480499268e-01 -2.361348420381546021e-01 -2.436149865388870239e-01 -2.380399852991104126e-01 -2.422416508197784424e-01 -2.425061911344528198e-01
-1.160661429166793823e-01 -2.248223721981048584e-01 -2.450844496488571167e-01 -2.471660226583480835e-01 -1.889488250017166138e-01 -2.409693151712417603e-01 -9.010136127471923828e-02 -2.279502749443054199e-01 -1.894309520721435547e-01 -1.982156783342361450e-01
-2.484723329544067383e-01 -2.393154650926589966e-01 -2.324104756116867065e-01 -2.312108576297760010e-01 -2.405123561620712280e-01 -2.337510138750076294e-01 -2.535632550716400146e-01 -2.371983081102371216e-01 -2.416907101869583130e-01 -2.420995235443115234e-01
3.049440085887908936e-01 2.302186489105224609e-01 2.214599102735519409e-01 2.184129655361175537e-01 2.493727356195449829e-01 2.227062284946441650e-01 3.167482912540435791e-01 2.240925282239913940e-01 2.549824416637420654e-01 2.427480518817901611e-01
-5.583490431308746338e-02 -1.880439743399620056e-02 -2.284388802945613861e-02 -1.571248844265937805e-02 -3.345713391900062561e-02 -2.025097422301769257e-02 -6.917458027601242065e-02 -1.822104863822460175e-02 -3.475988656282424927e-02 -2.904788777232170105e-02
-5.985125526785850525e-02 -2.085821032524108887e-01 -2.609594762325286865e-01 -2.618651092052459717e-01 -1.515213698148727417e-01 -2.454905062913894653e-01 -2.412546984851360321e-02 -2.208046168088912964e-01 -1.463167518377304077e-01 -1.650149375200271606e-01
