-1.333838328719139099e-02 -7.338614203035831451e-03 -8.239631541073322296e-03 -2.237575873732566833e-02 -8.115756325423717499e-03 -7.478448562324047089e-03 -1.325461734086275101e-02 1.365012209862470627e-02 8.685349486768245697e-03 -8.598064072430133820e-03
-1.273322664201259613e-02 -1.892907172441482544e-02 -1.812819205224514008e-02 -1.339202746748924255e-02 -1.873299293220043182e-02 -1.836228556931018829e-02 -1.970116421580314636e-02 -1.436569541692733765e-02 -1.673473790287971497e-02 -1.989649794995784760e-02
-1.776189543306827545e-02 6.656890735030174255e-03 7.764336653053760529e-03 -1.036954764276742935e-02 7.638471201062202454e-03 7.491219323128461838e-03 9.344317018985748291e-03 -1.902377419173717499e-02 -1.410575211048126221e-02 7.194859441369771957e-03
2.214201539754867554e-02 -5.711496341973543167e-03 -6.025863345712423325e-03 2.988374978303909302e-02 -6.492771208286285400e-03 -7.020356133580207825e-03 -9.040153585374355316e-03 2.695067960303276777e-04 -2.269952528877183795e-04 -6.484546232968568802e-03
-1.217661425471305847e-02 -1.907329075038433075e-02 -1.900595054030418396e-02 -1.425793301314115524e-02 -1.822288520634174347e-02 -1.866308599710464478e-02 -1.945963688194751740e-02 -1.489206217229366302e-02 -1.580033078789710999e-02 -1.901303045451641083e-02
-1.394095458090305328e-02 -1.798903197050094604e-02 -1.833340153098106384e-02 -1.394215039908885956e-02 -1.818128116428852081e-02 -1.798621006309986115e-02 -1.902306638658046722e-02 -1.463336683809757233e-02 -1.557784061878919601e-02 -1.880946010351181030e-02
1.485912315547466278e-02 -9.925676509737968445e-03 -1.186864264309406281e-02 2.268551476299762726e-02 -1.116857025772333145e-02 -1.048029586672782898e-02 -1.277515292167663574e-02 4.847030621021986008e-03 4.765259567648172379e-03 -1.193780638277530670e-02
4.056953825056552887e-03 -6.814476801082491875e-04 4.946998087689280510e-04 3.002065047621726990e-02 -1.120411441661417484e-03 -3.678695065900683403e-04 6.921469321241602302e-05 -4.886606708168983459e-03 5.115495994687080383e-03 -1.019253628328442574e-03
-1.333254296332597733e-02 -1.789079420268535614e-02 -1.736125163733959198e-02 -1.406794879585504532e-02 -1.929684914648532867e-02 -1.767597906291484833e-02 -1.869668625295162201e-02 -1.486159861087799072e-02 -1.595045626163482666e-02 -1.913574524223804474e-02
-2.694753184914588928e-02 -4.139508586376905441e-03 -2.927358727902173996e-03 -3.738458082079887390e-02 -3.992478363215923309e-03 -3.669387195259332657e-03 -3.934542182832956314e-03 -1.809143088757991791e-02 -1.510503701865673065e-02 -3.598606679588556290e-03
-2.242885716259479523e-02 -5.155807826668024063e-03 -3.974895458668470383e-03 -2.871606126427650452e-02 -4.697003401815891266e-03 -4.095701035112142563e-03 -3.385243238881230354e-03 -3.757545351982116699e-02 -3.863991051912307739e-02 -3.212994895875453949e-03
-1.368653215467929840e-02 -1.754986867308616638e-02 -1.758685521781444550e-02 -1.377227809280157089e-02 -1.920627057552337646e-02 -1.714037917554378510e-02 -1.793125644326210022e-02 -1.440744567662477493e-02 -1.596600189805030823e-02 -1.783877797424793243e-02
3.907581791281700134e-02 5.619169771671295166e-02 5.620697885751724243e-02 5.773965641856193542e-02 5.658016353845596313e-02 5.528194829821586609e-02 5.202197283506393433e-02 5.808722972869873047e-02 6.758192181587219238e-02 5.629903450608253479e-02
-1.332178059965372086e-02 -1.947683095932006836e-02 -1.820265315473079681e-02 -1.348254550248384476e-02 -2.019446901977062225e-02 -1.894910074770450592e-02 -1.870349235832691193e-02 -1.555705815553665161e-02 -1.706740818917751312e-02 -1.852277293801307678e-02
-1.437430176883935928e-02 -1.849928870797157288e-02 -1.883435994386672974e-02 -1.415586378425359726e-02 -1.920391991734504700e-02 -1.827482320368289948e-02 -1.895976066589355469e-02 -1.485628262162208557e-02 -1.550410129129886627e-02 -1.804507710039615631e-02
-2.865825779736042023e-02 2.406818675808608532e-04 8.922112174332141876e-04 -2.585052140057086945e-02 4.323696775827556849e-04 1.981796929612755775e-03 1.351069076918065548e-03 -1.432430744171142578e-02 -9.425265714526176453e-03 1.711980672553181648e-03
-1.305631827563047409e-02 -1.889863982796669006e-02 -1.839173398911952972e-02 -1.377173326909542084e-02 -1.838281564414501190e-02 -1.884496398270130157e-02 -1.898078992962837219e-02 -1.467077340930700302e-02 -1.627430319786071777e-02 -1.832197606563568115e-02
-1.322959735989570618e-02 -1.842407509684562683e-02 -1.775975152850151062e-02 -1.372381858527660370e-02 -1.879654638469219208e-02 -1.811131834983825684e-02 -1.879918575286865234e-02 -1.510553713887929916e-02 -1.642578281462192535e-02 -1.764366030693054199e-02
-1.387654244899749756e-02 -1.925728656351566315e-02 -1.850365288555622101e-02 -1.490550674498081207e-02 -1.851047202944755554e-02 -1.764799468219280243e-02 -1.803871802985668182e-02 -1.514540053904056549e-02 -1.578424684703350067e-02 -1.923820376396179199e-02
-2.443568594753742218e-02 -1.171924290247261524e-03 1.205507200211286545e-03 -3.033486008644104004e-02 -1.465080713387578726e-04 -4.124477563891559839e-04 1.215742551721632481e-03 -4.056264460086822510e-02 -4.003759101033210754e-02 3.142747154925018549e-04
2.658391557633876801e-02 -1.095612347126007080e-02 -1.239312067627906799e-02 3.384224325418472290e-02 -1.217401493340730667e-02 -1.111160218715667725e-02 -1.571553200483322144e-02 9.053313173353672028e-03 5.757078062742948532e-03 -1.159691717475652695e-02
-3.332857741042971611e-04 -5.629277788102626801e-03 -9.123772382736206055e-03 -1.128640584647655487e-02 -7.262310944497585297e-03 -6.906018126755952835e-03 -1.419708225876092911e-02 2.265072055160999298e-02 1.547139231115579605e-02 -8.881587535142898560e-03
-1.304659899324178696e-02 5.585124250501394272e-03 5.051333922892808914e-03 -6.164152175188064575e-03 6.869940552860498428e-03 5.573695059865713120e-03 3.334615146741271019e-03 -1.704403199255466461e-02 -4.896292462944984436e-03 5.405084695667028427e-03
-1.367368735373020172e-02 -1.892496086657047272e-02 -1.893294602632522583e-02 -1.409006118774414062e-02 -1.973319426178932190e-02 -1.773111894726753235e-02 -1.881383918225765228e-02 -1.507997885346412659e-02 -1.559873763471841812e-02 -1.886912807822227478e-02
-1.000472623854875565e-02 -4.312561359256505966e-03 -7.286749314516782761e-03 -1.094152312725782394e-02 -7.435163017362356186e-03 -5.584526341408491135e-03 -1.321103051304817200e-02 9.665684774518013000e-03 3.842312144115567207e-03 -7.487160153687000275e-03
-1.327652391046285629e-02 -1.896634511649608612e-02 -1.768386177718639374e-02 -1.376165729016065598e-02 -1.919265836477279663e-02 -1.860028132796287537e-02 -1.859482377767562866e-02 -1.583036780357360840e-02 -1.608534529805183411e-02 -1.900002919137477875e-02
-9.838422760367393494e-03 -5.491187795996665955e-03 -4.453146364539861679e-03 2.698820084333419800e-02 -5.072400439530611038e-03 -4.840946756303310394e-03 -3.377804066985845566e-03 -1.430624630302190781e-02 -3.338031237944960594e-03 -4.599676467478275299e-03
-1.841131784021854401e-02 -8.803348988294601440e-03 -7.503325585275888443e-03 -7.552845403552055359e-03 -8.394391275942325592e-03 -8.917853236198425293e-03 -8.773074485361576080e-03 -6.088831461966037750e-03 -5.065883975476026535e-03 -7.691582199186086655e-03
-1.334274560213088989e-02 -1.790831796824932098e-02 -1.851889118552207947e-02 -1.489444263279438019e-02 -1.884830184280872345e-02 -1.751655153930187225e-02 -1.904105767607688904e-02 -1.475414261221885681e-02 -1.603400707244873047e-02 -1.879723556339740753e-02
-1.280805934220552444e-02 -1.852875202894210815e-02 -1.740250550210475922e-02 -1.482015009969472885e-02 -1.805339381098747253e-02 -1.900903321802616119e-02 -1.912712864577770233e-02 -1.509837713092565536e-02 -1.576087251305580139e-02 -1.755275763571262360e-02
-5.099456757307052612e-02 1.575584337115287781e-02 1.651859097182750702e-02 -1.506233494728803635e-02 1.694738864898681641e-02 1.549410261213779449e-02 1.469039730727672577e-02 -7.647996535524725914e-04 1.150218211114406586e-02 1.606185548007488251e-02
-1.319113839417695999e-02 -1.832699775695800781e-02 -1.739167422056198120e-02 -1.386411860585212708e-02 -1.768672838807106018e-02 -1.779018528759479523e-02 -1.787053607404232025e-02 -1.446095667779445648e-02 -1.562393177300691605e-02 -1.909120753407478333e-02
-3.017559088766574860e-02 -5.622055847197771072e-03 -5.786367226392030716e-03 -4.347816854715347290e-02 -6.860347930341959000e-03 -5.417776759713888168e-03 -7.009898312389850616e-03 1.880128681659698486e-02 1.628292724490165710e-02 -6.734943017363548279e-03
-2.250454202294349670e-02 -2.357019810006022453e-03 -1.066178316250443459e-03 -2.831258997321128845e-02 -2.062492072582244873e-03 -2.163577359169721603e-03 -4.292143566999584436e-04 -3.784668073058128357e-02 -3.515633568167686462e-02 -1.173123135231435299e-03
-1.416128128767013550e-02 -1.849236339330673218e-02 -1.898953132331371307e-02 -1.420588418841362000e-02 -1.847369782626628876e-02 -1.978590525686740875e-02 -1.886148378252983093e-02 -1.534541882574558258e-02 -1.593616046011447906e-02 -1.972631178796291351e-02
-1.450633537024259567e-02 -1.948031783103942871e-02 -1.863069646060466766e-02 -1.358942314982414246e-02 -1.805014349520206451e-02 -1.790256612002849579e-02 -1.872183941304683685e-02 -1.509832032024860382e-02 -1.605790853500366211e-02 -1.833533123135566711e-02
-2.523716166615486145e-02 -4.407047294080257416e-03 -4.859689623117446899e-03 -3.400729969143867493e-02 -4.243691917508840561e-03 -5.718049593269824982e-03 -7.690799422562122345e-03 -8.858304470777511597e-03 -1.174289826303720474e-02 -6.021124776452779770e-03
-1.327473018318414688e-02 -1.764347776770591736e-02 -1.785572618246078491e-02 -1.332178711891174316e-02 -1.933791488409042358e-02 -1.892898231744766235e-02 -1.877933368086814880e-02 -1.553416904062032700e-02 -1.607066020369529724e-02 -1.854335330426692963e-02
-1.319947279989719391e-02 -1.934311911463737488e-02 -1.803298480808734894e-02 -1.428585872054100037e-02 -1.874636113643646240e-02 -1.778282038867473602e-02 -1.954435743391513824e-02 -1.528590731322765350e-02 -1.573817804455757141e-02 -1.917007192969322205e-02
2.561797015368938446e-02 -9.234868921339511871e-03 -1.072013471275568008e-02 2.902417257428169250e-02 -1.168106030672788620e-02 -1.014540717005729675e-02 -1.718284189701080322e-02 1.021889969706535339e-02 7.139819208532571793e-03 -1.128429733216762543e-02
-1.274466793984174728e-02 -1.794916950166225433e-02 -1.752833835780620575e-02 -1.404346711933612823e-02 -1.874194666743278503e-02 -1.732657477259635925e-02 -1.777845062315464020e-02 -1.479004975408315659e-02 -1.618895120918750763e-02 -1.828260347247123718e-02
-1.258699502795934677e-02 -1.836964488029479980e-02 -1.835404522716999054e-02 -1.433614082634449005e-02 -1.868154481053352356e-02 -1.802135817706584930e-02 -1.836055144667625427e-02 -1.474512740969657898e-02 -1.640769839286804199e-02 -1.922417804598808289e-02
-1.269712671637535095e-02 -1.776963099837303162e-02 -1.897275634109973907e-02 -1.341372728347778320e-02 -1.859014853835105896e-02 -1.758644357323646545e-02 -1.939186081290245056e-02 -1.478062104433774948e-02 -1.646721176803112030e-02 -1.905205100774765015e-02
4.125998914241790771e-02 -9.937725961208343506e-03 -1.041106320917606354e-02 3.192381560802459717e-02 -1.254220306873321533e-02 -1.022295467555522919e-02 -1.570379920303821564e-02 1.033567637205123901e-02 6.095248274505138397e-03 -1.096435543149709702e-02
-1.356835197657346725e-02 -1.919789984822273254e-02 -1.778898760676383972e-02 -1.392150856554508209e-02 -1.955993287265300751e-02 -1.823038980364799500e-02 -1.894390396773815155e-02 -1.536976825445890427e-02 -1.510841771960258484e-02 -1.835542172193527222e-02
-1.427843607962131500e-02 -1.900262385606765747e-02 -1.765516027808189392e-02 -1.453478634357452393e-02 -1.842923834919929504e-02 -1.833136007189750671e-02 -1.835038699209690094e-02 -1.535702031105756760e-02 -1.572412252426147461e-02 -1.924322918057441711e-02
-1.349428296089172363e-02 -1.792716793715953827e-02 -1.850373484194278717e-02 -1.313840504735708237e-02 -1.901275850832462311e-02 -1.752123236656188965e-02 -1.859410665929317474e-02 -1.567669957876205444e-02 -1.539249625056982040e-02 -1.831554807722568512e-02
-6.062087137252092361e-03 1.391385123133659363e-02 1.402401831001043320e-02 9.803799912333488464e-03 1.421057432889938354e-02 1.267801038920879364e-02 1.783054322004318237e-02 3.363557159900665283e-03 1.277683582156896591e-02 1.306477189064025879e-02
-1.389155350625514984e-02 -1.742849312722682953e-02 -1.855183579027652740e-02 -1.387748029083013535e-02 -1.840560883283615112e-02 -1.832544617354869843e-02 -1.957262866199016571e-02 -1.467562559992074966e-02 -1.528614852577447891e-02 -1.887884922325611115e-02
-2.219741046428680420e-02 -3.543265862390398979e-03 -1.995170256122946739e-03 -2.783957496285438538e-02 -2.905344124883413315e-03 -2.336905570700764656e-03 -1.079018227756023407e-03 -3.701682761311531067e-02 -3.699942678213119507e-02 -1.890075858682394028e-03
-1.402969937771558762e-02 -1.802544668316841125e-02 -1.841761916875839233e-02 -1.388546451926231384e-02 -1.945101842284202576e-02 -1.826672255992889404e-02 -1.884465292096138000e-02 -1.527872215956449509e-02 -1.562521606683731079e-02 -1.766867749392986298e-02
-2.162286452949047089e-02 5.374553613364696503e-03 6.332982331514358521e-03 -9.121628827415406704e-04 6.112950854003429413e-03 6.009024567902088165e-03 8.316937834024429321e-03 -4.655299708247184753e-02 -3.327571600675582886e-02 7.154953200370073318e-03
-1.281358767300844193e-02 -1.902581378817558289e-02 -1.750231906771659851e-02 -1.446436066180467606e-02 -1.863600127398967743e-02 -1.887358166277408600e-02 -1.844187639653682709e-02 -1.479569543153047562e-02 -1.611186563968658447e-02 -1.870018243789672852e-02
-3.709121420979499817e-02 -4.559078253805637360e-03 -3.821449354290962219e-03 -3.350687026977539062e-02 -4.097644239664077759e-03 -3.957199398428201675e-03 -5.123360548168420792e-03 -2.221119590103626251e-03 1.287519698962569237e-03 -3.431896679103374481e-03
3.873686864972114563e-02 5.453201755881309509e-02 5.436352640390396118e-02 5.603433772921562195e-02 5.562015250325202942e-02 5.434689670801162720e-02 5.032971128821372986e-02 5.698018521070480347e-02 6.698796898126602173e-02 5.556032434105873108e-02
-3.231043694540858269e-03 -4.143565893173217773e-04 -3.019881667569279671e-03 -3.249404253438115120e-03 -2.164631616324186325e-03 -1.592082320712506771e-03 -6.108888890594244003e-03 3.338891267776489258e-02 2.711250819265842438e-02 -2.363132778555154800e-03
-2.306717820465564728e-02 -2.632851246744394302e-03 -1.528476830571889877e-03 -2.818298712372779846e-02 -1.909312559291720390e-03 -1.199063728563487530e-03 -5.534493084269342944e-06 -3.863506019115447998e-02 -3.612870350480079651e-02 -8.379814680665731430e-04
-1.337452325969934464e-02 -1.786742359399795532e-02 -1.914797723293304443e-02 -1.439693570137023926e-02 -1.971689052879810333e-02 -1.803311146795749664e-02 -1.951083540916442871e-02 -1.479656901210546494e-02 -1.671537756919860840e-02 -1.802833564579486847e-02
-1.349207479506731033e-02 -1.840363442897796631e-02 -1.919786445796489716e-02 -1.366877742111682892e-02 -1.888712681829929352e-02 -1.857741177082061768e-02 -1.856315881013870239e-02 -1.538281980901956558e-02 -1.616226695477962494e-02 -1.896484941244125366e-02
-1.314753200858831406e-02 -1.777264103293418884e-02 -1.801664568483829498e-02 -1.413712184876203537e-02 -1.907404139637947083e-02 -1.882972195744514465e-02 -1.902637071907520294e-02 -1.402545627206563950e-02 -1.604253612458705902e-02 -1.743030920624732971e-02
-1.358035579323768616e-02 -1.898216269910335541e-02 -1.773617975413799286e-02 -1.421290077269077301e-02 -1.908138021826744080e-02 -1.813912950456142426e-02 -1.760509610176086426e-02 -1.463468838483095169e-02 -1.571823842823505402e-02 -1.774603314697742462e-02
2.191893756389617920e-02 -6.608777213841676712e-03 -8.527685888111591339e-03 1.097590383142232895e-02 -8.459937758743762970e-03 -7.137915585190057755e-03 -1.269712299108505249e-02 6.716702599078416824e-03 9.661206044256687164e-03 -8.663922548294067383e-03
-1.359625812619924545e-02 -1.896047778427600861e-02 -1.787452213466167450e-02 -1.535142119973897934e-02 -1.954151503741741180e-02 -1.816464401781558990e-02 -1.787832565605640411e-02 -1.577802747488021851e-02 -1.710269972681999207e-02 -1.816294528543949127e-02
-1.298791263252496719e-02 -1.873684674501419067e-02 -1.758670434355735779e-02 -1.440108008682727814e-02 -1.799979992210865021e-02 -1.786310039460659027e-02 -1.814533025026321411e-02 -1.561250071972608566e-02 -1.558206882327795029e-02 -1.923557929694652557e-02
-2.735896036028862000e-02 -7.908524130471050739e-04 9.017602424137294292e-04 -3.396776318550109863e-02 1.482974388636648655e-03 1.598009257577359676e-03 1.994566759094595909e-03 -4.654426872730255127e-02 -4.464604705572128296e-02 1.796163152903318405e-03
2.597948536276817322e-02 -6.697474978864192963e-03 -8.721366524696350098e-03 1.023338269442319870e-02 -8.663997985422611237e-03 -8.143538609147071838e-03 -9.902394376695156097e-03 1.822808757424354553e-02 1.272264495491981506e-02 -8.673909120261669159e-03
-1.436708029359579086e-02 -1.839651912450790405e-02 -1.862321607768535614e-02 -1.463653706014156342e-02 -2.037406899034976959e-02 -1.934145577251911163e-02 -1.997717469930648804e-02 -1.614779420197010040e-02 -1.728389039635658264e-02 -1.933594234287738800e-02
3.979909792542457581e-02 -9.872133843600749969e-03 -1.125130057334899902e-02 3.216052800416946411e-02 -1.073744893074035645e-02 -9.730360470712184906e-03 -1.180298812687397003e-02 7.959710434079170227e-03 5.346141755580902100e-03 -1.167415827512741089e-02
1.736902166157960892e-03 -6.228448823094367981e-03 -5.470026284456253052e-03 1.708655990660190582e-02 -6.285183131694793701e-03 -6.243327166885137558e-03 -4.923337139189243317e-03 -4.625309258699417114e-03 -4.033097531646490097e-03 -5.621683318167924881e-03
-1.282758917659521103e-02 -1.823783665895462036e-02 -1.810129359364509583e-02 -1.404452417045831680e-02 -1.865078508853912354e-02 -1.801269501447677612e-02 -1.879797689616680145e-02 -1.505364663898944855e-02 -1.571977324783802032e-02 -1.883440650999546051e-02
-1.308447401970624924e-02 -1.774075254797935486e-02 -1.751646958291530609e-02 -1.391810458153486252e-02 -1.801558397710323334e-02 -1.760548725724220276e-02 -1.867998205125331879e-02 -1.496576704084873199e-02 -1.566931046545505524e-02 -1.905888132750988007e-02
3.214864060282707214e-02 4.797448217868804932e-02 4.787421971559524536e-02 4.890676587820053101e-02 4.840970784425735474e-02 4.762354865670204163e-02 4.394713044166564941e-02 4.960709065198898315e-02 5.954613536596298218e-02 4.672981426119804382e-02
1.387712545692920685e-02 -6.107311695814132690e-03 -7.586386520415544510e-03 3.212769702076911926e-02 -6.795844063162803650e-03 -6.698836572468280792e-03 -4.890454001724720001e-03 7.635010406374931335e-03 1.172494143247604370e-02 -7.466999813914299011e-03
-2.618137188255786896e-02 -3.026450751349329948e-03 -1.755684264935553074e-03 -3.334296494722366333e-02 -7.426727679558098316e-04 -1.536763389594852924e-03 -1.193389412946999073e-03 -4.465179890394210815e-02 -4.642085358500480652e-02 -1.882399374153465033e-04
2.408488467335700989e-02 -7.687241304665803909e-03 -8.844935335218906403e-03 9.652315638959407806e-03 -9.372173808515071869e-03 -7.054810412228107452e-03 -1.705960743129253387e-02 1.687693595886230469e-02 1.044067740440368652e-02 -8.887341246008872986e-03
-2.021587267518043518e-02 -5.191270262002944946e-03 -3.331067739054560661e-03 -2.335720136761665344e-02 -3.783085383474826813e-03 -3.863760968670248985e-03 -4.253312479704618454e-03 -1.579684019088745117e-02 -1.236780453473329544e-02 -4.124470520764589310e-03
-1.368121430277824402e-02 -1.769512519240379333e-02 -1.769275777041912079e-02 -1.362609211355447769e-02 -1.862756721675395966e-02 -1.795598305761814117e-02 -1.806310191750526428e-02 -1.455101463943719864e-02 -1.596263051033020020e-02 -1.824888400733470917e-02
-1.336999051272869110e-02 -1.767438277602195740e-02 -1.891726441681385040e-02 -1.421367097645998001e-02 -1.834775321185588837e-02 -1.771757006645202637e-02 -1.868851296603679657e-02 -1.487895287573337555e-02 -1.680985465645790100e-02 -1.788558810949325562e-02
-1.260346919298171997e-02 -1.784767396748065948e-02 -1.823570579290390015e-02 -1.466464158147573471e-02 -1.818476431071758270e-02 -1.923755928874015808e-02 -1.884993910789489746e-02 -1.541622634977102280e-02 -1.670422405004501343e-02 -1.783015951514244080e-02
6.081219296902418137e-03 -7.241693791002035141e-03 -7.073170971125364304e-03 1.062514539808034897e-02 -6.699309684336185455e-03 -6.896279752254486084e-03 -7.409393321722745895e-03 -9.077635593712329865e-03 -9.067479521036148071e-03 -5.661223083734512329e-03
-1.530836801975965500e-02 -4.783547949045896530e-03 -6.887156981974840164e-03 -8.633968420326709747e-03 -6.311763543635606766e-03 -5.897164344787597656e-03 -1.085890363901853561e-02 1.555035356432199478e-02 1.480625942349433899e-02 -6.526947952806949615e-03
-1.420773752033710480e-02 -1.795237511396408081e-02 -1.858844980597496033e-02 -1.409595739096403122e-02 -1.965941861271858215e-02 -1.928428374230861664e-02 -1.906198821961879730e-02 -1.452045608311891556e-02 -1.582965254783630371e-02 -1.886492222547531128e-02
-3.145874710753560066e-03 -9.562038816511631012e-03 -1.160028111189603806e-02 -1.965074567124247551e-03 -1.116116531193256378e-02 -1.068911235779523849e-02 -1.615360006690025330e-02 7.615437731146812439e-03 4.044107161462306976e-03 -1.142235472798347473e-02
4.556369967758655548e-03 -9.248021990060806274e-03 -8.403009735047817230e-03 1.393843535333871841e-02 -8.930721320211887360e-03 -1.020327955484390259e-02 -8.217645809054374695e-03 2.410541288554668427e-03 2.322149230167269707e-03 -8.850879967212677002e-03
-1.442565023899078369e-02 -1.782537065446376801e-02 -1.763528212904930115e-02 -1.464989781379699707e-02 -1.815116778016090393e-02 -1.742527820169925690e-02 -1.827084831893444061e-02 -1.480689179152250290e-02 -1.641124300658702850e-02 -1.844586990773677826e-02
-4.264444485306739807e-02 5.178627558052539825e-03 7.651272229850292206e-03 -5.784766003489494324e-02 6.856461521238088608e-03 6.375812925398349762e-03 8.873254060745239258e-03 -1.441368460655212402e-02 -1.502601429820060730e-02 8.461331017315387726e-03
-2.343543432652950287e-02 -2.358623314648866653e-03 4.750012012664228678e-04 -3.033251687884330750e-02 -8.384941029362380505e-04 -1.676300307735800743e-04 -3.489324444672092795e-05 -4.006602987647056580e-02 -3.943872824311256409e-02 8.493397035636007786e-04
2.847459912300109863e-02 -4.832189995795488358e-03 -6.742766592651605606e-03 1.536344923079013824e-02 -7.909983396530151367e-03 -6.693933624774217606e-03 -7.848050445318222046e-03 2.260004915297031403e-02 1.670974679291248322e-02 -7.357625290751457214e-03
-3.720038011670112610e-02 1.201615901663899422e-03 2.402168465778231621e-03 -2.879958413541316986e-02 1.616786816157400608e-03 1.528286491520702839e-03 1.053384272381663322e-03 -2.293170616030693054e-02 -1.616025157272815704e-02 2.905604895204305649e-03
-1.587202772498130798e-02 -4.317128565162420273e-03 -3.927264828234910965e-03 6.044432986527681351e-03 -3.299601841717958450e-03 -3.100157948210835457e-03 -3.319287206977605820e-03 -1.198700908571481705e-02 -6.920119747519493103e-03 -4.317460115998983383e-03
-1.289919763803482056e-02 -1.825315132737159729e-02 -1.937551051378250122e-02 -1.416213251650333405e-02 -1.930991001427173615e-02 -1.825449056923389435e-02 -1.829137839376926422e-02 -1.534144394099712372e-02 -1.678843423724174500e-02 -1.824647933244705200e-02
-4.779712110757827759e-02 7.410990074276924133e-03 8.788784965872764587e-03 -2.468920312821865082e-02 8.467027917504310608e-03 9.298108518123626709e-03 1.100320741534233093e-02 -2.326924353837966919e-02 -9.035246446728706360e-03 9.492808021605014801e-03
-1.996243186295032501e-02 -6.553973071277141571e-03 -4.996920935809612274e-03 -2.631398476660251617e-02 -5.362621974200010300e-03 -5.904410965740680695e-03 -4.587077070027589798e-03 -3.441017493605613708e-02 -3.527870401740074158e-02 -4.818025045096874237e-03
-1.319503132253885269e-02 -1.742208003997802734e-02 -1.858897693455219269e-02 -1.412987988442182541e-02 -1.946169324219226837e-02 -1.817179284989833832e-02 -1.971417479217052460e-02 -1.500727608799934387e-02 -1.489050779491662979e-02 -1.872220821678638458e-02
-5.510133504867553711e-02 1.620047353208065033e-02 1.549365092068910599e-02 -1.700251922011375427e-02 1.696294173598289490e-02 1.629414036870002747e-02 1.265721768140792847e-02 -1.917826361022889614e-03 9.355704300105571747e-03 1.693865843117237091e-02
-1.353988889604806900e-02 -1.873104646801948547e-02 -1.847145706415176392e-02 -1.410922780632972717e-02 -1.939826644957065582e-02 -1.827830821275711060e-02 -1.793326251208782196e-02 -1.486997865140438080e-02 -1.550496183335781097e-02 -1.750601455569267273e-02
-1.297490391880273819e-02 -1.844724756665527821e-03 -3.743238514289259911e-03 -2.236187644302845001e-02 -4.457251634448766708e-03 -3.514607669785618782e-03 -1.042467635124921799e-02 4.234894365072250366e-02 3.583008795976638794e-02 -5.203062668442726135e-03
-3.191051259636878967e-02 3.084376221522688866e-03 5.198894068598747253e-03 -2.204010449349880219e-02 6.159051321446895599e-03 4.497820977121591568e-03 5.402351729571819305e-03 -5.271708592772483826e-02 -3.834719210863113403e-02 6.140196695923805237e-03
-1.380703784525394440e-02 -1.780667528510093689e-02 -1.817889139056205750e-02 -1.357932668179273605e-02 -1.921978592872619629e-02 -1.808693818747997284e-02 -1.831925660371780396e-02 -1.569728367030620575e-02 -1.524091325700283051e-02 -1.943072304129600525e-02
-1.219686307013034821e-02 5.405511241406202316e-03 8.100184611976146698e-03 -1.431005168706178665e-02 6.634939461946487427e-03 6.102507468312978745e-03 5.163394380360841751e-03 -5.302354111336171627e-04 6.481313612312078476e-03 8.081072941422462463e-03
-2.306170947849750519e-02 -5.675373133271932602e-03 -3.843456506729125977e-03 -2.921257540583610535e-02 -4.059164784848690033e-03 -4.422000609338283539e-03 -4.632175900042057037e-03 -3.757982328534126282e-02 -3.928085789084434509e-02 -4.523910116404294968e-03
-2.904704958200454712e-02 -2.828737255185842514e-03 -7.143872790038585663e-04 -4.068104550242424011e-02 -2.357890480197966099e-04 -1.525325467810034752e-03 -1.246343366801738739e-03 -2.277748100459575653e-02 -2.536873146891593933e-02 -1.101387199014425278e-03
-1.471843197941780090e-02 -1.860674098134040833e-02 -1.969568058848381042e-02 -1.391026843339204788e-02 -1.862620376050472260e-02 -1.895976252853870392e-02 -1.892662420868873596e-02 -1.542531792074441910e-02 -1.602662913501262665e-02 -1.957435533404350281e-02
2.387933060526847839e-02 -4.269236233085393906e-03 -3.527951426804065704e-03 8.270835503935813904e-03 -3.918028436601161957e-03 -3.434677608311176300e-03 -5.462798289954662323e-03 -2.024520188570022583e-02 -2.043348737061023712e-02 -3.227666253224015236e-03
-1.334582921117544174e-02 -1.801800355315208435e-02 -1.940336637198925018e-02 -1.335035916417837143e-02 -1.865396834909915924e-02 -1.828948035836219788e-02 -1.908197440207004547e-02 -1.469949912279844284e-02 -1.608160883188247681e-02 -1.934706047177314758e-02
-3.106076642870903015e-02 -2.309476956725120544e-03 -2.118933014571666718e-03 -4.777587577700614929e-02 -1.623857882805168629e-03 -1.815622439607977867e-03 -1.103457412682473660e-03 -2.035210840404033661e-03 -6.715095136314630508e-03 -5.152929225005209446e-04
-1.287155970931053162e-02 -1.815920695662498474e-02 -1.875103451311588287e-02 -1.388196088373661041e-02 -1.857789792120456696e-02 -1.773335412144660950e-02 -1.923874206840991974e-02 -1.516070403158664703e-02 -1.499368902295827866e-02 -1.868877559900283813e-02
-1.326262950897216797e-02 -1.796798780560493469e-02 -1.817484013736248016e-02 -1.285536773502826691e-02 -1.843022927641868591e-02 -1.791515201330184937e-02 -1.958124153316020966e-02 -1.443162653595209122e-02 -1.654605381190776825e-02 -1.929111219942569733e-02
-7.801244501024484634e-03 4.737711045891046524e-03 3.054271452128887177e-03 -1.043456885963678360e-02 3.026490099728107452e-03 2.649225993081927299e-03 -2.680527279153466225e-03 1.301931031048297882e-02 1.588859781622886658e-02 2.324615838006138802e-03
-1.411769911646842957e-02 -1.792846806347370148e-02 -1.895732432603836060e-02 -1.359039079397916794e-02 -1.794668100774288177e-02 -1.821584254503250122e-02 -1.938263326883316040e-02 -1.468983385711908340e-02 -1.590646058320999146e-02 -1.760397106409072876e-02
-1.999836415052413940e-02 -5.352951586246490479e-03 -3.619092516601085663e-03 -2.323317155241966248e-02 -4.574135877192020416e-03 -4.585948307067155838e-03 -4.573028534650802612e-03 -3.110477514564990997e-02 -2.723080664873123169e-02 -4.399458412081003189e-03
3.110644780099391937e-02 -6.594684906303882599e-03 -7.731397170573472977e-03 2.101265266537666321e-02 -7.617095485329627991e-03 -6.635883357375860214e-03 -8.069988340139389038e-03 -4.999885335564613342e-03 -3.151234472170472145e-03 -7.779102772474288940e-03
-4.564175382256507874e-02 4.424059763550758362e-03 6.916247308254241943e-03 -1.300043426454067230e-02 6.561355199664831161e-03 5.411470774561166763e-03 7.076091598719358444e-03 -3.023594617843627930e-02 -1.592832803726196289e-02 6.029359064996242523e-03
-4.201456159353256226e-02 2.654594369232654572e-03 1.006917678751051426e-03 -4.763931408524513245e-02 2.393170958384871483e-03 2.314176410436630249e-03 -6.307124858722090721e-04 -7.724840193986892700e-03 -4.107165616005659103e-03 2.515160711482167244e-03
-7.045529317110776901e-03 -2.789459656924009323e-03 -3.682005917653441429e-03 3.369053825736045837e-02 -3.626126796007156372e-03 -2.371191978454589844e-03 -2.130852313712239265e-03 -5.344564560800790787e-03 1.743672182783484459e-03 -3.350818064063787460e-03
-5.266869813203811646e-02 9.317943826317787170e-03 1.015741843730211258e-02 -7.050516456365585327e-02 9.325414896011352539e-03 8.994358591735363007e-03 9.592855349183082581e-03 -9.253117255866527557e-03 -8.737140335142612457e-03 9.952114894986152649e-03
-1.334119122475385666e-02 -1.835339143872261047e-02 -1.825530827045440674e-02 -1.447972375899553299e-02 -1.915840059518814087e-02 -1.766831614077091217e-02 -1.857873983681201935e-02 -1.514704711735248566e-02 -1.581846363842487335e-02 -1.952569186687469482e-02
-1.352453697472810745e-02 -1.879652030766010284e-02 -1.864195801317691803e-02 -1.427240762859582901e-02 -1.800072938203811646e-02 -1.764630153775215149e-02 -1.846463419497013092e-02 -1.422900985926389694e-02 -1.561354938894510269e-02 -1.813989505171775818e-02
1.947648264467716217e-02 -7.534960168413817883e-04 -4.121365491300821304e-03 -1.086947321891784668e-02 -2.861452987417578697e-03 -2.042502397671341896e-03 -9.808120317757129669e-03 -5.776102188974618912e-04 -5.257260985672473907e-03 -1.951547455973923206e-03
-2.879292005673050880e-03 -6.021176464855670929e-03 -7.212923374027013779e-03 -1.981253502890467644e-03 -8.136318065226078033e-03 -7.537767291069030762e-03 -8.440139703452587128e-03 2.293635718524456024e-02 1.666049659252166748e-02 -8.062950335443019867e-03
-1.306511368602514267e-02 -1.887458004057407379e-02 -1.883988641202449799e-02 -1.461259741336107254e-02 -1.921817287802696228e-02 -1.841401681303977966e-02 -1.917774602770805359e-02 -1.530313026160001755e-02 -1.593515649437904358e-02 -1.904865726828575134e-02
-1.911303587257862091e-02 -5.952584091573953629e-03 -8.951107040047645569e-03 -2.276027016341686249e-02 -7.311535999178886414e-03 -6.502821110188961029e-03 -1.350317988544702530e-02 1.990053057670593262e-02 1.292866840958595276e-02 -7.937747053802013397e-03
-1.378901861608028412e-02 -1.759024150669574738e-02 -1.933163404464721680e-02 -1.449775416404008865e-02 -1.921449415385723114e-02 -1.862226426601409912e-02 -1.890530623495578766e-02 -1.434102654457092285e-02 -1.635934412479400635e-02 -1.819317229092121124e-02
-1.262398064136505127e-02 -1.855765655636787415e-02 -1.872548833489418030e-02 -1.339150872081518173e-02 -1.828835532069206238e-02 -1.817137934267520905e-02 -1.878846623003482819e-02 -1.558609399944543839e-02 -1.488989032804965973e-02 -1.898669265210628510e-02
-1.273003872483968735e-02 -1.877608895301818848e-02 -1.865320466458797455e-02 -1.435426529496908188e-02 -1.808586530387401581e-02 -1.850744709372520447e-02 -1.924490556120872498e-02 -1.446269825100898743e-02 -1.644537970423698425e-02 -1.859212294220924377e-02
3.149475436657667160e-03 7.685393095016479492e-03 8.946030400693416595e-03 -1.306786946952342987e-02 9.241180494427680969e-03 8.656806312501430511e-03 9.106407873332500458e-03 -2.784183248877525330e-02 -1.778330653905868530e-02 9.715070948004722595e-03
1.027687359601259232e-02 -8.761904202401638031e-03 -1.216423511505126953e-02 8.403597399592399597e-03 -1.105510629713535309e-02 -1.047677174210548401e-02 -1.816884614527225494e-02 1.001848280429840088e-02 5.825724918395280838e-03 -1.158280298113822937e-02
-2.484766021370887756e-02 -2.894270699471235275e-03 -1.205165754072368145e-03 -3.188705444335937500e-02 -1.528868568129837513e-03 -2.092727925628423691e-03 -1.351857208646833897e-03 -4.279358312487602234e-02 -4.335063323378562927e-02 -1.256032614037394524e-03
-4.165952280163764954e-02 4.491898696869611740e-03 6.320023909211158752e-03 -3.860166296362876892e-02 5.896872375160455704e-03 6.384399719536304474e-03 6.020897533744573593e-03 -2.518010791391134262e-03 8.069362957030534744e-04 6.361962296068668365e-03
-1.395061984658241272e-02 -1.866143196821212769e-02 -1.811189390718936920e-02 -1.339192409068346024e-02 -1.944003812968730927e-02 -1.871673017740249634e-02 -1.890346966683864594e-02 -1.547961309552192688e-02 -1.489557698369026184e-02 -1.894671097397804260e-02
-3.174774348735809326e-02 -4.977528587915003300e-04 -1.073578139767050743e-03 -4.945538192987442017e-02 5.475138314068317413e-04 -7.626125589013099670e-04 2.618547296151518822e-04 -5.386202596127986908e-03 -1.120657939463853836e-02 1.274725946132093668e-04
4.624653141945600510e-03 -8.098907768726348877e-03 -9.631297551095485687e-03 7.880012504756450653e-03 -1.050255261361598969e-02 -8.935210295021533966e-03 -1.006270851939916611e-02 -4.010446835309267044e-03 -5.800588987767696381e-03 -9.916519746184349060e-03
-5.617522075772285461e-02 1.341822557151317596e-02 1.336176786571741104e-02 -3.905850276350975037e-02 1.417063921689987183e-02 1.469863578677177429e-02 1.077458634972572327e-02 -1.727744587697088718e-03 3.243770450353622437e-03 1.335596106946468353e-02
-1.351489627268165350e-04 -4.511862993240356445e-03 -7.777668535709381104e-03 1.247510593384504318e-02 -7.201699074357748032e-03 -6.326262839138507843e-03 -1.303150039166212082e-02 1.160216797143220901e-02 7.965360768139362335e-03 -8.220181800425052643e-03
-1.290821097791194916e-02 -1.692364551126956940e-02 -1.793807931244373322e-02 -1.456292532384395599e-02 -1.805979758501052856e-02 -1.867404952645301819e-02 -1.918861269950866699e-02 -1.545840594917535782e-02 -1.617019996047019958e-02 -1.826169341802597046e-02
-1.312228199094533920e-02 -1.788175664842128754e-02 -1.825482770800590515e-02 -1.440002862364053726e-02 -1.834761165082454681e-02 -1.852380298078060150e-02 -1.875466294586658478e-02 -1.555925048887729645e-02 -1.629868708550930023e-02 -1.939848996698856354e-02
-1.459852419793605804e-02 -1.787600293755531311e-02 -1.868407055735588074e-02 -1.463651191443204880e-02 -1.946803182363510132e-02 -1.921720243990421295e-02 -1.817265339195728302e-02 -1.484264712780714035e-02 -1.612158864736557007e-02 -1.756859570741653442e-02
-2.188001014292240143e-02 1.175786368548870087e-02 1.377322524785995483e-02 4.327924922108650208e-03 1.242255605757236481e-02 1.194951124489307404e-02 1.669308356940746307e-02 -1.127758249640464783e-02 1.504952087998390198e-03 1.240326277911663055e-02
-1.258561667054891586e-02 -1.799486577510833740e-02 -1.846130751073360443e-02 -1.467973366379737854e-02 -1.891948841512203217e-02 -1.814040355384349823e-02 -1.828382350504398346e-02 -1.452528685331344604e-02 -1.688180305063724518e-02 -1.778794452548027039e-02
3.532745409756898880e-03 7.241253741085529327e-03 1.050834823399782181e-02 1.930792629718780518e-02 9.776771999895572662e-03 1.026896759867668152e-02 1.109797507524490356e-02 -3.201272711157798767e-02 -1.431896165013313293e-02 9.837763383984565735e-03
4.249703511595726013e-02 -1.011032517999410629e-02 -1.152368914335966110e-02 3.080455213785171509e-02 -1.149462256580591202e-02 -1.087192445993423462e-02 -1.201024278998374939e-02 7.842343300580978394e-03 3.455464961007237434e-03 -1.093424111604690552e-02
-1.381445955485105515e-02 -1.763688400387763977e-02 -1.821287348866462708e-02 -1.466043107211589813e-02 -1.893580891191959381e-02 -1.787557266652584076e-02 -1.885188370943069458e-02 -1.432332303375005722e-02 -1.672221720218658447e-02 -1.914557442069053650e-02
-1.304574869573116302e-02 -1.811297796666622162e-02 -1.907697133719921112e-02 -1.428433135151863098e-02 -1.959791220724582672e-02 -1.770476624369621277e-02 -1.970561780035495758e-02 -1.496939640492200851e-02 -1.536791305989027023e-02 -1.796907186508178711e-02
-1.685008779168128967e-02 -4.017466213554143906e-03 -4.038877319544553757e-03 8.600074797868728638e-03 -3.626826917752623558e-03 -3.314337460324168205e-03 -3.011367050930857658e-03 -1.617410778999328613e-02 -1.133930496871471405e-02 -3.557261778041720390e-03
-1.419849600642919540e-02 -1.957895979285240173e-02 -1.802429556846618652e-02 -1.431002002209424973e-02 -1.877526752650737762e-02 -1.785767637193202972e-02 -1.931669563055038452e-02 -1.570532843470573425e-02 -1.725706830620765686e-02 -1.977382600307464600e-02
-3.344216942787170410e-02 2.114183967933058739e-03 4.631598480045795441e-03 -4.512203484773635864e-02 3.516400698572397232e-03 3.711152123287320137e-03 5.236026365309953690e-03 -1.314159855246543884e-02 -1.152695994824171066e-02 5.187024362385272980e-03
-1.352535560727119446e-02 -1.812727376818656921e-02 -1.778995618224143982e-02 -1.376172341406345367e-02 -1.892189867794513702e-02 -1.856937259435653687e-02 -1.979621127247810364e-02 -1.525796484202146530e-02 -1.658936589956283569e-02 -1.856631226837635040e-02
-1.411859132349491119e-02 -1.830817013978958130e-02 -1.865193620324134827e-02 -1.342946197837591171e-02 -1.870155334472656250e-02 -1.826804690062999725e-02 -1.902272738516330719e-02 -1.534614711999893188e-02 -1.669194735586643219e-02 -1.897499896585941315e-02
-1.413090713322162628e-02 -1.805470325052738190e-02 -1.801826804876327515e-02 -1.440444961190223694e-02 -1.911441795527935028e-02 -1.852392405271530151e-02 -1.823309808969497681e-02 -1.580874063074588776e-02 -1.532290037721395493e-02 -1.822299696505069733e-02
1.267610117793083191e-03 -9.425316937267780304e-03 -1.194708421826362610e-02 1.514320820569992065e-02 -1.108909491449594498e-02 -1.095638517290353775e-02 -1.547031477093696594e-02 1.199677865952253342e-02 6.325241178274154663e-03 -1.053643506020307541e-02
-1.262493431568145752e-02 -1.804989390075206757e-02 -1.799051836133003235e-02 -1.321127358824014664e-02 -1.791144162416458130e-02 -1.837283931672573090e-02 -1.824979484081268311e-02 -1.515331026166677475e-02 -1.512888632714748383e-02 -1.836082898080348969e-02
-2.796963602304458618e-02 -2.800052752718329430e-03 -1.299746450968086720e-03 -4.884351044893264771e-03 3.474919649306684732e-04 -1.687147421762347221e-03 -2.062314888462424278e-04 -3.375453874468803406e-02 -2.418537996709346771e-02 -4.087687993887811899e-04
-3.443936631083488464e-02 -1.591572770848870277e-03 -2.213320927694439888e-03 8.450770750641822815e-03 -3.098951885476708412e-03 -1.860400428995490074e-03 -1.778517034836113453e-04 1.028992142528295517e-02 1.911596581339836121e-02 -2.804400632157921791e-03
-2.124176360666751862e-02 -3.443067194893956184e-03 -1.589529449120163918e-03 -2.677018567919731140e-02 -2.321568317711353302e-03 -2.397272735834121704e-03 -1.872681314125657082e-03 -3.359524533152580261e-02 -3.014106675982475281e-02 -2.223406219854950905e-03
-1.363258063793182373e-02 -1.913031190633773804e-02 -1.812642998993396759e-02 -1.291333977133035660e-02 -1.931076496839523315e-02 -1.901628263294696808e-02 -1.955069787800312042e-02 -1.550003420561552048e-02 -1.587334647774696350e-02 -1.779676228761672974e-02
-2.327961102128028870e-02 -3.256449941545724869e-03 -7.770794909447431564e-04 -2.877116017043590546e-02 -7.715500541962683201e-04 -6.525377975776791573e-04 1.389572862535715103e-04 -3.895389661192893982e-02 -3.759836405515670776e-02 4.424656799528747797e-04
-1.340151391923427582e-02 -1.864021271467208862e-02 -1.849986426532268524e-02 -1.486628875136375427e-02 -1.875911466777324677e-02 -1.908329129219055176e-02 -1.803899370133876801e-02 -1.436153426766395569e-02 -1.642614603042602539e-02 -1.867775060236454010e-02
2.126244129613041878e-03 -6.482648197561502457e-03 -5.908521823585033417e-03 -5.676527507603168488e-03 -7.653519511222839355e-03 -6.993309129029512405e-03 -7.980788126587867737e-03 2.027549967169761658e-02 1.556442212313413620e-02 -6.227812729775905609e-03
-1.393816620111465454e-02 -1.821396872401237488e-02 -1.867401972413063049e-02 -1.379947550594806671e-02 -1.940839178860187531e-02 -1.823089458048343658e-02 -1.927397958934307098e-02 -1.560440938919782639e-02 -1.704194769263267517e-02 -1.880536042153835297e-02
-1.357471290975809097e-02 -1.874967850744724274e-02 -1.735565997660160065e-02 -1.324054691940546036e-02 -1.918098703026771545e-02 -1.834444701671600342e-02 -1.918029412627220154e-02 -1.478128507733345032e-02 -1.553764753043651581e-02 -1.843787543475627899e-02
-1.318756770342588425e-02 -1.807562820613384247e-02 -1.895521208643913269e-02 -1.456225011497735977e-02 -1.920885406434535980e-02 -1.836954616010189056e-02 -1.802534610033035278e-02 -1.499378401786088943e-02 -1.486206054687500000e-02 -1.749644055962562561e-02
-1.348331943154335022e-02 -1.815691217780113220e-02 -1.778177730739116669e-02 -1.431759633123874664e-02 -1.920076645910739899e-02 -1.743516698479652405e-02 -1.877222582697868347e-02 -1.490767579525709152e-02 -1.592092402279376984e-02 -1.854978688061237335e-02
-1.403889339417219162e-02 -1.866054907441139221e-02 -1.829272322356700897e-02 -1.351480744779109955e-02 -1.813465915620326996e-02 -1.800116896629333496e-02 -1.869633048772811890e-02 -1.446644123643636703e-02 -1.547346636652946472e-02 -1.823745854198932648e-02
9.488303214311599731e-03 3.176257479935884476e-03 3.775564953684806824e-03 3.167119622230529785e-02 4.122990649193525314e-03 4.169200081378221512e-03 5.767092108726501465e-03 -3.210118412971496582e-02 -2.005673386156558990e-02 3.706409595906734467e-03
-1.945095881819725037e-02 -2.314239041879773140e-03 -2.417291048914194107e-03 6.764088175259530544e-05 -3.114543855190277100e-03 -2.241264097392559052e-03 -2.197786932811141014e-03 -1.685395836830139160e-02 -8.153055794537067413e-03 -1.942223752848803997e-03
-7.592464680783450603e-04 -4.982216283679008484e-03 -5.362522322684526443e-03 2.380855381488800049e-02 -7.261428050696849823e-03 -5.546921398490667343e-03 -4.443157464265823364e-03 6.762674078345298767e-03 8.726448751986026764e-03 -5.767933558672666550e-03
-1.390165835618972778e-02 -1.827300898730754852e-02 -1.786628551781177521e-02 -1.501486264169216156e-02 -1.996700093150138855e-02 -1.909654587507247925e-02 -1.840142719447612762e-02 -1.506829820573329926e-02 -1.569963991641998291e-02 -1.887298189103603363e-02
-1.393369212746620178e-02 -1.893706247210502625e-02 -1.833072677254676819e-02 -1.382425148040056229e-02 -1.858389936387538910e-02 -1.831613853573799133e-02 -1.908697932958602905e-02 -1.461449917405843735e-02 -1.643713004887104034e-02 -1.873694173991680145e-02
3.440767526626586914e-02 -1.389623899012804031e-02 -1.226944476366043091e-02 2.201581932604312897e-02 -1.311299111694097519e-02 -1.410669833421707153e-02 -1.475345343351364136e-02 2.713643945753574371e-03 1.094449427910149097e-03 -1.354363374412059784e-02
-1.772570423781871796e-02 -1.237589982338249683e-03 -1.231503090821206570e-03 2.282842993736267090e-02 -3.178205515723675489e-04 -4.081251099705696106e-04 5.255187861621379852e-04 -5.286686122417449951e-03 3.534397576004266739e-03 -1.688150106929242611e-03
-2.265569567680358887e-02 -3.753213444724678993e-03 -1.801378442905843258e-03 -2.583251148462295532e-02 -1.972848549485206604e-03 -2.769205952063202858e-03 -2.647157059982419014e-03 -3.617714345455169678e-02 -3.224803879857063293e-02 -1.188430353067815304e-03
-2.394870109856128693e-02 -4.470381885766983032e-03 -3.132205456495285034e-03 -3.073048777878284454e-02 -3.091329475864768028e-03 -2.229559235274791718e-03 -1.964361406862735748e-03 -3.985910862684249878e-02 -4.108282923698425293e-02 -2.294074976816773415e-03
-2.230387739837169647e-02 -3.696381114423274994e-03 -2.648840425536036491e-03 -2.661844529211521149e-02 -1.783672720193862915e-03 -2.855930710211396217e-03 -1.856442773714661598e-03 -3.632475063204765320e-02 -3.327258303761482239e-02 -2.220961265265941620e-03
-4.655201733112335205e-02 4.984308034181594849e-03 7.405248936265707016e-03 -3.292953595519065857e-02 7.555081043392419815e-03 7.687595207244157791e-03 6.229906808584928513e-03 -2.412804402410984039e-02 -1.360801421105861664e-02 7.427360396832227707e-03
4.250720888376235962e-02 -1.046959869563579559e-02 -1.293072011321783066e-02 1.952289044857025146e-02 -1.260610762983560562e-02 -1.061044447124004364e-02 -1.938384585082530975e-02 7.645397447049617767e-03 3.896681359037756920e-03 -1.304152514785528183e-02
-1.301909796893596649e-02 -1.732720062136650085e-02 -1.885217800736427307e-02 -1.470205746591091156e-02 -1.928414776921272278e-02 -1.721736602485179901e-02 -1.807061210274696350e-02 -1.482369191944599152e-02 -1.548164803534746170e-02 -1.843279227614402771e-02
-1.397765893489122391e-02 -1.806826889514923096e-02 -1.769828423857688904e-02 -1.458117272704839706e-02 -1.797998882830142975e-02 -1.880401186645030975e-02 -1.958509720861911774e-02 -1.402934268116950989e-02 -1.568334363400936127e-02 -1.815625652670860291e-02
-1.357002463191747665e-02 -1.856560818850994110e-02 -1.795341074466705322e-02 -1.303669158369302750e-02 -1.883981376886367798e-02 -1.794713735580444336e-02 -1.777548529207706451e-02 -1.561131794005632401e-02 -1.598788425326347351e-02 -1.859532669186592102e-02
-2.330412156879901886e-02 -6.095206364989280701e-03 -7.972305640578269958e-03 -3.410118445754051208e-02 -8.149937726557254791e-03 -6.189500447362661362e-03 -1.347107905894517899e-02 3.157223016023635864e-02 2.259380556643009186e-02 -7.852957583963871002e-03
-1.368168275803327560e-02 -1.802391372621059418e-02 -1.835793256759643555e-02 -1.418983936309814453e-02 -1.831751316785812378e-02 -1.750445738434791565e-02 -1.797678507864475250e-02 -1.469429768621921539e-02 -1.596668735146522522e-02 -1.876973919570446014e-02
-1.413602381944656372e-02 -1.768037863075733185e-02 -1.781486533582210541e-02 -1.398486737161874771e-02 -1.885715685784816742e-02 -1.829643920063972473e-02 -1.953504607081413269e-02 -1.479257363826036453e-02 -1.574603095650672913e-02 -1.898770779371261597e-02
-1.301820483058691025e-02 -1.774958707392215729e-02 -1.909515261650085449e-02 -1.434539537876844406e-02 -1.921161636710166931e-02 -1.921317912638187408e-02 -1.892190799117088318e-02 -1.576573215425014496e-02 -1.519672758877277374e-02 -1.894086971879005432e-02
-1.435412466526031494e-02 -1.968951150774955750e-02 -1.826088503003120422e-02 -1.358249317854642868e-02 -1.844073459506034851e-02 -1.932203583419322968e-02 -1.846668869256973267e-02 -1.546056102961301804e-02 -1.515832822769880295e-02 -1.879629679024219513e-02
-1.370790321379899979e-02 -1.794023998081684113e-02 -1.882460154592990875e-02 -1.332365162670612335e-02 -1.906494982540607452e-02 -1.918720081448554993e-02 -1.889431476593017578e-02 -1.481262221932411194e-02 -1.688265800476074219e-02 -1.874405704438686371e-02
-1.395328994840383530e-02 -1.792349852621555328e-02 -1.792249642312526703e-02 -1.502729672938585281e-02 -1.966647617518901825e-02 -1.792194135487079620e-02 -1.818814687430858612e-02 -1.486037019640207291e-02 -1.602593436837196350e-02 -1.855156756937503815e-02
-3.263920545578002930e-02 6.108590867370367050e-03 7.040542550384998322e-03 -1.430411264300346375e-02 7.649713195860385895e-03 7.565883919596672058e-03 7.463694084435701370e-03 -2.088660560548305511e-02 -1.350649818778038025e-02 7.061364129185676575e-03
-3.336240723729133606e-02 5.576020572334527969e-03 5.432826932519674301e-03 -1.889137923717498779e-02 6.894093472510576248e-03 5.706837400794029236e-03 4.471943248063325882e-03 2.425900427624583244e-03 7.495364639908075333e-03 5.661725066602230072e-03
-2.429057843983173370e-02 -2.248729579150676727e-03 -2.311359130544587970e-04 -2.964164130389690399e-02 -4.132266330998390913e-04 -4.995434428565204144e-04 3.525275387801229954e-04 -4.134440422058105469e-02 -4.018701240420341492e-02 -5.455144128063693643e-05
-2.544489875435829163e-02 -5.411671474575996399e-03 -6.267865188419818878e-03 -4.110514745116233826e-02 -5.734751466661691666e-03 -4.948463756591081619e-03 -5.951148457825183868e-03 1.275482866913080215e-02 9.805604815483093262e-03 -6.662690080702304840e-03
-2.444303035736083984e-02 -3.396528307348489761e-03 -1.142270048148930073e-03 -3.073481097817420959e-02 -4.031428834423422813e-04 -8.166695479303598404e-04 -1.153157325461506844e-03 -4.164513945579528809e-02 -4.138457775115966797e-02 -1.079517300240695477e-03
-2.981835976243019104e-02 -2.680049277842044830e-03 -4.213179927319288254e-03 -4.472721368074417114e-02 -2.863814821466803551e-03 -3.908141516149044037e-03 -4.203117918223142624e-03 -2.490289509296417236e-03 -6.171001121401786804e-03 -2.701192628592252731e-03
-1.367372274398803711e-02 -1.876653730869293213e-02 -1.769297383725643158e-02 -1.445382554084062576e-02 -1.961186900734901428e-02 -1.833697594702243805e-02 -1.851353235542774200e-02 -1.568171381950378418e-02 -1.538497302681207657e-02 -1.835004426538944244e-02
-1.282242871820926666e-02 -1.939739473164081573e-02 -1.901957206428050995e-02 -1.476276107132434845e-02 -1.889459602534770966e-02 -1.812150329351425171e-02 -1.827405393123626709e-02 -1.616003364324569702e-02 -1.635766774415969849e-02 -1.800256222486495972e-02
-3.455295786261558533e-02 5.396808264777064323e-04 2.526266267523169518e-03 -2.343188412487506866e-02 1.513601979240775108e-03 2.687363186851143837e-03 3.491348819807171822e-03 -1.742636598646640778e-02 -1.261549443006515503e-02 3.461225656792521477e-03
-2.652673050761222839e-02 -9.599095792509615421e-04 1.497086486779153347e-03 -1.716649159789085388e-02 7.336341077461838722e-04 2.484488650225102901e-04 1.233848277479410172e-03 -3.402826189994812012e-02 -2.591336145997047424e-02 7.194388308562338352e-04
1.026435475796461105e-02 -4.737337119877338409e-03 -7.007158361375331879e-03 5.230005830526351929e-03 -7.797920145094394684e-03 -5.953929387032985687e-03 -1.318434160202741623e-02 2.748222090303897858e-02 1.896052807569503784e-02 -6.573624443262815475e-03
-1.309501752257347107e-02 -1.845226436853408813e-02 -1.809356920421123505e-02 -1.370717957615852356e-02 -1.927868649363517761e-02 -1.839672215282917023e-02 -1.817730627954006195e-02 -1.513914577662944794e-02 -1.634094677865505219e-02 -1.894759200513362885e-02
-1.017573103308677673e-02 -4.843138623982667923e-03 -5.751196760684251785e-03 1.017536316066980362e-02 -5.011428613215684891e-03 -3.778325160965323448e-03 -5.310620646923780441e-03 1.432438567280769348e-02 1.664630696177482605e-02 -6.535172462463378906e-03
-1.254524663090705872e-02 -1.865761168301105499e-02 -1.785498484969139099e-02 -1.398818939924240112e-02 -1.947462558746337891e-02 -1.900149509310722351e-02 -1.912699453532695770e-02 -1.417351420968770981e-02 -1.607879810035228729e-02 -1.851234957575798035e-02
-1.321692857891321182e-02 -1.781190931797027588e-02 -1.802130974829196930e-02 -1.453706808388233185e-02 -1.933835260570049286e-02 -1.761058159172534943e-02 -1.837810315191745758e-02 -1.620440371334552765e-02 -1.724956184625625610e-02 -1.829128339886665344e-02
-2.284607850015163422e-02 -4.326901398599147797e-03 -2.878427039831876755e-03 -2.955076098442077637e-02 -2.058786572888493538e-03 -3.660248126834630966e-03 -3.120552515611052513e-03 -3.987339511513710022e-02 -4.058349132537841797e-02 -1.798711135052144527e-03
-1.331733260303735733e-02 -1.742847450077533722e-02 -1.790247671306133270e-02 -1.367646455764770508e-02 -1.836306974291801453e-02 -1.825952716171741486e-02 -1.975855231285095215e-02 -1.513973157852888107e-02 -1.594891957938671112e-02 -1.764786615967750549e-02
1.112001668661832809e-02 -7.903169840574264526e-03 -8.032826706767082214e-03 9.828657843172550201e-03 -8.535816334187984467e-03 -7.512327283620834351e-03 -8.602354675531387329e-03 2.477934211492538452e-02 1.808793283998966217e-02 -8.353025652468204498e-03
-2.800643257796764374e-02 -8.944759611040353775e-04 2.471595362294465303e-04 -4.185667634010314941e-02 -1.185744302347302437e-03 -9.996278677135705948e-04 7.790125091560184956e-04 -1.238473318517208099e-02 -1.249385066330432892e-02 5.998871056362986565e-04
-3.230686858296394348e-02 -6.654053926467895508e-03 -6.663460284471511841e-03 3.722900873981416225e-04 -6.992113310843706131e-03 -6.586947478353977203e-03 -9.224514476954936981e-03 1.940894126892089844e-02 1.788614690303802490e-02 -7.881743833422660828e-03
-2.494300901889801025e-02 -4.322801716625690460e-03 -3.562645288184285164e-03 -1.193673070520162582e-02 -2.916896482929587364e-03 -3.515911754220724106e-03 -4.641198087483644485e-03 -2.701027132570743561e-02 -2.114980481564998627e-02 -4.073868971318006516e-03
-2.819438278675079346e-02 -4.805811622645705938e-04 4.145153216086328030e-04 -4.117373749613761902e-02 1.244900195160880685e-04 3.987225936725735664e-04 1.306551857851445675e-03 -1.567586511373519897e-02 -1.451191864907741547e-02 2.135274931788444519e-03
-2.609314583241939545e-02 -2.450136234983801842e-03 1.109834061935544014e-03 -3.299686685204505920e-02 4.583397094393149018e-05 1.292600645683705807e-04 1.160695333965122700e-03 -4.460629075765609741e-02 -4.517535492777824402e-02 2.118064323440194130e-03
-1.118754595518112183e-02 -7.655216613784432411e-04 -9.253512835130095482e-04 -7.841022685170173645e-03 -1.718481187708675861e-03 -1.940038520842790604e-03 -6.196160102263092995e-04 -4.065210232511162758e-04 4.844291252084076405e-04 -1.996145350858569145e-03
-2.315046824514865875e-02 -2.946791006252169609e-03 -1.615573768503963947e-03 -2.927862107753753662e-02 -2.477268222719430923e-03 -1.632630475796759129e-03 -1.352825667709112167e-03 -3.824771940708160400e-02 -3.942811861634254456e-02 -1.556479837745428085e-03
-1.364092063158750534e-02 -1.760384440422058105e-02 -1.824836060404777527e-02 -1.457984838634729385e-02 -1.939017884433269501e-02 -1.865222118794918060e-02 -1.892840303480625153e-02 -1.531930267810821533e-02 -1.575300842523574829e-02 -1.905228570103645325e-02
-1.873504742980003357e-02 -4.417771007865667343e-03 -4.524762276560068130e-03 -1.076982915401458740e-02 -4.494543652981519699e-03 -4.476463887840509415e-03 -5.777237005531787872e-03 -1.033051637932658195e-03 -5.405764561146497726e-03 -5.679524037986993790e-03
-1.304437499493360519e-02 -1.871214993298053741e-02 -1.752646453678607941e-02 -1.335921883583068848e-02 -1.948036253452301025e-02 -1.813494041562080383e-02 -1.809714920818805695e-02 -1.556658837944269180e-02 -1.604679599404335022e-02 -1.769835129380226135e-02
-2.283512242138385773e-02 -4.009588621556758881e-03 -5.725228693336248398e-04 -2.737129479646682739e-02 -2.112081972882151604e-03 -1.373911509290337563e-03 -1.552962814457714558e-03 -3.742272779345512390e-02 -3.539368510246276855e-02 -1.617396366782486439e-03
-2.433942630887031555e-02 -3.192301606759428978e-03 -2.462345873937010765e-03 -3.080997243523597717e-02 -1.298955525271594524e-03 -2.819407964125275612e-03 -1.711526419967412949e-03 -4.135516658425331116e-02 -4.255550727248191833e-02 -6.066168425604701042e-04
-1.357877277769148350e-03 1.043286360800266266e-02 1.267147064208984375e-02 2.353700064122676849e-02 1.317560952156782150e-02 1.118203252553939819e-02 1.594985648989677429e-02 -1.326590590178966522e-02 -1.400948269292712212e-03 1.127581205219030380e-02
-1.424369215965270996e-02 -1.780578680336475372e-02 -1.864807680249214172e-02 -1.454279478639364243e-02 -1.914156228303909302e-02 -1.839769445359706879e-02 -1.952077262103557587e-02 -1.494138315320014954e-02 -1.549688633531332016e-02 -1.837329193949699402e-02
-1.310471724718809128e-02 -1.914207637310028076e-02 -1.832786761224269867e-02 -1.436421182006597519e-02 -1.954165287315845490e-02 -1.763032935559749603e-02 -1.909497752785682678e-02 -1.476410403847694397e-02 -1.571538858115673065e-02 -1.766914129257202148e-02
1.319592818617820740e-02 1.998925115913152695e-03 1.078120665624737740e-03 9.861461818218231201e-03 -8.614450343884527683e-04 1.751891337335109711e-03 -2.239373716292902827e-04 7.085097953677177429e-03 6.497158668935298920e-03 6.870700162835419178e-04
-3.021189570426940918e-02 8.044568239711225033e-04 3.361433045938611031e-03 -3.742312639951705933e-02 2.625616732984781265e-03 1.958690816536545753e-03 3.293711459264159203e-03 -5.144970864057540894e-02 -5.076082795858383179e-02 3.687585704028606415e-03
-2.681265398859977722e-02 -1.735185505822300911e-03 8.745980449020862579e-04 -3.007506579160690308e-02 -7.935297908261418343e-04 6.952672993065789342e-05 9.273001342080533504e-04 -4.302017018198966980e-02 -4.295204207301139832e-02 3.044432378374040127e-04
-2.314356155693531036e-02 6.484887097030878067e-03 7.420778274536132812e-03 -5.735381040722131729e-03 7.646770216524600983e-03 7.809303235262632370e-03 9.380159899592399597e-03 -4.617496952414512634e-02 -2.942224591970443726e-02 8.220011368393898010e-03
-2.953917346894741058e-02 8.248751983046531677e-03 1.055951230227947235e-02 -7.992890663444995880e-03 9.619470685720443726e-03 9.790237993001937866e-03 9.932844899594783783e-03 -9.621134959161281586e-03 -3.492234973236918449e-03 1.013902667909860611e-02
-1.424378156661987305e-02 -1.913261413574218750e-02 -1.827066950500011444e-02 -1.477818004786968231e-02 -1.795626804232597351e-02 -1.753958128392696381e-02 -1.840879209339618683e-02 -1.460462715476751328e-02 -1.642177253961563110e-02 -1.807639002799987793e-02
-2.516077458858489990e-02 -5.636370740830898285e-03 -7.265392690896987915e-03 -3.638843074440956116e-02 -6.019482854753732681e-03 -5.894995760172605515e-03 -1.105872076004743576e-02 2.717509493231773376e-02 2.087625116109848022e-02 -6.736497860401868820e-03
