-5.766647867858409882e-03 -3.700171597301959991e-03 -4.646337125450372696e-03 -3.963657189160585403e-03 -5.514006130397319794e-03 -5.485229659825563431e-03 -3.160466207191348076e-03 -3.725160378962755203e-03 -4.259984008967876434e-03 -4.110868088901042938e-03
-3.145884955301880836e-03 -7.551038637757301331e-03 3.493161406368017197e-03 -9.194579906761646271e-03 -3.124357201159000397e-03 -1.221820712089538574e-03 -3.581525525078177452e-03 2.363834530115127563e-03 -6.626530084758996964e-04 2.375491661950945854e-03
-1.707548974081873894e-03 5.394644569605588913e-03 4.914874676614999771e-03 -9.595110081136226654e-03 -1.774454489350318909e-03 -1.676717511145398021e-05 6.992899347096681595e-03 8.589903824031352997e-03 -4.377588047645986080e-04 -6.114694289863109589e-03
-5.875601433217525482e-03 -3.912064712494611740e-03 -4.943604581058025360e-03 -3.024360863491892815e-03 -5.472962278872728348e-03 -4.373775795102119446e-03 -3.451726166531443596e-03 -3.414803417399525642e-03 -4.787830635905265808e-03 -3.963225055485963821e-03
-5.225013941526412964e-03 -4.639954771846532822e-03 -5.016591399908065796e-03 -3.116034902632236481e-03 -4.554153885692358017e-03 -5.415788386017084122e-03 -3.132607089355587959e-03 -3.822659142315387726e-03 -4.539839923381805420e-03 -3.972574137151241302e-03
-5.916144233196973801e-03 -3.542158519849181175e-03 -4.887761548161506653e-03 -3.937695175409317017e-03 -5.786504130810499191e-03 -4.451336339116096497e-03 -3.082696348428726196e-03 -3.746798960492014885e-03 -3.792831907048821449e-03 -3.796180710196495056e-03
1.478530815802514553e-03 3.800620092079043388e-03 1.254921406507492065e-02 -1.333132619038224220e-03 1.023097429424524307e-03 -1.071434351615607738e-03 -3.620412666350603104e-03 -1.194782648235559464e-02 1.809897948987782001e-03 -4.869946278631687164e-03
4.883459769189357758e-04 -4.421517252922058105e-03 -8.299086242914199829e-03 -3.731166943907737732e-03 -3.789722104556858540e-04 2.579673891887068748e-03 -9.044171310961246490e-03 -4.023627378046512604e-03 -6.914798635989427567e-03 1.156568992882966995e-03
-5.640196031890809536e-04 -8.584107272326946259e-03 -1.205230597406625748e-02 -4.161235876381397247e-03 -1.751913689076900482e-03 3.865072503685951233e-03 3.979466855525970459e-03 -4.184355493634939194e-03 3.333492670208215714e-03 2.171816769987344742e-03
-1.098518958315253258e-03 -1.169144734740257263e-02 7.989876903593540192e-04 -6.701303180307149887e-03 -1.817185664549469948e-03 -2.479787217453122139e-04 -6.039014086127281189e-03 -1.261300407350063324e-02 -3.297143848612904549e-03 1.315246219746768475e-03
8.578973356634378433e-04 -6.072524935007095337e-03 4.822400864213705063e-03 -9.444370516575872898e-04 1.125215552747249603e-03 4.619801184162497520e-04 -6.220978684723377228e-04 6.880372529849410057e-04 -1.574327982962131500e-02 5.595667287707328796e-03
-8.237882866524159908e-04 2.062077866867184639e-03 5.401247763074934483e-04 -5.295901559293270111e-03 3.678286448121070862e-04 -5.511850467883050442e-04 -5.292657762765884399e-03 -1.030691899359226227e-02 -9.088359773159027100e-03 -1.196219399571418762e-02
-1.570135820657014847e-03 -2.610224764794111252e-04 -3.238928737118840218e-03 2.832919824868440628e-03 -1.669392455369234085e-03 -2.297568833455443382e-03 5.890322383493185043e-03 7.292206864804029465e-03 -5.094390362501144409e-03 2.253828570246696472e-03
1.652920851483941078e-03 -4.694646224379539490e-03 -9.486386552453041077e-03 3.495189594104886055e-03 1.635813270695507526e-03 8.136833086609840393e-03 -1.839574798941612244e-02 -5.169461015611886978e-03 -2.944817533716559410e-03 6.302437745034694672e-03
3.570466535165905952e-03 -5.819200538098812103e-03 -5.595707334578037262e-04 -5.530460271984338760e-03 4.261491354554891586e-03 4.386177286505699158e-03 -9.765595197677612305e-03 -6.210302468389272690e-03 1.294120564125478268e-03 -2.364050364121794701e-03
-5.861305631697177887e-03 -4.880424123257398605e-03 -4.299094434827566147e-03 -3.312194952741265297e-03 -5.459185689687728882e-03 -4.370857961475849152e-03 -3.460382344201207161e-03 -3.655899781733751297e-03 -3.400759771466255188e-03 -4.830902907997369766e-03
-1.484162639826536179e-03 -9.051510132849216461e-04 -8.481179364025592804e-03 -1.952366670593619347e-03 -1.579898875206708908e-03 3.189200535416603088e-03 -8.494101464748382568e-03 -1.313099404796957970e-03 -1.097090169787406921e-02 2.907816378865391016e-04
1.531338086351752281e-03 -1.327684894204139709e-02 7.469064090400934219e-03 -8.890808559954166412e-03 4.048136761412024498e-04 -4.700126126408576965e-03 -7.724476978182792664e-03 -1.027555018663406372e-02 5.278781056404113770e-03 1.156436861492693424e-03
-2.774347551167011261e-03 -3.811435308307409286e-03 -3.836736083030700684e-03 2.154518879251554608e-04 -2.095983596518635750e-03 -6.396740791387856007e-04 2.058277605101466179e-03 1.054882444441318512e-02 -9.030136279761791229e-03 3.978152759373188019e-03
-1.557215931825339794e-03 4.075398202985525131e-03 7.430219557136297226e-03 3.829900408163666725e-03 -2.722456119954586029e-03 -1.103274989873170853e-02 -5.923938471823930740e-03 6.960553582757711411e-03 -1.007538754492998123e-03 1.842597383074462414e-03
2.740585710853338242e-03 -1.066488912329077721e-03 -4.604304194799624383e-05 -9.046564809978008270e-03 3.333281027153134346e-03 6.171020679175853729e-03 -1.100744307041168213e-02 -1.296247541904449463e-02 -9.034791029989719391e-03 -1.788505818694829941e-03
-4.613725468516349792e-03 -4.861502908170223236e-03 -4.439961165189743042e-03 -3.028403967618942261e-03 -5.228342954069375992e-03 -4.626460839062929153e-03 -3.319689771160483360e-03 -3.458236344158649445e-03 -4.125405102968215942e-03 -5.009377840906381607e-03
-4.038929473608732224e-03 -3.530138405039906502e-03 -5.289728287607431412e-03 -3.145507071167230606e-03 -5.799598526209592819e-03 -5.268041510134935379e-03 -3.327531972900032997e-03 -4.267971031367778778e-03 -3.387810662388801575e-03 -4.708653781563043594e-03
-5.654064007103443146e-03 -3.910022322088479996e-03 -5.455348640680313110e-03 -2.801808761432766914e-03 -5.335772875696420670e-03 -4.720886237919330597e-03 -2.488232683390378952e-03 -3.451546886935830116e-03 -3.552446607500314713e-03 -4.731472581624984741e-03
-5.764681845903396606e-03 -4.456794355064630508e-03 -5.383722018450498581e-03 -2.455706009641289711e-03 -5.115098319947719574e-03 -4.304714966565370560e-03 -2.610954688861966133e-03 -3.388607641682028770e-03 -3.656073939055204391e-03 -5.359725560992956161e-03
-5.083993542939424515e-03 -3.354352898895740509e-03 -3.929665312170982361e-03 -3.167138434946537018e-03 -5.946766119450330734e-03 -5.171956028789281845e-03 -3.710058517754077911e-03 -3.707449883222579956e-03 -4.173908382654190063e-03 -4.792049527168273926e-03
6.588642136193811893e-04 -1.427648682147264481e-02 -7.406034972518682480e-03 -8.835727348923683167e-03 6.319215171970427036e-04 3.307041944935917854e-03 2.150226151570677757e-03 -1.017798297107219696e-02 6.426490377634763718e-03 4.393064416944980621e-03
-5.130439065396785736e-03 -3.686292329803109169e-03 -5.359852220863103867e-03 -2.983803395181894302e-03 -5.917930509895086288e-03 -4.346374887973070145e-03 -2.578326733782887459e-03 -3.493349300697445869e-03 -4.325852263718843460e-03 -4.248824901878833771e-03
2.102280035614967346e-03 2.998065669089555740e-03 3.275979310274124146e-03 1.408085343427956104e-03 2.558561507612466812e-03 3.498975187540054321e-03 1.589712500572204590e-02 -2.641556086018681526e-03 -9.159973822534084320e-03 -6.478288210928440094e-03
-5.656071938574314117e-03 -3.489899914711713791e-03 -4.687100183218717575e-03 -4.006751347333192825e-03 -5.482818465679883957e-03 -5.342121701687574387e-03 -3.024886595085263252e-03 -4.161491524428129196e-03 -4.202482756227254868e-03 -4.068315960466861725e-03
-1.723620342090725899e-03 -1.551993656903505325e-02 1.043057069182395935e-03 -9.273980744183063507e-03 -1.652184640988707542e-03 1.704706228338181973e-03 1.478287740610539913e-03 -7.524338550865650177e-03 9.792350465431809425e-04 3.957813140004873276e-03
-6.186670623719692230e-03 -4.304024390876293182e-03 -5.322327371686697006e-03 -3.603694960474967957e-03 -4.499111790210008621e-03 -4.656179342418909073e-03 -3.393013263121247292e-03 -4.482521209865808487e-03 -3.501037601381540298e-03 -4.368755500763654709e-03
-1.798802404664456844e-03 -1.298667676746845245e-02 1.511198701336979866e-03 -7.526267785578966141e-03 -2.291006036102771759e-03 -1.491524046286940575e-03 -7.795485202223062515e-03 -1.088059041649103165e-02 3.631297731772065163e-03 3.608086844906210899e-03
-2.206396544352173805e-03 -3.664726624265313148e-03 1.109192427247762680e-02 -6.042783148586750031e-03 -3.426793264225125313e-03 -5.590610206127166748e-03 8.726989850401878357e-03 1.006632577627897263e-02 -3.911816980689764023e-03 1.428662566468119621e-03
2.167040249332785606e-03 2.730723237618803978e-03 -4.375772550702095032e-03 -2.874559722840785980e-03 1.910912571474909782e-03 1.810700050555169582e-03 -6.842729053460061550e-04 1.563613885082304478e-03 3.131134901195764542e-03 -4.225484561175107956e-03
-4.540383815765380859e-03 -3.531859023496508598e-03 -5.249963607639074326e-03 -3.174838609993457794e-03 -4.771244712173938751e-03 -5.300290882587432861e-03 -3.296391572803258896e-03 -4.815494176000356674e-03 -4.047676920890808105e-03 -5.303245969116687775e-03
-2.070838818326592445e-03 6.813365034759044647e-03 -1.953573198989033699e-03 -3.279371885582804680e-04 -1.146774855442345142e-03 -6.073940312489867210e-05 3.537393407896161079e-03 -2.407222520560026169e-03 -1.081549655646085739e-02 -8.166690357029438019e-03
7.906879764050245285e-04 1.369016361422836781e-03 3.916631918400526047e-03 -7.702005561441183090e-03 1.351928920485079288e-03 5.982761504128575325e-04 -5.193488672375679016e-03 -1.176465582102537155e-02 -6.542530842125415802e-03 -1.375270821154117584e-02
5.357271584216505289e-05 -4.213025793433189392e-03 -6.136649288237094879e-03 8.817217894829809666e-05 -2.903789863921701908e-04 -5.688112694770097733e-03 1.949061988852918148e-03 1.004817709326744080e-02 -4.197003319859504700e-03 4.387625958770513535e-03
2.456048503518104553e-03 3.183278720825910568e-03 -5.334292072802782059e-03 2.163652330636978149e-03 3.167756833136081696e-03 -1.142506254836916924e-03 -6.890752818435430527e-03 -4.624566994607448578e-03 -1.572416629642248154e-03 -5.977801512926816940e-03
-8.310499833896756172e-04 -9.407222270965576172e-03 1.804696279577910900e-03 -6.339640822261571884e-03 -1.501706865383312106e-04 -2.361904480494558811e-04 -5.745403934270143509e-03 -1.037633139640092850e-02 -7.995896041393280029e-03 -3.856192110106348991e-03
-4.770004190504550934e-03 -4.866125062108039856e-03 -4.809563048183917999e-03 -3.693641163408756256e-03 -5.459266249090433121e-03 -4.614721518009901047e-03 -3.695489373058080673e-03 -3.471424337476491928e-03 -3.853589296340942383e-03 -4.209851380437612534e-03
-1.578619587235152721e-03 -1.078714895993471146e-02 -4.925834946334362030e-04 -7.191621698439121246e-03 -2.265775576233863831e-03 -8.876379579305648804e-04 -5.776044446974992752e-03 -1.283535081893205643e-02 1.269050524570047855e-03 2.838443499058485031e-03
-5.480559077113866806e-03 -3.613569773733615875e-03 -5.518299993127584457e-03 -2.417780924588441849e-03 -5.616836249828338623e-03 -4.906570073217153549e-03 -2.567699644714593887e-03 -3.804629668593406677e-03 -4.321403335779905319e-03 -4.357633180916309357e-03
-2.223891904577612877e-03 7.275029551237821579e-03 -3.838501172140240669e-03 -4.112797323614358902e-03 -6.515526911243796349e-04 -1.618443871848285198e-03 8.208979852497577667e-04 1.041557407006621361e-03 -8.369238348677754402e-04 -7.863499224185943604e-03
-5.561443511396646500e-03 -4.569002427160739899e-03 -5.382505245506763458e-03 -3.350653918460011482e-03 -5.253175273537635803e-03 -4.407362081110477448e-03 -2.358126686885952950e-03 -4.194712731987237930e-03 -2.903881948441267014e-03 -4.723895341157913208e-03
-5.742048961110413074e-04 -6.219558417797088623e-03 -1.385366637259721756e-02 7.339252158999443054e-03 1.789426023606210947e-04 -1.306808087974786758e-03 -1.215872913599014282e-02 -3.882672172039747238e-03 5.739583633840084076e-03 2.965159248560667038e-03
-1.631425460800528526e-03 -1.075365487486124039e-02 -4.553805571049451828e-03 -5.851803813129663467e-03 -1.504787593148648739e-03 9.132070117630064487e-04 -7.547220215201377869e-03 -1.062557008117437363e-02 3.131004981696605682e-03 3.111521946266293526e-03
-5.098116118460893631e-03 -4.064402077347040176e-03 -5.471169482916593552e-03 -2.836321247741580009e-03 -4.834884777665138245e-03 -4.582289606332778931e-03 -2.784645184874534607e-03 -4.418171942234039307e-03 -3.635872388258576393e-03 -5.466143134981393814e-03
4.550140874926000834e-04 9.440061985515058041e-04 5.946202436462044716e-04 3.527663066051900387e-04 -3.232145099900662899e-04 4.713454982265830040e-04 -1.264145132154226303e-03 -4.247528966516256332e-03 2.473164349794387817e-03 -2.392884809523820877e-03
-5.633198888972401619e-04 -5.634743254631757736e-03 -5.102649331092834473e-03 -2.338790101930499077e-03 -6.939751328900456429e-04 6.854457780718803406e-03 -1.249299291521310806e-02 -3.133283695206046104e-03 -9.369594044983386993e-03 1.004675123840570450e-02
-1.108337237383238971e-04 -1.151087344624102116e-03 -4.426374565809965134e-03 -6.497935391962528229e-03 -5.339642520993947983e-04 1.846661325544118881e-03 -2.372228540480136871e-03 -8.214836125262081623e-04 -4.199633840471506119e-03 -2.353378804400563240e-03
7.008646614849567413e-03 4.527632845565676689e-04 -8.578862994909286499e-03 -6.820742972195148468e-03 7.374174427241086960e-03 5.448575597256422043e-03 -9.984655305743217468e-03 -1.633980544283986092e-03 -2.497406210750341415e-03 4.113299655728042126e-04
-1.182756153866648674e-03 -3.365002106875181198e-03 4.657617304474115372e-03 -6.471081171184778214e-03 -1.925779506564140320e-03 -6.182140670716762543e-03 -4.966194741427898407e-03 -2.343383617699146271e-03 4.740180913358926773e-03 -5.219958722591400146e-03
-5.730763543397188187e-03 -4.341510590165853500e-03 -4.456850234419107437e-03 -3.497877856716513634e-03 -6.143366917967796326e-03 -4.664756823331117630e-03 -3.803988685831427574e-03 -3.342480864375829697e-03 -4.141415003687143326e-03 -4.842906259000301361e-03
4.866502247750759125e-03 -4.178579896688461304e-03 -9.536838158965110779e-03 -6.800841540098190308e-03 5.649784114211797714e-03 1.138221938163042068e-02 -5.233312025666236877e-03 -5.132954567670822144e-03 1.041532494127750397e-03 -4.625152214430272579e-04
-4.357493948191404343e-03 -4.152717068791389465e-03 -5.003749392926692963e-03 -3.407597308978438377e-03 -6.142729427665472031e-03 -4.032046534121036530e-03 -2.556713065132498741e-03 -4.420340061187744141e-03 -3.327566897496581078e-03 -4.457655828446149826e-03
-3.100740024819970131e-03 -4.502521827816963196e-03 3.092579077929258347e-03 -2.037036931142210960e-03 -2.512832637876272202e-03 -7.444055285304784775e-03 1.067430339753627777e-02 1.501565915532410145e-03 1.260803639888763428e-02 -3.090066835284233093e-03
-2.321340143680572510e-03 4.842123948037624359e-03 1.132335280999541283e-03 5.675555672496557236e-03 -1.916817971505224705e-03 -2.299020998179912567e-03 -9.028775617480278015e-03 5.113080609589815140e-03 -9.596872143447399139e-03 -1.379502209601923823e-04
-5.680284462869167328e-03 -4.557756241410970688e-03 -4.950458183884620667e-03 -2.839535009115934372e-03 -4.627563990652561188e-03 -5.631543695926666260e-03 -3.335981629788875580e-03 -3.589706029742956161e-03 -4.606361500918865204e-03 -5.010802764445543289e-03
-2.261790214106440544e-03 -6.007020827382802963e-03 -2.564715105108916759e-04 -1.473107258789241314e-03 -2.138131065294146538e-03 -8.978177793323993683e-03 -6.231686566025018692e-04 6.587134674191474915e-03 2.902042819187045097e-03 6.332973716780543327e-04
-2.235471969470381737e-03 -3.092045430094003677e-03 -7.239112164825201035e-04 -5.836594849824905396e-03 -2.766257384791970253e-03 3.179474268108606339e-03 5.504413507878780365e-03 -2.094288647640496492e-04 1.050642039626836777e-02 3.032849868759512901e-03
-1.669642981141805649e-03 -1.397444750182330608e-03 1.242919475771486759e-03 6.714293267577886581e-04 -9.953849948942661285e-04 -8.125021122395992279e-03 -4.774136003106832504e-03 9.822678752243518829e-03 -1.897479291073977947e-03 2.914655720815062523e-03
-5.876708775758743286e-03 -3.797686658799648285e-03 -4.487544298171997070e-03 -2.745942212641239166e-03 -5.446630530059337616e-03 -4.466147162020206451e-03 -3.671772778034210205e-03 -4.702675156295299530e-03 -3.982404712587594986e-03 -4.159848671406507492e-03
-2.563036978244781494e-03 -2.908068010583519936e-03 -1.636114902794361115e-02 2.388503868132829666e-03 -1.801059464924037457e-03 -6.725314538925886154e-03 -1.050954498350620270e-02 3.864937927573919296e-03 8.194155991077423096e-03 -6.950511597096920013e-04
-2.106915693730115891e-03 7.730848155915737152e-03 -1.958835171535611153e-03 1.047494704835116863e-03 -2.596889156848192215e-03 -2.187951933592557907e-03 3.770760493353009224e-03 6.411928217858076096e-03 2.249596873298287392e-03 -1.390543533489108086e-03
-3.170524490997195244e-03 2.998195122927427292e-03 -1.727030394249595702e-06 6.408925168216228485e-03 -3.702620975673198700e-03 -4.703287966549396515e-03 -6.838675122708082199e-03 3.241447266191244125e-03 5.931000690907239914e-03 7.523908861912786961e-04
-5.843070801347494125e-03 -3.635470289736986160e-03 -4.455037415027618408e-03 -3.152152290567755699e-03 -5.534862168133258820e-03 -5.431522149592638016e-03 -2.927722875028848648e-03 -4.690770059823989868e-03 -3.743234323337674141e-03 -4.455855581909418106e-03
2.841916168108582497e-03 -2.110778819769620895e-03 5.628493614494800568e-03 -1.168757211416959763e-02 2.549523254856467247e-03 4.907296039164066315e-03 -6.505419500172138214e-03 -1.721935346722602844e-02 9.143973147729411721e-05 -7.394737564027309418e-03
-4.540229216217994690e-03 -4.158721305429935455e-03 -4.186834208667278290e-03 -2.747602993622422218e-03 -6.071884650737047195e-03 -4.642719868570566177e-03 -3.523283172398805618e-03 -3.397984895855188370e-03 -3.873819019645452499e-03 -4.280158784240484238e-03
-4.457226023077964783e-03 -5.013684742152690887e-03 -4.699188284575939178e-03 -3.793457057327032089e-03 -5.265634972602128983e-03 -5.615761503577232361e-03 -3.735088743269443512e-03 -3.393430262804031372e-03 -3.704182570800185204e-03 -4.065226297825574875e-03
-5.286897532641887665e-03 -4.601886030286550522e-03 -4.350441507995128632e-03 -3.767955116927623749e-03 -5.189246498048305511e-03 -5.473780445754528046e-03 -3.711406607180833817e-03 -3.453540382906794548e-03 -3.679999615997076035e-03 -4.250390920788049698e-03
7.328922220040112734e-05 2.654045820236206055e-03 5.315546877682209015e-04 -6.283429916948080063e-03 -1.076822401955723763e-03 5.990781355649232864e-04 -5.536106415092945099e-03 -9.803100489079952240e-03 -9.027000516653060913e-03 -1.344028953462839127e-02
-5.489711184054613113e-03 -4.551735706627368927e-03 -4.105928353965282440e-03 -3.206080058589577675e-03 -5.295854993164539337e-03 -4.699735902249813080e-03 -3.464767243713140488e-03 -4.489113111048936844e-03 -4.576934967190027237e-03 -4.156711511313915253e-03
5.666077486239373684e-04 -7.890745997428894043e-03 2.732589608058333397e-03 -8.143945597112178802e-03 1.651131431572139263e-03 2.576754195615649223e-03 -7.510469295084476471e-03 -1.449135877192020416e-02 -6.279933732002973557e-03 -4.853743128478527069e-03
-4.381260834634304047e-03 -4.789722152054309845e-03 -5.522314924746751785e-03 -3.857046831399202347e-03 -4.833665676414966583e-03 -5.356946494430303574e-03 -3.202805528417229652e-03 -4.109099507331848145e-03 -3.343555843457579613e-03 -4.294437821954488754e-03
-5.525421351194381714e-03 -4.340756684541702271e-03 -4.509537946432828903e-03 -3.442113986238837242e-03 -5.065447650849819183e-03 -4.788608755916357040e-03 -2.550678560510277748e-03 -4.661473445594310760e-03 -3.820862853899598122e-03 -4.653506446629762650e-03
2.134401351213455200e-03 6.420950521714985371e-04 -2.272783778607845306e-03 -7.525798864662647247e-03 2.858651103451848030e-03 8.239866583608090878e-04 -1.073209941387176514e-02 -7.109318859875202179e-03 1.901637151604518294e-04 -6.926247850060462952e-03
-4.677076824009418488e-03 -4.347766283899545670e-03 -4.309591371566057205e-03 -2.552647376433014870e-03 -5.773025564849376678e-03 -5.574531387537717819e-03 -3.415540093556046486e-03 -4.553550854325294495e-03 -3.963002935051918030e-03 -4.439252428710460663e-03
1.751870033331215382e-03 -5.902926437556743622e-03 4.784802440553903580e-03 -8.849969133734703064e-03 3.003582824021577835e-03 3.363592084497213364e-03 -6.637184880673885345e-03 -1.759312674403190613e-02 -6.368939764797687531e-03 -6.724307779222726822e-03
-6.666635745204985142e-04 -7.870313711464405060e-03 7.585647981613874435e-03 -1.108355727046728134e-02 -1.955724786967039108e-03 1.811019727028906345e-03 1.510662864893674850e-02 -1.067989272996783257e-03 9.933451656252145767e-04 1.316807698458433151e-03
-5.554283037781715393e-03 -3.560049459338188171e-03 -5.022149998694658279e-03 -3.401925321668386459e-03 -5.910796113312244415e-03 -4.170421045273542404e-03 -2.660743426531553268e-03 -4.561221692711114883e-03 -3.941773436963558197e-03 -4.865087103098630905e-03
2.043887041509151459e-03 -1.340977498330175877e-03 -8.275340311229228973e-03 1.129207201302051544e-02 1.212042174302041531e-03 -4.424703773111104965e-03 3.679853398352861404e-03 3.550680819898843765e-03 1.115143764764070511e-03 2.026612870395183563e-03
1.255283597856760025e-03 -5.982050206512212753e-03 -1.270774472504854202e-02 4.438248462975025177e-03 1.002278993837535381e-03 6.212877575308084488e-03 -1.341328304260969162e-02 -5.460801068693399429e-03 -6.833549123257398605e-03 4.175153560936450958e-03
3.494519973173737526e-03 6.062885746359825134e-03 8.566506439819931984e-04 -6.583875510841608047e-03 2.601127140223979950e-03 -2.446535276249051094e-03 -9.332224726676940918e-03 4.044101107865571976e-03 -1.102770911529660225e-03 -7.282408885657787323e-03
-3.276191418990492821e-03 -6.183295045047998428e-05 -3.463390748947858810e-03 3.163054585456848145e-03 -3.452443983405828476e-03 7.459058542735874653e-05 7.776116952300071716e-03 5.589297972619533539e-03 -9.835354052484035492e-03 2.197845606133341789e-04
-4.243108909577131271e-03 -4.629519768059253693e-03 -4.667504224926233292e-03 -3.547038650140166283e-03 -4.984013270586729050e-03 -5.529060494154691696e-03 -3.538300748914480209e-03 -3.976020961999893188e-03 -4.260160494595766068e-03 -4.292121157050132751e-03
1.431770040653645992e-03 -3.536056028679013252e-03 3.762356238439679146e-03 -1.293048262596130371e-02 5.004669073969125748e-04 -1.521348836831748486e-03 3.633346932474523783e-04 -1.098441542126238346e-03 3.267602063715457916e-03 -9.807397611439228058e-03
-4.497540183365345001e-03 -4.654901567846536636e-03 -5.307865794748067856e-03 -2.213530009612441063e-03 -4.802906885743141174e-03 -5.255175288766622543e-03 -2.453673398122191429e-03 -3.418308449909090996e-03 -4.325662739574909210e-03 -4.809383768588304520e-03
-4.241760820150375366e-03 -1.260606222786009312e-03 1.293777488172054291e-02 4.096877761185169220e-03 -5.193518474698066711e-03 -1.545087248086929321e-02 5.715824197977781296e-03 2.661370905116200447e-03 -1.240696408785879612e-03 -1.023925491608679295e-03
-3.195023164153099060e-03 -2.665897365659475327e-03 -4.471853841096162796e-03 -5.534434458240866661e-04 -3.123633796349167824e-03 -2.305901580257341266e-04 -1.172058400698006153e-03 8.817056193947792053e-03 3.928870428353548050e-03 2.128775813616812229e-04
-3.419826738536357880e-03 1.038903021253645420e-03 1.464708708226680756e-03 1.360990945249795914e-02 -3.297446062788367271e-03 -6.067137233912944794e-03 -2.407144347671419382e-04 2.336697420105338097e-03 -7.372279185801744461e-03 -3.206351830158382654e-04
-1.819716650061309338e-03 -8.525550947524607182e-04 -3.448933828622102737e-03 -5.417313077487051487e-04 -3.410737495869398117e-03 -2.311519201612100005e-04 1.996206119656562805e-02 5.502632819116115570e-03 -5.655326880514621735e-03 -1.950837089680135250e-03
-2.729216823354363441e-03 -7.651574560441076756e-04 -9.016140364110469818e-03 1.720619620755314827e-03 -2.808955032378435135e-03 -5.716306623071432114e-03 -2.852690638974308968e-03 2.955869422294199467e-04 -1.568235224112868309e-03 -1.234718482010066509e-03
-5.324956960976123810e-03 -4.238901194185018539e-03 -4.185079596936702728e-03 -3.258160548284649849e-03 -4.968332592397928238e-03 -4.728304687887430191e-03 -2.130862325429916382e-03 -4.590639378875494003e-03 -3.306272672489285469e-03 -5.429115612059831619e-03
-2.694656839594244957e-03 2.116095740348100662e-03 -5.519324447959661484e-03 -5.621973890811204910e-03 -3.492762567475438118e-03 -3.089485457167029381e-03 -3.713265759870409966e-04 8.140508434735238552e-04 4.378845449537038803e-03 -5.021915305405855179e-03
2.530527999624609947e-04 -6.910689640790224075e-03 2.544442191720008850e-03 1.419408363290131092e-03 -1.346587669104337692e-03 -1.133736572228372097e-03 -4.537971690297126770e-03 2.838750602677464485e-03 -8.115408010780811310e-03 1.114146132022142410e-02
-1.530723762698471546e-03 -2.668593311682343483e-03 2.122673904523253441e-03 1.936993794515728951e-03 -3.400283865630626678e-03 1.693607773631811142e-03 1.737980172038078308e-03 5.531170405447483063e-03 -3.732828423380851746e-03 6.895634811371564865e-03
-5.156962666660547256e-03 -4.354576580226421356e-03 -5.243290681391954422e-03 -2.373911673203110695e-03 -4.716576542705297470e-03 -5.186178255826234818e-03 -3.404698567464947701e-03 -4.096548538655042648e-03 -4.215152468532323837e-03 -4.920250270515680313e-03
-5.812557879835367203e-03 -3.733009332790970802e-03 -5.315950140357017517e-03 -3.318463452160358429e-03 -5.578700918704271317e-03 -4.140094388276338577e-03 -3.708544187247753143e-03 -3.061877097934484482e-03 -3.676329506561160088e-03 -3.862422425299882889e-03
-5.721465568058192730e-04 2.568004420027136803e-03 -1.273111207410693169e-03 -1.163084153085947037e-02 -1.584890531376004219e-03 -1.868178951554000378e-03 -1.289733778685331345e-02 3.111994592472910881e-04 6.517820991575717926e-03 -5.198886618018150330e-03
-4.639397375285625458e-03 -5.007571075111627579e-03 -5.139841698110103607e-03 -2.820129506289958954e-03 -5.528115667402744293e-03 -5.227469839155673981e-03 -3.351042047142982483e-03 -3.704771166667342186e-03 -3.305799560621380806e-03 -4.280968103557825089e-03
-4.030536860227584839e-03 -3.452716628089547157e-03 -5.400296766310930252e-03 -3.096379805356264114e-03 -5.681558046489953995e-03 -5.411098245531320572e-03 -2.595568541437387466e-03 -4.176240414381027222e-03 -4.039428196847438812e-03 -4.534182604402303696e-03
-5.719280336052179337e-03 -4.937707912176847458e-03 -4.368259105831384659e-03 -2.973377471789717674e-03 -4.646198358386754990e-03 -4.775272682309150696e-03 -2.242493210360407829e-03 -4.891962744295597076e-03 -4.067702218890190125e-03 -4.389556124806404114e-03
-6.065385416150093079e-03 -4.119217395782470703e-03 -4.181760828942060471e-03 -3.756303107365965843e-03 -5.385271273553371429e-03 -4.480890464037656784e-03 -2.644079038873314857e-03 -4.383041057735681534e-03 -3.420392284169793129e-03 -4.017004277557134628e-03
-5.123285111039876938e-03 -3.366382559761404991e-03 -5.120701156556606293e-03 -2.516310894861817360e-03 -5.850897170603275299e-03 -5.171683616936206818e-03 -3.117536660283803940e-03 -3.825868479907512665e-03 -4.141921177506446838e-03 -4.601205233484506607e-03
-5.598627496510744095e-03 -3.363594412803649902e-03 -4.319597966969013214e-03 -2.591011580079793930e-03 -4.367909859865903854e-03 -5.461330525577068329e-03 -2.298065694049000740e-03 -3.782831132411956787e-03 -4.610064905136823654e-03 -5.063090473413467407e-03
-5.906464066356420517e-03 -4.721871111541986465e-03 -5.303776822984218597e-03 -3.356802975758910179e-03 -4.197625443339347839e-03 -3.972000442445278168e-03 -2.936919685453176498e-03 -3.892744425684213638e-03 -3.994861617684364319e-03 -4.953478928655385971e-03
-5.582403391599655151e-03 -4.480272065848112106e-03 -5.123352166265249252e-03 -3.602488432079553604e-03 -5.001626908779144287e-03 -5.161906126886606216e-03 -2.625980414450168610e-03 -4.549891687929630280e-03 -3.492831951007246971e-03 -4.950710572302341461e-03
-3.483646316453814507e-03 6.244856864213943481e-03 -5.285088904201984406e-03 -1.150949508883059025e-03 -4.224998876452445984e-03 1.968437805771827698e-03 9.873373433947563171e-03 7.860166806494817138e-05 2.946381457149982452e-03 -8.337915875017642975e-03
-9.717747452668845654e-04 1.690289005637168884e-03 7.188460440374910831e-04 -5.392394028604030609e-03 6.680823862552642822e-04 5.141558358445763588e-04 -5.287888459861278534e-03 -1.029888913035392761e-02 -7.906191051006317139e-03 -1.352417841553688049e-02
-4.663615953177213669e-03 -3.793684532865881920e-03 -4.609053488820791245e-03 -2.619099570438265800e-03 -4.785566590726375580e-03 -5.198822356760501862e-03 -2.697353018447756767e-03 -4.531854763627052307e-03 -4.861161112785339355e-03 -4.344368353486061096e-03
-1.565747079439461231e-03 -7.236064877361059189e-03 -1.092687156051397324e-02 1.863283920101821423e-03 1.490334980189800262e-04 -1.098927808925509453e-03 -1.105573400855064392e-02 -5.395149812102317810e-03 8.000115863978862762e-03 1.950858393684029579e-03
-4.941800143569707870e-03 -4.545280244201421738e-03 -5.379949230700731277e-03 -3.840633900836110115e-03 -6.011920981109142303e-03 -4.971379879862070084e-03 -2.905492903664708138e-03 -4.418702796101570129e-03 -3.341993549838662148e-03 -3.652061801403760910e-03
1.827400643378496170e-03 -9.341043769381940365e-04 4.114987328648567200e-03 6.769145373255014420e-03 2.246288349851965904e-03 1.621652045287191868e-03 -9.203348308801651001e-03 -9.375278023071587086e-04 -5.302764475345611572e-03 7.617893628776073456e-03
-8.014246704988181591e-04 1.844459562562406063e-03 -2.263417840003967285e-02 6.481420248746871948e-03 -9.400038106832653284e-05 -3.447437193244695663e-03 -1.026446465402841568e-02 6.248603574931621552e-03 -1.321628806181252003e-03 8.769069099798798561e-04
-2.266203984618186951e-03 -9.419926791451871395e-04 -1.627745665609836578e-02 3.036727197468280792e-03 -1.953786006197333336e-03 -1.261659525334835052e-02 -2.544882707297801971e-03 1.166635658591985703e-03 7.569473236799240112e-03 -2.188100945204496384e-03
-1.885528443381190300e-03 -1.052646059542894363e-02 1.226605731062591076e-03 -5.757120903581380844e-03 -1.057365327142179012e-03 5.019874661229550838e-04 -5.970938131213188171e-03 -1.219524629414081573e-02 -3.009325591847300529e-03 1.620868861209601164e-04
2.404160331934690475e-03 3.490069182589650154e-03 -1.234738738276064396e-03 -1.636864850297570229e-03 3.436255734413862228e-03 5.835409741848707199e-03 -9.324515238404273987e-03 -6.493513938039541245e-03 -1.730711199343204498e-02 -7.573930080980062485e-03
-2.342361724004149437e-03 -1.846778672188520432e-03 -3.547444241121411324e-03 4.467393737286329269e-04 -2.277395455166697502e-03 -4.045757930725812912e-03 7.204293739050626755e-03 2.953208284452557564e-03 -6.027780007570981979e-03 -3.064509946852922440e-04
-5.022674333304166794e-03 -3.543966915458440781e-03 -4.725691396743059158e-03 -2.544070128351449966e-03 -5.189937539398670197e-03 -5.091899074614048004e-03 -3.359992988407611847e-03 -4.758952185511589050e-03 -4.351777490228414536e-03 -5.314959678798913956e-03
2.576491562649607658e-03 -9.851594455540180206e-03 4.089183174073696136e-03 -1.063158363103866577e-02 2.390992362052202225e-03 -8.796603651717305183e-05 -1.101041585206985474e-02 -9.149851277470588684e-03 4.644788801670074463e-03 -2.212844701716676354e-04
-1.439047278836369514e-03 -2.061811974272131920e-03 -3.140708431601524353e-03 -1.120673492550849915e-02 -2.082783263176679611e-03 5.491759162396192551e-03 2.314402372576296329e-04 4.008998628705739975e-03 -3.614899702370166779e-03 -4.315334372222423553e-03
-4.565254203043878078e-04 2.930699847638607025e-03 5.048964638262987137e-03 -9.527398273348808289e-03 -3.612240252550691366e-04 4.097596276551485062e-03 5.809749010950326920e-03 -1.020790636539459229e-02 -3.412571037188172340e-03 -1.392159797251224518e-02
1.765088876709342003e-03 -4.159770905971527100e-03 -3.002959070727229118e-03 -2.138370764441788197e-04 2.311802702024579048e-03 5.225736647844314575e-03 -1.048046909272670746e-02 -1.207476388663053513e-02 -8.516493253409862518e-03 1.069843652658164501e-03
-3.517525969073176384e-03 1.399701432092115283e-04 -7.457348052412271500e-03 -5.445056594908237457e-03 -3.428854513913393021e-03 3.576266113668680191e-03 1.544864568859338760e-02 2.522767055779695511e-03 -5.028984043747186661e-03 -3.320439253002405167e-03
3.595465794205665588e-03 -3.534126561135053635e-03 1.008758600801229477e-02 -1.403272617608308792e-02 2.186117693781852722e-03 2.329684793949127197e-03 -3.442330984398722649e-03 -1.048755645751953125e-02 -4.529292229562997818e-03 -5.297403316944837570e-03
-1.397141255438327789e-03 5.399536341428756714e-03 -7.926724851131439209e-03 -4.136713687330484390e-03 -1.752743963152170181e-03 5.855196155607700348e-03 -1.420517824590206146e-02 2.196294022724032402e-03 -6.510670762509107590e-03 -2.408537082374095917e-03
-4.921674728393554688e-03 -3.781021805480122566e-03 -4.657383542507886887e-03 -2.970678498968482018e-03 -4.765414167195558548e-03 -4.860074725002050400e-03 -3.772879717871546745e-03 -4.300193395465612411e-03 -4.708006046712398529e-03 -5.428556352853775024e-03
-3.912180196493864059e-03 2.725584898144006729e-03 -9.201471693813800812e-04 1.822222839109599590e-03 -3.511864459142088890e-03 2.785462653264403343e-03 -2.468518912792205811e-03 7.116509601473808289e-03 -1.438059005886316299e-02 2.257640007883310318e-03
7.054389570839703083e-04 4.162537807133048773e-04 -1.318899216130375862e-03 -3.556800773367285728e-03 -1.259287819266319275e-05 6.671633571386337280e-03 4.358553793281316757e-03 1.459007384255528450e-03 -1.744094491004943848e-02 -5.210013594478368759e-03
1.719561405479907990e-03 4.480780102312564850e-03 -6.924848537892103195e-03 -6.389034446328878403e-03 2.024654531851410866e-03 3.588268999010324478e-03 -3.566585481166839600e-03 -6.415653042495250702e-03 1.629331847652792931e-03 -7.574567571282386780e-03
-2.139664255082607269e-03 2.526066266000270844e-03 -8.423249237239360809e-03 2.067852998152375221e-03 -2.601843560114502907e-03 -5.292276386171579361e-03 1.281693577766418457e-02 4.954002361046150327e-05 2.305173780769109726e-03 -2.921139588579535484e-03
8.568021468818187714e-03 6.038622232154011726e-04 -5.634490400552749634e-03 -1.069125067442655563e-02 9.548550471663475037e-03 8.011133410036563873e-03 -1.022548880428075790e-02 5.319161806255578995e-03 8.046900620684027672e-04 3.533396637067198753e-03
-4.924285225570201874e-03 -5.123339593410491943e-03 -4.688292741775512695e-03 -3.258721902966499329e-03 -4.882931709289550781e-03 -5.037734284996986389e-03 -3.004980739206075668e-03 -3.563945181667804718e-03 -4.898418206721544266e-03 -3.927414305508136749e-03
-5.163223482668399811e-03 -4.194127395749092102e-03 -5.061427596956491470e-03 -2.611459465697407722e-03 -4.741681739687919617e-03 -5.624555982649326324e-03 -2.355240285396575928e-03 -3.308757208287715912e-03 -4.061878658831119537e-03 -5.215145181864500046e-03
-4.821990616619586945e-03 -3.886946244165301323e-03 -5.025418475270271301e-03 -3.623032942414283752e-03 -5.005356855690479279e-03 -4.955898970365524292e-03 -2.500496804714202881e-03 -4.104612395167350769e-03 -3.483261214569211006e-03 -4.524120595306158066e-03
-6.045944988727569580e-03 -4.034084733575582504e-03 -4.576109349727630615e-03 -3.026762278750538826e-03 -4.786090459674596786e-03 -5.707486532628536224e-03 -2.631422365084290504e-03 -3.859197022393345833e-03 -4.046719521284103394e-03 -4.685018677264451981e-03
-4.292418248951435089e-03 -4.305543377995491028e-03 -5.282135214656591415e-03 -2.931157359853386879e-03 -4.903565160930156708e-03 -4.537649452686309814e-03 -3.477540332823991776e-03 -3.986055497080087662e-03 -4.320567008107900620e-03 -4.763684701174497604e-03
-2.520549111068248749e-03 6.216857000254094601e-04 -1.832289062440395355e-02 1.646792283281683922e-03 -1.235458068549633026e-03 -1.062465272843837738e-02 -8.406272390857338905e-04 2.023453824222087860e-03 8.120685815811157227e-03 -1.117438776418566704e-03
1.502088364213705063e-02 1.113717071712017059e-02 8.434894494712352753e-03 7.084911223500967026e-03 1.468254812061786652e-02 6.952140480279922485e-03 9.515118785202503204e-03 1.541271433234214783e-02 7.289587520062923431e-03 1.176277175545692444e-02
-5.581264384090900421e-03 -4.509262274950742722e-03 -5.299708805978298187e-03 -3.776067169383168221e-03 -5.879925098270177841e-03 -4.362280014902353287e-03 -2.640794729813933372e-03 -3.480190876871347427e-03 -3.175767604261636734e-03 -3.967688418924808502e-03
-1.552589586935937405e-03 -1.096783392131328583e-02 -2.995534101501107216e-03 -8.239774964749813080e-03 -1.491308677941560745e-03 -7.239639293402433395e-03 4.421887453645467758e-03 5.850181914865970612e-03 5.242496263235807419e-03 1.640424714423716068e-03
-4.605255555361509323e-03 -4.765772260725498199e-03 -4.694802686572074890e-03 -2.495501190423965454e-03 -4.970155190676450729e-03 -5.421224981546401978e-03 -2.532053971663117409e-03 -3.818633267655968666e-03 -3.839769167825579643e-03 -5.167336203157901764e-03
8.088966831564903259e-03 1.533172791823744774e-03 -2.823968650773167610e-03 -9.301259182393550873e-03 8.805472403764724731e-03 6.676907651126384735e-03 -7.566486950963735580e-03 5.801751278340816498e-03 -2.625713823363184929e-03 3.749744035303592682e-03
-4.997057374566793442e-03 -4.143037367612123489e-03 -4.400588572025299072e-03 -2.503236522898077965e-03 -4.474369809031486511e-03 -5.613493733108043671e-03 -3.514135023579001427e-03 -4.058503545820713043e-03 -4.222837276756763458e-03 -5.145971197634935379e-03
-4.076017066836357117e-03 -2.230288693681359291e-03 1.359407976269721985e-02 3.080796450376510620e-03 -5.542338360100984573e-03 -1.869789324700832367e-02 1.910726190544664860e-03 3.722831606864929199e-03 5.613598506897687912e-03 -1.339066657237708569e-03
-5.538302939385175705e-03 -3.268360625952482224e-03 -3.929644357413053513e-03 -3.885223995894193649e-03 -4.755531903356313705e-03 -5.515201482921838760e-03 -3.222026163712143898e-03 -3.930335398763418198e-03 -3.814142197370529175e-03 -4.645487293601036072e-03
-5.397634580731391907e-03 -3.733913414180278778e-03 -4.765299148857593536e-03 -3.071309765800833702e-03 -6.197209935635328293e-03 -5.085172597318887711e-03 -4.052516072988510132e-03 -4.254790022969245911e-03 -3.489802824333310127e-03 -4.089071881026029587e-03
-5.716053768992424011e-03 -3.557112999260425568e-03 -4.119536839425563812e-03 -3.454398130998015404e-03 -4.759875591844320297e-03 -5.758775398135185242e-03 -3.379999659955501556e-03 -3.703897353261709213e-03 -3.764144610613584518e-03 -5.428860429674386978e-03
-3.073441796004772186e-03 -5.527669563889503479e-04 -1.535125263035297394e-02 8.932492695748806000e-03 -3.338637528941035271e-03 -8.146299049258232117e-03 4.464662342797964811e-04 1.000451040454208851e-03 3.610750194638967514e-03 -1.812143018469214439e-03
2.492416184395551682e-03 -7.926428690552711487e-03 6.901132408529520035e-03 -4.820971284061670303e-03 1.576798968017101288e-03 -1.854474423453211784e-03 4.272179212421178818e-04 -3.623346565291285515e-03 -1.337422616779804230e-02 2.466248814016580582e-03
-5.042081698775291443e-03 -4.721585661172866821e-03 -5.346770863980054855e-03 -3.681807313114404678e-03 -4.984251223504543304e-03 -5.211306270211935043e-03 -3.303369740024209023e-03 -4.424792714416980743e-03 -3.686108393594622612e-03 -4.536895081400871277e-03
-4.767698235809803009e-03 -4.314775113016366959e-03 -5.209356080740690231e-03 -3.367801662534475327e-03 -5.637169815599918365e-03 -4.497542046010494232e-03 -2.741729142144322395e-03 -3.093028441071510315e-03 -4.244977142661809921e-03 -4.432670306414365768e-03
-6.076685618609189987e-03 -4.403234925121068954e-03 -5.585800390690565109e-03 -2.274871105328202248e-03 -5.994049366563558578e-03 -4.277972970157861710e-03 -2.522885333746671677e-03 -3.384271403774619102e-03 -3.572370857000350952e-03 -4.794688895344734192e-03
-4.653026815503835678e-03 -4.960644058883190155e-03 -5.532477051019668579e-03 -2.832479774951934814e-03 -4.583014175295829773e-03 -5.542982369661331177e-03 -3.175128949806094170e-03 -4.571048077195882797e-03 -3.446715651080012321e-03 -5.577423609793186188e-03
-5.500717088580131531e-03 -3.862795419991016388e-03 -4.484651144593954086e-03 -3.373495768755674362e-03 -4.544015973806381226e-03 -5.318045616149902344e-03 -2.399397315457463264e-03 -3.871964057907462120e-03 -4.388072993606328964e-03 -4.986750427633523941e-03
-4.591784905642271042e-03 -4.043308086693286896e-03 -4.571111872792243958e-03 -4.054587800055742264e-03 -5.623832345008850098e-03 -4.647029098123311996e-03 -3.019017167389392853e-03 -3.472039243206381798e-03 -4.451740533113479614e-03 -5.573981441557407379e-03
-5.421359557658433914e-03 -4.315680824220180511e-03 -5.059200339019298553e-03 -3.099026391282677650e-03 -4.645646549761295319e-03 -4.966672044247388840e-03 -2.132958499714732170e-03 -3.847577143460512161e-03 -4.163290839642286301e-03 -4.852479789406061172e-03
-1.260165008716285229e-03 3.440631786361336708e-03 -9.145588614046573639e-03 1.845626509748399258e-03 1.779077720129862428e-04 6.962367799133062363e-03 -1.185272354632616043e-02 7.388817612081766129e-04 -1.667528413236141205e-02 -2.846412360668182373e-03
-5.263662897050380707e-03 -4.625769797712564468e-03 -5.025374703109264374e-03 -3.659821813926100731e-03 -5.437126383185386658e-03 -3.994051367044448853e-03 -2.826036885380744934e-03 -3.012405475601553917e-03 -4.458703566342592239e-03 -3.595546819269657135e-03
3.945785574615001678e-03 -1.029442623257637024e-02 -6.253028288483619690e-03 -9.654975496232509613e-03 3.608123864978551865e-03 2.515017287805676460e-03 1.451268908567726612e-03 -3.913234919309616089e-03 -3.477859427221119404e-04 -1.360748661682009697e-03
-3.183891531080007553e-03 -7.516450132243335247e-04 -1.822371385060250759e-03 1.191360037773847580e-02 -3.357731038704514503e-03 -6.685331929475069046e-03 8.586160838603973389e-03 2.643370535224676132e-03 -6.068373564630746841e-03 2.844107802957296371e-04
-1.354912237729877234e-04 -7.259610109031200409e-03 -1.054363138973712921e-02 4.555948078632354736e-03 3.671448503155261278e-04 4.096587188541889191e-03 -1.215551886707544327e-02 -5.489570088684558868e-03 -2.790180034935474396e-03 4.026469774544239044e-03
-8.022300607990473509e-05 9.642997174523770809e-04 2.390688750892877579e-03 -5.542651284486055374e-03 -1.706151306279934943e-05 5.594856338575482368e-04 -6.099658086895942688e-03 -1.133051514625549316e-02 -9.019784629344940186e-03 -1.354875043034553528e-02
-4.766012076288461685e-03 -3.391597652807831764e-03 -4.685969091951847076e-03 -3.660265356302261353e-03 -5.167149472981691360e-03 -5.996755789965391159e-03 -3.678041277453303337e-03 -4.136115778237581253e-03 -4.668032750487327576e-03 -4.890390206128358841e-03
-4.952220711857080460e-03 -3.906005294993519783e-03 -4.896057303994894028e-03 -3.589312778785824776e-03 -4.754684865474700928e-03 -4.597114399075508118e-03 -2.768239937722682953e-03 -3.678531153127551079e-03 -3.654406638815999031e-03 -5.470201838761568069e-03
-5.629524588584899902e-03 -3.722614375874400139e-03 -4.448670428246259689e-03 -2.888617571443319321e-03 -5.733272526413202286e-03 -5.006639752537012100e-03 -3.801673185080289841e-03 -3.267753170803189278e-03 -3.686426905915141106e-03 -4.511932842433452606e-03
-2.261176414322108030e-04 -1.045406796038150787e-02 2.950649708509445190e-03 -6.336798891425132751e-03 -1.236020852957153693e-05 1.861738041043281555e-03 -6.543579045683145523e-03 -1.266333088278770447e-02 -5.997488275170326233e-03 -1.977220876142382622e-03
1.326826959848403931e-02 1.101941987872123718e-02 9.688063524663448334e-03 5.444618873298168182e-03 1.400432363152503967e-02 7.207565940916538239e-03 8.321984671056270599e-03 1.455435063689947128e-02 7.919381372630596161e-03 1.100198924541473389e-02
-1.852699671871960163e-03 -3.040867391973733902e-03 -1.806861022487282753e-03 -3.106953517999500036e-04 -1.609341590665280819e-03 -1.270020194351673126e-02 -4.096465650945901871e-03 -3.178560407832264900e-03 1.348683796823024750e-02 1.127609866671264172e-03
-4.542879760265350342e-03 -4.149972926825284958e-03 -5.067555233836174011e-03 -2.963274717330932617e-03 -4.538206383585929871e-03 -5.083276890218257904e-03 -3.562860423699021339e-03 -4.098778590559959412e-03 -4.179876297712326050e-03 -5.087789148092269897e-03
-2.851966302841901779e-03 -4.996839561499655247e-04 -1.170051936060190201e-02 -2.902382286265492439e-03 -2.381755504757165909e-03 -1.461346284486353397e-03 1.500296639278531075e-03 2.138839103281497955e-03 5.800818093121051788e-03 -2.519918489269912243e-04
-5.872731097042560577e-03 -3.652023151516914368e-03 -4.290134645998477936e-03 -3.128897631540894508e-03 -5.611799657344818115e-03 -5.345943849533796310e-03 -3.024327801540493965e-03 -3.533273236826062202e-03 -3.967641852796077728e-03 -3.804692532867193222e-03
3.125568400719203055e-05 -1.386743132025003433e-02 5.393813829869031906e-03 -8.662048727273941040e-03 -7.102795643731951714e-04 -3.353117499500513077e-03 -5.238632671535015106e-03 -1.156282611191272736e-02 4.784459713846445084e-03 2.401120495051145554e-03
-4.943730775266885757e-03 -3.858210053294897079e-03 -4.421671386808156967e-03 -3.588170045986771584e-03 -5.223195068538188934e-03 -4.563931375741958618e-03 -3.548581851646304131e-03 -4.237875342369079590e-03 -3.891774918884038925e-03 -4.805007483810186386e-03
-6.097496952861547470e-03 -4.216895438730716705e-03 -5.004688631743192673e-03 -2.601233310997486115e-03 -4.685442429035902023e-03 -4.735179245471954346e-03 -4.039241466671228409e-03 -3.981443587690591812e-03 -3.449686337262392044e-03 -4.244399257004261017e-03
2.397877688053995371e-04 -6.721684709191322327e-03 8.288403972983360291e-03 -5.362732335925102234e-03 1.951921149156987667e-05 -2.467412501573562622e-03 -6.595924496650695801e-03 -2.790804253891110420e-03 8.976767770946025848e-03 4.530523903667926788e-03
-5.694988183677196503e-03 -4.466829355806112289e-03 -5.138390231877565384e-03 -2.470051404088735580e-03 -4.678638651967048645e-03 -4.743564408272504807e-03 -3.822854952886700630e-03 -4.145438782870769501e-03 -3.953698556870222092e-03 -4.567557480186223984e-03
6.841245922259986401e-04 -3.919414710253477097e-03 5.501513369381427765e-03 -1.033714227378368378e-02 1.183962449431419373e-03 2.279405947774648666e-03 -1.456923433579504490e-03 -1.016812585294246674e-02 -9.058119729161262512e-03 -7.229486014693975449e-03
-5.798133555799722672e-03 -4.716527648270130157e-03 -5.796656943857669830e-03 -2.377517521381378174e-03 -4.686820320785045624e-03 -4.233819432556629181e-03 -3.757902421057224274e-03 -3.537926357239484787e-03 -4.002252127975225449e-03 -3.966657910495996475e-03
-5.520371720194816589e-03 -3.448312636464834213e-03 -5.010434426367282867e-03 -3.861988428980112076e-03 -5.693392362445592880e-03 -4.786534700542688370e-03 -3.023815574124455452e-03 -3.556238021701574326e-03 -4.232122097164392471e-03 -5.125579424202442169e-03
-4.653650335967540741e-03 -3.522132756188511848e-03 -5.210803821682929993e-03 -2.767996862530708313e-03 -5.636621732264757156e-03 -5.722606554627418518e-03 -3.328233025968074799e-03 -4.778746049851179123e-03 -3.966367803514003754e-03 -4.759880248457193375e-03
-4.788036458194255829e-03 -3.852703142911195755e-03 -5.011940840631723404e-03 -2.416416071355342865e-03 -5.671536084264516830e-03 -4.296946804970502853e-03 -3.125115297734737396e-03 -4.458911716938018799e-03 -4.347723443061113358e-03 -5.577161442488431931e-03
-6.757914670743048191e-04 4.438894684426486492e-04 -7.289107423275709152e-03 -6.491043604910373688e-04 -5.461721448227763176e-04 -5.736827850341796875e-03 -1.399671938270330429e-02 6.927460897713899612e-03 1.926247263327240944e-03 1.547129941172897816e-03
1.367524173110723495e-02 1.055835280567407608e-02 8.304690010845661163e-03 5.826462991535663605e-03 1.415339484810829163e-02 6.138592027127742767e-03 7.632050197571516037e-03 1.291601825505495071e-02 6.862896028906106949e-03 1.152407377958297729e-02
-5.462967092171311378e-04 -8.196408161893486977e-04 -2.066683024168014526e-02 6.387646775692701340e-03 -6.250651495065540075e-05 -1.205693697556853294e-03 3.298741066828370094e-03 4.334542900323867798e-03 2.710427623242139816e-03 -3.047120408155024052e-04
9.755830251378938556e-05 -5.468374118208885193e-03 -1.481328718364238739e-02 3.331606974825263023e-03 3.880926815327256918e-04 8.387281559407711029e-04 -1.392516773194074631e-02 -2.936412114650011063e-03 5.436800885945558548e-03 3.492431715130805969e-03
-5.538671743124723434e-03 -4.707557614892721176e-03 -4.718926735222339630e-03 -3.257162403315305710e-03 -5.270463414490222931e-03 -4.540288820862770081e-03 -3.021540585905313492e-03 -3.754616715013980865e-03 -3.288466716185212135e-03 -5.080542527139186859e-03
3.040247131139039993e-03 -3.624410135671496391e-03 -1.254385919310152531e-03 -1.026747003197669983e-02 2.676790812984108925e-03 5.060667637735605240e-03 -1.316386461257934570e-02 -1.341558434069156647e-02 3.481348685454577208e-04 -9.909732034429907799e-04
-1.702924142591655254e-03 5.402918439358472824e-03 1.222075335681438446e-02 -8.861498907208442688e-03 -2.073984825983643532e-03 -2.689767396077513695e-03 -1.164782606065273285e-02 1.978152664378285408e-03 -7.320129952859133482e-05 -7.106867618858814240e-03
-2.101236255839467049e-03 -1.642818562686443329e-02 -2.025348600000143051e-03 -8.947440423071384430e-03 -2.162782242521643639e-03 7.437846506945788860e-04 1.059596799314022064e-02 -2.894619945436716080e-03 3.873141715303063393e-03 3.437774488702416420e-03
-3.403248265385627747e-03 -3.633478423580527306e-03 3.304945770651102066e-03 -9.171794168651103973e-03 -4.922407213598489761e-03 5.533304065465927124e-04 6.451190914958715439e-03 4.021605476737022400e-03 -1.475238008424639702e-03 -2.500968519598245621e-03
2.256903797388076782e-03 -1.499723992310464382e-03 1.470287237316370010e-02 -5.709222983568906784e-03 1.354873296804726124e-03 2.676432952284812927e-03 7.699141744524240494e-03 -9.774941951036453247e-03 -1.625549397431313992e-03 -4.672538954764604568e-03
-4.445530939847230911e-03 -4.298830870538949966e-03 -4.985124804079532623e-03 -3.170688170939683914e-03 -5.657407455146312714e-03 -5.230114329606294632e-03 -3.490103874355554581e-03 -3.182235639542341232e-03 -3.265192732214927673e-03 -5.008893553167581558e-03
-1.352452905848622322e-03 -4.935147706419229507e-03 -1.394465006887912750e-02 -1.210519694723188877e-03 -2.095105359330773354e-03 -4.324923269450664520e-03 -4.767946433275938034e-03 -1.817293377825990319e-04 7.681618444621562958e-03 4.082088707946240902e-04
-5.498998798429965973e-03 -3.381038317456841469e-03 -5.110966973006725311e-03 -2.323964377865195274e-03 -5.791636183857917786e-03 -4.753657616674900055e-03 -2.856783801689743996e-03 -4.103929270058870316e-03 -4.148371517658233643e-03 -4.988226108253002167e-03
-4.759341944009065628e-03 -4.434768110513687134e-03 -4.905037116259336472e-03 -2.074688905850052834e-03 -5.907766986638307571e-03 -4.442166537046432495e-03 -2.806602511554956436e-03 -3.908293321728706360e-03 -4.497097805142402649e-03 -5.140896886587142944e-03
4.413904389366507530e-04 5.925160367041826248e-03 1.637857989408075809e-03 4.296627361327409744e-03 3.022421151399612427e-05 -8.743316866457462311e-03 -1.116995979100465775e-02 9.214524179697036743e-03 6.025054492056369781e-03 3.472600830718874931e-03
4.359000013209879398e-04 6.344247609376907349e-03 -3.554124850779771805e-03 -1.126826158724725246e-03 2.283402573084458709e-04 3.110966878011822701e-03 -7.671923842281103134e-03 -3.757178084924817085e-03 -1.388666871935129166e-02 -1.108413096517324448e-02
-2.432879758998751640e-03 -1.163761189673095942e-04 -2.248744131065905094e-04 -4.840596113353967667e-03 -1.965286443009972572e-03 -6.705233361572027206e-03 -1.118730194866657257e-02 3.313003573566675186e-03 5.644013072014786303e-05 -9.148340323008596897e-04
3.843493759632110596e-03 -8.945962414145469666e-03 3.374272491782903671e-03 -4.463218152523040771e-03 4.038721323013305664e-03 -4.351095762103796005e-03 -1.059988606721162796e-02 -4.829050507396459579e-03 9.417397086508572102e-04 2.666283864527940750e-03
-2.633216092362999916e-03 -1.916654640808701515e-03 1.982890302315354347e-03 -7.746616378426551819e-03 -4.053540527820587158e-03 -9.593935101293027401e-04 1.035092049278318882e-03 1.943081966601312160e-03 -9.141209535300731659e-03 -3.285022918134927750e-03
-4.791942425072193146e-03 -4.782456904649734497e-03 -5.327275022864341736e-03 -2.655734075233340263e-03 -5.468758288770914078e-03 -4.724158439785242081e-03 -2.419274533167481422e-03 -4.104536492377519608e-03 -3.375256899744272232e-03 -5.015992559492588043e-03
-5.088051781058311462e-03 -3.969449084252119064e-03 -5.758151412010192871e-03 -3.894595894962549210e-03 -4.971441347151994705e-03 -4.933714866638183594e-03 -2.723494544625282288e-03 -3.683945862576365471e-03 -4.476243630051612854e-03 -4.721219651401042938e-03
-4.599052015691995621e-03 -4.316460341215133667e-03 -4.728639032691717148e-03 -3.795161377638578415e-03 -5.503906868398189545e-03 -4.243584349751472473e-03 -3.081767354160547256e-03 -4.546722397208213806e-03 -3.381304675713181496e-03 -5.444447509944438934e-03
7.559688528999686241e-04 8.274769410490989685e-03 5.041663069278001785e-03 7.121174712665379047e-04 9.288208093494176865e-04 -2.977069234475493431e-03 -3.009153995662927628e-03 7.633192930370569229e-03 -6.445803213864564896e-03 -1.024004537612199783e-03
-4.996280185878276825e-03 -3.289201529696583748e-03 -4.633414093405008316e-03 -3.002740908414125443e-03 -5.738260690122842789e-03 -5.705898627638816833e-03 -2.678395016118884087e-03 -4.756631795316934586e-03 -3.395401407033205032e-03 -5.461383610963821411e-03
3.378583351150155067e-03 1.109587214887142181e-02 -3.392764192540198565e-04 -2.602248452603816986e-03 4.355732817202806473e-03 -4.017763305455446243e-03 -1.043936982750892639e-02 6.725009530782699585e-03 -3.246760461479425430e-03 -2.728913677856326103e-03
-1.449466682970523834e-03 3.727879608049988747e-03 8.627919596619904041e-04 -5.359040107578039169e-03 -4.061577492393553257e-04 -7.075445610098540783e-04 -5.641768220812082291e-03 -9.378659538924694061e-03 -8.661860600113868713e-03 -1.249889936298131943e-02
-7.387342629954218864e-04 4.264956805855035782e-03 -1.463252265239134431e-04 -5.180995911359786987e-03 -6.446099141612648964e-04 -5.769074195995926857e-04 -4.927230998873710632e-03 -9.934985078871250153e-03 -7.103281561285257339e-03 -1.098264660686254501e-02
5.303296726197004318e-03 -1.835187431424856186e-03 6.670962553471326828e-03 -1.186823938041925430e-02 5.077980458736419678e-03 1.381890033371746540e-03 -6.362384650856256485e-03 -4.358594305813312531e-04 -1.784679130651056767e-03 2.444037818349897861e-04
-5.441385321319103241e-03 -4.884951282292604446e-03 -5.158547777682542801e-03 -2.330449176952242851e-03 -4.994448274374008179e-03 -5.553696770220994949e-03 -3.545688465237617493e-03 -4.747129511088132858e-03 -3.997385967522859573e-03 -3.697998821735382080e-03
-1.619732123799622059e-03 -5.357330664992332458e-03 -8.478792384266853333e-03 -4.817228473257273436e-04 -1.933144987560808659e-03 -3.547518281266093254e-04 2.573532285168766975e-03 -2.020378829911351204e-03 4.487873055040836334e-03 1.602997770532965660e-03
-4.271256737411022186e-03 -3.370619844645261765e-03 -5.380002781748771667e-03 -3.132739802822470665e-03 -5.040136631578207016e-03 -4.363011568784713745e-03 -2.876732032746076584e-03 -4.503129515796899796e-03 -4.444179125130176544e-03 -4.928605630993843079e-03
3.312478074803948402e-03 3.080616239458322525e-03 1.000585407018661499e-02 3.807661589235067368e-03 2.274248749017715454e-03 -3.595508635044097900e-03 -7.757415063679218292e-03 -6.964455824345350266e-03 -1.055335253477096558e-02 -7.835847209207713604e-04
-2.972656860947608948e-03 -7.574706804007291794e-03 -6.383488420397043228e-03 -6.074605509638786316e-03 -3.203785046935081482e-03 -1.012032502330839634e-03 -5.550275556743144989e-03 -6.493060383945703506e-03 3.284140489995479584e-03 7.872950518503785133e-04
-3.665148513391613960e-03 3.098068991675972939e-03 5.838481010869145393e-04 1.406457624398171902e-03 -4.700561985373497009e-03 -6.527940277010202408e-03 6.284524220973253250e-03 1.091368030756711960e-04 1.070408988744020462e-02 -4.679176956415176392e-03
-8.091545896604657173e-04 3.671213053166866302e-03 -2.024206332862377167e-03 -8.783629164099693298e-04 -5.371312145143747330e-04 3.462047316133975983e-04 -1.249175053089857101e-02 3.080415539443492889e-03 4.148487932980060577e-03 -3.971795085817575455e-03
1.607751823030412197e-03 -4.537553992122411728e-03 -3.638369962573051453e-04 -8.605854585766792297e-03 2.175379544496536255e-03 3.489050781354308128e-03 -7.532742805778980255e-03 -1.234576199203729630e-02 -9.390677325427532196e-03 -4.447314422577619553e-03
-4.158737603574991226e-03 -7.111203856766223907e-03 1.407584641128778458e-04 -6.807391531765460968e-03 -3.641304792836308479e-03 5.124363815411925316e-04 -1.193389107356779277e-04 2.112310612574219704e-03 -2.667099935933947563e-03 1.179857994429767132e-03
-6.119225174188613892e-03 -4.399848170578479767e-03 -5.084411241114139557e-03 -2.480986062437295914e-03 -4.983288235962390900e-03 -4.533260595053434372e-03 -3.838593605905771255e-03 -3.531149122864007950e-03 -3.927880432456731796e-03 -4.935812670737504959e-03
3.964981588069349527e-04 -5.152560304850339890e-03 2.827575197443366051e-03 -6.761962547898292542e-03 1.334476401098072529e-04 4.072602314408868551e-04 -5.444392561912536621e-03 -1.219948381185531616e-02 -9.789941832423210144e-03 -7.422596681863069534e-03
-3.946487791836261749e-03 3.167164511978626251e-03 -1.285103242844343185e-02 3.726636758074164391e-03 -2.476995578035712242e-03 4.193054512143135071e-03 -9.344439953565597534e-03 3.433614270761609077e-03 -1.334643457084894180e-02 -2.466712612658739090e-04
-7.947246776893734932e-04 -3.715472063049674034e-03 -9.697965346276760101e-03 9.779206011444330215e-04 2.557447878643870354e-04 -2.565240254625678062e-03 9.907938539981842041e-03 7.081354968249797821e-03 -7.020314689725637436e-03 1.998129766434431076e-03
