-8.107202127575874329e-03 -4.506553057581186295e-03 -4.922060761600732803e-04 -6.243487354367971420e-03 -3.678283886983990669e-03 2.189993683714419603e-04 -5.914119072258472443e-03 6.984021165408194065e-04 -7.369293831288814545e-03 1.819219207391142845e-03
-3.528156317770481110e-03 -2.505343873053789139e-03 -5.711387842893600464e-03 -3.683364950120449066e-03 -2.301592845469713211e-03 -5.167485214769840240e-03 -3.284183796495199203e-03 -5.247385241091251373e-03 -4.545697476714849472e-03 -4.367209970951080322e-03
-3.428975353017449379e-03 -3.110043238848447800e-03 -4.971711430698633194e-03 -4.469109233468770981e-03 -2.463647164404392242e-03 -4.462100099772214890e-03 -2.997834235429763794e-03 -4.691813606768846512e-03 -4.940039012581110001e-03 -5.108092911541461945e-03
-4.009689204394817352e-03 -4.514268599450588226e-03 9.692279272712767124e-04 3.076185937970876694e-03 -1.184854656457901001e-02 -3.077285131439566612e-03 1.921487622894346714e-03 -3.912140149623155594e-03 -3.019737545400857925e-03 3.106542397290468216e-03
3.629602724686264992e-03 -3.493506694212555885e-03 7.434951141476631165e-03 -1.143483794294297695e-03 -5.048332735896110535e-03 -4.136018920689821243e-03 -4.997754003852605820e-03 1.046459469944238663e-02 7.181899622082710266e-03 2.826441777870059013e-03
-1.590687665157020092e-03 -5.483726970851421356e-03 -1.547485473565757275e-03 -4.839031957089900970e-03 3.207457019016146660e-03 -3.519340825732797384e-04 -7.603186182677745819e-03 -1.416468527168035507e-03 -2.353482646867632866e-03 -2.261112444102764130e-03
-7.137687411159276962e-03 -3.625804791226983070e-03 -1.906867837533354759e-03 -5.529605317860841751e-03 -3.496659686788916588e-03 -1.975250488612800837e-04 -5.973338615149259567e-03 -2.368191198911517859e-04 -5.845627747476100922e-03 8.814752800390124321e-04
-5.836814525537192822e-04 -2.555432729423046112e-03 -3.629214363172650337e-03 4.677009768784046173e-03 -1.061238441616296768e-02 -2.560365945100784302e-03 3.417176660150289536e-03 -5.691137164831161499e-03 1.500667567597702146e-04 3.713555634021759033e-03
5.737431929446756840e-04 1.076225563883781433e-02 -5.104061216115951538e-03 6.508124060928821564e-03 6.522672716528177261e-03 -1.860090880654752254e-03 -7.083598989993333817e-03 -3.329985484015196562e-04 -3.554446448106318712e-04 -2.454683708492666483e-04
-2.398836659267544746e-03 9.997773449867963791e-04 7.285523461177945137e-04 5.988153279758989811e-04 -7.100515067577362061e-04 1.507203094661235809e-03 -1.261375844478607178e-03 3.536001546308398247e-03 -1.486654975451529026e-03 -4.298215731978416443e-03
-8.262344636023044586e-03 -4.872933030128479004e-03 -3.098979868809692562e-05 -5.852823611348867416e-03 -4.051067866384983063e-03 1.301462762057781219e-03 -7.210669107735157013e-03 1.080978428944945335e-03 -8.845376782119274139e-03 2.432693494483828545e-03
1.252909307368099689e-03 -8.447178639471530914e-03 -6.949972594156861305e-04 -3.535627620294690132e-03 1.307448837906122208e-03 1.943301991559565067e-03 -3.606335958465933800e-03 8.659440209157764912e-05 1.356560736894607544e-03 -7.839667960070073605e-04
1.531847752630710602e-03 3.741506487131118774e-03 -7.367642683675512671e-05 7.880439981818199158e-03 -1.231860183179378510e-02 -1.431446895003318787e-02 3.433272708207368851e-03 -1.982809510082006454e-03 8.714885334484279156e-04 -5.402526818215847015e-03
1.711206976324319839e-03 8.278684690594673157e-03 -7.357784779742360115e-04 3.091186052188277245e-03 2.794520987663418055e-04 -3.267582505941390991e-03 1.523735933005809784e-03 8.051228942349553108e-04 8.497551898472011089e-04 -1.400718186050653458e-02
-1.480155275203287601e-03 -6.618855055421590805e-03 2.131959423422813416e-03 -4.732744302600622177e-03 5.717100575566291809e-03 4.470608662813901901e-03 -7.088986225426197052e-03 7.731352932751178741e-03 -5.324224475771188736e-04 -7.527561858296394348e-03
1.440375810489058495e-03 -4.340468440204858780e-03 -4.815527237951755524e-03 -7.647546008229255676e-04 5.894263449590653181e-05 -1.367510412819683552e-04 -2.849129028618335724e-03 1.560653327032923698e-03 1.749159651808440685e-03 6.812786217778921127e-03
-4.185104276984930038e-03 -3.660276532173156738e-03 -5.750266835093498230e-03 -3.611867083236575127e-03 -1.364514231681823730e-03 -4.282396286725997925e-03 -3.712842008098959923e-03 -4.512944258749485016e-03 -4.237818066030740738e-03 -4.396495409309864044e-03
-4.026308190077543259e-03 -3.285615006461739540e-03 -5.326618440449237823e-03 -3.158276900649070740e-03 -1.688003307208418846e-03 -4.769015591591596603e-03 -2.940321573987603188e-03 -5.906934384256601334e-03 -4.846578463912010193e-03 -3.802379360422492027e-03
1.716790371574461460e-03 -1.178771816194057465e-02 6.521567236632108688e-03 -7.358133792877197266e-03 -4.071303177624940872e-03 1.930049329530447721e-04 1.452875789254903793e-03 7.591396570205688477e-03 3.034267574548721313e-03 -2.151713473722338676e-03
-1.573355519212782383e-03 -1.585090416483581066e-03 -2.009695162996649742e-03 4.275109618902206421e-03 -9.972680127248167992e-04 3.814832307398319244e-03 -1.983694499358534813e-03 1.020824071019887924e-03 8.505609002895653248e-04 1.004387252032756805e-02
-4.658374469727277756e-03 -3.236466553062200546e-03 -4.716221708804368973e-03 -3.169715171679854393e-03 -1.677530002780258656e-03 -5.262987222522497177e-03 -3.397352294996380806e-03 -4.494796041399240494e-03 -4.975807387381792068e-03 -5.019017495214939117e-03
-1.795433927327394485e-04 5.647426005452871323e-03 -8.447668515145778656e-04 2.815843326970934868e-03 -7.505047251470386982e-04 9.984284406527876854e-04 -6.821726565249264240e-04 -4.120015539228916168e-03 1.539827557280659676e-03 6.732542999088764191e-03
-7.198922336101531982e-03 -3.580957185477018356e-03 -8.335343445651233196e-04 -4.377651493996381760e-03 -2.857017796486616135e-03 -1.375633757561445236e-03 -4.674972500652074814e-03 -1.468617352657020092e-03 -7.942852564156055450e-03 -3.640976210590451956e-04
-4.319083411246538162e-03 -2.036497462540864944e-03 -5.848609376698732376e-03 -3.792936215177178383e-03 -2.364063635468482971e-03 -4.831106401979923248e-03 -3.211126197129487991e-03 -4.816780798137187958e-03 -4.133486654609441757e-03 -4.565136972814798355e-03
-3.661982482299208641e-03 -2.413835143670439720e-03 -5.557759199291467667e-03 -4.130245652049779892e-03 -1.363300718367099762e-03 -4.800509661436080933e-03 -4.061587620526552200e-03 -5.635103210806846619e-03 -4.204467404633760452e-03 -3.902062308043241501e-03
-3.818377153947949409e-03 -2.990429289638996124e-03 -5.476967897266149521e-03 -3.653208725154399872e-03 -2.078765304759144783e-03 -4.065723158419132233e-03 -2.913683885708451271e-03 -4.586185328662395477e-03 -4.719693679362535477e-03 -4.767470527440309525e-03
-2.915310440585017204e-03 -3.515598364174365997e-03 -5.636413581669330597e-03 -4.258530680090188980e-03 -1.384957926347851753e-03 -5.067009944468736649e-03 -2.939678495749831200e-03 -4.448701627552509308e-03 -4.625055007636547089e-03 -4.767049103975296021e-03
-3.250589594244956970e-03 -3.552856389433145523e-03 -4.901117179542779922e-03 -2.915617777034640312e-03 -1.901493174955248833e-03 -5.172503646463155746e-03 -4.035367164760828018e-03 -5.237553268671035767e-03 -4.766271449625492096e-03 -5.046264268457889557e-03
-3.275640541687607765e-03 -2.638031961396336555e-03 -4.754874389618635178e-03 -3.418155713006854057e-03 -2.825906500220298767e-03 -4.013856407254934311e-03 -4.576987121254205704e-03 -5.375433713197708130e-03 -3.894664580002427101e-03 -4.952053539454936981e-03
-4.037743899971246719e-03 -3.468600334599614143e-03 -5.634156521409749985e-03 -4.149137064814567566e-03 -1.206007436849176884e-03 -5.438468419015407562e-03 -3.539787838235497475e-03 -4.564184695482254028e-03 -4.157640505582094193e-03 -4.348102491348981857e-03
-2.090168418362736702e-03 -5.449873860925436020e-03 1.647694269195199013e-03 5.238302401266992092e-04 -9.457168169319629669e-03 -5.149701144546270370e-03 -1.349275262327864766e-04 1.600706855242606252e-05 -3.461848013103008270e-03 -6.112409755587577820e-03
-1.818130695028230548e-04 -5.574002861976623535e-03 4.274806415196508169e-04 -5.810700356960296631e-03 -1.054263557307422161e-03 -5.294194910675287247e-03 -3.474098164588212967e-03 2.799200359731912613e-03 9.412833605892956257e-04 -2.362490398809313774e-03
3.486681962385773659e-03 5.758867599070072174e-03 -4.013408906757831573e-03 5.467595532536506653e-03 3.822259168373420835e-05 -9.336718358099460602e-03 -1.085686497390270233e-02 8.197907358407974243e-03 4.088800400495529175e-03 -2.116145769832655787e-04
-4.797157831490039825e-03 -3.539496567100286484e-03 9.453796083107590675e-04 3.588960738852620125e-03 -1.225720439106225967e-02 -2.478587673977017403e-03 1.352920196950435638e-03 -2.828907687216997147e-03 -2.544575603678822517e-03 3.663373878225684166e-03
-6.505313329398632050e-03 -3.955474589020013809e-03 -9.707556455396115780e-04 -6.236313842236995697e-03 -4.418587777763605118e-03 4.177794035058468580e-04 -5.651492159813642502e-03 -3.630926657933741808e-04 -6.399536971002817154e-03 5.771113792434334755e-04
-4.032442811876535416e-03 -4.437842406332492828e-03 -1.926359836943447590e-03 -3.045157296583056450e-03 2.437527058646082878e-03 1.722719753161072731e-04 -1.093219127506017685e-02 7.671109633520245552e-04 -2.295575337484478951e-03 -5.365761462599039078e-04
1.933684572577476501e-03 -1.091697346419095993e-02 6.163319107145071030e-03 -4.350349307060241699e-03 -1.034286990761756897e-02 -6.644771201536059380e-04 1.982665387913584709e-03 5.571049638092517853e-03 3.423429792746901512e-03 3.434796584770083427e-03
-3.878113580867648125e-03 -2.119352109730243683e-03 -5.828843452036380768e-03 -3.828229149803519249e-03 -1.633949228562414646e-03 -4.454240202903747559e-03 -3.318567294627428055e-03 -5.041460506618022919e-03 -4.364777822047472000e-03 -4.542122595012187958e-03
1.143158646300435066e-03 -3.038314636796712875e-03 -6.216738838702440262e-03 7.108741439878940582e-03 1.123451511375606060e-03 2.004450070671737194e-04 -3.995519131422042847e-03 -5.733352154493331909e-03 1.364681753329932690e-03 7.033186499029397964e-03
3.403347684070467949e-03 4.058071412146091461e-03 6.962334737181663513e-04 -1.854648580774664879e-03 3.357301000505685806e-03 -5.247457418590784073e-03 4.166172351688146591e-03 -3.809773828834295273e-03 5.925965961068868637e-04 -1.472817361354827881e-02
-9.157866239547729492e-03 -5.389275494962930679e-03 7.044794620014727116e-04 -6.528127007186412811e-03 -3.683657851070165634e-03 1.709066331386566162e-03 -8.322557434439659119e-03 1.809964887797832489e-03 -7.099885959178209305e-03 1.342157367616891861e-03
-3.654446918517351151e-03 -2.436571056023240089e-03 -5.417377687990665436e-03 -3.420583205297589302e-03 -2.000709064304828644e-03 -4.498458467423915863e-03 -3.255734685808420181e-03 -4.523854702711105347e-03 -4.504282027482986450e-03 -5.182428285479545593e-03
2.763707656413316727e-03 -2.862855908460915089e-04 -8.846929995343089104e-04 1.220850157551467419e-03 4.291077144443988800e-03 -9.234300232492387295e-04 4.210448823869228363e-03 -1.637816242873668671e-02 2.333241427550092340e-04 -1.126831397414207458e-03
-3.900714684277772903e-03 9.571015252731740475e-04 -1.225364161655306816e-03 2.630033530294895172e-03 -7.361415307968854904e-03 6.640679668635129929e-03 7.367533165961503983e-03 -8.610601536929607391e-03 -1.753113232553005219e-03 8.810517378151416779e-03
-4.307751078158617020e-03 -6.512711290270090103e-03 -5.529350601136684418e-04 -8.069079369306564331e-03 1.631270395591855049e-03 2.362426603212952614e-03 -3.635066328570246696e-03 6.997968739597126842e-06 -5.646782461553812027e-03 -2.446877479087561369e-04
-5.441871937364339828e-03 -4.357615485787391663e-03 -2.236053580418229103e-03 -4.157572053372859955e-03 -4.001724533736705780e-03 -1.146125490777194500e-03 -4.247671458870172501e-03 -2.058172365650534630e-03 -3.220876678824424744e-03 3.873706737067550421e-05
-2.010477182921022177e-04 5.864379927515983582e-03 -3.155268786940723658e-04 -3.288336796686053276e-03 4.971750080585479736e-03 -1.564686070196330547e-03 -1.950295758433640003e-03 -2.312198514118790627e-03 -2.805537660606205463e-04 -1.272915862500667572e-03
3.712454810738563538e-03 -7.226854097098112106e-03 1.452085096389055252e-03 1.134337158873677254e-03 3.232864895835518837e-03 -3.171501681208610535e-03 -5.092779640108346939e-03 -3.492980264127254486e-03 2.442807424813508987e-03 -6.809813901782035828e-03
3.274206537753343582e-03 -2.985960105434060097e-03 -3.403817769140005112e-03 -2.726059639826416969e-03 5.004687700420618057e-03 -2.410001819953322411e-03 7.074637804180383682e-03 -5.520772188901901245e-03 -8.798147609923034906e-05 -4.162193275988101959e-03
-4.390907473862171173e-03 -1.917651738040149212e-03 -4.650446120649576187e-03 -3.143942682072520256e-03 -1.641760813072323799e-03 -5.005217157304286957e-03 -3.684642724692821503e-03 -5.170973949134349823e-03 -4.925825633108615875e-03 -5.329854320734739304e-03
-3.981177695095539093e-03 -4.722262732684612274e-03 -4.694443487096577883e-04 2.068148693069815636e-03 -1.058260910212993622e-02 -3.655699547380208969e-04 1.516952994279563427e-03 -3.868134692311286926e-03 -2.671430353075265884e-03 4.105221480131149292e-03
-4.118305630981922150e-03 -3.212891751900315285e-03 -5.557953845709562302e-03 -3.927125595510005951e-03 -1.552735571749508381e-03 -4.650385119020938873e-03 -3.084240714088082314e-03 -5.073640961199998856e-03 -5.041708238422870636e-03 -3.797757439315319061e-03
-3.012341680005192757e-03 -3.052412066608667374e-03 -6.118625868111848831e-03 -3.008154919371008873e-03 -2.207633806392550468e-03 -4.006396979093551636e-03 -3.442397108301520348e-03 -4.570002667605876923e-03 -5.141151137650012970e-03 -5.204575136303901672e-03
4.509483987931162119e-04 -3.794139018282294273e-03 4.188586026430130005e-03 5.126799806021153927e-04 -2.619743579998612404e-03 1.104710157960653305e-03 -3.239309415221214294e-03 2.955771051347255707e-03 1.585252699442207813e-03 -7.212677039206027985e-03
4.552807193249464035e-03 3.315434791147708893e-03 -2.767713274806737900e-03 -4.587968811392784119e-03 4.186456091701984406e-03 -4.148233681917190552e-03 6.998121272772550583e-03 -2.247233176603913307e-03 2.455207984894514084e-03 -1.715385704301297665e-03
-2.138146897777915001e-03 -6.454428657889366150e-03 -8.695954456925392151e-04 -9.557524695992469788e-03 5.123594775795936584e-03 4.164162091910839081e-03 -2.181435236707329750e-03 -1.636395812965929508e-03 -2.516291569918394089e-03 9.303126484155654907e-03
-1.787815941497683525e-03 2.629593480378389359e-03 2.925627166405320168e-03 2.541740424931049347e-03 -3.471399890258908272e-03 3.981148824095726013e-03 6.033313111402094364e-04 2.595818950794637203e-04 -9.922609897330403328e-04 -1.794644747860729694e-03
-2.312477910891175270e-03 5.955937784165143967e-03 3.925753757357597351e-03 1.663520699366927147e-03 -3.999275621026754379e-03 -2.149431500583887100e-03 -6.202154909260571003e-04 -4.464735276997089386e-03 -2.910238457843661308e-03 -4.794793203473091125e-03
-4.249469377100467682e-03 -1.970445737242698669e-03 -5.233393050730228424e-03 -4.377034492790699005e-03 -1.283925725147128105e-03 -4.994069226086139679e-03 -3.428670112043619156e-03 -5.461627617478370667e-03 -4.940591752529144287e-03 -4.868017975240945816e-03
-3.725281683728098869e-03 -2.924454747699201107e-04 3.708466421812772751e-03 5.703662172891199589e-04 -1.514659356325864792e-02 -1.187160029076039791e-03 -2.013326622545719147e-03 6.468821782618761063e-03 -7.285640458576381207e-04 6.256620981730520725e-04
-3.566640196368098259e-03 -3.511462360620498657e-03 -6.078499834984540939e-03 -3.351758932694792747e-03 -1.510832575149834156e-03 -4.843706730753183365e-03 -4.179897252470254898e-03 -5.456535611301660538e-03 -3.620180068537592888e-03 -3.928308375179767609e-03
3.238976001739501953e-03 -1.439507119357585907e-03 -2.677084645256400108e-03 1.858704024925827980e-03 -5.016318173147737980e-04 -3.120123583357781172e-04 -1.920094946399331093e-04 9.140663780272006989e-03 3.525635460391640663e-03 2.095772186294198036e-03
-3.567943815141916275e-03 -2.655759453773498535e-03 -5.141501314938068390e-03 -4.637003410607576370e-03 -3.003621706739068031e-03 -4.902827553451061249e-03 -3.360605333000421524e-03 -4.758600611239671707e-03 -3.922678530216217041e-03 -5.059681367129087448e-03
-4.317796789109706879e-03 -2.491982653737068176e-03 -5.311595741659402847e-03 -3.578597214072942734e-03 -1.986036077141761780e-03 -5.500948056578636169e-03 -3.608741797506809235e-03 -5.368830636143684387e-03 -4.141693934798240662e-03 -3.572566434741020203e-03
1.288266503252089024e-03 -4.270034842193126678e-03 -3.780059516429901123e-03 -6.471467204391956329e-03 -1.893676584586501122e-03 -3.639213275164365768e-03 -3.563505131751298904e-03 1.599038834683597088e-03 1.745820161886513233e-03 1.133937737904489040e-03
-2.882628701627254486e-03 -2.522999886423349380e-03 -5.630477797240018845e-03 -3.551637753844261169e-03 -2.581724664196372032e-03 -5.147067829966545105e-03 -4.127536434680223465e-03 -4.149226006120443344e-03 -4.892906174063682556e-03 -4.083824343979358673e-03
-2.993849338963627815e-03 -4.142744466662406921e-03 -5.054007633589208126e-04 -6.128698587417602539e-03 3.391167148947715759e-03 6.617326755076646805e-03 3.161865985020995140e-03 -3.433305770158767700e-03 -4.709161352366209030e-03 4.558250366244465113e-04
-2.050516894087195396e-03 -8.234178647398948669e-03 4.546973854303359985e-03 -1.377632288495078683e-04 -6.128882523626089096e-03 1.980414963327348232e-04 1.150296186096966267e-03 -5.121151916682720184e-03 -1.635591470403596759e-04 8.129544556140899658e-03
-5.426611751317977905e-04 -1.999999163672327995e-03 -1.638614456169307232e-03 2.642684616148471832e-03 -8.100854232907295227e-03 -5.912937223911285400e-03 1.701428787782788277e-03 -5.342772696167230606e-03 7.092824671417474747e-04 -1.318889320828020573e-03
3.632690524682402611e-03 -9.849533671513199806e-05 -2.740682684816420078e-04 -1.411373377777636051e-03 1.152928918600082397e-02 -3.650747239589691162e-03 -5.438798107206821442e-03 3.737471764907240868e-03 1.967846881598234177e-03 -2.540018176659941673e-03
-4.263023380190134048e-03 -2.620531013235449791e-03 -6.062469910830259323e-03 -3.913423977792263031e-03 -2.802399918437004089e-03 -4.285836592316627502e-03 -2.978093689307570457e-03 -4.430736880749464035e-03 -4.909422248601913452e-03 -4.089651629328727722e-03
-6.157197523862123489e-03 -3.900655778124928474e-03 -1.319045550189912319e-03 -5.210523493587970734e-03 -3.359535709023475647e-03 -1.807719003409147263e-03 -5.613029468804597855e-03 -1.967971911653876305e-03 -7.580342702567577362e-03 -2.426857245154678822e-04
-4.364564083516597748e-03 -2.416126430034637451e-03 -4.908373579382896423e-03 -2.882346976548433304e-03 -2.451574662700295448e-03 -4.365076310932636261e-03 -4.164514597505331039e-03 -5.506090819835662842e-03 -4.858583677560091019e-03 -4.822555463761091232e-03
-4.317962564527988434e-03 -1.990987220779061317e-03 -5.871153436601161957e-03 -3.558945376425981522e-03 -1.943600713275372982e-03 -5.395793356001377106e-03 -3.484784392639994621e-03 -4.128746688365936279e-03 -4.585932940244674683e-03 -4.451812710613012314e-03
-1.327335921814665198e-04 2.692950190976262093e-03 4.131340247113257647e-04 4.512215498834848404e-03 -3.756388090550899506e-03 -5.135979037731885910e-03 -4.821459297090768814e-03 6.382882711477577686e-04 -2.044281223788857460e-03 -7.797625847160816193e-03
-4.031395073980093002e-03 -2.846810035407543182e-03 -6.135290488600730896e-03 -4.260137211531400681e-03 -1.258051721379160881e-03 -4.211229737848043442e-03 -4.358077887445688248e-03 -5.346355959773063660e-03 -3.448199946433305740e-03 -3.911385778337717056e-03
-3.354941261932253838e-03 -2.136804163455963135e-03 -5.071764346212148666e-03 -3.891022177413105965e-03 -1.437442842870950699e-03 -4.522836767137050629e-03 -4.560069181025028229e-03 -5.849057808518409729e-03 -3.881875425577163696e-03 -5.449282471090555191e-03
-3.040482522919774055e-03 -2.260677749291062355e-03 -5.289391148835420609e-03 -3.089216072112321854e-03 -2.296698512509465218e-03 -5.437271669507026672e-03 -4.123170394450426102e-03 -5.568604916334152222e-03 -4.259660840034484863e-03 -3.966143354773521423e-03
-1.640606904402375221e-03 -1.206038752570748329e-03 4.772981163114309311e-03 5.257990211248397827e-03 -9.955980814993381500e-03 1.559084979817271233e-03 -8.672541007399559021e-03 2.419066848233342171e-03 2.284135902300477028e-03 6.806119810789823532e-03
-5.145119503140449524e-03 -5.605062935501337051e-03 3.947494551539421082e-03 -5.851260386407375336e-03 -3.687592456117272377e-03 3.105873474851250648e-04 -5.909119732677936554e-03 5.490057636052370071e-03 -4.681759513914585114e-03 -5.337970331311225891e-03
1.982484391191974282e-04 -2.086681313812732697e-03 -4.611192271113395691e-03 -5.469218362122774124e-03 1.157720945775508881e-02 3.735045436769723892e-03 6.264255847781896591e-03 -5.546593107283115387e-03 -1.254286500625312328e-03 -9.451602585613727570e-03
-4.201974254101514816e-03 -2.357504563406109810e-03 -5.799286067485809326e-03 -3.239705227315425873e-03 -1.926112454384565353e-03 -4.724952857941389084e-03 -3.006062470376491547e-03 -5.459892563521862030e-03 -4.460419062525033951e-03 -4.476448986679315567e-03
-4.618778824806213379e-03 -2.524939365684986115e-03 -5.146421492099761963e-03 -3.255447605624794960e-03 -2.168558072298765182e-03 -4.928776994347572327e-03 -3.430343698710203171e-03 -4.470665007829666138e-03 -4.534721840173006058e-03 -4.974485374987125397e-03
-1.402136520482599735e-03 -1.714081852696835995e-03 1.895115827210247517e-03 6.020421627908945084e-03 -4.660785198211669922e-03 2.862660679966211319e-03 4.263397931936196983e-05 -5.422018468379974365e-03 9.270887239836156368e-04 7.042889948934316635e-03
1.669017947278916836e-03 2.713528927415609360e-03 -9.274790645577013493e-04 4.903264343738555908e-03 -1.083107851445674896e-02 -1.421600766479969025e-02 3.842841600999236107e-03 -7.019337499514222145e-04 4.687338660005480051e-04 -8.153301663696765900e-03
-3.187646158039569855e-03 -3.073069965466856956e-03 -5.374664906412363052e-03 -3.232275601476430893e-03 -3.022257704287767410e-03 -4.651996772736310959e-03 -4.656134638935327530e-03 -4.976105410605669022e-03 -4.350021481513977051e-03 -3.912852145731449127e-03
-4.277929197996854782e-03 -7.938356138765811920e-03 2.257660031318664551e-03 -1.093373447656631470e-02 7.532741292379796505e-04 3.292506095021963120e-03 -3.049041843041777611e-04 3.106210380792617798e-03 -4.907554946839809418e-03 -3.757474012672901154e-03
4.020714550279080868e-04 -1.103072194382548332e-03 -1.329118618741631508e-03 -6.263521965593099594e-03 1.228540111333131790e-02 3.526029409840703011e-03 -8.367542177438735962e-03 9.943624027073383331e-04 -1.198866593767888844e-04 2.290772972628474236e-03
-3.266009269282221794e-03 -2.129377331584692001e-03 -5.962474271655082703e-03 -3.848192282021045685e-03 -1.308463513851165771e-03 -4.397860262542963028e-03 -3.726731985807418823e-03 -4.302717745304107666e-03 -4.940351005643606186e-03 -5.197171587496995926e-03
-6.283042952418327332e-03 -4.056416917592287064e-03 -8.933892240747809410e-04 -5.090738646686077118e-03 -3.825075458735227585e-03 -1.416104380041360855e-03 -4.810741171240806580e-03 -1.865010010078549385e-03 -7.785266265273094177e-03 -1.726638060063123703e-03
-8.880675770342350006e-03 -5.488242022693157196e-03 4.403411876410245895e-04 -5.971445236355066299e-03 -4.979064688086509705e-03 2.797794586513191462e-04 -7.627018261700868607e-03 1.675102743320167065e-03 -8.315048180520534515e-03 2.458217320963740349e-03
-2.996536903083324432e-03 -3.360720118507742882e-03 -5.573828704655170441e-03 -4.296596627682447433e-03 -2.465687459334731102e-03 -4.556798841804265976e-03 -3.697494277730584145e-03 -5.448404233902692795e-03 -3.897058544680476189e-03 -4.963116254657506943e-03
-4.454659763723611832e-03 -2.826548414304852486e-03 -6.048457697033882141e-03 -4.139316268265247345e-03 -2.338768681511282921e-03 -4.136962350457906723e-03 -3.355358261615037918e-03 -4.959001671522855759e-03 -4.541795700788497925e-03 -4.002803470939397812e-03
-4.117544274777173996e-03 -1.955212559551000595e-03 -6.263277959078550339e-03 -4.070951603353023529e-03 -2.410270972177386284e-03 -4.241608548909425735e-03 -2.578857587650418282e-03 -4.300505854189395905e-03 -4.981708712875843048e-03 -4.855408798903226852e-03
-4.137166775763034821e-03 -2.226243959739804268e-03 -5.385793279856443405e-03 -4.117304459214210510e-03 -1.726280199363827705e-03 -5.727329757064580917e-03 -3.528933739289641380e-03 -4.447530955076217651e-03 -3.739688079804182053e-03 -5.070621613413095474e-03
2.456085057929158211e-03 -2.155543072149157524e-03 -1.573151210322976112e-03 5.998279433697462082e-03 4.296819679439067841e-04 -4.478712566196918488e-03 -4.012687597423791885e-03 -3.535598749294877052e-03 1.429518801160156727e-03 1.817433629184961319e-03
-3.662606934085488319e-03 -2.279059961438179016e-03 -5.697277374565601349e-03 -3.881843294948339462e-03 -2.412036061286926270e-03 -4.484370816498994827e-03 -3.267491236329078674e-03 -4.974779207259416580e-03 -4.579837899655103683e-03 -5.315855145454406738e-03
2.855508064385503531e-04 -1.774145057424902916e-03 4.851344507187604904e-03 6.908313836902379990e-03 -3.238646546378731728e-03 2.847833558917045593e-03 -1.779071055352687836e-03 -5.013719666749238968e-03 1.333088497631251812e-03 -2.294715261086821556e-03
-7.656422909349203110e-03 -4.756950307637453079e-03 -1.325788471149280667e-04 -6.414490286260843277e-03 -4.001952242106199265e-03 7.216329686343669891e-04 -6.181248929351568222e-03 4.808981029782444239e-04 -7.737651467323303223e-03 1.812759088352322578e-03
-4.982254933565855026e-03 -5.419309716671705246e-03 -4.133022739551961422e-04 -8.173577487468719482e-03 -1.548294094391167164e-04 4.468185361474752426e-04 -6.035766564309597015e-03 1.450284267775714397e-03 -3.962303511798381805e-03 2.491282764822244644e-03
4.713833332061767578e-03 1.605685218237340450e-03 -2.067670458927750587e-03 7.197048398666083813e-04 -7.359671290032565594e-04 -5.704063456505537033e-03 1.311413361690938473e-03 -5.981579422950744629e-03 3.999154083430767059e-03 7.142336107790470123e-03
-7.394381798803806305e-03 -5.816278047859668732e-03 3.078836714848875999e-03 -6.592828314751386642e-03 -2.717807888984680176e-03 1.638651010580360889e-03 -9.129215963184833527e-03 3.263691905885934830e-03 -5.295955576002597809e-03 5.259300814941525459e-05
2.145445905625820160e-03 -4.772032611072063446e-03 7.128840661607682705e-04 -2.446884522214531898e-03 -2.884888555854558945e-03 2.834601094946265221e-03 1.498363632708787918e-02 -9.089493192732334137e-03 1.714600832201540470e-03 2.003746572881937027e-03
1.292747445404529572e-03 6.015076651237905025e-04 -3.241154830902814865e-03 7.864261046051979065e-03 -6.759053096175193787e-03 -4.170528147369623184e-03 -7.849592366255819798e-04 -8.090996183454990387e-03 5.587964551523327827e-04 4.044830799102783203e-03
-6.418521050363779068e-03 -3.380017122253775597e-03 -1.615729532204568386e-03 -5.282863508909940720e-03 -3.093115985393524170e-03 -7.048309780657291412e-04 -6.012701429426670074e-03 -1.878399052657186985e-03 -7.501384709030389786e-03 -8.225789060816168785e-04
-3.607806982472538948e-03 -2.974712289869785309e-03 -6.128983572125434875e-03 -2.962021157145500183e-03 -2.801224123686552048e-03 -4.463218152523040771e-03 -3.233819734305143356e-03 -5.024411249905824661e-03 -3.614533692598342896e-03 -4.925071261823177338e-03
2.912421245127916336e-03 -4.094019066542387009e-03 4.660139791667461395e-03 -2.420220756903290749e-03 -6.132460199296474457e-03 8.634233381599187851e-04 1.214097999036312103e-02 6.127502419985830784e-04 3.441468812525272369e-03 1.439166662748903036e-04
-6.822613533586263657e-03 -4.430641885846853256e-03 -1.132972771301865578e-03 -4.796784371137619019e-03 -3.383644390851259232e-03 3.596470924094319344e-04 -5.123605486005544662e-03 -9.025434846989810467e-04 -7.711426354944705963e-03 1.326071564108133316e-03
-5.293262191116809845e-03 -6.013574078679084778e-03 4.445497324923053384e-05 -3.632748499512672424e-03 -1.113782357424497604e-02 1.923950738273561001e-03 1.693784608505666256e-03 3.195479279384016991e-03 -4.633734468370676041e-03 2.275116275995969772e-03
-3.795945784077048302e-03 -2.328643808141350746e-03 -5.591585300862789154e-03 -2.988027408719062805e-03 -2.453890163451433182e-03 -4.429774358868598938e-03 -3.677567001432180405e-03 -5.634493194520473480e-03 -4.064495675265789032e-03 -4.551721271127462387e-03
-7.585526444017887115e-03 -3.820938989520072937e-03 -1.427392475306987762e-03 -4.256916698068380356e-03 -4.394495859742164612e-03 -3.440401342231780291e-04 -5.258619319647550583e-03 4.201329138595610857e-04 -6.815938744693994522e-03 1.158434548415243626e-03
-1.615796820260584354e-03 -3.201405925210565329e-04 -3.947751130908727646e-03 1.175061799585819244e-03 7.597266085213050246e-05 3.768051043152809143e-03 -3.423223737627267838e-03 -2.840113593265414238e-03 -5.302939098328351974e-04 9.529786184430122375e-03
3.505514468997716904e-03 6.562231108546257019e-03 -4.098706413060426712e-03 -1.107542309910058975e-03 1.485987915657460690e-03 3.121002227999269962e-04 7.629822473973035812e-03 -3.786524059250950813e-03 3.018832067027688026e-03 4.898873623460531235e-03
-2.017064252868294716e-03 3.132755402475595474e-03 1.226167776621878147e-03 1.962863607332110405e-03 -1.137392828240990639e-03 6.250385660678148270e-03 -9.505262598395347595e-03 4.890815820544958115e-03 7.502149674110114574e-04 4.552804399281740189e-03
-7.074760505929589272e-04 -1.353975734673440456e-03 1.588988117873668671e-03 9.822051506489515305e-04 -8.497319184243679047e-03 -3.904497716575860977e-03 -8.876139181666076183e-04 -5.043656099587678909e-03 -3.049707738682627678e-04 3.194573946529999375e-05
-9.596649324521422386e-04 -2.295359037816524506e-03 2.956086304038763046e-03 1.191201619803905487e-03 2.353948308154940605e-03 -1.605250407010316849e-03 -1.064352784305810928e-02 3.288552630692720413e-03 -8.168341009877622128e-04 -8.225667290389537811e-03
-3.982408961746841669e-04 -9.741703979671001434e-04 -4.500405862927436829e-03 -4.514150321483612061e-03 1.073187030851840973e-02 3.238745732232928276e-03 6.357029080390930176e-03 -1.034257747232913971e-02 -2.254299353808164597e-03 -5.521548446267843246e-03
-3.870748681947588921e-03 -2.203803043812513351e-03 -5.669149570167064667e-03 -4.121154081076383591e-03 -1.835899078287184238e-03 -4.877314437180757523e-03 -3.549382556229829788e-03 -4.378683399409055710e-03 -4.881641827523708344e-03 -4.309086129069328308e-03
-3.840598976239562035e-03 -2.804046962410211563e-03 -5.479903891682624817e-03 -3.602712880820035934e-03 -1.906468183733522892e-03 -5.381946917623281479e-03 -3.269707784056663513e-03 -4.970548674464225769e-03 -4.845761694014072418e-03 -3.892773762345314026e-03
-3.892780747264623642e-03 -2.790253609418869019e-03 -5.547644104808568954e-03 -4.263406153768301010e-03 -2.117675030604004860e-03 -5.505663808435201645e-03 -3.249559318646788597e-03 -5.005480255931615829e-03 -4.416894167661666870e-03 -4.069668240845203400e-03
-2.660686848685145378e-03 -4.260099027305841446e-03 1.308572478592395782e-03 -3.328882157802581787e-04 -6.394878495484590530e-03 -5.500197876244783401e-03 3.744657733477652073e-04 -4.250375553965568542e-03 -2.972203539684414864e-03 -4.450347740203142166e-03
1.579958712682127953e-03 1.613477244973182678e-03 -5.869336426258087158e-03 6.839599926024675369e-03 1.968910451978445053e-03 2.118873177096247673e-03 1.747708651237189770e-03 -2.291410695761442184e-03 5.118924309499561787e-04 1.240160345332697034e-04
-4.276875872164964676e-03 -3.330809529870748520e-03 -5.471601150929927826e-03 -2.796538639813661575e-03 -1.418807310983538628e-03 -5.473690573126077652e-03 -4.014738835394382477e-03 -4.641745705157518387e-03 -3.365537151694297791e-03 -4.991845693439245224e-03
-4.184655845165252686e-03 -2.054871059954166412e-03 -5.080694332718849182e-03 -4.282948095351457596e-03 -1.210187445394694805e-03 -5.343110300600528717e-03 -2.555365208536386490e-03 -4.930994007736444473e-03 -4.865449853241443634e-03 -4.433649592101573944e-03
4.240135196596384048e-03 -4.032591823488473892e-03 3.348350059241056442e-03 3.422365756705403328e-03 -4.808836616575717926e-03 4.182167351245880127e-03 8.403084240853786469e-03 -4.914157092571258545e-03 4.273529630154371262e-03 3.754117060452699661e-04
-1.289740554057061672e-03 -5.755481775850057602e-03 -1.600067247636616230e-03 -5.861984565854072571e-03 6.674823816865682602e-03 2.275135484524071217e-04 -1.040082611143589020e-02 -1.110927783884108067e-03 -1.020763651467859745e-03 3.016065573319792747e-03
6.404950399883091450e-04 -4.272187361493706703e-04 -6.175057496875524521e-03 1.563060795888304710e-03 5.663790740072727203e-03 2.927727473434060812e-04 -6.699494551867246628e-03 -5.303908139467239380e-03 1.568240113556385040e-03 8.737185969948768616e-03
-1.332752988673746586e-03 -5.435144412331283092e-04 1.632426865398883820e-03 -7.230226183310151100e-04 -1.427731825970113277e-03 -2.472561318427324295e-03 -6.350117269903421402e-03 3.712375648319721222e-03 2.572350495029240847e-04 -8.593566599301993847e-04
-3.459115978330373764e-03 -2.779625589028000832e-03 -6.172983441501855850e-03 -4.034051671624183655e-03 -2.517279470339417458e-03 -4.473333712667226791e-03 -3.002305282279849052e-03 -5.338510964065790176e-03 -3.763212589547038078e-03 -4.650763701647520065e-03
-3.598853945732116699e-03 -2.551558893173933029e-03 -5.660946946591138840e-03 -3.868644125759601593e-03 -1.722533954307436943e-03 -4.781965166330337524e-03 -4.331106785684823990e-03 -4.753085784614086151e-03 -4.291076678782701492e-03 -4.235554020851850510e-03
-3.551413305103778839e-03 -8.475508540868759155e-03 6.174648646265268326e-03 -4.339658655226230621e-03 -1.283557992428541183e-02 1.233111106557771564e-04 2.425729529932141304e-03 -1.365246716886758804e-03 -1.265735016204416752e-03 -7.627413142472505569e-04
-3.300705226138234138e-03 -2.600064035505056381e-03 -5.323829594999551773e-03 -4.173323046416044235e-03 -2.048996044322848320e-03 -5.546836182475090027e-03 -3.595838323235511780e-03 -4.127671942114830017e-03 -3.854000940918922424e-03 -4.857217893004417419e-03
-6.961964536458253860e-03 -3.290730994194746017e-03 -2.946586173493415117e-04 -5.459394771605730057e-03 -3.806456224992871284e-03 -4.176224174443632364e-04 -5.818581674247980118e-03 -9.730574092827737331e-04 -8.352060802280902863e-03 6.683777319267392159e-04
-3.283700440078973770e-03 -2.716796472668647766e-03 -6.311834789812564850e-03 -4.003228154033422470e-03 -1.534255454316735268e-03 -5.312188528478145599e-03 -4.084948450326919556e-03 -4.655749071389436722e-03 -3.964019939303398132e-03 -3.966670017689466476e-03
-7.935129688121378422e-04 1.279156887903809547e-03 8.722716011106967926e-03 -5.403253599070012569e-04 -9.305957704782485962e-03 -1.887047779746353626e-03 3.283513942733407021e-03 4.019401036202907562e-03 1.076448708772659302e-03 -2.841715933755040169e-03
3.057612571865320206e-03 5.212005693465471268e-03 1.704627880826592445e-03 1.105742878280580044e-03 8.123410865664482117e-03 8.845559321343898773e-03 1.452121505280956626e-04 7.315194234251976013e-03 5.386932287365198135e-03 3.075976856052875519e-03
-3.238820238038897514e-03 -4.658774007111787796e-03 -1.560386968776583672e-03 5.733547150157392025e-04 -7.537429220974445343e-03 -1.409256714396178722e-03 1.244461454916745424e-04 -3.148088231682777405e-03 -3.300649346783757210e-03 1.470622024498879910e-03
-4.755585920065641403e-03 -2.281777793541550636e-03 -5.049388855695724487e-03 -3.100995440036058426e-03 -2.026150235906243324e-03 -5.548528861254453659e-03 -3.393275663256645203e-03 -4.584929905831813812e-03 -4.054051823914051056e-03 -5.084531847387552261e-03
-4.441232886165380478e-03 -3.104492789134383202e-03 -5.316022317856550217e-03 -3.725552698597311974e-03 -1.413636840879917145e-03 -4.635874647647142410e-03 -3.525463631376624107e-03 -4.584860056638717651e-03 -3.938441164791584015e-03 -5.347216501832008362e-03
-3.455757396295666695e-03 -3.654364496469497681e-03 -5.390194710344076157e-03 -3.529184265062212944e-03 -1.790091395378112793e-03 -5.005840677767992020e-03 -2.828986616805195808e-03 -5.298745352774858475e-03 -4.233887884765863419e-03 -4.916073288768529892e-03
-4.324506036937236786e-03 -2.128324471414089203e-03 -6.107385270297527313e-03 -3.910176455974578857e-03 -1.210674643516540527e-03 -4.336109384894371033e-03 -4.192153457552194595e-03 -4.503149073570966721e-03 -3.976427018642425537e-03 -4.002796020358800888e-03
-3.636026289314031601e-03 2.495532389730215073e-03 -1.561431679874658585e-03 -1.755440462147817016e-05 6.847491487860679626e-03 6.080902647227048874e-03 -7.663167081773281097e-03 -4.200751427561044693e-03 -7.096165791153907776e-04 8.257973939180374146e-03
-3.582403296604752541e-03 -4.028339404612779617e-03 2.039492130279541016e-03 -3.664771793410181999e-05 -1.068571489304304123e-02 -4.621564410626888275e-03 -8.107537869364023209e-04 5.126703996211290359e-03 -2.551940735429525375e-03 -5.939538590610027313e-03
7.124283816665410995e-03 9.843980660662055016e-04 2.679629018530249596e-03 4.807500168681144714e-03 -3.821780555881559849e-04 -3.855837276205420494e-03 1.329850871115922928e-03 1.168739167042076588e-03 8.104732260107994080e-03 -6.300074164755642414e-04
-5.410139783634804189e-05 7.476417347788810730e-03 -3.796805394813418388e-03 -5.519274156540632248e-03 8.273986168205738068e-03 -4.867458250373601913e-03 -5.731049459427595139e-03 2.955993404611945152e-04 -8.001545211300253868e-04 -4.637291189283132553e-03
-4.454065579921007156e-03 -6.099641323089599609e-03 6.482027238234877586e-04 -6.877156905829906464e-03 -1.267533982172608376e-03 1.503500039689242840e-03 -8.063612505793571472e-03 1.938878558576107025e-03 -3.485101973637938499e-03 -2.319118008017539978e-03
-3.528652479872107506e-03 -2.681212732568383217e-03 -6.067524198442697525e-03 -3.810739377513527870e-03 -2.181458752602338791e-03 -5.111698526889085770e-03 -3.664816962555050850e-03 -5.325706675648689270e-03 -3.621018258854746819e-03 -3.706542775034904480e-03
1.583830453455448151e-04 1.654547755606472492e-03 -2.490562386810779572e-03 6.809175247326493263e-04 -6.765004713088274002e-03 -9.527646005153656006e-03 -1.407548552379012108e-04 2.190232771681621671e-05 -1.600739429704844952e-03 -9.029632434248924255e-03
-4.435098962858319283e-04 -2.605465473607182503e-03 -1.806490326998755336e-04 7.585610146634280682e-04 -7.148744072765111923e-03 -5.130820907652378082e-03 1.140338252298533916e-03 -7.077339105308055878e-03 -1.535230432637035847e-03 -2.445997204631567001e-03
-3.843735205009579659e-03 -2.436806680634617805e-03 4.526510834693908691e-03 -5.182189051993191242e-04 2.432589419186115265e-03 6.791247054934501648e-03 1.027607009746134281e-03 -1.304148463532328606e-03 -2.032630611211061478e-03 -4.153845366090536118e-03
-7.098742295056581497e-03 -3.279943950474262238e-03 -1.438020379282534122e-03 -5.412856582552194595e-03 -3.162982873618602753e-03 -6.542911287397146225e-04 -4.594792146235704422e-03 -8.135540992952883244e-04 -8.028899319469928741e-03 -6.371892523020505905e-04
-4.059315659105777740e-03 -3.328065620735287666e-03 -4.807649180293083191e-03 -4.363305866718292236e-03 -1.826601219363510609e-03 -5.362342577427625656e-03 -3.124879207462072372e-03 -5.331767257302999496e-03 -3.906924277544021606e-03 -5.145480390638113022e-03
-6.576036568731069565e-03 -3.562193363904953003e-03 -5.849272711202502251e-04 -4.927011672407388687e-03 -3.874603193253278732e-03 -1.030205748975276947e-03 -5.534722935408353806e-03 -1.006858306936919689e-03 -7.842733524739742279e-03 -1.057053916156291962e-03
-4.038631916046142578e-03 -2.557496773079037666e-03 -5.108256358653306961e-03 -4.298221319913864136e-03 -1.895835041068494320e-03 -5.378947593271732330e-03 -3.163279965519905090e-03 -5.530088208615779877e-03 -3.890212625265121460e-03 -3.920683171600103378e-03
-2.569826552644371986e-03 2.392627502558752894e-04 -3.035953501239418983e-03 -1.238656230270862579e-03 4.605253052432090044e-04 2.250823890790343285e-03 -4.992709960788488388e-03 -4.992550238966941833e-03 -1.426541712135076523e-05 1.000007987022399902e-02
-6.901632877998054028e-04 -5.936568137258291245e-03 -1.482741325162351131e-03 -2.133429748937487602e-03 -9.485908783972263336e-03 -3.855759510770440102e-03 2.665408421307802200e-03 1.239219098351895809e-03 2.572670346125960350e-04 1.047139667207375169e-04
1.639301772229373455e-04 -1.511461450718343258e-03 -3.932349849492311478e-03 -5.768149858340620995e-04 2.438485156744718552e-03 -1.125193899497389793e-03 -5.231467541307210922e-03 3.491316922008991241e-03 -1.085630574380047619e-04 -5.064344150014221668e-04
2.003517933189868927e-03 5.811999551951885223e-03 -2.706978004425764084e-03 1.218519266694784164e-02 8.512201602570712566e-04 -5.702366586774587631e-03 -2.754156943410634995e-03 -8.717374294064939022e-04 1.288111554458737373e-03 -2.469724277034401894e-03
-3.568171290680766106e-03 -2.433374756947159767e-03 -5.985416471958160400e-03 -3.787722671404480934e-03 -2.342912135645747185e-03 -4.604101646691560745e-03 -3.374581458047032356e-03 -4.768692422658205032e-03 -4.149908199906349182e-03 -4.825993906706571579e-03
-3.113792743533849716e-03 -3.127255477011203766e-03 -4.934096243232488632e-03 -4.066458437591791153e-03 -1.422324683517217636e-03 -5.499380175024271011e-03 -3.983644302934408188e-03 -4.186167381703853607e-03 -4.164299461990594864e-03 -5.182244349271059036e-03
-7.128536701202392578e-03 -4.261123947799205780e-03 -1.303254393860697746e-03 -5.483735818415880203e-03 -4.253011662513017654e-03 -5.711201811209321022e-04 -5.699800793081521988e-03 -5.734238948207348585e-05 -7.617302704602479935e-03 1.874090521596372128e-03
-1.529816305264830589e-03 -4.732494242489337921e-03 -1.566221355460584164e-03 4.654305055737495422e-03 -1.239791605621576309e-02 -5.533942487090826035e-03 3.863460849970579147e-03 -3.040481591597199440e-03 6.219243514351546764e-04 1.139649539254605770e-03
-3.863013116642832756e-03 -2.623902168124914169e-03 -5.694256629794836044e-03 -3.878682851791381836e-03 -1.887462683953344822e-03 -4.930730443447828293e-03 -3.207528498023748398e-03 -5.157038569450378418e-03 -3.958631306886672974e-03 -4.173902794718742371e-03
-2.024826360866427422e-03 -3.397986292839050293e-03 -1.917534158565104008e-03 3.203591622877866030e-04 -4.566716961562633514e-03 2.395094372332096100e-03 -5.248457659035921097e-03 -2.557427622377872467e-03 -1.908344274852424860e-04 7.464417256414890289e-03
1.090016681700944901e-03 -8.735390729270875454e-04 -1.394781866110861301e-03 -2.653282368555665016e-03 -2.602155087515711784e-03 -5.329683888703584671e-03 1.507325359852984548e-04 2.531263278797268867e-03 9.867110056802630424e-04 -1.007745228707790375e-02
-5.064588505774736404e-03 -6.940764142200350761e-04 -9.822667925618588924e-05 3.614132525399327278e-03 -3.867040621116757393e-03 2.699730684980750084e-03 -3.540848148986697197e-03 -2.202252857387065887e-03 -2.122936770319938660e-03 1.025932747870683670e-02
-1.143783214502036572e-03 2.207866869866847992e-03 -3.184808650985360146e-03 9.263884858228266239e-04 -3.232791088521480560e-03 -2.850311342626810074e-03 -6.128219421952962875e-03 2.034021075814962387e-03 -1.588300801813602448e-04 4.839137196540832520e-03
-4.066698253154754639e-03 -4.900035448372364044e-03 9.126315708272159100e-04 2.333249663934111595e-03 -1.081133447587490082e-02 -4.517527297139167786e-03 1.944635529071092606e-03 -7.097695488482713699e-04 -3.934928216040134430e-03 4.006278468295931816e-04
-5.458203144371509552e-03 -3.651999868452548981e-03 2.644617052283138037e-05 3.077963134273886681e-03 -1.398648321628570557e-02 3.128208845737390220e-05 2.627517795190215111e-03 -9.973008418455719948e-04 -2.925106557086110115e-03 7.767796982079744339e-03
-8.947813767008483410e-04 -6.975190714001655579e-03 1.639351132325828075e-03 1.151428674347698689e-03 -4.614291246980428696e-03 -8.650807430967688560e-04 -2.056973986327648163e-03 4.458528943359851837e-03 -3.341028641443699598e-04 -5.276230163872241974e-03
-2.925528446212410927e-03 -3.447575727477669716e-03 -6.032066419720649719e-03 -4.008862189948558807e-03 -2.724984195083379745e-03 -4.944844171404838562e-03 -3.414918202906847000e-03 -4.900989122688770294e-03 -3.772318596020340919e-03 -4.877455998212099075e-03
-6.570494733750820160e-03 -3.593037137761712074e-03 -4.851731937378644943e-04 -5.816438701003789902e-03 -4.013542085886001587e-03 -5.848806467838585377e-04 -6.413802038878202438e-03 -1.708416821202263236e-04 -6.904250476509332657e-03 1.348286168649792671e-03
1.608617953024804592e-03 4.906486719846725464e-03 -1.937614404596388340e-03 -5.795192439109086990e-03 3.177710110321640968e-03 -4.477574955672025681e-03 -5.219723680056631565e-04 5.120588466525077820e-04 1.345268799923360348e-03 -1.629095873795449734e-03
-2.359639620408415794e-03 -7.558432873338460922e-03 6.576725281774997711e-04 -1.894574263133108616e-03 -8.639701642096042633e-03 1.754355034790933132e-04 -1.702853478491306305e-05 -1.477685873396694660e-03 -7.404475036310032010e-05 5.371047649532556534e-03
3.233894822187721729e-04 -6.135394796729087830e-03 -3.949819598346948624e-03 7.876979652792215347e-04 -5.362619645893573761e-03 3.031439700862392783e-05 -1.785223954357206821e-03 2.028464514296501875e-04 8.746799430809915066e-04 3.815899137407541275e-03
2.923317486420273781e-03 -2.901058876886963844e-03 2.917205682024359703e-03 2.196861896663904190e-03 -1.111084502190351486e-02 -8.539784699678421021e-03 6.748022977262735367e-03 3.680786816403269768e-03 2.897399011999368668e-03 -8.771199733018875122e-03
-6.994490977376699448e-03 -4.039906896650791168e-03 -9.602203499525785446e-04 -4.852476995438337326e-03 -3.550633322447538376e-03 -5.330704152584075928e-04 -6.185254547744989395e-03 -1.428763498552143574e-03 -7.903469726443290710e-03 6.155385635793209076e-04
-3.686978714540600777e-03 -3.817141754552721977e-03 -4.893535748124122620e-03 -2.947314642369747162e-03 -1.210916554555296898e-03 -5.433056503534317017e-03 -3.291250439360737801e-03 -4.139952361583709717e-03 -4.861659370362758636e-03 -5.383668001741170883e-03
-4.132803063839673996e-03 -2.429001964628696442e-03 -5.550773348659276962e-03 -4.106531385332345963e-03 -2.031474141404032707e-03 -4.392124712467193604e-03 -3.723123809322714806e-03 -4.898623563349246979e-03 -4.372635390609502792e-03 -4.542564973235130310e-03
-6.584659218788146973e-03 -7.044115103781223297e-03 1.727791619487106800e-03 -9.998797439038753510e-03 -5.673196632415056229e-03 3.435841295868158340e-03 -3.026803256943821907e-03 2.722219331189990044e-03 -5.685176700353622437e-03 3.828918561339378357e-03
-4.268774762749671936e-03 -2.034235280007123947e-03 -4.709305707365274429e-03 -4.180046729743480682e-03 -2.275672275573015213e-03 -4.586219787597656250e-03 -3.638787195086479187e-03 -5.834288429468870163e-03 -4.978007636964321136e-03 -4.259909968823194504e-03
-3.868142608553171158e-03 -3.284292761236429214e-03 -6.208640523254871368e-03 -3.340638475492596626e-03 -1.949027064256370068e-03 -4.843476228415966034e-03 -3.185854060575366020e-03 -4.965264350175857544e-03 -4.289754200726747513e-03 -5.092083476483821869e-03
-5.786505993455648422e-03 -3.063384443521499634e-03 -7.319707656279206276e-04 8.754835580475628376e-04 -7.383178453892469406e-03 3.230727743357419968e-03 -4.467387683689594269e-03 -1.539501135994214565e-05 -3.584763035178184509e-03 4.875832237303256989e-03
-3.890717169269919395e-03 -3.442450659349560738e-03 -6.256174296140670776e-03 -3.808999201282858849e-03 -2.685179468244314194e-03 -4.545828327536582947e-03 -2.679208060726523399e-03 -4.793146625161170959e-03 -3.813278628513216972e-03 -3.964230418205261230e-03
6.093803793191909790e-03 6.348574534058570862e-03 3.419089829549193382e-03 3.191201481968164444e-03 9.712632745504379272e-03 8.669610135257244110e-03 3.670749254524707794e-03 6.855666637420654297e-03 8.794814348220825195e-03 4.136321134865283966e-03
-4.227210767567157745e-03 -3.888943465426564217e-03 -1.146960421465337276e-03 -4.463497083634138107e-03 -5.004429258406162262e-03 7.434403232764452696e-05 -2.484850818291306496e-03 -8.557512774132192135e-04 -2.608986338600516319e-03 3.696223720908164978e-03
-4.003730602562427521e-03 -6.389356683939695358e-03 3.973360173404216766e-03 1.429581199772655964e-03 -1.640754565596580505e-02 -2.253940794616937637e-03 1.837843563407659531e-03 1.807827735319733620e-03 -2.863644156605005264e-03 8.378699421882629395e-04
-4.211450926959514618e-03 -4.623679444193840027e-03 -1.175035489723086357e-03 -5.948802572675049305e-04 -4.274033475667238235e-03 1.272387569770216942e-03 -7.058888673782348633e-03 -6.251351442188024521e-04 -1.580709358677268028e-03 5.902117583900690079e-03
-3.072054358199238777e-03 -2.557946369051933289e-03 -4.796802066266536713e-03 -3.161038737744092941e-03 -2.985587343573570251e-03 -4.699365701526403427e-03 -4.087751265615224838e-03 -5.425476469099521637e-03 -4.828650504350662231e-03 -4.842078778892755508e-03
4.161408171057701111e-03 -3.012980450876057148e-04 -2.283048350363969803e-03 -1.591549837030470371e-03 7.303772028535604477e-03 -2.848373493179678917e-03 -5.484156310558319092e-03 2.459869487211108208e-03 2.909006318077445030e-03 -1.383800990879535675e-03
-3.760442137718200684e-03 -3.651654114946722984e-03 -5.148410331457853317e-03 -4.103549290448427200e-03 -2.027294831350445747e-03 -5.055029876530170441e-03 -3.374581923708319664e-03 -4.571597557514905930e-03 -3.936827182769775391e-03 -4.979139659553766251e-03
9.515527053736150265e-04 -5.856992211192846298e-03 -3.213176969438791275e-03 -3.424748545512557030e-03 -2.926678396761417389e-03 -2.862856024876236916e-03 -1.278522773645818233e-03 3.478291619103401899e-04 7.763833855278789997e-04 -4.522633738815784454e-03
1.472409814596176147e-03 1.454988610930740833e-03 -6.339064566418528557e-04 3.031361615285277367e-03 -8.332762867212295532e-03 -1.185459271073341370e-02 2.134340349584817886e-03 -6.389005575329065323e-03 -6.302675465121865273e-04 -7.613577879965305328e-03
8.347782422788441181e-04 -4.064811859279870987e-03 4.384365165606141090e-04 -4.141204524785280228e-03 -4.980061203241348267e-03 -3.424174152314662933e-03 1.409344607964158058e-03 -1.094685751013457775e-03 1.231139467563480139e-04 -1.593065564520657063e-03
2.235865686088800430e-03 4.351370502263307571e-03 9.729124722070991993e-04 -5.820220336318016052e-03 3.304710262455046177e-04 4.517099587246775627e-04 3.935104701668024063e-03 -5.449975840747356415e-03 2.745831385254859924e-03 1.161754596978425980e-03
-1.585015445016324520e-03 -3.512474009767174721e-03 -3.557700663805007935e-03 2.310391049832105637e-03 -9.044014848768711090e-03 -1.054559368640184402e-03 6.582051864825189114e-04 -4.437576979398727417e-03 -2.007216913625597954e-03 4.540655296295881271e-03
4.192728956695646048e-04 5.299712531268596649e-03 -3.402583533897995949e-03 3.373599844053387642e-03 1.401958055794239044e-02 1.741753891110420227e-03 -2.474598120898008347e-03 -5.668079946190118790e-03 -1.354076433926820755e-03 -8.535261265933513641e-03
-8.416632772423326969e-04 2.141105011105537415e-03 9.092729887925088406e-04 2.640076447278261185e-03 -6.828258745372295380e-03 -7.565532810986042023e-03 -4.763574805110692978e-03 4.877546802163124084e-03 -2.159582683816552162e-03 -1.095840707421302795e-02
-1.071052975021302700e-03 2.521355170756578445e-03 -8.958003600127995014e-04 -4.719140473753213882e-03 1.216098852455615997e-02 5.123779177665710449e-03 -9.928542189300060272e-03 -1.570524880662560463e-03 -1.441097003407776356e-03 -4.322855675127357244e-04
-3.297884948551654816e-03 -3.927353303879499435e-03 1.338028116151690483e-03 1.545644714497029781e-03 -1.074519753456115723e-02 -6.387353409081697464e-03 1.348147518001496792e-03 2.142687560990452766e-03 -3.598734736442565918e-03 -3.991748206317424774e-03
-4.802455194294452667e-03 -5.374495405703783035e-03 5.699321627616882324e-04 -7.569059729576110840e-03 -3.661994414869695902e-04 7.140120724216103554e-04 -2.374629722908139229e-03 -3.850497596431523561e-04 -5.519151687622070312e-03 7.636235095560550690e-04
-1.185134635306894779e-03 -4.633536562323570251e-03 1.388019416481256485e-03 2.736957743763923645e-03 -1.059032883495092392e-02 -7.814203388988971710e-03 1.706935116089880466e-03 1.908747362904250622e-04 -3.024108242243528366e-03 -5.504148080945014954e-03
-3.669152036309242249e-03 -2.261240268126130104e-03 -6.072666496038436890e-03 -3.574780421331524849e-03 -2.172576729208230972e-03 -4.814614541828632355e-03 -3.604036755859851837e-03 -5.119389854371547699e-03 -4.357165656983852386e-03 -3.800770267844200134e-03
-4.845269490033388138e-03 -6.342349108308553696e-03 3.869331849273294210e-04 -6.162011995911598206e-03 -1.613709842786192894e-03 1.891863299533724785e-03 -4.547950346022844315e-03 1.652663224376738071e-03 -5.298090167343616486e-03 -3.880857955664396286e-03
-9.040732868015766144e-03 -3.798197954893112183e-03 3.591212444007396698e-04 -5.509957205504179001e-03 -4.706521984189748764e-03 1.761468942277133465e-03 -6.777225993573665619e-03 1.170227536931633949e-03 -8.875895291566848755e-03 1.782795879989862442e-03
-3.535088151693344116e-03 -2.973843133077025414e-03 -4.796233959496021271e-03 -3.045630641281604767e-03 -1.975997583940625191e-03 -5.575688090175390244e-03 -4.143797326833009720e-03 -5.343945231288671494e-03 -4.014868289232254028e-03 -4.301463253796100616e-03
3.515682881698012352e-03 1.770030939951539040e-03 3.605729667469859123e-03 -2.254926599562168121e-03 -3.765136701986193657e-03 1.190333045087754726e-03 1.146567054092884064e-02 -2.661275444552302361e-03 3.780572675168514252e-03 2.839062595739960670e-03
2.624992746859788895e-03 -1.672351965680718422e-03 2.013253746554255486e-03 -3.750588977709412575e-03 5.189976654946804047e-03 7.404297124594449997e-03 -7.581801037304103374e-04 8.724850602447986603e-03 2.581954468041658401e-03 2.293485682457685471e-03
-2.890556585043668747e-03 -6.461873650550842285e-03 1.034971326589584351e-03 -7.875611074268817902e-03 2.711030188947916031e-03 2.615155419334769249e-03 -3.449342329986393452e-05 -2.546302275732159615e-04 -5.170729476958513260e-03 -6.793348118662834167e-03
-2.320829313248395920e-03 7.617726922035217285e-03 -3.978475928306579590e-03 2.773300220724195242e-04 8.993599563837051392e-03 1.230090507306158543e-03 -1.238772412762045860e-03 -7.474620826542377472e-03 -3.678665962070226669e-03 -1.051125954836606979e-02
-4.312146920710802078e-03 -2.661054488271474838e-03 -5.444526206701993942e-03 -3.971305210143327713e-03 -2.413654001429677010e-03 -5.802258849143981934e-03 -3.121189773082733154e-03 -4.519843962043523788e-03 -4.904282744973897934e-03 -3.938989713788032532e-03
-3.565466497093439102e-03 -2.886750502511858940e-03 -5.308300256729125977e-03 -3.758834442123770714e-03 -1.135839149355888367e-03 -5.369918886572122574e-03 -3.951706923544406891e-03 -5.252939648926258087e-03 -3.680408466607332230e-03 -4.571960307657718658e-03
1.293051755055785179e-03 6.873457226902246475e-03 -9.424946038052439690e-04 4.914251621812582016e-03 6.555574480444192886e-03 -3.071695682592689991e-04 5.280589219182729721e-03 -7.643930148333311081e-03 2.473458880558609962e-04 -4.997576586902141571e-03
-1.269325148314237595e-04 -8.779873140156269073e-03 3.504178486764431000e-03 -5.781546235084533691e-03 -2.270253840833902359e-03 3.251086222007870674e-03 1.821967656724154949e-03 8.342899382114410400e-03 1.696845749393105507e-03 -7.255442324094474316e-04
-6.538986694067716599e-03 -3.373034996911883354e-03 -9.885213803499937057e-04 -4.858123604208230972e-03 -3.131671110168099403e-03 -1.122992718592286110e-03 -5.411357618868350983e-03 -1.405895571224391460e-03 -5.932458676397800446e-03 7.172535988502204418e-04
-4.055112600326538086e-03 -2.240229630842804909e-03 -5.350250285118818283e-03 -2.836658852174878120e-03 -1.959786750376224518e-03 -3.966204822063446045e-03 -4.292307887226343155e-03 -5.502788815647363663e-03 -5.045565310865640640e-03 -4.946985282003879547e-03
-7.449992117471992970e-04 7.995441410457715392e-05 -4.464508034288883209e-03 -5.005631130188703537e-03 9.332626126706600189e-03 1.103384303860366344e-03 2.835024613887071609e-03 -5.959465634077787399e-03 -3.106603864580392838e-03 -9.954646229743957520e-03
1.604510820470750332e-03 5.265553947538137436e-03 -4.182018805295228958e-03 6.095728836953639984e-03 -5.327513208612799644e-04 -8.210710249841213226e-03 -8.750642649829387665e-03 6.845219992101192474e-03 7.369375671260058880e-04 -5.333818029612302780e-03
6.823295261710882187e-03 -1.315867062658071518e-02 -1.192134455777704716e-03 -2.416562754660844803e-03 3.488381858915090561e-03 -4.208958242088556290e-03 2.307585906237363815e-03 -5.514521035365760326e-04 5.894156638532876968e-03 -4.544150084257125854e-03
-4.386266693472862244e-03 -2.913930453360080719e-03 -5.888388957828283310e-03 -3.806944936513900757e-03 -2.808954333886504173e-03 -3.799718338996171951e-03 -2.915376331657171249e-03 -5.103043280541896820e-03 -4.062844906002283096e-03 -5.158436484634876251e-03
-4.803609568625688553e-03 -9.189610369503498077e-03 2.395189134404063225e-03 -1.422913931310176849e-02 -3.752041084226220846e-04 5.443271715193986893e-03 1.651166123338043690e-03 1.708761090412735939e-03 -3.413052065297961235e-03 2.010008785873651505e-03
-4.102532286196947098e-03 -2.677301177754998207e-03 -5.653505213558673859e-03 -3.228662535548210144e-03 -1.233498565852642059e-03 -4.250369500368833542e-03 -3.682950511574745178e-03 -4.607163835316896439e-03 -4.460264928638935089e-03 -4.974849056452512741e-03
1.029647537507116795e-03 -3.954230807721614838e-03 -2.109170192852616310e-03 -2.263788832351565361e-03 -3.659915411844849586e-03 -3.489409340545535088e-03 5.864807404577732086e-03 3.888455219566822052e-03 -6.243337993510067463e-04 -5.692606791853904724e-03
-1.095489133149385452e-03 -3.295492613688111305e-03 5.801157094538211823e-04 -1.105019636452198029e-02 1.192990876734256744e-02 1.023899763822555542e-02 1.713743200525641441e-03 -2.292338060215115547e-03 -1.583908451721072197e-03 2.761546056717634201e-03
-2.911079674959182739e-03 -2.775384578853845596e-03 -5.650802515447139740e-03 -4.450899548828601837e-03 -2.446667989715933800e-03 -5.189887247979640961e-03 -3.507222747430205345e-03 -5.606286227703094482e-03 -4.100817721337080002e-03 -3.947552293539047241e-03
