-2.408380061388015747e-01 -2.883488535881042480e-01 -2.388621270656585693e-01 -2.855076193809509277e-01 -2.803569734096527100e-01 -2.882230877876281738e-01 -2.503884732723236084e-01 -2.461677342653274536e-01 -2.397010922431945801e-01 -2.448994517326354980e-01
-2.394146323204040527e-01 -2.870995998382568359e-01 -2.378671467304229736e-01 -2.861178815364837646e-01 -2.795610427856445312e-01 -2.865573763847351074e-01 -2.468407154083251953e-01 -2.429586797952651978e-01 -2.360420674085617065e-01 -2.419993877410888672e-01
-2.419880032539367676e-01 -2.895328700542449951e-01 -2.405612170696258545e-01 -2.885683774948120117e-01 -2.819100618362426758e-01 -2.888093590736389160e-01 -2.503459155559539795e-01 -2.474016994237899780e-01 -2.402542680501937866e-01 -2.461663186550140381e-01
-4.532271996140480042e-02 1.321470439434051514e-01 -7.084100693464279175e-02 1.316304802894592285e-01 1.188418939709663391e-01 1.327515840530395508e-01 -1.521909143775701523e-05 -2.531878650188446045e-02 -9.332085400819778442e-02 -3.298443555831909180e-02
6.013709679245948792e-02 9.030978195369243622e-03 7.715743035078048706e-02 1.039118785411119461e-02 9.663419798016548157e-03 6.669051479548215866e-03 1.980668120086193085e-02 4.071564972400665283e-02 7.565866410732269287e-02 5.328378453850746155e-02
-1.473787724971771240e-01 8.323232829570770264e-02 -1.538756638765335083e-01 8.867706358432769775e-02 4.298782348632812500e-02 8.920229226350784302e-02 -1.267166882753372192e-01 -1.369538605213165283e-01 -1.644602119922637939e-01 -1.357934772968292236e-01
2.392610311508178711e-01 2.586309015750885010e-01 2.399481534957885742e-01 2.541102468967437744e-01 2.695714831352233887e-01 2.542865276336669922e-01 2.365513890981674194e-01 2.392192929983139038e-01 2.320313453674316406e-01 2.386602461338043213e-01
-1.099765077233314514e-01 1.362818181514739990e-01 -1.310484558343887329e-01 1.382106989622116089e-01 1.055003106594085693e-01 1.396601498126983643e-01 -5.287617444992065430e-02 -8.463691174983978271e-02 -1.585615873336791992e-01 -8.874759823083877563e-02
-2.435389012098312378e-01 -2.931449413299560547e-01 -2.422397881746292114e-01 -2.910714745521545410e-01 -2.836239933967590332e-01 -2.909886240959167480e-01 -2.522030770778656006e-01 -2.486643195152282715e-01 -2.403897047042846680e-01 -2.461705207824707031e-01
5.982871353626251221e-02 -1.355356872081756592e-01 7.986414432525634766e-02 -1.371944844722747803e-01 -1.023125275969505310e-01 -1.394493132829666138e-01 1.249059010297060013e-02 3.776396065950393677e-02 8.973117172718048096e-02 4.326871782541275024e-02
8.084825426340103149e-02 -1.496564000844955444e-01 1.052782684564590454e-01 -1.506521701812744141e-01 -1.099305152893066406e-01 -1.522786468267440796e-01 2.383291162550449371e-02 5.377212539315223694e-02 1.216415017843246460e-01 6.181156262755393982e-02
-2.412157952785491943e-01 -2.906803488731384277e-01 -2.386428564786911011e-01 -2.889170348644256592e-01 -2.811005115509033203e-01 -2.888217270374298096e-01 -2.494714856147766113e-01 -2.450598478317260742e-01 -2.379097789525985718e-01 -2.425503879785537720e-01
2.197697991505265236e-03 -1.409512013196945190e-01 1.594655774533748627e-02 -1.387395560741424561e-01 -1.152029708027839661e-01 -1.400610506534576416e-01 -3.096529841423034668e-02 -1.271864119917154312e-02 2.320687845349311829e-02 -6.756688002496957779e-03
-2.427129745483398438e-01 -2.896717488765716553e-01 -2.397545129060745239e-01 -2.879850566387176514e-01 -2.812677621841430664e-01 -2.882171869277954102e-01 -2.504040896892547607e-01 -2.477890849113464355e-01 -2.408008277416229248e-01 -2.461216151714324951e-01
-2.672141492366790771e-01 -1.743292957544326782e-01 -2.682863771915435791e-01 -1.710566580295562744e-01 -2.044283747673034668e-01 -1.700188815593719482e-01 -2.724952399730682373e-01 -2.703963518142700195e-01 -2.698056101799011230e-01 -2.675936520099639893e-01
-2.401118427515029907e-01 -2.873407900333404541e-01 -2.383750677108764648e-01 -2.861802279949188232e-01 -2.784003615379333496e-01 -2.878185212612152100e-01 -2.503491044044494629e-01 -2.455975711345672607e-01 -2.374526858329772949e-01 -2.424205988645553589e-01
2.521000802516937256e-01 2.674267590045928955e-01 2.519754469394683838e-01 2.638904452323913574e-01 2.801512181758880615e-01 2.647160291671752930e-01 2.474456429481506348e-01 2.527910768985748291e-01 2.470881938934326172e-01 2.530115842819213867e-01
-2.397748678922653198e-01 -2.887807488441467285e-01 -2.383756786584854126e-01 -2.877129018306732178e-01 -2.799736857414245605e-01 -2.889021635055541992e-01 -2.493392676115036011e-01 -2.431308627128601074e-01 -2.377435117959976196e-01 -2.414925396442413330e-01
-2.396627068519592285e-01 -2.889488935470581055e-01 -2.385152280330657959e-01 -2.870382964611053467e-01 -2.791469693183898926e-01 -2.886176407337188721e-01 -2.492357194423675537e-01 -2.446264177560806274e-01 -2.368786633014678955e-01 -2.432126849889755249e-01
-1.189844831824302673e-01 1.300391405820846558e-01 -1.435937285423278809e-01 1.310030817985534668e-01 9.524749219417572021e-02 1.330277323722839355e-01 -6.841100752353668213e-02 -9.162206947803497314e-02 -1.622778177261352539e-01 -9.942790120840072632e-02
-3.078143298625946045e-01 -4.468915611505508423e-02 -3.130687773227691650e-01 -3.979729115962982178e-02 -1.007168218493461609e-01 -3.806319460272789001e-02 -2.913503050804138184e-01 -3.014278113842010498e-01 -3.177581429481506348e-01 -2.999777793884277344e-01
-3.011843264102935791e-01 -4.370521754026412964e-02 -3.083706200122833252e-01 -3.797155618667602539e-02 -1.007237881422042847e-01 -3.733370453119277954e-02 -2.789596319198608398e-01 -2.911134064197540283e-01 -3.181478977203369141e-01 -2.871617972850799561e-01
-2.446982115507125854e-01 -2.903867959976196289e-01 -2.432115972042083740e-01 -2.891936302185058594e-01 -2.814051210880279541e-01 -2.899280190467834473e-01 -2.529618740081787109e-01 -2.484507858753204346e-01 -2.418597638607025146e-01 -2.474550157785415649e-01
3.318099305033683777e-02 -5.166078358888626099e-02 4.734217375516891479e-02 -4.928805306553840637e-02 -3.760213032364845276e-02 -5.251118540763854980e-02 -2.582114189863204956e-03 1.834220997989177704e-02 5.058246478438377380e-02 2.629902958869934082e-02
-2.437750548124313354e-01 -2.786089181900024414e-01 -2.413191497325897217e-01 -2.777188420295715332e-01 -2.731764912605285645e-01 -2.789842486381530762e-01 -2.528207898139953613e-01 -2.479048222303390503e-01 -2.412395030260086060e-01 -2.456381618976593018e-01
-2.416684776544570923e-01 -2.896761596202850342e-01 -2.413103580474853516e-01 -2.868127822875976562e-01 -2.799404561519622803e-01 -2.885801196098327637e-01 -2.507193684577941895e-01 -2.470526844263076782e-01 -2.406654953956604004e-01 -2.454572319984436035e-01
6.885447353124618530e-02 -1.491815894842147827e-01 9.018679708242416382e-02 -1.535781919956207275e-01 -1.137821376323699951e-01 -1.530622094869613647e-01 1.525014266371726990e-02 4.483887553215026855e-02 1.046490222215652466e-01 5.153055861592292786e-02
-2.577980756759643555e-01 -1.920882910490036011e-01 -2.587743997573852539e-01 -1.889608949422836304e-01 -2.139803469181060791e-01 -1.883207857608795166e-01 -2.616585493087768555e-01 -2.615285217761993408e-01 -2.612431347370147705e-01 -2.590155601501464844e-01
3.515949845314025879e-01 3.518513143062591553e-01 3.523216247558593750e-01 3.482336997985839844e-01 3.658964931964874268e-01 3.482206761837005615e-01 3.487266004085540771e-01 3.518918454647064209e-01 3.454030454158782959e-01 3.518005609512329102e-01
3.866055309772491455e-01 3.848031759262084961e-01 3.863024711608886719e-01 3.814700543880462646e-01 3.976961076259613037e-01 3.829959034919738770e-01 3.813831806182861328e-01 3.874765634536743164e-01 3.796995282173156738e-01 3.866667151451110840e-01
3.134065121412277222e-02 1.604561209678649902e-01 2.314264141023159027e-02 1.601223051548004150e-01 1.477447301149368286e-01 1.585372686386108398e-01 4.983104392886161804e-02 4.066536948084831238e-02 1.138267759233713150e-02 3.888700529932975769e-02
3.935066759586334229e-01 3.909025788307189941e-01 3.934568166732788086e-01 3.857472538948059082e-01 4.033503830432891846e-01 3.881130516529083252e-01 3.901284933090209961e-01 3.943794667720794678e-01 3.871217370033264160e-01 3.928920030593872070e-01
-2.410762012004852295e-01 -2.905910313129425049e-01 -2.372269481420516968e-01 -2.874868214130401611e-01 -2.806407213211059570e-01 -2.882426679134368896e-01 -2.511024177074432373e-01 -2.451769113540649414e-01 -2.370438128709793091e-01 -2.442383915185928345e-01
4.036586582660675049e-01 3.955356478691101074e-01 4.044989645481109619e-01 3.928863406181335449e-01 4.099664092063903809e-01 3.931445479393005371e-01 3.998840451240539551e-01 4.057655036449432373e-01 3.971595466136932373e-01 4.043273627758026123e-01
-2.413276284933090210e-01 -2.904016971588134766e-01 -2.386259436607360840e-01 -2.893691956996917725e-01 -2.814771831035614014e-01 -2.898083031177520752e-01 -2.508007586002349854e-01 -2.446224093437194824e-01 -2.387080639600753784e-01 -2.436442822217941284e-01
-2.396396733820438385e-02 -7.320819795131683350e-02 -2.159311994910240173e-02 -6.886704266071319580e-02 -6.848345696926116943e-02 -7.268936187028884888e-02 -4.193687066435813904e-02 -3.448714688420295715e-02 -2.611380256712436676e-02 -2.779740653932094574e-02
-2.403501272201538086e-01 -2.923163175582885742e-01 -2.393023669719696045e-01 -2.899827957153320312e-01 -2.823973000049591064e-01 -2.922832965850830078e-01 -2.509334385395050049e-01 -2.458025068044662476e-01 -2.386405467987060547e-01 -2.451669275760650635e-01
-1.981091201305389404e-01 1.134871691465377808e-01 -2.282246053218841553e-01 1.158921495079994202e-01 7.196921110153198242e-02 1.185109019279479980e-01 -1.169949248433113098e-01 -1.580473929643630981e-01 -2.551723420619964600e-01 -1.700517535209655762e-01
1.076256781816482544e-01 4.789676144719123840e-02 1.049268171191215515e-01 4.274735972285270691e-02 7.455212622880935669e-02 4.286861792206764221e-02 1.034337431192398071e-01 1.032681837677955627e-01 1.051828116178512573e-01 9.829799830913543701e-02
-9.111034870147705078e-02 1.225517541170120239e-01 -1.040567010641098022e-01 1.239382028579711914e-01 9.225708991289138794e-02 1.225851476192474365e-01 -5.975270643830299377e-02 -7.538135349750518799e-02 -1.199525818228721619e-01 -7.693592458963394165e-02
6.662862747907638550e-02 -1.591079235076904297e-01 8.783270418643951416e-02 -1.599037945270538330e-01 -1.196817159652709961e-01 -1.613877266645431519e-01 1.367570087313652039e-02 4.182041808962821960e-02 9.975700080394744873e-02 5.018303170800209045e-02
-1.340092122554779053e-01 1.459377408027648926e-01 -1.685723066329956055e-01 1.486483961343765259e-01 1.121051311492919922e-01 1.497787833213806152e-01 -6.072544679045677185e-02 -9.854270517826080322e-02 -1.977572888135910034e-01 -1.083076521754264832e-01
-6.282420456409454346e-02 1.539124250411987305e-01 -8.644186705350875854e-02 1.549948602914810181e-01 1.321229189634323120e-01 1.554818153381347656e-01 -1.193233672529459000e-02 -3.880492970347404480e-02 -1.095888987183570862e-01 -4.670451208949089050e-02
6.199346110224723816e-02 -9.108007699251174927e-02 7.748349756002426147e-02 -9.142515063285827637e-02 -6.399110704660415649e-02 -9.084666520357131958e-02 2.075723186135292053e-02 4.508380219340324402e-02 8.131644874811172485e-02 5.065655335783958435e-02
-3.141292631626129150e-01 -1.987896859645843506e-02 -3.220673799514770508e-01 -1.579685695469379425e-02 -8.386211842298507690e-02 -1.345007959753274918e-02 -2.939283847808837891e-01 -3.042923510074615479e-01 -3.319295644760131836e-01 -3.043060898780822754e-01
-1.143973991274833679e-01 1.273070722818374634e-01 -1.278705298900604248e-01 1.300585120916366577e-01 9.992412477731704712e-02 1.300437003374099731e-01 -6.251335144042968750e-02 -8.854099363088607788e-02 -1.456937789916992188e-01 -9.489829838275909424e-02
-2.978750318288803101e-02 8.421649783849716187e-02 -4.499989748001098633e-02 8.442035317420959473e-02 6.833743304014205933e-02 8.722670376300811768e-02 -1.841790601611137390e-02 -2.600622363388538361e-02 -5.295199155807495117e-02 -2.849198319017887115e-02
-2.416631579399108887e-01 -2.876723408699035645e-01 -2.380075156688690186e-01 -2.865661382675170898e-01 -2.789588868618011475e-01 -2.876354157924652100e-01 -2.497675567865371704e-01 -2.461645901203155518e-01 -2.379308193922042847e-01 -2.447278797626495361e-01
3.861219584941864014e-01 3.701219558715820312e-01 3.851417005062103271e-01 3.655553758144378662e-01 3.847630023956298828e-01 3.669262528419494629e-01 3.771402537822723389e-01 3.842713832855224609e-01 3.803250491619110107e-01 3.832663297653198242e-01
-2.460064589977264404e-01 1.065532043576240540e-01 -2.870442271232604980e-01 1.100835278630256653e-01 5.600734427571296692e-02 1.099788919091224670e-01 -1.573948264122009277e-01 -2.056669592857360840e-01 -3.173555135726928711e-01 -2.185081690549850464e-01
-2.414619028568267822e-01 -2.915408313274383545e-01 -2.397032678127288818e-01 -2.891142964363098145e-01 -2.822212278842926025e-01 -2.910079061985015869e-01 -2.513410449028015137e-01 -2.467730194330215454e-01 -2.397574484348297119e-01 -2.442255765199661255e-01
-2.380823343992233276e-01 -2.890740334987640381e-01 -2.353364080190658569e-01 -2.871704399585723877e-01 -2.791100144386291504e-01 -2.879794836044311523e-01 -2.468515932559967041e-01 -2.413358092308044434e-01 -2.347952872514724731e-01 -2.405755817890167236e-01
-3.189147114753723145e-01 -1.063992176204919815e-02 -3.284343183040618896e-01 -5.113211926072835922e-03 -7.470775395631790161e-02 -5.571259651333093643e-03 -2.903507947921752930e-01 -3.045015931129455566e-01 -3.389754593372344971e-01 -3.035956323146820068e-01
3.796029835939407349e-02 -1.650726944208145142e-01 5.688339844346046448e-02 -1.641521304845809937e-01 -1.311176270246505737e-01 -1.655407994985580444e-01 -1.113628130406141281e-02 1.571613177657127380e-02 6.869303435087203979e-02 2.186623774468898773e-02
-2.399418354034423828e-01 -2.906836867332458496e-01 -2.380706518888473511e-01 -2.887473404407501221e-01 -2.816038131713867188e-01 -2.891966402530670166e-01 -2.491934597492218018e-01 -2.446583956480026245e-01 -2.379883378744125366e-01 -2.430488765239715576e-01
-2.403408885002136230e-01 -2.892769277095794678e-01 -2.383500784635543823e-01 -2.872266471385955811e-01 -2.801914513111114502e-01 -2.886798083782196045e-01 -2.506713867187500000e-01 -2.459110468626022339e-01 -2.380201667547225952e-01 -2.449441701173782349e-01
-2.432336211204528809e-01 -2.858156263828277588e-01 -2.413832545280456543e-01 -2.847067415714263916e-01 -2.780654430389404297e-01 -2.850925326347351074e-01 -2.513928115367889404e-01 -2.468478679656982422e-01 -2.398240715265274048e-01 -2.450613975524902344e-01
-2.418286055326461792e-01 -2.857816219329833984e-01 -2.384343892335891724e-01 -2.832982838153839111e-01 -2.782557308673858643e-01 -2.844827175140380859e-01 -2.511394321918487549e-01 -2.460568994283676147e-01 -2.389161139726638794e-01 -2.442342340946197510e-01
-3.317244946956634521e-01 6.660423427820205688e-02 -3.544611632823944092e-01 7.050599157810211182e-02 2.240717876702547073e-03 7.154139876365661621e-02 -2.605786323547363281e-01 -2.986715734004974365e-01 -3.699032068252563477e-01 -3.046593070030212402e-01
-2.401161938905715942e-01 -2.888748049736022949e-01 -2.380900084972381592e-01 -2.869616746902465820e-01 -2.794370055198669434e-01 -2.873708009719848633e-01 -2.500176727771759033e-01 -2.436570376157760620e-01 -2.382019609212875366e-01 -2.444793283939361572e-01
-2.420423030853271484e-01 -2.924077212810516357e-01 -2.412626892328262329e-01 -2.918241322040557861e-01 -2.851708233356475830e-01 -2.919664680957794189e-01 -2.522097229957580566e-01 -2.467337399721145630e-01 -2.396715581417083740e-01 -2.448073625564575195e-01
-2.421394139528274536e-01 -2.897818684577941895e-01 -2.403725385665893555e-01 -2.875742316246032715e-01 -2.807932198047637939e-01 -2.885361611843109131e-01 -2.515327632427215576e-01 -2.463602572679519653e-01 -2.394510954618453979e-01 -2.450086623430252075e-01
-6.064624991267919540e-03 -2.020165091380476952e-03 -2.045150473713874817e-02 -4.799545276910066605e-03 1.515983045101165771e-02 -5.255792289972305298e-03 1.424277666956186295e-02 5.105397198349237442e-03 -2.670930325984954834e-02 -5.168093834072351456e-03
-1.893718689680099487e-01 1.371408849954605103e-01 -2.239020317792892456e-01 1.388536542654037476e-01 9.196456521749496460e-02 1.402006447315216064e-01 -1.043697074055671692e-01 -1.489844620227813721e-01 -2.536471486091613770e-01 -1.603226065635681152e-01
-1.267713010311126709e-01 1.231360882520675659e-01 -1.507193744182586670e-01 1.264993995428085327e-01 9.175292402505874634e-02 1.256339848041534424e-01 -6.997105479240417480e-02 -9.856258332729339600e-02 -1.721029728651046753e-01 -1.053441390395164490e-01
-2.158846110105514526e-01 3.295080363750457764e-02 -2.491664588451385498e-01 3.612352535128593445e-02 1.671493519097566605e-03 3.565826267004013062e-02 -1.456210166215896606e-01 -1.833445280790328979e-01 -2.712486684322357178e-01 -1.961389333009719849e-01
-2.394670546054840088e-01 -2.875078320503234863e-01 -2.374679595232009888e-01 -2.855742871761322021e-01 -2.788331806659698486e-01 -2.873682081699371338e-01 -2.487458884716033936e-01 -2.444083243608474731e-01 -2.367179393768310547e-01 -2.435039877891540527e-01
-1.684522256255149841e-02 1.645126789808273315e-01 -3.461463004350662231e-02 1.655533015727996826e-01 1.501879096031188965e-01 1.675419509410858154e-01 2.168169058859348297e-02 2.279079752042889595e-03 -5.334671586751937866e-02 -3.262921702116727829e-03
-2.407913058996200562e-01 -2.802850604057312012e-01 -2.386574000120162964e-01 -2.777317762374877930e-01 -2.731961905956268311e-01 -2.792728543281555176e-01 -2.475296407938003540e-01 -2.448509335517883301e-01 -2.381491065025329590e-01 -2.428981363773345947e-01
3.792076110839843750e-01 3.752795755863189697e-01 3.790991604328155518e-01 3.722553253173828125e-01 3.897491097450256348e-01 3.727535605430603027e-01 3.735824525356292725e-01 3.782218098640441895e-01 3.726336359977722168e-01 3.783963918685913086e-01
-3.394816219806671143e-01 4.904685169458389282e-02 -3.672960102558135986e-01 5.263553932309150696e-02 -1.212680712342262268e-02 5.444112420082092285e-02 -2.640611231327056885e-01 -3.055023252964019775e-01 -3.826618492603302002e-01 -3.203763961791992188e-01
-3.533666431903839111e-01 5.832543224096298218e-02 -3.724723756313323975e-01 6.255079060792922974e-02 -7.360114250332117081e-03 6.399393826723098755e-02 -2.839652001857757568e-01 -3.225524425506591797e-01 -3.891254663467407227e-01 -3.309279382228851318e-01
-2.976772189140319824e-02 -4.583553411066532135e-03 -3.658250346779823303e-02 -5.622366908937692642e-03 1.141748391091823578e-02 -3.924902528524398804e-03 -9.062078781425952911e-03 -1.744783297181129456e-02 -3.792318329215049744e-02 -2.751784771680831909e-02
-2.858318388462066650e-01 -9.556374698877334595e-02 -2.884270548820495605e-01 -8.952199667692184448e-02 -1.389356702566146851e-01 -9.145607054233551025e-02 -2.720611989498138428e-01 -2.815883159637451172e-01 -2.959241569042205811e-01 -2.782867550849914551e-01
-3.434975147247314453e-01 4.394422844052314758e-02 -3.650792241096496582e-01 4.803969711065292358e-02 -2.107149362564086914e-02 4.917081072926521301e-02 -2.869131267070770264e-01 -3.223254680633544922e-01 -3.775764405727386475e-01 -3.259366750717163086e-01
-2.401537150144577026e-01 -2.871544659137725830e-01 -2.384926974773406982e-01 -2.849082052707672119e-01 -2.774909138679504395e-01 -2.860765159130096436e-01 -2.485405355691909790e-01 -2.444928586483001709e-01 -2.363699376583099365e-01 -2.432462126016616821e-01
-7.417220622301101685e-02 6.753052771091461182e-02 -7.725735008716583252e-02 6.765490025281906128e-02 4.144406318664550781e-02 6.783745437860488892e-02 -6.542744487524032593e-02 -6.800259649753570557e-02 -8.405923098325729370e-02 -6.676004827022552490e-02
-2.434893697500228882e-01 -2.926181554794311523e-01 -2.410590499639511108e-01 -2.911903560161590576e-01 -2.831608355045318604e-01 -2.915661036968231201e-01 -2.528555691242218018e-01 -2.467423230409622192e-01 -2.393759936094284058e-01 -2.465184330940246582e-01
-2.416987568140029907e-01 -2.879570126533508301e-01 -2.407537996768951416e-01 -2.866211533546447754e-01 -2.792014181613922119e-01 -2.870202362537384033e-01 -2.503247559070587158e-01 -2.454337626695632935e-01 -2.383527755737304688e-01 -2.445695549249649048e-01
3.287442959845066071e-03 1.617594659328460693e-01 -1.227358914911746979e-02 1.596691012382507324e-01 1.483527570962905884e-01 1.611213833093643188e-01 3.464228659868240356e-02 2.007823437452316284e-02 -2.546229213476181030e-02 1.177999377250671387e-02
-2.395192533731460571e-01 -2.881192862987518311e-01 -2.363130599260330200e-01 -2.867657244205474854e-01 -2.788176834583282471e-01 -2.863851487636566162e-01 -2.471781075000762939e-01 -2.433848381042480469e-01 -2.351453602313995361e-01 -2.425433397293090820e-01
-2.394233494997024536e-01 -2.862068116664886475e-01 -2.373647391796112061e-01 -2.857350409030914307e-01 -2.772747576236724854e-01 -2.866240143775939941e-01 -2.489930689334869385e-01 -2.441761642694473267e-01 -2.371045500040054321e-01 -2.434049993753433228e-01
4.021906852722167969e-02 -1.630608737468719482e-01 5.876480787992477417e-02 -1.623518764972686768e-01 -1.281450688838958740e-01 -1.665996015071868896e-01 -7.150262594223022461e-03 1.926933787763118744e-02 7.078732550144195557e-02 2.440574206411838531e-02
-1.043005660176277161e-02 -5.732895061373710632e-02 -1.899204030632972717e-02 -6.153315678238868713e-02 -2.608150988817214966e-02 -6.103529036045074463e-02 8.816874586045742035e-03 -1.256273128092288971e-03 -2.156027592718601227e-02 -1.176502276211977005e-02
4.895539581775665283e-02 -1.668289005756378174e-01 6.932622194290161133e-02 -1.669059246778488159e-01 -1.286646127700805664e-01 -1.677697896957397461e-01 -1.202194020152091980e-03 2.633092179894447327e-02 8.093307167291641235e-02 3.423517197370529175e-02
-2.426970303058624268e-01 -2.881449162960052490e-01 -2.419848293066024780e-01 -2.857526838779449463e-01 -2.796712815761566162e-01 -2.868819832801818848e-01 -2.522336840629577637e-01 -2.474826723337173462e-01 -2.412886172533035278e-01 -2.467517256736755371e-01
-6.262413412332534790e-02 1.349631398916244507e-01 -7.257055491209030151e-02 1.328235119581222534e-01 1.103903278708457947e-01 1.359754502773284912e-01 -3.017159923911094666e-02 -4.893836751580238342e-02 -8.220431208610534668e-02 -5.212595686316490173e-02
9.874873608350753784e-02 -1.544799655675888062e-01 1.257270723581314087e-01 -1.557333469390869141e-01 -1.115818694233894348e-01 -1.594929546117782593e-01 3.283187001943588257e-02 6.661237031221389771e-02 1.445279419422149658e-01 7.701491564512252808e-02
-4.439809545874595642e-02 9.789644740521907806e-03 -5.175897479057312012e-02 1.083285920321941376e-02 1.652857474982738495e-02 1.155302301049232483e-02 -2.488300390541553497e-02 -3.124595806002616882e-02 -5.314794182777404785e-02 -4.186278581619262695e-02
-2.426117658615112305e-01 -2.890928685665130615e-01 -2.399447411298751831e-01 -2.879262268543243408e-01 -2.804749310016632080e-01 -2.896639108657836914e-01 -2.503193020820617676e-01 -2.466844320297241211e-01 -2.389416694641113281e-01 -2.444637566804885864e-01
-2.399081885814666748e-01 -2.906555533409118652e-01 -2.382386773824691772e-01 -2.897721827030181885e-01 -2.824289202690124512e-01 -2.910091280937194824e-01 -2.500084340572357178e-01 -2.451126575469970703e-01 -2.377602905035018921e-01 -2.442781329154968262e-01
-2.453162670135498047e-01 -2.590419650077819824e-01 -2.437694370746612549e-01 -2.581242620944976807e-01 -2.597135901451110840e-01 -2.578556835651397705e-01 -2.533521950244903564e-01 -2.483674585819244385e-01 -2.436238378286361694e-01 -2.480873018503189087e-01
-2.425918132066726685e-01 -2.852123081684112549e-01 -2.395765036344528198e-01 -2.844493389129638672e-01 -2.769330441951751709e-01 -2.858678400516510010e-01 -2.503063678741455078e-01 -2.446203380823135376e-01 -2.395390272140502930e-01 -2.434229105710983276e-01
-2.387694567441940308e-01 -2.891594171524047852e-01 -2.370522916316986084e-01 -2.885982990264892578e-01 -2.798480391502380371e-01 -2.890747487545013428e-01 -2.479852586984634399e-01 -2.438669353723526001e-01 -2.369974255561828613e-01 -2.426729947328567505e-01
-6.318872421979904175e-02 1.558392792940139771e-01 -8.728139102458953857e-02 1.570665389299392700e-01 1.322251111268997192e-01 1.572050452232360840e-01 -1.047386601567268372e-02 -3.626263141632080078e-02 -1.098670139908790588e-01 -4.582794383168220520e-02
-2.412281185388565063e-01 -2.914091944694519043e-01 -2.396230846643447876e-01 -2.902333140373229980e-01 -2.821844220161437988e-01 -2.904081642627716064e-01 -2.510806918144226074e-01 -2.457867562770843506e-01 -2.386761009693145752e-01 -2.452398091554641724e-01
-2.399151623249053955e-01 -2.911893725395202637e-01 -2.364916950464248657e-01 -2.910103499889373779e-01 -2.812539339065551758e-01 -2.918593585491180420e-01 -2.478222995996475220e-01 -2.442275434732437134e-01 -2.353596240282058716e-01 -2.428028583526611328e-01
-2.054033055901527405e-02 -1.200633570551872253e-01 -1.684902049601078033e-02 -1.167386993765830994e-01 -1.063184440135955811e-01 -1.197735220193862915e-01 -4.289901256561279297e-02 -2.873029559850692749e-02 -1.856183074414730072e-02 -2.453179284930229187e-02
-2.412210404872894287e-01 -2.886484861373901367e-01 -2.385449558496475220e-01 -2.871478796005249023e-01 -2.792263031005859375e-01 -2.885047197341918945e-01 -2.498014867305755615e-01 -2.441942989826202393e-01 -2.379532456398010254e-01 -2.440153360366821289e-01
-2.367302626371383667e-01 -2.880103588104248047e-01 -2.356545478105545044e-01 -2.871323823928833008e-01 -2.785460948944091797e-01 -2.881239950656890869e-01 -2.474420219659805298e-01 -2.408683300018310547e-01 -2.346934527158737183e-01 -2.405382692813873291e-01
-2.378501147031784058e-01 -2.862014472484588623e-01 -2.371757179498672485e-01 -2.850937545299530029e-01 -2.762682139873504639e-01 -2.861931025981903076e-01 -2.477686852216720581e-01 -2.426821291446685791e-01 -2.359332293272018433e-01 -2.418622970581054688e-01
-3.278197348117828369e-01 -2.498707268387079239e-03 -3.382528424263000488e-01 6.423684535548090935e-04 -6.712148338556289673e-02 2.786843338981270790e-03 -2.982042729854583740e-01 -3.155690729618072510e-01 -3.473881781101226807e-01 -3.161268830299377441e-01
-1.453580409288406372e-01 1.222779452800750732e-01 -1.812896877527236938e-01 1.249783188104629517e-01 8.468610793352127075e-02 1.267990022897720337e-01 -8.191045373678207397e-02 -1.165722608566284180e-01 -2.084057033061981201e-01 -1.269655525684356689e-01
-2.439678758382797241e-01 -2.875851988792419434e-01 -2.424119114875793457e-01 -2.868439257144927979e-01 -2.783894240856170654e-01 -2.872197031974792480e-01 -2.515129148960113525e-01 -2.466333657503128052e-01 -2.423952817916870117e-01 -2.464791536331176758e-01
-2.407232075929641724e-01 -2.894222736358642578e-01 -2.390927970409393311e-01 -2.884280979633331299e-01 -2.809199392795562744e-01 -2.879664003849029541e-01 -2.497911006212234497e-01 -2.441612780094146729e-01 -2.366762757301330566e-01 -2.438432872295379639e-01
3.002987615764141083e-02 -1.720062494277954102e-01 4.835491999983787537e-02 -1.716004908084869385e-01 -1.368634253740310669e-01 -1.725189238786697388e-01 -1.773997209966182709e-02 6.569391582161188126e-03 5.871612578630447388e-02 1.302834134548902512e-02
-2.378250360488891602e-01 -2.873700559139251709e-01 -2.346523106098175049e-01 -2.869569957256317139e-01 -2.780442535877227783e-01 -2.870833277702331543e-01 -2.460265457630157471e-01 -2.424467951059341431e-01 -2.355533689260482788e-01 -2.404202520847320557e-01
2.086892537772655487e-02 1.733242720365524292e-01 8.007121272385120392e-03 1.730692833662033081e-01 1.635442376136779785e-01 1.727145612239837646e-01 5.024626851081848145e-02 3.708945587277412415e-02 -7.041441742330789566e-03 2.895224094390869141e-02
-1.569084823131561279e-01 1.213413700461387634e-01 -1.849095523357391357e-01 1.251615881919860840e-01 8.290471881628036499e-02 1.263202428817749023e-01 -9.553454816341400146e-02 -1.269163787364959717e-01 -2.119607180356979370e-01 -1.329312622547149658e-01
-2.430091202259063721e-01 -2.779792547225952148e-01 -2.412452250719070435e-01 -2.759903073310852051e-01 -2.741448581218719482e-01 -2.774309217929840088e-01 -2.520840764045715332e-01 -2.468384504318237305e-01 -2.422585785388946533e-01 -2.451571524143218994e-01
-1.131683439016342163e-01 1.524538695812225342e-01 -1.450659036636352539e-01 1.532007902860641479e-01 1.203393191099166870e-01 1.542696803808212280e-01 -4.503482580184936523e-02 -8.003307878971099854e-02 -1.737592816352844238e-01 -9.025266766548156738e-02
-2.413937598466873169e-01 -2.918668091297149658e-01 -2.402158379554748535e-01 -2.903709411621093750e-01 -2.820427417755126953e-01 -2.909862399101257324e-01 -2.501987218856811523e-01 -2.466151267290115356e-01 -2.391310334205627441e-01 -2.458082139492034912e-01
5.072306096553802490e-02 -1.609471440315246582e-01 6.980387866497039795e-02 -1.599349230527877808e-01 -1.242097690701484680e-01 -1.635258644819259644e-01 -2.462497795931994915e-04 2.710398659110069275e-02 8.150102943181991577e-02 3.329117968678474426e-02
-3.273168504238128662e-01 5.054194945842027664e-03 -3.380379974842071533e-01 9.801880456507205963e-03 -6.135022640228271484e-02 9.643007069826126099e-03 -2.923350632190704346e-01 -3.104299604892730713e-01 -3.479669094085693359e-01 -3.106630444526672363e-01
-2.417715638875961304e-01 -2.889093458652496338e-01 -2.398684024810791016e-01 -2.864448726177215576e-01 -2.794571220874786377e-01 -2.872284650802612305e-01 -2.514481544494628906e-01 -2.457182258367538452e-01 -2.405424863100051880e-01 -2.449909001588821411e-01
-2.373073399066925049e-01 -2.824240922927856445e-01 -2.352276593446731567e-01 -2.810485661029815674e-01 -2.737959623336791992e-01 -2.812018394470214844e-01 -2.468689829111099243e-01 -2.417547553777694702e-01 -2.348443269729614258e-01 -2.409277260303497314e-01
-2.426126450300216675e-01 -2.916317284107208252e-01 -2.405657023191452026e-01 -2.909257709980010986e-01 -2.838070094585418701e-01 -2.912519574165344238e-01 -2.527122199535369873e-01 -2.464338690042495728e-01 -2.405218333005905151e-01 -2.455398440361022949e-01
-2.404821515083312988e-01 -2.873252034187316895e-01 -2.395118027925491333e-01 -2.870769500732421875e-01 -2.798514366149902344e-01 -2.880378663539886475e-01 -2.511186301708221436e-01 -2.464039623737335205e-01 -2.383806556463241577e-01 -2.446309626102447510e-01
-2.430845052003860474e-01 -2.925986051559448242e-01 -2.427793443202972412e-01 -2.901378870010375977e-01 -2.837274372577667236e-01 -2.906640172004699707e-01 -2.528241872787475586e-01 -2.476491481065750122e-01 -2.404450923204421997e-01 -2.463141381740570068e-01
-1.210965067148208618e-01 -3.954086918383836746e-03 -1.272637844085693359e-01 1.298396033234894276e-03 -3.411431983113288879e-02 4.513585008680820465e-05 -1.113657578825950623e-01 -1.181426942348480225e-01 -1.404084116220474243e-01 -1.107073351740837097e-01
-1.829854249954223633e-01 1.444990634918212891e-01 -2.192680388689041138e-01 1.450364440679550171e-01 1.000927761197090149e-01 1.472902446985244751e-01 -9.911631792783737183e-02 -1.419162452220916748e-01 -2.501548528671264648e-01 -1.529592722654342651e-01
-2.411619871854782104e-01 -2.893134057521820068e-01 -2.389263212680816650e-01 -2.879721224308013916e-01 -2.793956995010375977e-01 -2.883337736129760742e-01 -2.493232935667037964e-01 -2.454494088888168335e-01 -2.376502454280853271e-01 -2.428307384252548218e-01
-3.370915949344635010e-01 1.223172247409820557e-02 -3.468785881996154785e-01 1.616034284234046936e-02 -5.599871277809143066e-02 1.690278202295303345e-02 -2.988411188125610352e-01 -3.200701475143432617e-01 -3.572658598423004150e-01 -3.205384612083435059e-01
5.617004632949829102e-02 -2.611264027655124664e-02 6.820959597826004028e-02 -2.418489567935466766e-02 -9.631655178964138031e-03 -2.728384174406528473e-02 2.349571138620376587e-02 4.296812415122985840e-02 6.644675135612487793e-02 5.085544288158416748e-02
1.608128659427165985e-02 -2.417148649692535400e-02 2.452858537435531616e-02 -2.102747745811939240e-02 -2.072452008724212646e-02 -2.347870543599128723e-02 -7.828823290765285492e-03 4.800953902304172516e-03 2.220313064754009247e-02 1.390365231782197952e-02
4.941432736814022064e-03 -9.612482041120529175e-03 -2.390759298577904701e-03 -1.227047294378280640e-02 1.620406284928321838e-02 -1.268294174224138260e-02 1.728567853569984436e-02 1.469858735799789429e-02 -4.412979818880558014e-03 4.444881342351436615e-03
-2.415427565574645996e-01 -2.903978228569030762e-01 -2.395751774311065674e-01 -2.897039651870727539e-01 -2.817776203155517578e-01 -2.898637354373931885e-01 -2.493397742509841919e-01 -2.447115927934646606e-01 -2.391456514596939087e-01 -2.447699159383773804e-01
-2.968960404396057129e-01 -1.271478552371263504e-02 -3.093756735324859619e-01 -7.128859404474496841e-03 -7.383762300014495850e-02 -7.282463833689689636e-03 -2.641361355781555176e-01 -2.799169719219207764e-01 -3.232982158660888672e-01 -2.784904837608337402e-01
-2.415114939212799072e-01 -2.891174554824829102e-01 -2.394019067287445068e-01 -2.864406108856201172e-01 -2.783827185630798340e-01 -2.877887189388275146e-01 -2.503453493118286133e-01 -2.461338937282562256e-01 -2.395361959934234619e-01 -2.452430427074432373e-01
-9.633380174636840820e-02 2.299586683511734009e-02 -1.250014156103134155e-01 2.342963218688964844e-02 1.738661341369152069e-02 2.437591180205345154e-02 -4.640306904911994934e-02 -7.389725744724273682e-02 -1.413963288068771362e-01 -8.368219435214996338e-02
-3.222002685070037842e-01 -1.139047741889953613e-02 -3.322466015815734863e-01 -6.305802613496780396e-03 -7.660249620676040649e-02 -4.979307297617197037e-03 -3.006696701049804688e-01 -3.132791817188262939e-01 -3.407131731510162354e-01 -3.122074902057647705e-01
-2.425842285156250000e-01 -2.870377600193023682e-01 -2.393640130758285522e-01 -2.849520444869995117e-01 -2.793482542037963867e-01 -2.866367697715759277e-01 -2.502007782459259033e-01 -2.460253387689590454e-01 -2.388215512037277222e-01 -2.448213547468185425e-01
-2.433838248252868652e-01 -2.924632728099822998e-01 -2.400556057691574097e-01 -2.917717695236206055e-01 -2.832512557506561279e-01 -2.923284173011779785e-01 -2.515876293182373047e-01 -2.465331554412841797e-01 -2.402112036943435669e-01 -2.450115084648132324e-01
-2.402321994304656982e-01 -2.931188941001892090e-01 -2.392580360174179077e-01 -2.913630008697509766e-01 -2.831432223320007324e-01 -2.931802868843078613e-01 -2.501563131809234619e-01 -2.455110102891921997e-01 -2.391513288021087646e-01 -2.434917539358139038e-01
4.621868021786212921e-03 4.447301477193832397e-02 -4.902042448520660400e-03 4.033884033560752869e-02 4.519541561603546143e-02 4.222898930311203003e-02 1.346203777939081192e-02 7.906511425971984863e-03 -9.580026380717754364e-03 2.941619837656617165e-03
-2.421360164880752563e-01 -2.904317975044250488e-01 -2.411168813705444336e-01 -2.871445715427398682e-01 -2.800893783569335938e-01 -2.884848117828369141e-01 -2.514832615852355957e-01 -2.468738555908203125e-01 -2.398728877305984497e-01 -2.458970099687576294e-01
-2.441577017307281494e-01 -2.912347018718719482e-01 -2.424255460500717163e-01 -2.887652218341827393e-01 -2.835353016853332520e-01 -2.902662754058837891e-01 -2.525281906127929688e-01 -2.485753744840621948e-01 -2.420915514230728149e-01 -2.459616512060165405e-01
-8.361674845218658447e-02 1.025799959897994995e-01 -9.526361525058746338e-02 1.028940007090568542e-01 7.949703931808471680e-02 1.044181734323501587e-01 -5.021217092871665955e-02 -7.009325176477432251e-02 -1.068658158183097839e-01 -7.368438690900802612e-02
-2.438531666994094849e-01 -2.917346954345703125e-01 -2.420137822628021240e-01 -2.900821566581726074e-01 -2.821868062019348145e-01 -2.923559546470642090e-01 -2.526189684867858887e-01 -2.481567561626434326e-01 -2.417874187231063843e-01 -2.477107495069503784e-01
-4.588115587830543518e-02 8.227720856666564941e-02 -6.284152716398239136e-02 8.279002457857131958e-02 7.284911721944808960e-02 8.238482475280761719e-02 -1.245164312422275543e-02 -3.217055648565292358e-02 -7.960579544305801392e-02 -3.402429446578025818e-02
-1.822092533111572266e-01 6.100531294941902161e-02 -2.160323709249496460e-01 6.372989714145660400e-02 2.872231416404247284e-02 6.509985029697418213e-02 -1.161955967545509338e-01 -1.512559205293655396e-01 -2.366741150617599487e-01 -1.640453785657882690e-01
1.054733097553253174e-01 -1.546353101730346680e-01 1.292911171913146973e-01 -1.548667401075363159e-01 -1.074973568320274353e-01 -1.572681665420532227e-01 4.027298092842102051e-02 7.543638348579406738e-02 1.416974663734436035e-01 8.504895865917205811e-02
-1.309627741575241089e-01 2.266420796513557434e-02 -1.381751745939254761e-01 2.712566405534744263e-02 -1.372869871556758881e-02 2.593845315277576447e-02 -1.173174753785133362e-01 -1.213936582207679749e-01 -1.541260927915573120e-01 -1.199450343847274780e-01
-2.427054196596145630e-01 -2.939565777778625488e-01 -2.397479712963104248e-01 -2.925542891025543213e-01 -2.844195365905761719e-01 -2.929989993572235107e-01 -2.508527636528015137e-01 -2.456276565790176392e-01 -2.393795698881149292e-01 -2.456485927104949951e-01
-2.533898949623107910e-01 -2.237368524074554443e-01 -2.532887160778045654e-01 -2.207253724336624146e-01 -2.369606494903564453e-01 -2.202269583940505981e-01 -2.603142857551574707e-01 -2.560129463672637939e-01 -2.551789581775665283e-01 -2.557889819145202637e-01
-3.023717403411865234e-01 -1.203387603163719177e-02 -3.251984119415283203e-01 -8.500779047608375549e-03 -5.361544713377952576e-02 -6.372743751853704453e-03 -2.338667660951614380e-01 -2.720859944820404053e-01 -3.388328850269317627e-01 -2.860796749591827393e-01
-1.219657156616449356e-02 -6.502652168273925781e-02 -7.512547075748443604e-03 -6.195691227912902832e-02 -6.023412570357322693e-02 -6.380417197942733765e-02 -3.245974332094192505e-02 -2.049065195024013519e-02 -6.768824532628059387e-03 -1.571900211274623871e-02
-2.436575442552566528e-01 -2.900500297546386719e-01 -2.413794994354248047e-01 -2.883003950119018555e-01 -2.834220826625823975e-01 -2.893685400485992432e-01 -2.508113682270050049e-01 -2.477454394102096558e-01 -2.389637380838394165e-01 -2.451275885105133057e-01
-6.404264131560921669e-04 1.588400155305862427e-01 -1.781339757144451141e-02 1.581863313913345337e-01 1.459637284278869629e-01 1.574376672506332397e-01 3.114913776516914368e-02 1.398404408246278763e-02 -3.171678632497787476e-02 7.544619031250476837e-03
-1.641390621662139893e-01 1.482892483472824097e-01 -1.996019184589385986e-01 1.510031372308731079e-01 1.062310189008712769e-01 1.495965421199798584e-01 -8.648497611284255981e-02 -1.279932260513305664e-01 -2.303184270858764648e-01 -1.377892792224884033e-01
-2.398378998041152954e-01 -2.884410917758941650e-01 -2.388518601655960083e-01 -2.873422205448150635e-01 -2.800847887992858887e-01 -2.885712087154388428e-01 -2.485382109880447388e-01 -2.445477843284606934e-01 -2.380151450634002686e-01 -2.427773028612136841e-01
-2.422023117542266846e-01 -2.892818450927734375e-01 -2.390833050012588501e-01 -2.879959046840667725e-01 -2.806668877601623535e-01 -2.891402840614318848e-01 -2.493134438991546631e-01 -2.459880113601684570e-01 -2.396675348281860352e-01 -2.439220994710922241e-01
4.982705041766166687e-02 -1.510686576366424561e-01 6.451289355754852295e-02 -1.506090164184570312e-01 -1.171898618340492249e-01 -1.522691994905471802e-01 1.021292759105563164e-03 2.663849294185638428e-02 7.361500710248947144e-02 3.245399147272109985e-02
-2.400591969490051270e-01 -2.888931930065155029e-01 -2.367841750383377075e-01 -2.878911197185516357e-01 -2.782439291477203369e-01 -2.868393361568450928e-01 -2.475882768630981445e-01 -2.435663640499114990e-01 -2.364778667688369751e-01 -2.414940148591995239e-01
-2.396432608366012573e-01 -2.853305935859680176e-01 -2.374662309885025024e-01 -2.841990292072296143e-01 -2.776974439620971680e-01 -2.849461138248443604e-01 -2.482690662145614624e-01 -2.420120537281036377e-01 -2.364415973424911499e-01 -2.424761950969696045e-01
-2.434430718421936035e-01 -2.888027131557464600e-01 -2.422120273113250732e-01 -2.875488698482513428e-01 -2.815352082252502441e-01 -2.874664664268493652e-01 -2.513760924339294434e-01 -2.472007870674133301e-01 -2.399151921272277832e-01 -2.454292625188827515e-01
-1.447438150644302368e-01 1.395663022994995117e-01 -1.732243150472640991e-01 1.426360905170440674e-01 1.018417552113533020e-01 1.416729092597961426e-01 -7.871847599744796753e-02 -1.141767501831054688e-01 -1.997403800487518311e-01 -1.227320730686187744e-01
9.806600399315357208e-03 -1.523361653089523315e-01 2.512194216251373291e-02 -1.525684446096420288e-01 -1.221732646226882935e-01 -1.554979085922241211e-01 -2.494673244655132294e-02 -5.791164468973875046e-03 2.993667125701904297e-02 -1.808432629331946373e-03
3.907205164432525635e-01 3.879063427448272705e-01 3.910632729530334473e-01 3.853990137577056885e-01 4.021669924259185791e-01 3.851685225963592529e-01 3.869407474994659424e-01 3.925682902336120605e-01 3.845242261886596680e-01 3.916353583335876465e-01
-3.321191370487213135e-01 2.501875907182693481e-02 -3.535615503787994385e-01 2.913050539791584015e-02 -3.519850969314575195e-02 2.958389744162559509e-02 -2.658928632736206055e-01 -3.046448528766632080e-01 -3.668228685855865479e-01 -3.149599134922027588e-01
2.173588871955871582e-01 2.519016265869140625e-01 2.185914516448974609e-01 2.476052045822143555e-01 2.611081004142761230e-01 2.497305274009704590e-01 2.193852812051773071e-01 2.217053025960922241e-01 2.119140177965164185e-01 2.193944603204727173e-01
-3.471655547618865967e-01 5.194425210356712341e-02 -3.684361875057220459e-01 5.602540075778961182e-02 -1.315859891474246979e-02 5.760477855801582336e-02 -2.815926969051361084e-01 -3.200716674327850342e-01 -3.826017975807189941e-01 -3.259348273277282715e-01
6.060248613357543945e-02 -1.563893556594848633e-01 7.892766594886779785e-02 -1.554430872201919556e-01 -1.189630404114723206e-01 -1.592121273279190063e-01 7.152228616178035736e-03 3.449185937643051147e-02 9.004759788513183594e-02 4.212332144379615784e-02
6.071075797080993652e-02 1.546048969030380249e-01 5.013349279761314392e-02 1.510735750198364258e-01 1.553885936737060547e-01 1.524066478013992310e-01 8.018347620964050293e-02 7.058367878198623657e-02 4.163210093975067139e-02 6.644491851329803467e-02
-2.415363937616348267e-01 -2.932143807411193848e-01 -2.380365431308746338e-01 -2.916401028633117676e-01 -2.822643816471099854e-01 -2.912063300609588623e-01 -2.505399882793426514e-01 -2.448298782110214233e-01 -2.374638319015502930e-01 -2.442002296447753906e-01
-2.411463856697082520e-01 -2.913683950901031494e-01 -2.395695447921752930e-01 -2.908599376678466797e-01 -2.823796570301055908e-01 -2.909855842590332031e-01 -2.507586777210235596e-01 -2.454419732093811035e-01 -2.389629930257797241e-01 -2.434983551502227783e-01
-2.089144103229045868e-02 -1.665686666965484619e-01 -7.570335175842046738e-03 -1.673388779163360596e-01 -1.419389843940734863e-01 -1.690558642148971558e-01 -5.228815227746963501e-02 -3.382668644189834595e-02 -1.276237773708999157e-03 -2.910675108432769775e-02
-3.306711018085479736e-01 1.194631494581699371e-02 -3.468489050865173340e-01 1.612781547009944916e-02 -4.718410968780517578e-02 1.680207252502441406e-02 -2.851284444332122803e-01 -3.118901550769805908e-01 -3.556457161903381348e-01 -3.161872923374176025e-01
-2.408529967069625854e-01 -2.887125313282012939e-01 -2.393945157527923584e-01 -2.872448861598968506e-01 -2.800864279270172119e-01 -2.888234555721282959e-01 -2.499484568834304810e-01 -2.453803420066833496e-01 -2.370151877403259277e-01 -2.439070492982864380e-01
-2.378439009189605713e-01 -2.845610380172729492e-01 -2.369051724672317505e-01 -2.830522358417510986e-01 -2.778781652450561523e-01 -2.846969068050384521e-01 -2.463281601667404175e-01 -2.427380830049514771e-01 -2.349599301815032959e-01 -2.413016408681869507e-01
-5.806872248649597168e-02 4.998576268553733826e-02 -6.803449243307113647e-02 5.003247782588005066e-02 3.582928329706192017e-02 4.686465114355087280e-02 -4.296860843896865845e-02 -5.032619088888168335e-02 -7.433566451072692871e-02 -5.512126162648200989e-02
-3.182248473167419434e-01 -6.008176133036613464e-04 -3.307644128799438477e-01 5.636972840875387192e-03 -6.473376601934432983e-02 5.313801113516092300e-03 -2.838123440742492676e-01 -3.019630312919616699e-01 -3.410419523715972900e-01 -3.022340834140777588e-01
-2.420421391725540161e-01 -2.893570661544799805e-01 -2.416534572839736938e-01 -2.881075143814086914e-01 -2.821182906627655029e-01 -2.882660031318664551e-01 -2.514399588108062744e-01 -2.463068366050720215e-01 -2.391349822282791138e-01 -2.454932183027267456e-01
-3.155107796192169189e-01 3.429298987612128258e-03 -3.330757617950439453e-01 8.564111776649951935e-03 -6.002421677112579346e-02 9.592531248927116394e-03 -2.818801701068878174e-01 -2.988224923610687256e-01 -3.440110683441162109e-01 -2.989740073680877686e-01
-3.344713747501373291e-01 2.469350025057792664e-02 -3.449383080005645752e-01 2.916828542947769165e-02 -4.124899208545684814e-02 3.069187700748443604e-02 -2.945654690265655518e-01 -3.155227899551391602e-01 -3.594320416450500488e-01 -3.186402618885040283e-01
-2.411900609731674194e-01 -2.904358208179473877e-01 -2.396966218948364258e-01 -2.901796996593475342e-01 -2.804208993911743164e-01 -2.895503044128417969e-01 -2.510817646980285645e-01 -2.465385645627975464e-01 -2.394486069679260254e-01 -2.442210465669631958e-01
2.452761679887771606e-02 7.383525837212800980e-03 2.565698325634002686e-02 6.434290669858455658e-03 3.163216868415474892e-03 6.666519679129123688e-03 5.036196205765008926e-03 1.479038782417774200e-02 1.975942403078079224e-02 2.280061319470405579e-02
-2.070731073617935181e-01 1.007584780454635620e-01 -2.381500154733657837e-01 1.032878607511520386e-01 5.233804136514663696e-02 1.046493500471115112e-01 -1.479589939117431641e-01 -1.821486651897430420e-01 -2.636263966560363770e-01 -1.880513727664947510e-01
-3.298493921756744385e-01 2.960317069664597511e-03 -3.409776091575622559e-01 8.759732358157634735e-03 -6.082707643508911133e-02 7.681011222302913666e-03 -2.994676828384399414e-01 -3.194645643234252930e-01 -3.526830077171325684e-01 -3.160213530063629150e-01
2.373923920094966888e-02 -1.351514309644699097e-01 3.141958266496658325e-02 -1.346263438463211060e-01 -1.065710410475730896e-01 -1.365059614181518555e-01 -9.668244980275630951e-03 8.940383791923522949e-03 3.052156977355480194e-02 1.522990781813859940e-02
4.564897716045379639e-02 -9.844449907541275024e-02 6.300440430641174316e-02 -1.024179011583328247e-01 -7.292667031288146973e-02 -1.029096692800521851e-01 5.592969711869955063e-03 2.898295968770980835e-02 7.397316396236419678e-02 3.383704647421836853e-02
-2.415248155593872070e-01 -2.906824946403503418e-01 -2.393379360437393188e-01 -2.881245315074920654e-01 -2.810229063034057617e-01 -2.900487184524536133e-01 -2.503257393836975098e-01 -2.439334541559219360e-01 -2.377878129482269287e-01 -2.433020025491714478e-01
-2.395181953907012939e-01 -2.878699898719787598e-01 -2.369894236326217651e-01 -2.868897318840026855e-01 -2.790598869323730469e-01 -2.876738905906677246e-01 -2.478035539388656616e-01 -2.438932210206985474e-01 -2.378676831722259521e-01 -2.427432537078857422e-01
-3.488703370094299316e-01 6.300844997167587280e-02 -3.750139474868774414e-01 6.603059172630310059e-02 -5.954577354714274406e-04 6.762135028839111328e-02 -2.687036991119384766e-01 -3.155488073825836182e-01 -3.919665813446044922e-01 -3.271706700325012207e-01
-2.445158809423446655e-01 -2.702351510524749756e-01 -2.435438334941864014e-01 -2.685947716236114502e-01 -2.669702470302581787e-01 -2.689580023288726807e-01 -2.530246973037719727e-01 -2.492544800043106079e-01 -2.425801903009414673e-01 -2.466817200183868408e-01
-3.172860741615295410e-01 9.476402774453163147e-03 -3.433958888053894043e-01 1.602924987673759460e-02 -3.976109623908996582e-02 1.507133245468139648e-02 -2.491204440593719482e-01 -2.887236177921295166e-01 -3.571691513061523438e-01 -3.012675940990447998e-01
3.968020379543304443e-01 3.916252851486206055e-01 3.974948227405548096e-01 3.876729011535644531e-01 4.056275188922882080e-01 3.890437483787536621e-01 3.926900923252105713e-01 3.981269299983978271e-01 3.915632963180541992e-01 3.970762193202972412e-01
-3.532938659191131592e-01 6.132982298731803894e-02 -3.789722919464111328e-01 6.728605926036834717e-02 -2.610650146380066872e-03 6.681562960147857666e-02 -2.764835655689239502e-01 -3.208397030830383301e-01 -3.947119712829589844e-01 -3.290244340896606445e-01
6.702305376529693604e-02 -8.033329993486404419e-02 6.992360204458236694e-02 -8.332341164350509644e-02 -4.796376079320907593e-02 -8.139972388744354248e-02 4.634319245815277100e-02 6.069998443126678467e-02 6.851822882890701294e-02 5.812246352434158325e-02
-2.416189312934875488e-01 -2.906318604946136475e-01 -2.404053658246994019e-01 -2.889038026332855225e-01 -2.828389108180999756e-01 -2.907190024852752686e-01 -2.513124346733093262e-01 -2.460639029741287231e-01 -2.388126105070114136e-01 -2.439407855272293091e-01
-3.443337082862854004e-01 4.639276862144470215e-02 -3.641646504402160645e-01 4.992836341261863708e-02 -1.665639318525791168e-02 5.198978632688522339e-02 -2.811442017555236816e-01 -3.183349967002868652e-01 -3.772031962871551514e-01 -3.239971697330474854e-01
-2.421559691429138184e-01 -2.915036082267761230e-01 -2.398446500301361084e-01 -2.900858223438262939e-01 -2.820587754249572754e-01 -2.909752130508422852e-01 -2.502563297748565674e-01 -2.461681067943572998e-01 -2.390108853578567505e-01 -2.453188300132751465e-01
-3.288914263248443604e-02 -8.849821239709854126e-02 -3.062438219785690308e-02 -8.753605931997299194e-02 -8.385007828474044800e-02 -8.851731568574905396e-02 -5.005693435668945312e-02 -4.076389223337173462e-02 -3.842746838927268982e-02 -3.434318304061889648e-02
6.592454761266708374e-02 1.830538511276245117e-01 5.595149472355842590e-02 1.813516765832901001e-01 1.774144172668457031e-01 1.824973523616790771e-01 8.536359667778015137e-02 7.632831484079360962e-02 4.445287585258483887e-02 7.111597806215286255e-02
-2.371156066656112671e-01 9.921727702021598816e-03 -2.525188922882080078e-01 1.580426096916198730e-02 -4.513465613126754761e-02 1.624179072678089142e-02 -2.068115174770355225e-01 -2.220517694950103760e-01 -2.680772542953491211e-01 -2.207496315240859985e-01
6.456241011619567871e-02 -1.592661589384078979e-01 8.738029003143310547e-02 -1.588675379753112793e-01 -1.180765777826309204e-01 -1.606965661048889160e-01 1.101717725396156311e-02 3.903770446777343750e-02 9.914173930883407593e-02 4.907634854316711426e-02
-3.446588516235351562e-01 5.419569835066795349e-02 -3.689030706882476807e-01 5.875758081674575806e-02 -1.047941483557224274e-02 5.944998189806938171e-02 -2.761093676090240479e-01 -3.157961964607238770e-01 -3.846192061901092529e-01 -3.225035071372985840e-01
-2.460731267929077148e-01 -2.639951705932617188e-01 -2.425047010183334351e-01 -2.622893750667572021e-01 -2.623976767063140869e-01 -2.634601593017578125e-01 -2.539532780647277832e-01 -2.495834976434707642e-01 -2.434355467557907104e-01 -2.476258426904678345e-01
-1.734307259321212769e-01 1.054630577564239502e-01 -1.923729926347732544e-01 1.083654537796974182e-01 6.217731907963752747e-02 1.092419773340225220e-01 -1.185627952218055725e-01 -1.482370793819427490e-01 -2.137516289949417114e-01 -1.497824937105178833e-01
-2.393298745155334473e-01 -2.863725721836090088e-01 -2.379594296216964722e-01 -2.842228710651397705e-01 -2.759629487991333008e-01 -2.853234708309173584e-01 -2.471146732568740845e-01 -2.425171732902526855e-01 -2.370521277189254761e-01 -2.415047287940979004e-01
-3.421275317668914795e-01 4.409828409552574158e-02 -3.650835156440734863e-01 4.935085400938987732e-02 -1.784880459308624268e-02 5.031653493642807007e-02 -2.703803181648254395e-01 -3.136564493179321289e-01 -3.827072978019714355e-01 -3.221682012081146240e-01
-1.924731433391571045e-01 7.040739804506301880e-02 -2.272364199161529541e-01 7.212115079164505005e-02 3.479716181755065918e-02 7.450519502162933350e-02 -1.254779547452926636e-01 -1.608542799949645996e-01 -2.504697442054748535e-01 -1.725170910358428955e-01
-2.406711876392364502e-01 -2.847834825515747070e-01 -2.380349487066268921e-01 -2.840663194656372070e-01 -2.778986394405364990e-01 -2.859351336956024170e-01 -2.483372241258621216e-01 -2.450213283300399780e-01 -2.371817827224731445e-01 -2.429072409868240356e-01
1.460467278957366943e-01 -1.087252646684646606e-01 1.661641448736190796e-01 -1.105403155088424683e-01 -6.120816245675086975e-02 -1.133645102381706238e-01 8.645715564489364624e-02 1.193162277340888977e-01 1.754611730575561523e-01 1.293596178293228149e-01
-6.158887594938278198e-02 1.430566161870956421e-01 -8.707013726234436035e-02 1.431725621223449707e-01 1.238204538822174072e-01 1.447738409042358398e-01 -9.252890944480895996e-03 -3.710527345538139343e-02 -1.096803098917007446e-01 -4.575224965810775757e-02
-2.389907985925674438e-01 -2.865476608276367188e-01 -2.377583682537078857e-01 -2.856706380844116211e-01 -2.773769497871398926e-01 -2.863262295722961426e-01 -2.483739852905273438e-01 -2.444807887077331543e-01 -2.368175238370895386e-01 -2.432841509580612183e-01
2.935773506760597229e-02 1.738330274820327759e-01 1.601839438080787659e-02 1.716898083686828613e-01 1.619488447904586792e-01 1.735194623470306396e-01 5.671730265021324158e-02 4.397963359951972961e-02 1.476577017456293106e-03 3.769594803452491760e-02
-2.442195266485214233e-01 -2.908495962619781494e-01 -2.417120635509490967e-01 -2.896480560302734375e-01 -2.838654220104217529e-01 -2.901402115821838379e-01 -2.527032792568206787e-01 -2.482702285051345825e-01 -2.414896935224533081e-01 -2.454396784305572510e-01
3.422915339469909668e-01 3.444834947586059570e-01 3.418077230453491211e-01 3.400275409221649170e-01 3.558647632598876953e-01 3.416259884834289551e-01 3.376037478446960449e-01 3.422125875949859619e-01 3.354103267192840576e-01 3.424086272716522217e-01
-1.741428077220916748e-01 1.276277154684066772e-01 -2.105158269405364990e-01 1.288986355066299438e-01 8.352003991603851318e-02 1.290699243545532227e-01 -1.009554341435432434e-01 -1.416952461004257202e-01 -2.407360821962356567e-01 -1.511711776256561279e-01
-5.665942560881376266e-03 5.249128118157386780e-02 -1.496480125933885574e-02 4.891045764088630676e-02 5.778553709387779236e-02 4.780516400933265686e-02 1.229737978428602219e-02 3.282683202996850014e-03 -2.068942040205001831e-02 -4.009880591183900833e-03
8.570272475481033325e-02 -1.168112233281135559e-01 1.035401597619056702e-01 -1.189582049846649170e-01 -8.304001390933990479e-02 -1.208687275648117065e-01 3.825518488883972168e-02 6.491648405790328979e-02 1.122144311666488647e-01 7.145905494689941406e-02
-2.410841882228851318e-01 -2.891331613063812256e-01 -2.403004020452499390e-01 -2.886507511138916016e-01 -2.817195653915405273e-01 -2.892426252365112305e-01 -2.513343691825866699e-01 -2.465826421976089478e-01 -2.403729408979415894e-01 -2.453032135963439941e-01
-3.199850618839263916e-01 3.965194523334503174e-02 -3.493688404560089111e-01 4.255823791027069092e-02 -1.589198596775531769e-02 4.487736150622367859e-02 -2.423852682113647461e-01 -2.835443317890167236e-01 -3.680544495582580566e-01 -2.983030676841735840e-01
-2.415911406278610229e-01 -2.903764843940734863e-01 -2.391404062509536743e-01 -2.883097827434539795e-01 -2.810028195381164551e-01 -2.896824479103088379e-01 -2.494966387748718262e-01 -2.447600215673446655e-01 -2.383437454700469971e-01 -2.444956302642822266e-01
-3.453896045684814453e-01 3.543908149003982544e-02 -3.629126846790313721e-01 3.927296772599220276e-02 -2.784732542932033539e-02 4.058605805039405823e-02 -2.925432622432708740e-01 -3.262972235679626465e-01 -3.744676709175109863e-01 -3.280087113380432129e-01
-2.399305552244186401e-01 -2.893464863300323486e-01 -2.380638569593429565e-01 -2.878205776214599609e-01 -2.806168496608734131e-01 -2.896060347557067871e-01 -2.491330802440643311e-01 -2.440795898437500000e-01 -2.379832118749618530e-01 -2.435731291770935059e-01
-1.549552381038665771e-01 1.506200134754180908e-01 -1.908286958932876587e-01 1.523398309946060181e-01 1.088439449667930603e-01 1.530964523553848267e-01 -7.905209809541702271e-02 -1.193210929632186890e-01 -2.209671139717102051e-01 -1.272506862878799438e-01
-2.394165098667144775e-01 -2.875337898731231689e-01 -2.377353906631469727e-01 -2.875182032585144043e-01 -2.786589860916137695e-01 -2.889334261417388916e-01 -2.499973922967910767e-01 -2.444227337837219238e-01 -2.380653917789459229e-01 -2.434405088424682617e-01
-1.135851591825485229e-01 1.143092960119247437e-01 -1.398602277040481567e-01 1.152522116899490356e-01 8.396545052528381348e-02 1.172589510679244995e-01 -6.525754183530807495e-02 -9.040634334087371826e-02 -1.583923399448394775e-01 -9.967171400785446167e-02
-2.443896532058715820e-01 -2.910179197788238525e-01 -2.425824701786041260e-01 -2.887216210365295410e-01 -2.813501656055450439e-01 -2.894781529903411865e-01 -2.516426742076873779e-01 -2.473109960556030273e-01 -2.406228035688400269e-01 -2.461092919111251831e-01
-2.393734753131866455e-01 -2.836185097694396973e-01 -2.375774532556533813e-01 -2.812209427356719971e-01 -2.743232846260070801e-01 -2.817916572093963623e-01 -2.474148273468017578e-01 -2.439197003841400146e-01 -2.378586679697036743e-01 -2.432081699371337891e-01
-2.409182637929916382e-01 -2.838099300861358643e-01 -2.398163527250289917e-01 -2.822424471378326416e-01 -2.772030234336853027e-01 -2.834630012512207031e-01 -2.504817843437194824e-01 -2.457356899976730347e-01 -2.396936416625976562e-01 -2.445982843637466431e-01
-2.396088540554046631e-01 -2.844816446304321289e-01 -2.365543395280838013e-01 -2.825260460376739502e-01 -2.754059731960296631e-01 -2.834945917129516602e-01 -2.483356297016143799e-01 -2.433969676494598389e-01 -2.372267395257949829e-01 -2.411553561687469482e-01
-2.405112832784652710e-01 -2.882558703422546387e-01 -2.395899146795272827e-01 -2.861064076423645020e-01 -2.781834304332733154e-01 -2.873185873031616211e-01 -2.514017522335052490e-01 -2.460663020610809326e-01 -2.383525371551513672e-01 -2.437619268894195557e-01
