6.171590182930231094e-03 -3.477209014818072319e-03 -2.626331057399511337e-03 1.434087171219289303e-03 -6.418024713639169931e-05 -2.649287460371851921e-03 -9.678764268755912781e-03 -6.403608713299036026e-04 -2.239503897726535797e-03 -9.554088115692138672e-03
-1.632310822606086731e-02 -5.347236059606075287e-03 -8.769966661930084229e-03 -8.773352019488811493e-03 9.824625449255108833e-04 7.913533481769263744e-04 3.084301250055432320e-03 4.290054086595773697e-03 2.249141223728656769e-03 -2.803857671096920967e-03
6.429567933082580566e-03 -1.120788138359785080e-02 -2.099903533235192299e-03 -6.604203023016452789e-03 5.882550496608018875e-03 1.313526765443384647e-03 -6.217773072421550751e-03 -2.688160631805658340e-03 -9.450636571273207664e-04 -3.449977608397603035e-03
-3.219989826902747154e-03 -3.548089414834976196e-03 -4.821362905204296112e-03 -2.195464679971337318e-03 -5.097552668303251266e-03 -5.082722753286361694e-03 -5.530943162739276886e-03 -6.459959316998720169e-03 -6.033156067132949829e-03 -3.986946772783994675e-03
-1.105554308742284775e-02 -7.498015649616718292e-03 -8.827125653624534607e-03 -5.008770618587732315e-03 -2.402530284598469734e-03 -2.175204223021864891e-03 4.834388382732868195e-03 2.124543767422437668e-03 -2.948614303022623062e-03 -5.425427807494997978e-04
-9.740341454744338989e-03 -9.026246145367622375e-03 -1.154263224452733994e-02 -6.694729905575513840e-03 -1.427249284461140633e-03 -7.070019491948187351e-04 -3.816551761701703072e-04 5.037952214479446411e-03 5.040169344283640385e-04 -7.004918996244668961e-03
-3.501539118587970734e-03 -2.252524252980947495e-03 -4.975737072527408600e-03 -3.018915653228759766e-03 -5.193585529923439026e-03 -5.057626403868198395e-03 -5.243183579295873642e-03 -6.353274919092655182e-03 -6.566020194441080093e-03 -4.783015232533216476e-03
-3.133737947791814804e-03 -7.580887526273727417e-03 -2.793728839606046677e-03 -1.211458630859851837e-02 -1.960786757990717888e-03 -3.548001172021031380e-03 9.184933267533779144e-03 1.928687212057411671e-03 6.586857140064239502e-03 -1.041850890032947063e-03
-6.548396311700344086e-03 -4.270232282578945160e-03 3.393554361537098885e-03 -4.021107219159603119e-03 -1.182725001126527786e-02 -9.043098427355289459e-03 1.033791457302868366e-03 9.845226304605603218e-04 -1.014223787933588028e-03 -1.035386137664318085e-02
-6.838533096015453339e-03 -4.300075583159923553e-03 2.984818536788225174e-03 -3.833820810541510582e-03 -1.127409748733043671e-02 -8.236043155193328857e-03 3.788054455071687698e-04 -2.334552817046642303e-03 -7.164402049966156483e-04 -3.247056622058153152e-03
-8.668333612149581313e-05 5.360378418117761612e-03 -4.261882859282195568e-04 -4.288144409656524658e-03 -3.116361564025282860e-03 -3.242542035877704620e-03 -8.387803100049495697e-03 5.055721849203109741e-03 1.100806635804474354e-03 -1.513701584190130234e-02
-2.406200161203742027e-03 -1.052267663180828094e-02 7.247588597238063812e-03 -6.427819374948740005e-03 -8.954398334026336670e-03 -1.456763409078121185e-02 4.065212327986955643e-03 1.490873401053249836e-03 1.033195148920640349e-04 -9.460810106247663498e-04
-4.151542671024799347e-03 -2.395016141235828400e-03 -5.248943809419870377e-03 -2.683525206521153450e-03 -5.248302128165960312e-03 -5.256673321127891541e-03 -6.084124092012643814e-03 -5.288202315568923950e-03 -6.346028763800859451e-03 -3.896591486409306526e-03
-3.822114318609237671e-03 -2.778114750981330872e-03 -4.588817246258258820e-03 -3.287520026788115501e-03 -5.735930521041154861e-03 -4.473393782973289490e-03 -5.353597458451986313e-03 -6.224414333701133728e-03 -5.864908453077077866e-03 -4.671383649110794067e-03
-3.181631444022059441e-03 -3.483351552858948708e-03 -4.445324651896953583e-03 -3.520045895129442215e-03 -3.975003957748413086e-03 -5.012572742998600006e-03 -5.865171551704406738e-03 -6.388227920979261398e-03 -6.764924153685569763e-03 -3.617661306634545326e-03
-3.503560554236173630e-03 -2.230840502306818962e-03 -5.698943976312875748e-03 -2.510193502530455589e-03 -4.706603009253740311e-03 -3.812769660726189613e-03 -5.178563762456178665e-03 -6.015074905008077621e-03 -6.971214432269334793e-03 -5.114536266773939133e-03
-3.775184275582432747e-03 -2.181911608204245567e-03 -5.217905156314373016e-03 -3.221550490707159042e-03 -5.559727083891630173e-03 -4.203924443572759628e-03 -4.642543382942676544e-03 -6.169171538203954697e-03 -6.595271173864603043e-03 -3.727926872670650482e-03
-4.584766924381256104e-03 -2.977598924189805984e-03 -5.823486018925905228e-03 -2.389731584116816521e-03 -4.287734162062406540e-03 -5.733368918299674988e-03 -5.426757968962192535e-03 -6.206696853041648865e-03 -6.073133088648319244e-03 -4.887361545115709305e-03
-1.010577753186225891e-02 -6.550082005560398102e-03 -1.524058054201304913e-03 -4.483420867472887039e-03 -2.003276022151112556e-03 -2.688367385417222977e-03 2.759152324870228767e-03 -2.741810400038957596e-03 -2.766030142083764076e-03 -6.291076424531638622e-04
-1.652442035265266895e-03 -5.398140754550695419e-03 -7.815498393028974533e-04 -4.980934783816337585e-03 -7.660797797143459320e-03 -8.733237162232398987e-03 3.891376778483390808e-03 4.129663284402340651e-05 -2.239018445834517479e-03 -1.194152887910604477e-02
-7.280431222170591354e-03 -5.220843013375997543e-03 2.873079618439078331e-03 -3.292290726676583290e-03 -1.188550703227519989e-02 -9.921086952090263367e-03 1.410440017934888601e-04 -2.379324287176132202e-03 -1.938958186656236649e-03 1.769300783053040504e-03
-7.521335501223802567e-03 -6.538513698615133762e-04 6.602196954190731049e-03 4.320119507610797882e-03 3.218693658709526062e-03 -5.575481802225112915e-03 4.987387801520526409e-04 -3.035205882042646408e-03 5.474648205563426018e-04 1.551547832787036896e-02
-5.366871133446693420e-03 -7.365728728473186493e-03 -4.801549483090639114e-03 -1.054717972874641418e-02 1.270221080631017685e-03 -1.313847838900983334e-03 -6.546379998326301575e-03 1.781090279109776020e-03 8.291394915431737900e-04 8.115787059068679810e-03
-4.117777105420827866e-03 -3.137425985187292099e-03 -4.609088879078626633e-03 -2.969799563288688660e-03 -4.340006969869136810e-03 -4.586737602949142456e-03 -4.975605756044387817e-03 -6.637710146605968475e-03 -6.053906865417957306e-03 -4.642626270651817322e-03
-6.618237588554620743e-03 -4.740892909467220306e-03 3.229379886761307716e-03 -3.423637012019753456e-03 -1.249690540134906769e-02 -1.052781287580728531e-02 1.282684737816452980e-03 -2.303243614733219147e-03 -1.205606386065483093e-03 3.653750289231538773e-03
-6.109182257205247879e-03 -3.418394131585955620e-03 1.289826352149248123e-03 -2.881021006032824516e-03 -8.545844815671443939e-03 -7.755153812468051910e-03 -2.338049671379849315e-04 -7.970089791342616081e-04 -3.591206390410661697e-03 -8.460082113742828369e-03
-1.029163692146539688e-02 -6.450399756431579590e-03 4.991929046809673309e-03 -7.126590237021446228e-03 -5.904379300773143768e-03 -4.269547760486602783e-03 4.410351160913705826e-03 -4.007170908153057098e-03 -4.284703172743320465e-03 1.087728235870599747e-02
2.851364668458700180e-03 -4.857551306486129761e-03 8.364981040358543396e-03 -1.847213250584900379e-03 -3.508717752993106842e-03 -7.821529172360897064e-03 1.268094638362526894e-03 -3.744117217138409615e-03 -2.661790640559047461e-04 -1.231387816369533539e-02
-1.434307452291250229e-02 -5.449397955089807510e-03 -4.434185102581977844e-03 -7.910043001174926758e-03 -3.112655831500887871e-03 -4.051805939525365829e-03 8.806691505014896393e-03 3.009258769452571869e-03 1.423812936991453171e-03 -2.529866527765989304e-03
3.042607102543115616e-03 -5.837408360093832016e-03 5.276952404528856277e-03 -1.560797332786023617e-03 2.119359560310840607e-03 8.230638923123478889e-05 2.091352362185716629e-03 -7.903933292254805565e-04 4.620419349521398544e-03 -5.686735268682241440e-03
-3.063093870878219604e-03 -3.303988836705684662e-03 -4.264282062649726868e-03 -3.066339530050754547e-03 -5.003927275538444519e-03 -4.188759252429008484e-03 -5.393730010837316513e-03 -6.676665972918272018e-03 -6.232170853763818741e-03 -3.310196334496140480e-03
2.113222144544124603e-03 -5.229811649769544601e-03 -2.095883712172508240e-03 -7.625441066920757294e-03 9.608757682144641876e-04 -7.226118759717792273e-05 -1.241152547299861908e-02 -8.839058573357760906e-04 -3.110271878540515900e-03 3.917228896170854568e-03
-2.798701869323849678e-03 7.627080660313367844e-03 1.868886291049420834e-03 1.100650988519191742e-02 -4.988657776266336441e-03 -2.903776708990335464e-03 2.794531872496008873e-03 -4.947803914546966553e-03 4.826287913601845503e-04 -7.306811865419149399e-03
6.742108147591352463e-03 -4.424166399985551834e-03 -1.513741072267293930e-02 2.805694472044706345e-03 8.680040627950802445e-05 4.890050622634589672e-04 -4.288020078092813492e-03 -1.415797392837703228e-03 8.452396723441779613e-04 -4.751406610012054443e-03
-2.709347987547516823e-03 -3.302558790892362595e-03 -8.519729599356651306e-03 3.698855405673384666e-03 4.540890455245971680e-03 6.765130441635847092e-03 4.559334833174943924e-03 -4.055448342114686966e-03 -2.515175379812717438e-03 1.349943049717694521e-04
-7.536176592111587524e-03 -5.260021891444921494e-03 3.880605334416031837e-03 -3.489158116281032562e-03 -1.197522878646850586e-02 -1.056422293186187744e-02 1.115011866204440594e-03 -6.838012486696243286e-04 -1.592504122527316213e-04 -2.172018634155392647e-03
-4.268123768270015717e-03 -3.690458135679364204e-03 -5.222182720899581909e-03 -2.337913261726498604e-03 -4.660528618842363358e-03 -5.121872760355472565e-03 -6.132832262665033340e-03 -5.901260301470756531e-03 -7.169802207499742508e-03 -3.544426057487726212e-03
-7.586050778627395630e-03 -6.725792307406663895e-03 3.879773197695612907e-03 -4.106121137738227844e-03 -1.311523839831352234e-02 -1.127013191580772400e-02 2.024047076702117920e-03 7.589972228743135929e-04 1.956090563908219337e-04 9.804274886846542358e-04
-1.191464345902204514e-02 -4.852570127695798874e-03 -8.848574012517929077e-03 -7.409615442156791687e-03 1.450597541406750679e-03 9.078971343114972115e-04 -5.288721062242984772e-03 1.887765130959451199e-03 -3.916664281859993935e-04 -4.730396904051303864e-03
9.032818488776683807e-03 5.961586430203169584e-05 -3.632296575233340263e-03 1.175385247915983200e-02 -7.006009109318256378e-03 -6.296759005635976791e-03 2.409603912383317947e-03 -3.907493315637111664e-03 1.626016804948449135e-03 -6.417831405997276306e-03
-3.266477026045322418e-03 -3.210684051737189293e-03 -4.839901812374591827e-03 -3.438440151512622833e-03 -4.891156684607267380e-03 -4.301405046135187149e-03 -6.288053002208471298e-03 -5.845277104526758194e-03 -6.156971678137779236e-03 -4.106013104319572449e-03
-3.739938605576753616e-03 -3.575503360480070114e-03 -5.206744652241468430e-03 -1.913055893965065479e-03 -5.333957727998495102e-03 -4.730078857392072678e-03 -5.302703473716974258e-03 -5.353367887437343597e-03 -5.954742897301912308e-03 -4.053864162415266037e-03
-6.530780345201492310e-03 -4.312721546739339828e-03 3.158959327265620232e-03 -4.181329626590013504e-03 -1.029218640178442001e-02 -8.970013819634914398e-03 1.255054958164691925e-03 -9.939176379702985287e-05 -1.917667337693274021e-03 -7.463830057531595230e-03
-3.830030327662825584e-03 -2.991182031109929085e-03 -4.444599617272615433e-03 -2.347770379856228828e-03 -4.094065632671117783e-03 -5.007612053304910660e-03 -6.118238903582096100e-03 -6.108392495661973953e-03 -6.820044945925474167e-03 -4.783247597515583038e-03
3.706709481775760651e-03 -2.529117511585354805e-03 2.596000442281365395e-03 -4.736321046948432922e-03 -3.208067966625094414e-03 -3.788068657740950584e-03 -4.456139635294675827e-03 1.517865748610347509e-04 -3.018760799022857100e-05 -2.669848036020994186e-03
-2.224138006567955017e-03 -2.732940018177032471e-03 5.740323103964328766e-04 -7.872663438320159912e-03 -3.838876960799098015e-03 -4.625358618795871735e-03 7.326375227421522141e-03 -3.205985296517610550e-03 -2.002909081056714058e-03 -1.361903455108404160e-02
-1.636527106165885925e-02 -2.889782423153519630e-03 -3.530488815158605576e-03 -8.054759353399276733e-03 -5.257700686343014240e-04 7.748318021185696125e-04 9.344646707177162170e-03 7.958238711580634117e-04 -2.524712355807423592e-03 2.848311793059110641e-03
-3.856602124869823456e-03 -3.656537504866719246e-03 -5.590673536062240601e-03 -3.248269436880946159e-03 -5.658790469169616699e-03 -4.726264625787734985e-03 -5.766001995652914047e-03 -5.243777763098478317e-03 -6.444638129323720932e-03 -4.354397300630807877e-03
-4.164627287536859512e-03 -2.499994356185197830e-03 -4.462352022528648376e-03 -3.182941116392612457e-03 -4.901300650089979172e-03 -4.715881310403347015e-03 -5.477262660861015320e-03 -5.717262160032987595e-03 -6.803656928241252899e-03 -4.077387973666191101e-03
9.948750026524066925e-03 -1.651433994993567467e-03 1.145807560533285141e-02 -9.545806096866726875e-04 2.996579278260469437e-03 -6.032797507941722870e-03 -1.506469678133726120e-03 -4.190105479210615158e-03 7.479172199964523315e-04 -7.522601634263992310e-03
-6.507094018161296844e-03 -3.888814011588692665e-03 2.275112317875027657e-03 -4.263171460479497910e-03 -1.120877731591463089e-02 -8.359874598681926727e-03 4.600197426043450832e-04 4.255593739799223840e-05 -1.590757397934794426e-03 -9.661976248025894165e-03
-5.825277417898178101e-03 -4.331182222813367844e-03 -1.674396917223930359e-04 -2.879242878407239914e-03 -9.148743003606796265e-03 -7.546697277575731277e-03 -1.846531173214316368e-03 -4.338611848652362823e-03 -3.886322258040308952e-03 4.245643503963947296e-03
-2.932096598669886589e-03 -1.866607693955302238e-03 9.960943832993507385e-03 -1.339936570730060339e-04 -7.358188740909099579e-03 -5.111783277243375778e-03 7.645564153790473938e-03 -5.485184490680694580e-03 -3.351195948198437691e-03 -5.009702872484922409e-03
8.245309814810752869e-03 -3.861160250380635262e-03 -9.931826032698154449e-03 -3.423849586397409439e-03 4.570456687361001968e-03 2.292355755344033241e-03 -4.616166464984416962e-03 3.091733902692794800e-03 6.172184948809444904e-04 -5.496457684785127640e-03
-4.199340473860502243e-03 -2.352769253775477409e-03 -5.054866429418325424e-03 -2.044735942035913467e-03 -4.855970852077007294e-03 -5.088596604764461517e-03 -5.527491215616464615e-03 -6.203350611031055450e-03 -6.920962594449520111e-03 -3.674209117889404297e-03
-1.591382548213005066e-02 2.570416778326034546e-03 5.065535660833120346e-03 -5.528103094547986984e-03 -6.566517520695924759e-03 -6.481421645730733871e-03 5.512849747901782393e-05 2.493196167051792145e-03 2.853255951777100563e-03 -3.748249728232622147e-04
-3.995191771537065506e-03 -6.817623972892761230e-03 -4.801126662641763687e-03 8.331811055541038513e-03 3.578881034627556801e-03 2.179913863074034452e-04 1.254335604608058929e-02 -2.613274147734045982e-03 6.396784447133541107e-03 1.291284570470452309e-03
-5.167966708540916443e-03 7.237618789076805115e-03 -4.875719547271728516e-03 3.607332473620772362e-04 9.463539347052574158e-03 9.428861550986766815e-03 4.006611648947000504e-03 -3.554968163371086121e-03 -8.861484238877892494e-04 -6.716943811625242233e-03
-9.574223309755325317e-03 -4.814383108168840408e-03 -2.230617916211485863e-03 -7.305979728698730469e-03 5.104474257677793503e-03 1.231902744621038437e-03 3.257730975747108459e-03 -1.277339062653481960e-03 -3.635988570749759674e-03 6.357047823257744312e-05
-2.974707400426268578e-03 -4.408776294440031052e-03 1.363070448860526085e-03 -7.536102551966905594e-03 9.716485626995563507e-03 2.307451795786619186e-03 6.463041063398122787e-03 6.234600208699703217e-03 9.657169692218303680e-03 -2.347739879041910172e-03
-4.199767485260963440e-03 -3.574819536879658699e-03 -5.150421056896448135e-03 -3.480316605418920517e-03 -5.242061801254749298e-03 -3.927462734282016754e-03 -6.131378933787345886e-03 -5.674442276358604431e-03 -5.927846767008304596e-03 -4.487778991460800171e-03
-4.639559425413608551e-03 -2.864524489268660545e-03 -4.803134128451347351e-03 -2.467649523168802261e-03 -4.939821548759937286e-03 -3.884242847561836243e-03 -5.499310791492462158e-03 -5.891025066375732422e-03 -6.317375227808952332e-03 -3.628755919635295868e-03
-4.006433009635657072e-04 1.044729351997375488e-02 1.115834992378950119e-02 5.112905986607074738e-03 2.921183826401829720e-03 8.282242342829704285e-04 -4.072128795087337494e-03 -1.045782770961523056e-02 -7.766073103994131088e-03 -4.860878456383943558e-03
-7.257070858031511307e-03 -4.838520195335149765e-03 4.268718417733907700e-03 -3.981722984462976456e-03 -1.242001913487911224e-02 -9.062560275197029114e-03 1.290831132791936398e-03 9.876140393316745758e-04 -1.647979835979640484e-03 -9.446029551327228546e-03
-2.563415560871362686e-03 -7.621445227414369583e-03 1.073702052235603333e-02 -4.600771702826023102e-03 -7.985237054526805878e-03 -8.315617218613624573e-03 -1.816406962461769581e-03 -5.725815426558256149e-04 1.092233651434071362e-04 9.982426650822162628e-03
-6.235262844711542130e-03 5.390866659581661224e-03 2.179111586883664131e-03 5.643400945700705051e-04 -2.601462882012128830e-03 -7.651826366782188416e-03 -7.026677485555410385e-03 1.406446914188563824e-03 -8.674141718074679375e-04 9.204720146954059601e-03
-5.834440700709819794e-03 -5.080582574009895325e-03 1.528133056126534939e-03 -3.809603629633784294e-03 -1.106853131204843521e-02 -8.170049637556076050e-03 -5.039126263000071049e-04 -4.719595890492200851e-03 -2.834209008142352104e-03 4.463868215680122375e-03
5.069704260677099228e-03 -4.245504271239042282e-03 7.784205954521894455e-03 -7.588055450469255447e-03 2.211278333561494946e-04 -9.459595312364399433e-04 -3.868638013955205679e-04 -9.654661640524864197e-03 -4.770323168486356735e-03 3.762391395866870880e-03
-2.111748093739151955e-03 6.088981404900550842e-03 1.921360380947589874e-03 -1.319947466254234314e-02 3.000305267050862312e-03 1.162518863566219807e-03 -1.313206925988197327e-02 5.046569858677685261e-04 -1.991969998925924301e-03 1.940546557307243347e-03
1.068127993494272232e-02 -2.504833741113543510e-03 3.726848866790533066e-03 1.480452809482812881e-02 2.639694139361381531e-03 -8.045221678912639618e-03 -9.479255415499210358e-03 -4.668045789003372192e-03 -2.898820443078875542e-03 8.232465479522943497e-04
-1.211782917380332947e-03 -1.601871452294290066e-03 8.686643093824386597e-03 -1.570154353976249695e-02 2.750700339674949646e-03 -5.157560575753450394e-03 -3.697518026456236839e-03 6.366831250488758087e-03 7.652963977307081223e-03 -1.337933121249079704e-03
-1.882100827060639858e-03 5.314591107890009880e-04 9.009856876218691468e-05 -5.868320353329181671e-03 1.683608570601791143e-04 -2.796416170895099640e-03 -1.077688951045274734e-02 3.104953095316886902e-03 8.645851630717515945e-04 -1.083685550838708878e-02
2.945381682366132736e-03 8.610606193542480469e-03 6.957835517823696136e-03 3.255263436585664749e-03 3.221197403036057949e-04 -5.602062679827213287e-03 -1.429380103945732117e-02 -1.352383755147457123e-03 -2.323262393474578857e-03 -2.256805775687098503e-03
-3.142996923997998238e-03 -3.448066301643848419e-03 -4.882361274212598801e-03 -3.384181763976812363e-03 -4.281931091099977493e-03 -5.208319518715143204e-03 -5.531484261155128479e-03 -6.267290096729993820e-03 -6.275215651839971542e-03 -4.033841192722320557e-03
7.239905244205147028e-05 -2.722954843193292618e-03 -1.074531674385070801e-02 9.164901450276374817e-03 2.221296774223446846e-03 -1.705396571196615696e-03 -6.627679802477359772e-03 3.326402977108955383e-03 1.519070356152951717e-03 2.367009874433279037e-03
1.469238568097352982e-02 -1.028064265847206116e-02 -6.814528722316026688e-03 1.154991914518177509e-03 2.289866679348051548e-04 1.964058261364698410e-03 7.194889243692159653e-03 -8.945171721279621124e-03 -6.522561889141798019e-03 -8.025902323424816132e-03
-2.893194789066910744e-03 -6.472701672464609146e-03 8.041832596063613892e-03 -6.834441330283880234e-03 4.112649243324995041e-03 -2.730177948251366615e-03 -2.201829571276903152e-03 -3.097691806033253670e-03 -4.251857753843069077e-03 -9.414334199391305447e-04
-6.593842990696430206e-03 3.984892740845680237e-03 3.166213165968656540e-03 -3.658233210444450378e-03 -7.623485755175352097e-03 -7.928809151053428650e-03 -5.918273236602544785e-03 -4.465118981897830963e-03 -4.663656000047922134e-03 8.420764468610286713e-03
-3.374723717570304871e-03 -2.949058543890714645e-03 -5.133024416863918304e-03 -2.588703297078609467e-03 -4.855815321207046509e-03 -4.177358932793140411e-03 -5.419007036834955215e-03 -6.346730981022119522e-03 -7.174003869295120239e-03 -4.193387459963560104e-03
-3.300829324871301651e-03 -2.885574940592050552e-03 -5.492582451552152634e-03 -3.773614531382918358e-03 -4.465037491172552109e-03 -5.168802104890346527e-03 -6.161804776638746262e-03 -5.809561815112829208e-03 -5.899162031710147858e-03 -4.535001702606678009e-03
-3.870404791086912155e-03 -3.396849380806088448e-03 -5.498082377016544342e-03 -2.919001970440149307e-03 -4.599872045218944550e-03 -3.946081735193729401e-03 -5.379294976592063904e-03 -6.311139557510614395e-03 -6.587118841707706451e-03 -4.328270442783832550e-03
-4.123931750655174255e-03 -2.441973891109228134e-03 -4.763592965900897980e-03 -2.192245097830891609e-03 -5.117600318044424057e-03 -4.324691835790872574e-03 -5.617443937808275223e-03 -6.126151885837316513e-03 -5.843407474458217621e-03 -4.428870044648647308e-03
-6.013763602823019028e-03 -4.400780424475669861e-03 1.790023292414844036e-03 -3.452089382335543633e-03 -1.075577642768621445e-02 -8.929238654673099518e-03 -6.829912890680134296e-04 -4.881825763732194901e-03 -2.263762522488832474e-03 5.149757955223321915e-03
-1.334202568978071213e-02 5.170382093638181686e-03 -7.891705259680747986e-03 -7.831349968910217285e-03 2.971308771520853043e-03 2.031368901953101158e-03 1.820832607336342335e-03 1.397232525050640106e-03 -4.221991170197725296e-03 3.333448432385921478e-03
-2.493417356163263321e-03 -3.349323989823460579e-03 -5.575195886194705963e-03 -3.110359888523817062e-03 -5.075121764093637466e-03 -4.679671488702297211e-03 -5.031981971114873886e-03 -5.005656741559505463e-03 -6.377658341079950333e-03 -3.485589521005749702e-03
4.234951920807361603e-03 2.989018335938453674e-03 3.026685677468776703e-03 -2.436239738017320633e-03 1.430997042916715145e-03 -3.068329533562064171e-03 5.126435775309801102e-03 -3.232980816392228007e-05 9.712814353406429291e-03 -5.080478731542825699e-03
-3.525539301335811615e-03 5.789984017610549927e-03 1.196115650236606598e-02 -4.570026881992816925e-03 3.935754764825105667e-03 -3.295351751148700714e-03 -9.906751103699207306e-03 -6.444150581955909729e-03 -6.603932473808526993e-03 2.114924602210521698e-03
4.722470883280038834e-03 -8.525040000677108765e-03 -8.698932826519012451e-03 -2.943344414234161377e-03 -2.666597720235586166e-03 -5.598593037575483322e-03 4.267584299668669701e-04 1.330967876128852367e-03 -1.057749614119529724e-03 -1.013198774307966232e-02
-3.886379767209291458e-03 -2.271238248795270920e-03 -5.624672863632440567e-03 -2.109752967953681946e-03 -5.782171618193387985e-03 -4.904471337795257568e-03 -5.371097475290298462e-03 -6.271768361330032349e-03 -6.264840252697467804e-03 -4.267243668437004089e-03
3.862785524688661098e-04 -2.145125763490796089e-03 -9.266109205782413483e-03 3.995756618678569794e-03 -1.082808128558099270e-03 -3.021095646545290947e-03 -9.085808880627155304e-03 -2.450942411087453365e-04 -1.386793213896453381e-03 4.321077372878789902e-03
7.042233832180500031e-03 -1.201599463820457458e-02 -1.913382671773433685e-03 4.380859900265932083e-03 -1.661980291828513145e-03 -9.271129965782165527e-03 -3.533477894961833954e-03 8.283169940114021301e-03 9.450159966945648193e-03 -3.718529362231492996e-03
-4.470290616154670715e-03 -3.531520022079348564e-03 -5.285972729325294495e-03 -2.776543144136667252e-03 -4.020699765533208847e-03 -4.121542442589998245e-03 -5.648676771670579910e-03 -5.536098964512348175e-03 -6.672811694443225861e-03 -4.400280304253101349e-03
1.288311439566314220e-03 -1.940904068760573864e-03 -1.053878222592175007e-03 -1.344290329143404961e-03 6.212089210748672485e-03 8.008484728634357452e-03 3.193869022652506828e-03 -5.460027139633893967e-03 -3.422672394663095474e-03 -7.878825999796390533e-03
-4.607092589139938354e-03 -2.540703862905502319e-03 -5.330975633114576340e-03 -2.827158197760581970e-03 -4.595291335135698318e-03 -4.459482617676258087e-03 -5.597539711743593216e-03 -5.141430534422397614e-03 -7.062368094921112061e-03 -3.668813733384013176e-03
-7.808097288943827152e-04 -9.582700207829475403e-03 -5.493266507983207703e-03 -8.890938945114612579e-03 -2.828869502991437912e-03 -5.321926902979612350e-03 -6.398017052561044693e-03 4.291804973036050797e-03 1.945112482644617558e-03 -1.612334046512842178e-03
2.121345372870564461e-03 -3.447851049713790417e-04 2.120340941473841667e-04 3.244066829211078584e-05 -9.828500915318727493e-04 8.333243022207170725e-05 -2.062413375824689865e-03 -3.296405775472521782e-03 4.164664074778556824e-03 -1.235067844390869141e-03
-1.538976468145847321e-02 -1.400557928718626499e-03 -1.511854398995637894e-02 -7.609556894749403000e-03 7.169964374043047428e-04 2.220545662567019463e-03 5.820868071168661118e-03 1.106749754399061203e-03 -4.487790632992982864e-03 6.366549525409936905e-03
-3.877466777339577675e-03 -2.453471301123499870e-03 -5.655774846673011780e-03 -3.647506004199385643e-03 -4.918330814689397812e-03 -4.235262982547283173e-03 -5.036123562604188919e-03 -6.730837281793355942e-03 -6.574576720595359802e-03 -4.263593815267086029e-03
7.090292056091129780e-04 -1.148613449186086655e-02 -7.642141077667474747e-03 -7.346440106630325317e-04 4.441949073225259781e-03 4.063378088176250458e-03 7.258909754455089569e-03 -4.228294361382722855e-03 -4.343738313764333725e-03 -2.757254987955093384e-03
-1.742414664477109909e-03 -7.750740041956305504e-04 -9.398303925991058350e-03 -9.736855514347553253e-03 -1.797461300157010555e-03 1.005500089377164841e-03 -6.784107070416212082e-03 1.571235829032957554e-03 -1.476462231948971748e-03 5.181229207664728165e-03
-1.408684812486171722e-02 -7.095442153513431549e-03 -5.703067872673273087e-03 -5.734032951295375824e-03 -4.494548309594392776e-03 -5.160797853022813797e-03 4.940411541610956192e-03 2.456290880218148232e-03 4.869370313826948404e-04 4.239181056618690491e-03
-4.050098825246095657e-03 -2.549204044044017792e-03 -4.808316938579082489e-03 -3.218508791178464890e-03 -5.208934657275676727e-03 -4.932883661240339279e-03 -5.599299445748329163e-03 -5.637621041387319565e-03 -6.133588030934333801e-03 -4.214948043227195740e-03
-5.233048927038908005e-03 5.068201571702957153e-03 7.380652241408824921e-03 -1.978799700736999512e-03 1.054441556334495544e-03 -1.080447691492736340e-03 -5.127787124365568161e-03 -1.026069396175444126e-03 -3.329617436975240707e-03 3.701912006363272667e-03
-8.482626290060579777e-04 -4.770415835082530975e-03 7.845375686883926392e-03 -1.107755489647388458e-02 1.070787757635116577e-02 1.932757790200412273e-03 2.204939955845475197e-03 6.953709758818149567e-03 8.222035132348537445e-03 -1.612031832337379456e-03
-5.803119856864213943e-03 -3.979216795414686203e-03 -3.755109151825308800e-03 4.820483736693859100e-03 -1.310073654167354107e-03 -4.256600514054298401e-03 5.009098909795284271e-03 1.422712230123579502e-03 7.695992477238178253e-03 2.977025578729808331e-04
-3.749811323359608650e-03 -3.237103810533881187e-03 -5.664880853146314621e-03 -3.728757612407207489e-03 -4.834136925637722015e-03 -4.420381970703601837e-03 -6.162766832858324051e-03 -5.794065538793802261e-03 -5.912819411605596542e-03 -4.533323924988508224e-03
-2.691688132472336292e-04 -1.286214217543601990e-02 3.425242379307746887e-03 1.514147967100143433e-03 -4.374364390969276428e-03 -6.300197914242744446e-03 7.959281094372272491e-03 5.133712547831237316e-04 2.121097175404429436e-03 1.096365849662106484e-05
-3.835714654996991158e-03 -3.647054545581340790e-03 -4.572996869683265686e-03 -2.006826456636190414e-03 -5.374755710363388062e-03 -3.703567897900938988e-03 -6.152485031634569168e-03 -6.128275766968727112e-03 -6.474318914115428925e-03 -4.145960789173841476e-03
-3.873520763590931892e-03 -2.974715083837509155e-03 -5.396538414061069489e-03 -3.583167912438511848e-03 -4.136627074331045151e-03 -4.504482261836528778e-03 -6.238945294171571732e-03 -5.398135166615247726e-03 -6.534251384437084198e-03 -3.603326622396707535e-03
-3.687491174787282944e-03 -2.925366163253784180e-03 -5.636799614876508713e-03 -2.670729998499155045e-03 -4.323787521570920944e-03 -4.701874684542417526e-03 -5.467614158987998962e-03 -6.724078208208084106e-03 -7.288150954991579056e-03 -4.516966175287961960e-03
-9.294444695115089417e-03 4.353019874542951584e-03 -8.102760650217533112e-03 -5.288055632263422012e-03 2.159912604838609695e-03 3.313690889626741409e-03 -3.820043290033936501e-03 2.881581604015082121e-04 -7.589117740280926228e-04 5.873442161828279495e-03
-5.659500602632761002e-03 -4.236479289829730988e-03 1.061621704138815403e-03 -4.171459469944238663e-03 -1.082462072372436523e-02 -9.118680842220783234e-03 -9.517765138298273087e-04 -4.800578579306602478e-03 -3.047537058591842651e-03 5.768383853137493134e-03
-6.110411603003740311e-03 -4.582362715154886246e-03 2.066470216959714890e-03 -3.603446763008832932e-03 -1.070941332727670670e-02 -9.323357604444026947e-03 3.482212778180837631e-04 -3.890529973432421684e-03 -2.491797087714076042e-03 2.485223812982439995e-03
5.358500871807336807e-03 -6.778829731047153473e-03 -7.652221713215112686e-03 -4.872322548180818558e-03 7.587872445583343506e-03 8.770263753831386566e-03 1.270674751140177250e-03 -4.963008221238851547e-03 -9.446746553294360638e-04 9.066899307072162628e-03
-2.959429053589701653e-03 -2.947696717455983162e-03 -5.616150330752134323e-03 -3.496341174468398094e-03 -5.237161647528409958e-03 -4.155507311224937439e-03 -6.291303783655166626e-03 -6.011266261339187622e-03 -7.044302299618721008e-03 -5.217296071350574493e-03
4.868636839091777802e-03 -1.991778844967484474e-03 5.359292495995759964e-03 4.453780595213174820e-03 7.832382107153534889e-04 6.061446620151400566e-04 9.248428046703338623e-03 -1.226162351667881012e-02 -1.779982005245983601e-03 1.319086365401744843e-02
-8.100191131234169006e-03 -4.781091585755348206e-03 2.972521353513002396e-03 -6.088805384933948517e-03 -6.184888770803809166e-04 -3.470229450613260269e-03 3.950955346226692200e-03 -5.931977648288011551e-03 -5.832547321915626526e-03 2.199612557888031006e-03
-4.113599192351102829e-03 -2.150445245206356049e-03 -5.146320443600416183e-03 -3.169511444866657257e-03 -5.019704345613718033e-03 -5.228147376328706741e-03 -5.450557917356491089e-03 -5.365719087421894073e-03 -6.129913497716188431e-03 -4.658009391278028488e-03
1.433508936315774918e-02 -3.857698757201433182e-03 -5.474502686411142349e-03 3.863731108140200377e-04 2.769426442682743073e-03 -5.740382708609104156e-03 -1.318227592855691910e-02 -9.083657641895115376e-04 -4.519986105151474476e-04 4.049366340041160583e-03
-3.321711206808686256e-03 -2.717793919146060944e-03 -5.259499885141849518e-03 -3.235875163227319717e-03 -5.351661238819360733e-03 -5.027944687753915787e-03 -5.994216073304414749e-03 -6.333151832222938538e-03 -5.775022320449352264e-03 -4.519564099609851837e-03
-6.697691045701503754e-03 -4.576775245368480682e-03 1.631795661523938179e-03 -3.061569994315505028e-03 -1.064527779817581177e-02 -8.235231041908264160e-03 -1.134683727286756039e-03 -7.496009930036962032e-04 -2.932345261797308922e-03 -9.248378686606884003e-03
-4.357225261628627777e-03 -2.241086447611451149e-03 -4.797908011823892593e-03 -3.379784524440765381e-03 -4.292982630431652069e-03 -4.390905611217021942e-03 -5.606704857200384140e-03 -6.821425165981054306e-03 -6.607939954847097397e-03 -4.974979441612958908e-03
-7.370891980826854706e-03 1.325324922800064087e-02 -8.718221448361873627e-03 3.991792444139719009e-03 2.399044344201683998e-03 4.153694491833448410e-03 -5.733842030167579651e-03 -1.851349836215376854e-03 -1.403503236360847950e-03 2.124080900102853775e-03
-3.874364541843533516e-03 -2.726763952523469925e-03 -4.345279186964035034e-03 -2.046785783022642136e-03 -4.950084723532199860e-03 -4.797729197889566422e-03 -6.213208660483360291e-03 -5.293272435665130615e-03 -6.740981712937355042e-03 -4.699326120316982269e-03
-2.622638130560517311e-03 4.830278048757463694e-04 8.907711133360862732e-03 -5.038035102188587189e-03 1.825221930630505085e-03 1.688017277047038078e-03 -1.072915387339890003e-03 -3.402715548872947693e-03 -3.055240726098418236e-03 -5.130509845912456512e-03
-4.137036856263875961e-03 -2.849795389920473099e-03 -5.808507557958364487e-03 -3.706497605890035629e-03 -4.445903934538364410e-03 -4.041924607008695602e-03 -5.568681750446557999e-03 -6.568612065166234970e-03 -6.400818470865488052e-03 -4.164308309555053711e-03
-6.924125365912914276e-03 -4.255154170095920563e-03 7.622737321071326733e-04 -4.410891328006982803e-03 -1.103644445538520813e-02 -8.180985227227210999e-03 -4.648283647838979959e-04 -8.192437817342579365e-04 -2.405865117907524109e-03 -8.969820104539394379e-03
-4.220925737172365189e-03 -2.167438389733433723e-03 -1.629287563264369965e-02 -1.042904984205961227e-02 3.401315771043300629e-03 2.946622902527451515e-03 -1.439753547310829163e-02 5.860315170139074326e-03 4.863048670813441277e-04 -5.307815503329038620e-03
9.164397604763507843e-03 -4.908695816993713379e-03 -3.785436507314443588e-03 1.353676524013280869e-02 4.057287005707621574e-04 7.845782238291576505e-05 7.635099347680807114e-03 -1.475669536739587784e-02 -5.701599176973104477e-03 -1.141805085353553295e-03
-3.656279761344194412e-03 -3.516335971653461456e-03 -5.536037962883710861e-03 -2.459374722093343735e-03 -4.458831157535314560e-03 -4.755997564643621445e-03 -5.691372323781251907e-03 -5.483458284288644791e-03 -7.113426923751831055e-03 -3.674505511298775673e-03
1.234926981851458549e-03 -8.162653073668479919e-03 -1.596564776264131069e-03 -2.637218218296766281e-03 -3.634059568867087364e-03 -8.791084401309490204e-03 2.889240393415093422e-03 2.252964070066809654e-03 1.915944158099591732e-03 -1.832382008433341980e-02
-3.760066349059343338e-03 -3.335064509883522987e-03 -5.280551034957170486e-03 -2.132819266989827156e-03 -4.801456816494464874e-03 -4.327887669205665588e-03 -5.092865787446498871e-03 -6.899605039507150650e-03 -7.068281061947345734e-03 -4.318858496844768524e-03
-4.243207629770040512e-03 -2.434066263958811760e-03 -5.915442015975713730e-03 -2.943394472822546959e-03 -4.619294777512550354e-03 -4.387712571769952774e-03 -6.617711856961250305e-03 -5.544248037040233612e-03 -5.876342765986919403e-03 -4.330865107476711273e-03
-3.635119181126356125e-03 -2.628472167998552322e-03 -4.490045364946126938e-03 -3.234454663470387459e-03 -4.496792796999216080e-03 -4.303243942558765411e-03 -5.765396170318126678e-03 -6.516804452985525131e-03 -6.676647812128067017e-03 -4.091387148946523666e-03
-3.754022531211376190e-03 -2.948335371911525726e-03 -5.229162517935037613e-03 -2.702590310946106911e-03 -5.272926297038793564e-03 -4.175753332674503326e-03 -6.465400103479623795e-03 -6.002053618431091309e-03 -6.158706732094287872e-03 -3.761403961107134819e-03
9.620524942874908447e-04 -1.236446201801300049e-02 -4.948189016431570053e-04 -7.887563668191432953e-03 2.109776687575504184e-04 -4.389537498354911804e-03 4.408414941281080246e-03 -2.179292263463139534e-03 -4.634893266484141350e-04 -1.950841280631721020e-03
-4.286553245037794113e-03 -2.160720527172088623e-03 -4.885789938271045685e-03 -2.604561625048518181e-03 -5.499725230038166046e-03 -5.065219476819038391e-03 -5.775760859251022339e-03 -5.996071267873048782e-03 -6.392060779035091400e-03 -4.519666545093059540e-03
-9.796482510864734650e-03 -7.048161234706640244e-03 -1.250611338764429092e-02 -5.826490931212902069e-03 9.872602531686425209e-04 6.555119180120527744e-04 -2.712052781134843826e-03 2.890969626605510712e-04 -4.055221565067768097e-03 3.761798143386840820e-03
-4.516669083386659622e-03 -2.465797821059823036e-03 -5.082788877189159393e-03 -2.320347819477319717e-03 -5.633571650832891464e-03 -4.425037652254104614e-03 -6.037972401827573776e-03 -5.582932382822036743e-03 -5.343265365809202194e-03 -5.065287463366985321e-03
1.370543846860527992e-03 1.320870965719223022e-02 -9.595771320164203644e-03 2.537548076361417770e-03 3.409279976040124893e-03 6.985687650740146637e-03 -5.064036697149276733e-03 -3.295260015875101089e-03 7.435557199642062187e-04 5.350422579795122147e-04
-2.972042653709650040e-03 -3.501021768897771835e-03 -5.431568250060081482e-03 -3.439320717006921768e-03 -5.304189864546060562e-03 -4.227160941809415817e-03 -4.866426810622215271e-03 -5.450550466775894165e-03 -7.109738886356353760e-03 -4.279698710888624191e-03
-1.587470620870590210e-02 -3.380249254405498505e-03 -1.031037606298923492e-02 -6.451988127082586288e-03 -5.531294271349906921e-03 -2.350565977394580841e-03 6.301256828010082245e-03 6.187132559716701508e-03 7.359893643297255039e-04 5.526406312128528953e-06
-4.176101647317409515e-03 -3.548436099663376808e-03 -4.703707527369260788e-03 -1.963376300409436226e-03 -4.618137143552303314e-03 -4.725857172161340714e-03 -5.535028409212827682e-03 -6.390375550836324692e-03 -6.288472563028335571e-03 -4.412958864122629166e-03
-3.447578055784106255e-03 -2.768328180536627769e-03 -5.488347262144088745e-03 -3.879826283082365990e-03 -4.319318570196628571e-03 -5.127146840095520020e-03 -5.847117397934198380e-03 -6.468445993959903717e-03 -6.205388344824314117e-03 -4.313793033361434937e-03
1.585884019732475281e-02 1.054733339697122574e-02 1.152256503701210022e-03 9.793359786272048950e-03 2.215063571929931641e-02 1.491250470280647278e-02 5.478579550981521606e-04 1.090691704303026199e-02 1.753532886505126953e-02 1.369864773005247116e-02
-3.025776008144021034e-03 -2.452129265293478966e-03 -5.633727647364139557e-03 -3.527415217831730843e-03 -4.963671788573265076e-03 -4.504541400820016861e-03 -5.447268020361661911e-03 -4.981125704944133759e-03 -7.071326486766338348e-03 -4.043680615723133087e-03
4.333680029958486557e-03 2.641191938892006874e-03 -7.729772478342056274e-04 3.353156382218003273e-03 3.038248978555202484e-03 4.422103054821491241e-03 -4.277944099158048630e-03 6.102477200329303741e-04 6.786724552512168884e-04 4.493801854550838470e-03
-4.124237224459648132e-03 -3.349455306306481361e-03 -4.940956830978393555e-03 -2.829221775755286217e-03 -4.556947387754917145e-03 -4.776490852236747742e-03 -5.545168183743953705e-03 -6.596781313419342041e-03 -6.406875792890787125e-03 -3.897482529282569885e-03
-1.284351572394371033e-02 -1.004508230835199356e-03 2.464745193719863892e-03 -5.374575033783912659e-03 -7.142467889934778214e-03 -6.704990286380052567e-03 2.541025867685675621e-03 -2.326972316950559616e-03 -2.434778260067105293e-03 1.123873144388198853e-02
-3.456949722021818161e-03 -3.783614840358495712e-03 -5.101997405290603638e-03 -3.035661065950989723e-03 -4.410282708704471588e-03 -5.318444222211837769e-03 -5.641929339617490768e-03 -5.765628069639205933e-03 -7.042207755148410797e-03 -4.525242839008569717e-03
-2.544031711295247078e-03 3.649930935353040695e-03 8.920750580728054047e-03 -3.971022553741931915e-03 2.164070960134267807e-03 5.948775447905063629e-03 3.437963547185063362e-03 -7.846269756555557251e-03 -5.511374911293387413e-04 2.776711247861385345e-03
-3.602420911192893982e-03 -2.598183229565620422e-03 -5.596414674073457718e-03 -1.964153489097952843e-03 -5.221094470471143723e-03 -4.806905984878540039e-03 -4.919246770441532135e-03 -6.454065907746553421e-03 -6.480895448476076126e-03 -4.420345649123191833e-03
-7.363819517195224762e-03 7.393857231363654137e-06 7.289890781976282597e-04 -3.813627641648054123e-03 5.750190932303667068e-03 6.883191410452127457e-03 1.154103665612637997e-03 -3.947159275412559509e-03 -1.043444732204079628e-03 -6.175364833325147629e-03
-4.225759301334619522e-03 -3.532666480168700218e-03 -4.538893233984708786e-03 -3.507995745167136192e-03 -4.044141154736280441e-03 -3.754281438887119293e-03 -6.218306720256805420e-03 -5.711669567972421646e-03 -6.686216685920953751e-03 -5.123317707329988480e-03
-3.289251355454325676e-03 -3.719539847224950790e-03 -5.270639900118112564e-03 -3.649776801466941833e-03 -5.081714596599340439e-03 -4.230760969221591949e-03 -5.584793630987405777e-03 -6.000970955938100815e-03 -5.732209887355566025e-03 -3.819551784545183182e-03
-8.767005056142807007e-03 2.087607281282544136e-03 3.830204950645565987e-03 -1.143691595643758774e-02 3.871957771480083466e-03 4.798799753189086914e-03 4.501546733081340790e-03 -6.579233799129724503e-03 -6.026841234415769577e-03 -3.699519671499729156e-03
-4.597356542944908142e-03 -3.674512496218085289e-03 -4.994197748601436615e-03 -2.373684896156191826e-03 -4.548896569758653641e-03 -3.843660233542323112e-03 -5.166786257177591324e-03 -5.449837539345026016e-03 -6.605521775782108307e-03 -5.242278799414634705e-03
-3.918338567018508911e-03 -5.870186723768711090e-03 -6.398705299943685532e-04 -9.031166322529315948e-03 6.569233955815434456e-04 1.060393056832253933e-03 8.422930724918842316e-03 3.085334319621324539e-03 5.509507842361927032e-03 -1.107310224324464798e-02
-3.791142255067825317e-03 -2.890001516789197922e-03 -5.489773117005825043e-03 -2.156823640689253807e-03 -4.421656019985675812e-03 -4.568419419229030609e-03 -5.651185289025306702e-03 -5.196255631744861603e-03 -6.931073497980833054e-03 -4.733525682240724564e-03
-1.090300455689430237e-02 -6.758894305676221848e-03 -8.774201385676860809e-03 -4.507051780819892883e-03 -2.674174960702657700e-03 -5.496594239957630634e-04 -5.485041765496134758e-04 2.417733427137136459e-03 -6.759499083273112774e-04 -5.882175639271736145e-03
-3.729089396074414253e-03 -2.823836635798215866e-03 -5.008517298847436905e-03 -2.335807774215936661e-03 -5.354435648769140244e-03 -5.034380126744508743e-03 -6.230166181921958923e-03 -6.364007946103811264e-03 -5.907885730266571045e-03 -4.868271294981241226e-03
-6.834165658801794052e-03 -5.796443205326795578e-03 3.118562744930386543e-03 -4.121358972042798996e-03 -1.162330992519855499e-02 -9.626568295061588287e-03 1.700716209597885609e-03 -4.488945705816149712e-04 -1.193998032249510288e-03 -5.041706841439008713e-03
-4.381124395877122879e-03 -2.199416514486074448e-03 -5.018308293074369431e-03 -3.177141770720481873e-03 -4.691440612077713013e-03 -4.494715947657823563e-03 -5.194903817027807236e-03 -5.693209357559680939e-03 -7.038179785013198853e-03 -4.765335936099290848e-03
-6.725743412971496582e-03 -3.871051361784338951e-03 2.474522916600108147e-03 -3.110795281827449799e-03 -1.034014206379652023e-02 -9.510851465165615082e-03 7.508929702453315258e-04 -1.425448921509087086e-03 -2.011946635320782661e-03 -5.987604614347219467e-03
-3.233751514926552773e-03 -3.693602513521909714e-03 -4.981562495231628418e-03 -2.958669560030102730e-03 -4.725018981844186783e-03 -4.322896245867013931e-03 -5.173025187104940414e-03 -6.028726696968078613e-03 -6.893991027027368546e-03 -4.935515113174915314e-03
-5.492843221873044968e-03 3.435641760006546974e-03 8.301553316414356232e-03 -5.836345255374908447e-03 -6.456744391471147537e-03 -7.834648713469505310e-03 1.864776830188930035e-03 -1.295049092732369900e-03 3.285780549049377441e-04 -1.579966209828853607e-02
-5.347681697458028793e-03 -7.037715986371040344e-03 6.550453603267669678e-03 -4.835803061723709106e-03 -1.208658702671527863e-02 -1.386111229658126831e-02 1.794162555597722530e-03 1.957581145688891411e-03 4.288745185476727784e-05 -5.659682676196098328e-03
-4.333600867539644241e-03 -3.365409560501575470e-03 -5.019463133066892624e-03 -2.758033107966184616e-03 -5.030408501625061035e-03 -4.946657922118902206e-03 -5.479880142956972122e-03 -6.556661799550056458e-03 -6.956814788281917572e-03 -3.528638975694775581e-03
-4.440672695636749268e-03 -2.189052756875753403e-03 -5.068677943199872971e-03 -2.529261400923132896e-03 -4.349489696323871613e-03 -4.587528761476278305e-03 -5.546315573155879974e-03 -6.082707550376653671e-03 -6.697620730847120285e-03 -4.542716313153505325e-03
-1.142630819231271744e-02 -2.306469017639756203e-03 7.803861517459154129e-03 -5.082984454929828644e-03 -1.195593550801277161e-02 -1.087316498160362244e-02 1.546453800983726978e-03 -9.724538540467619896e-04 -9.199047926813364029e-04 3.651427803561091423e-03
-5.803751759231090546e-03 -3.517740871757268906e-03 7.646944723092019558e-04 -4.315135534852743149e-03 -9.475137107074260712e-03 -7.269614841789007187e-03 -4.946802509948611259e-04 -9.240708313882350922e-04 -4.082793369889259338e-03 -8.018705993890762329e-03
-7.684861309826374054e-03 5.557000637054443359e-03 -1.116318255662918091e-02 5.910408683121204376e-03 2.451586769893765450e-03 4.864708054810762405e-03 -7.360260467976331711e-03 -3.196661593392491341e-03 6.068765651434659958e-04 4.565807525068521500e-03
-3.291726112365722656e-03 -7.735045626759529114e-03 7.981050759553909302e-03 -5.533848889172077179e-03 -1.285117864608764648e-02 -1.594198495149612427e-02 1.082291011698544025e-03 8.501218981109559536e-04 9.550467366352677345e-04 -1.306312973611056805e-03
-1.283545233309268951e-02 6.830287165939807892e-03 8.976838551461696625e-03 -2.632814226672053337e-03 -4.367431625723838806e-03 -3.665879834443330765e-03 1.924154465086758137e-03 -4.077930934727191925e-03 -3.693728009238839149e-03 3.547744126990437508e-03
-2.021413063630461693e-03 -9.518258739262819290e-04 5.874520167708396912e-03 -1.843025162816047668e-02 6.673348136246204376e-03 -9.825661545619368553e-04 -3.299643576610833406e-04 7.073686923831701279e-03 8.972796611487865448e-03 -1.849658438004553318e-03
-1.399486511945724487e-02 -4.017626401036977768e-03 -4.743942059576511383e-03 -5.704818293452262878e-03 -4.545933566987514496e-03 -3.690083976835012436e-03 6.794355344027280807e-03 3.463008208200335503e-03 -8.180909790098667145e-04 -1.189238508231937885e-03
-2.604418667033314705e-03 4.874578444287180901e-04 -8.088019676506519318e-03 -8.466978557407855988e-03 -1.488061272539198399e-03 1.135789905674755573e-03 -1.315632276237010956e-02 4.939790349453687668e-03 3.806953900493681431e-04 -7.597642019391059875e-03
3.342885756865143776e-04 -5.521190352737903595e-03 5.238166544586420059e-03 -7.121978327631950378e-03 -3.861294826492667198e-03 -8.067668415606021881e-03 3.188541159033775330e-03 5.924753495492041111e-04 -1.489144051447510719e-04 -1.191915012896060944e-02
-9.368116036057472229e-03 -5.112535785883665085e-03 -7.957306690514087677e-03 -2.941817743703722954e-03 3.691848833113908768e-04 -1.795876538380980492e-03 -3.500972175970673561e-03 3.807853499893099070e-04 -2.807386452332139015e-03 1.950008794665336609e-03
-4.582441877573728561e-03 -3.805879736319184303e-03 -4.796993918716907501e-03 -2.000663196668028831e-03 -5.354191642254590988e-03 -4.676209297031164169e-03 -6.527564488351345062e-03 -5.716856569051742554e-03 -6.441733334213495255e-03 -4.836707841604948044e-03
-1.835562754422426224e-03 -1.330357789993286133e-02 -1.645495556294918060e-02 -9.636665694415569305e-03 1.989072887226939201e-03 2.386467298492789268e-03 6.751902401447296143e-03 3.345188684761524200e-03 4.594501573592424393e-03 2.025559544563293457e-03
1.679378910921514034e-03 1.367307640612125397e-02 4.114499024581164122e-04 1.014869194477796555e-02 -6.773860193789005280e-03 -4.181625787168741226e-03 -7.648080587387084961e-03 -2.288596704602241516e-03 5.691853002645075321e-04 -1.090046949684619904e-02
-4.084018524736166000e-03 -2.030786825343966484e-03 -4.675420932471752167e-03 -2.393199596554040909e-03 -5.609225016087293625e-03 -5.126992706209421158e-03 -5.658494308590888977e-03 -6.026597693562507629e-03 -5.800691898912191391e-03 -5.055868998169898987e-03
-4.028992727398872375e-03 -2.524058567360043526e-03 -4.813379608094692230e-03 -3.465993795543909073e-03 -4.646647721529006958e-03 -4.447245970368385315e-03 -6.062328815460205078e-03 -6.299614440649747849e-03 -6.958677433431148529e-03 -3.987506031990051270e-03
-3.527714870870113373e-03 -2.756876172497868538e-03 -5.406891927123069763e-03 -3.072701394557952881e-03 -5.248916335403919220e-03 -4.111259244382381439e-03 -4.934099968522787094e-03 -6.812412291765213013e-03 -6.982441060245037079e-03 -3.579688956961035728e-03
-3.324782242998480797e-03 -3.463951870799064636e-03 -4.777644295245409012e-03 -3.512339666485786438e-03 -4.581633489578962326e-03 -4.071842413395643234e-03 -5.498703569173812866e-03 -6.622690241783857346e-03 -5.789139308035373688e-03 -4.751296248286962509e-03
-3.710316494107246399e-03 -2.337969373911619186e-03 -4.827833734452724457e-03 -2.733638044446706772e-03 -4.457898437976837158e-03 -5.296784453094005585e-03 -5.334177520126104355e-03 -6.156636867672204971e-03 -6.819225382059812546e-03 -4.691746085882186890e-03
-2.784843556582927704e-03 9.618962183594703674e-03 -4.787857178598642349e-03 -1.424669940024614334e-02 5.910838954150676727e-03 6.358944810926914215e-03 -8.976091630756855011e-03 3.462199587374925613e-03 5.747876130044460297e-04 -4.940840415656566620e-03
-1.859154202975332737e-03 2.089903922751545906e-03 -3.374023362994194031e-03 -7.539445650763809681e-04 5.180016625672578812e-03 5.302183330059051514e-03 -3.018206218257546425e-03 -4.906659480184316635e-03 -3.587894607335329056e-04 -1.741291140206158161e-03
-3.425268223509192467e-03 -3.556179115548729897e-03 -5.502731539309024811e-03 -3.552161855623126030e-03 -4.356582649052143097e-03 -5.227754358202219009e-03 -6.296707782894372940e-03 -5.800566636025905609e-03 -6.092963740229606628e-03 -4.476269707083702087e-03
-4.103929735720157623e-03 -2.948638750240206718e-03 -5.624541081488132477e-03 -2.165278652682900429e-03 -4.298868589103221893e-03 -5.046345759183168411e-03 -5.788705777376890182e-03 -6.468201056122779846e-03 -5.437561776489019394e-03 -4.156047943979501724e-03
3.591523738577961922e-03 3.526971908286213875e-03 -1.816218718886375427e-03 6.832516286522150040e-03 -9.924608748406171799e-04 2.698332304134964943e-03 -2.942412393167614937e-03 -5.027691833674907684e-03 -3.066840581595897675e-03 -1.243223249912261963e-02
-3.391202073544263840e-03 -3.702939720824360847e-03 -5.414132494479417801e-03 -1.945654628798365593e-03 -5.428336095064878464e-03 -5.045718513429164886e-03 -6.083152722567319870e-03 -5.984792485833168030e-03 -6.015637889504432678e-03 -4.366545937955379486e-03
-1.325504202395677567e-02 -8.568540215492248535e-04 -1.506415312178432941e-03 -7.371679414063692093e-03 -6.342814303934574127e-03 -3.581124125048518181e-03 5.891449283808469772e-03 1.785811735317111015e-03 -1.186189940199255943e-03 6.991222500801086426e-03
-5.515111261047422886e-04 1.637956243939697742e-03 7.118447683751583099e-03 -4.580147098749876022e-03 3.122499212622642517e-03 2.253267448395490646e-03 1.397227868437767029e-03 -9.359708055853843689e-03 -7.501481100916862488e-03 -2.300111344084143639e-03
-3.557475749403238297e-03 -3.288520267233252525e-03 -5.718962289392948151e-03 -2.624854678288102150e-03 -5.354303400963544846e-03 -5.048485938459634781e-03 -4.913399461656808853e-03 -5.807620473206043243e-03 -6.378524471074342728e-03 -4.123182035982608795e-03
-6.333680357784032822e-03 -4.258485976606607437e-03 1.528210937976837158e-03 -2.567449118942022324e-03 -9.346755221486091614e-03 -8.235963992774486542e-03 -9.479434229433536530e-04 -2.447301521897315979e-04 -2.767683239653706551e-03 -7.163463160395622253e-03
-4.702557343989610672e-03 -2.649790607392787933e-03 -4.907926544547080994e-03 -2.754285000264644623e-03 -5.177967716008424759e-03 -4.354849457740783691e-03 -5.990776699036359787e-03 -6.742340046912431717e-03 -5.939269438385963440e-03 -4.514665808528661728e-03
-3.635009517893195152e-03 -3.384414827451109886e-03 -5.020882468670606613e-03 -2.851557917892932892e-03 -5.073924548923969269e-03 -4.277232568711042404e-03 -5.088388919830322266e-03 -5.962285213172435760e-03 -6.478269584476947784e-03 -4.793054889887571335e-03
-1.013916730880737305e-02 -6.649280432611703873e-03 -7.987018674612045288e-03 -1.117910724133253098e-02 3.964028321206569672e-03 3.887155093252658844e-03 2.164776436984539032e-03 5.331641878001391888e-04 -1.739556086249649525e-03 1.015674881637096405e-02
-3.889769082888960838e-03 -2.581794280558824539e-03 -4.955596290528774261e-03 -2.915516262874007225e-03 -5.381511989980936050e-03 -3.915315028280019760e-03 -4.746280610561370850e-03 -6.732217036187648773e-03 -6.558913737535476685e-03 -4.670345690101385117e-03
9.300900623202323914e-03 -7.443243637681007385e-03 -6.418153177946805954e-03 5.636205431073904037e-03 2.495185704901814461e-03 -4.330046940594911575e-03 4.787041340023279190e-03 -6.144484039396047592e-03 -2.583240391686558723e-03 -1.802226412110030651e-03
-3.932848572731018066e-03 -3.582084551453590393e-03 -4.630486480891704559e-03 -3.045476973056793213e-03 -4.596306476742029190e-03 -5.264577921479940414e-03 -5.231495480984449387e-03 -5.913846194744110107e-03 -7.019070908427238464e-03 -4.503113683313131332e-03
-3.893528832122683525e-03 -2.851332304999232292e-03 -5.614447407424449921e-03 -3.330999054014682770e-03 -5.380159709602594376e-03 -4.501760471612215042e-03 -5.675536114722490311e-03 -6.043688394129276276e-03 -5.839340854436159134e-03 -4.998138640075922012e-03
-2.834380138665437698e-03 -3.504461375996470451e-03 -4.852413665503263474e-03 -3.460593987256288528e-03 -4.413060843944549561e-03 -4.346949514001607895e-03 -5.973265506327152252e-03 -5.300634074956178665e-03 -7.060494739562273026e-03 -4.527409560978412628e-03
-1.399784255772829056e-02 9.571448899805545807e-03 7.873064838349819183e-03 -2.888437593355774879e-04 5.072453641332685947e-04 2.820548368617892265e-03 9.075210429728031158e-03 -4.243215080350637436e-03 -1.828551525250077248e-03 -3.102106042206287384e-03
4.357891622930765152e-03 -3.075793152675032616e-03 7.525059045292437077e-04 8.759417571127414703e-03 1.114417565986514091e-03 -2.871265867725014687e-03 7.556259166449308395e-03 -1.218171417713165283e-02 -5.220309365540742874e-03 6.129913032054901123e-03
-3.877729410305619240e-03 -2.974457107484340668e-03 -5.631783511489629745e-03 -2.801377326250076294e-03 -4.411034751683473587e-03 -4.442076198756694794e-03 -6.265248171985149384e-03 -6.217116024345159531e-03 -5.878357216715812683e-03 -4.567369818687438965e-03
-5.300880875438451767e-03 -4.446985665708780289e-03 6.272204336710274220e-04 -2.870466327294707298e-03 -8.990067988634109497e-03 -7.053480017930269241e-03 -1.873095636256039143e-03 -9.846234461292624474e-04 -2.936188830062747002e-03 -7.819482125341892242e-03
-1.351190451532602310e-02 1.011386979371309280e-03 -3.934366162866353989e-03 -6.705183535814285278e-03 -3.549369052052497864e-03 -3.120399545878171921e-03 4.479329567402601242e-03 2.395907649770379066e-03 -1.690887147560715675e-03 2.547198382671922445e-04
-3.419699380174279213e-03 -2.232528524473309517e-03 -5.756881088018417358e-03 -2.695469884201884270e-03 -4.213724285364151001e-03 -5.534809082746505737e-03 -5.348883569240570068e-03 -5.646120291203260422e-03 -5.862087942659854889e-03 -4.252265207469463348e-03
-4.492309875786304474e-03 -2.740955678746104240e-03 -4.172712098807096481e-03 -3.522533690556883812e-03 -4.889698699116706848e-03 -3.789089852944016457e-03 -6.404687184840440750e-03 -6.479768548160791397e-03 -7.169776130467653275e-03 -3.846302861347794533e-03
-6.703203078359365463e-03 -3.164109075441956520e-03 2.013298682868480682e-03 -3.405809402465820312e-03 -1.016633398830890656e-02 -8.463913574814796448e-03 5.082092247903347015e-04 -4.873445432167500257e-04 -3.342017531394958496e-03 -9.601670317351818085e-03
4.410689696669578552e-03 -6.126282969489693642e-04 -5.129296332597732544e-03 -2.489898586645722389e-03 7.729890057817101479e-04 -2.750498475506901741e-03 -1.254288293421268463e-02 -1.182148815132677555e-03 -1.814284827560186386e-03 1.009489316493272781e-02
-2.956794342026114464e-03 -2.309176372364163399e-03 -4.737848415970802307e-03 -3.465139074251055717e-03 -4.549659788608551025e-03 -5.168521776795387268e-03 -6.025329697877168655e-03 -6.410940550267696381e-03 -6.561230402439832687e-03 -4.946594126522541046e-03
6.136354058980941772e-04 -6.770433392375707626e-03 -4.612314980477094650e-03 -1.019129063934087753e-02 2.973116468638181686e-03 1.242188853211700916e-03 7.955957553349435329e-04 -4.610234405845403671e-03 -3.691598307341337204e-03 -5.401845555752515793e-03
-4.098799545317888260e-03 2.601285930722951889e-03 5.204665940254926682e-04 -7.308669388294219971e-03 -6.703935097903013229e-03 -2.937981626018881798e-03 -8.783157099969685078e-04 4.753668326884508133e-03 1.629349659197032452e-03 -1.611322350800037384e-02
-3.202127991244196892e-03 -2.251226222142577171e-03 -5.844184663146734238e-03 -3.341739764437079430e-03 -4.823341034352779388e-03 -4.475067835301160812e-03 -5.452854558825492859e-03 -6.546073593199253082e-03 -6.619524210691452026e-03 -4.212777595967054367e-03
-4.024237394332885742e-03 -2.355506643652915955e-03 -4.793060943484306335e-03 -2.272998448461294174e-03 -5.733603611588478088e-03 -4.227470606565475464e-03 -5.687936209142208099e-03 -6.332454271614551544e-03 -6.558795459568500519e-03 -3.697729436680674553e-03
-3.597783157601952553e-03 -3.157044993713498116e-03 -4.817753564566373825e-03 -2.551364013925194740e-03 -4.096105694770812988e-03 -5.097021348774433136e-03 -6.011154036968946457e-03 -6.336932536214590073e-03 -6.443831138312816620e-03 -3.832882503047585487e-03
-3.967247437685728073e-03 -2.793304389342665672e-03 -5.558487493544816971e-03 -2.458617091178894043e-03 -4.529398400336503983e-03 -5.147332325577735901e-03 -4.984579049050807953e-03 -5.903785582631826401e-03 -5.999990738928318024e-03 -4.906381014734506607e-03
-2.410681452602148056e-03 -5.320521304383873940e-04 1.137869711965322495e-02 1.183603075332939625e-03 -4.839668399654328823e-04 -2.093544928357005119e-03 5.759988911449909210e-03 -6.961949169635772705e-03 1.835574628785252571e-03 1.520758029073476791e-03
-3.531546331942081451e-03 -2.365222433581948280e-03 -5.640696734189987183e-03 -2.721812576055526733e-03 -5.185926798731088638e-03 -4.135563038289546967e-03 -5.779271479696035385e-03 -5.909451283514499664e-03 -6.192761473357677460e-03 -5.086004268378019333e-03
3.280057338997721672e-03 5.863602273166179657e-04 -2.860754495486617088e-03 -7.364846765995025635e-03 -4.420533950906246901e-04 8.589848875999450684e-04 -1.689574797637760639e-03 -2.717543160542845726e-03 -3.072268329560756683e-03 -1.368491724133491516e-02
-5.823502782732248306e-03 -3.690315410494804382e-03 5.533293588086962700e-04 -3.365313634276390076e-03 -9.760604240000247955e-03 -7.528360001742839813e-03 -7.305148756131529808e-04 -1.257752534002065659e-03 -3.263293765485286713e-03 -8.747303858399391174e-03
