-1.125265099108219147e-02 -1.207066513597965240e-02 -1.682641799561679363e-03 -4.634076729416847229e-03 -3.481192747130990028e-03 -6.732868030667304993e-03 -3.229876747354865074e-03 -1.177576463669538498e-02 -2.401004778221249580e-03 -6.661466788500547409e-03
-1.165105588734149933e-02 -1.269997376948595047e-02 -3.114987397566437721e-03 -3.740568179637193680e-03 -4.351926967501640320e-03 -6.192646920680999756e-03 -3.162354696542024612e-03 -1.186494994908571243e-02 -2.351444447413086891e-03 -6.646058987826108932e-03
-1.192979980260133743e-02 -1.102244853973388672e-02 -2.135423710569739342e-03 -3.180859144777059555e-03 -3.221243387088179588e-03 -5.889296066015958786e-03 -3.433535108342766762e-03 -1.173111516982316971e-02 -2.322106389328837395e-03 -6.026075221598148346e-03
-1.241204701364040375e-02 -1.206085272133350372e-02 -2.838726388290524483e-03 -4.340565763413906097e-03 -4.943666979670524597e-03 -5.352158099412918091e-03 -3.616653848439455032e-03 -1.128082443028688431e-02 -3.945645876228809357e-03 -7.466623093932867050e-03
-3.302199998870491982e-03 -2.617767546325922012e-03 -5.030414555221796036e-03 -1.881587691605091095e-02 -3.686866723001003265e-03 1.032822113484144211e-02 -3.258341690525412560e-03 -4.002136643975973129e-03 -3.975324332714080811e-03 -9.549185633659362793e-03
-1.186228450387716293e-02 -1.106144115328788757e-02 -2.581272274255752563e-03 -3.085162490606307983e-03 -4.098162055015563965e-03 -4.974305629730224609e-03 -3.947833087295293808e-03 -1.163571793586015701e-02 -3.448782954365015030e-03 -6.172212772071361542e-03
-1.172262337058782578e-02 -1.171114947646856308e-02 -2.953966381028294563e-03 -3.584362566471099854e-03 -4.042926710098981857e-03 -5.142052657902240753e-03 -3.215048229321837425e-03 -1.170220877975225449e-02 -3.782855346798896790e-03 -6.356390658766031265e-03
-1.128722168505191803e-02 -1.196012645959854126e-02 -2.108780201524496078e-03 -3.947857301682233810e-03 -4.056547302752733231e-03 -6.458330433815717697e-03 -3.589830594137310982e-03 -1.062299590557813644e-02 -2.956251148134469986e-03 -5.853110458701848984e-03
-1.199033670127391815e-02 -1.142039895057678223e-02 -2.963093342259526253e-03 -3.529231762513518333e-03 -5.200383253395557404e-03 -6.946437060832977295e-03 -2.909907605499029160e-03 -1.159293204545974731e-02 -3.824792103841900826e-03 -5.720136687159538269e-03
-1.194667816162109375e-02 -1.129356026649475098e-02 -1.927426550537347794e-03 -3.485163906589150429e-03 -4.118207842111587524e-03 -5.663181189447641373e-03 -4.123181104660034180e-03 -1.101356931030750275e-02 -3.302630502730607986e-03 -6.457410287111997604e-03
2.573315396148245782e-05 -8.486557053402066231e-04 -2.817785367369651794e-03 -5.888690939173102379e-04 -3.113340586423873901e-03 -1.987668452784419060e-03 -4.759088158607482910e-03 -2.619318838696926832e-04 -3.388190874829888344e-03 -5.011659581214189529e-03
-1.149721257388591766e-02 -1.198898721486330032e-02 -3.204037668183445930e-03 -4.050705581903457642e-03 -3.883502446115016937e-03 -6.692025810480117798e-03 -3.181068459525704384e-03 -1.084801368415355682e-02 -2.161654876545071602e-03 -5.772915668785572052e-03
-1.200931798666715622e-02 -1.173362601548433304e-02 -2.158241113647818565e-03 -3.904627636075019836e-03 -5.378730595111846924e-03 -5.652573890984058380e-03 -4.343746695667505264e-03 -1.177925057709217072e-02 -3.422313602641224861e-03 -7.326041813939809799e-03
-1.217018812894821167e-02 -1.241306774318218231e-02 -2.186282072216272354e-03 -4.082717467099428177e-03 -4.365353379398584366e-03 -5.090914666652679443e-03 -3.870780812576413155e-03 -1.233116909861564636e-02 -3.523033345118165016e-03 -6.308989133685827255e-03
-1.295967306941747665e-02 -1.154796313494443893e-02 -3.426307579502463341e-03 -4.291299730539321899e-03 -4.037393257021903992e-03 -6.767856888473033905e-03 -3.441789187490940094e-03 -1.154111139476299286e-02 -3.101382637396454811e-03 -6.052399519830942154e-03
-1.150044891983270645e-02 -1.022777613252401352e-02 -1.779592013917863369e-03 -3.735570237040519714e-03 -4.074286203831434250e-03 -6.070120260119438171e-03 -4.178763367235660553e-03 -1.138973236083984375e-02 -3.307213075459003448e-03 -5.515656899660825729e-03
-1.168236695230007172e-02 -1.128528546541929245e-02 -2.361265476793050766e-03 -4.523866809904575348e-03 -4.749993328005075455e-03 -6.801302544772624969e-03 -4.771898034960031509e-03 -1.162323076277971268e-02 -3.098650835454463959e-03 -6.024288944900035858e-03
-4.616073332726955414e-03 -4.732437897473573685e-03 -6.073035299777984619e-03 -2.559415996074676514e-02 -9.209406562149524689e-03 -1.140170451253652573e-02 -5.638717208057641983e-03 -5.014868918806314468e-03 -6.185964215546846390e-03 -1.332778856158256531e-02
-9.518679231405258179e-03 -8.370274677872657776e-03 -2.703360514715313911e-03 -1.075676293112337589e-03 -7.021558703854680061e-04 1.686337962746620178e-02 -1.890721614472568035e-03 -9.034435264766216278e-03 -1.990878954529762268e-03 -6.268649362027645111e-03
-8.499699179083108902e-04 -1.934408210217952728e-04 -3.496615914627909660e-03 -2.279226668179035187e-02 -3.637590445578098297e-03 1.150445453822612762e-02 -2.661071950569748878e-03 -6.294767954386770725e-04 -4.359047859907150269e-03 -8.373203687369823456e-03
-1.181251648813486099e-02 -1.263205427676439285e-02 -3.353274660184979439e-03 -4.371864721179008484e-03 -4.112939815968275070e-03 -5.984662566334009171e-03 -3.896043868735432625e-03 -1.103500090539455414e-02 -2.796017099171876907e-03 -6.954925134778022766e-03
-1.289269980043172836e-02 -1.181692257523536682e-02 -2.164441626518964767e-03 -3.072128631174564362e-03 -4.477965179830789566e-03 -6.541733630001544952e-03 -2.824626863002777100e-03 -1.247407495975494385e-02 -4.243430681526660919e-03 -6.239933427423238754e-03
-1.246993616223335266e-02 -1.233542710542678833e-02 -2.592990873381495476e-03 -3.159242682158946991e-03 -3.071025479584932327e-03 -5.451878532767295837e-03 -2.851187484338879585e-03 -1.162855140864849091e-02 -3.036872949451208115e-03 -6.269901059567928314e-03
-1.199691463261842728e-02 -1.208422612398862839e-02 -2.649927046149969101e-03 -2.755628898739814758e-03 -4.088625311851501465e-03 -5.939048714935779572e-03 -4.067377652972936630e-03 -1.125171035528182983e-02 -2.905047964304685593e-03 -6.384912878274917603e-03
-1.189910713583230972e-02 -1.194679178297519684e-02 -2.342582214623689651e-03 -4.322855267673730850e-03 -4.539907909929752350e-03 -5.338182207196950912e-03 -3.829785855486989021e-03 -1.160849072039127350e-02 -3.090029116719961166e-03 -7.020134944468736649e-03
-1.238970365375280380e-02 -1.140862703323364258e-02 -2.907232847064733505e-03 -3.897581482306122780e-03 -3.802448511123657227e-03 -6.535965483635663986e-03 -3.978017717599868774e-03 -1.298070512712001801e-02 -4.074805416166782379e-03 -6.624665576964616776e-03
-1.124755106866359711e-02 -1.137056294828653336e-02 -2.069514943286776543e-03 -3.066709032282233238e-03 -3.804598236456513405e-03 -5.692406557500362396e-03 -4.095408134162425995e-03 -1.228486187756061554e-02 -2.265954622998833656e-03 -6.343924906104803085e-03
-1.207742374390363693e-02 -1.215958688408136368e-02 -3.362893126904964447e-03 -2.941717626526951790e-03 -4.652009811252355576e-03 -6.155547220259904861e-03 -3.017070004716515541e-03 -1.203154306858778000e-02 -2.393020782619714737e-03 -5.720064975321292877e-03
-1.190448272973299026e-02 -1.126678101718425751e-02 -2.544671995565295219e-03 -3.319524927064776421e-03 -4.618008621037006378e-03 -7.176812738180160522e-03 -3.921964671462774277e-03 -1.217720285058021545e-02 -3.264113096520304680e-03 -5.754422862082719803e-03
-1.132594421505928040e-02 -1.143419649451971054e-02 -1.999223139137029648e-03 -3.769668284803628922e-03 -5.007231608033180237e-03 -5.750370677560567856e-03 -3.909404389560222626e-03 -9.890751913189888000e-03 -3.266820916905999184e-03 -5.902789998799562454e-03
-1.210538577288389206e-02 -1.107176765799522400e-02 -3.000389784574508667e-03 -4.483739845454692841e-03 -4.352580755949020386e-03 -6.551057565957307816e-03 -3.428046591579914093e-03 -1.104832626879215240e-02 -2.568247728049755096e-03 -6.864635273814201355e-03
-1.206804998219013214e-02 -1.209689304232597351e-02 -2.213239669799804688e-03 -3.866520477458834648e-03 -4.664247855544090271e-03 -6.798049900680780411e-03 -3.190617775544524193e-03 -1.119136996567249298e-02 -2.496200148016214371e-03 -6.301974412053823471e-03
-7.263138424605131149e-03 -7.328699342906475067e-03 -7.648170925676822662e-03 -2.157561480998992920e-02 -8.644425310194492340e-03 -1.038779877126216888e-02 -6.987051572650671005e-03 -8.004849776625633240e-03 -7.396206259727478027e-03 -1.126626785844564438e-02
-1.030849874950945377e-03 -9.167335228994488716e-04 -3.833682043477892876e-03 -2.693805098533630371e-02 -1.173474127426743507e-03 1.339346729218959808e-02 -2.017785329371690750e-03 -1.529931090772151947e-03 -3.246791427955031395e-03 -7.978868670761585236e-03
-4.108158405870199203e-03 -3.686909563839435577e-03 -5.288568791002035141e-03 -1.960605755448341370e-02 -8.877350017428398132e-03 -2.773275598883628845e-02 -6.180396303534507751e-03 -5.043985322117805481e-03 -7.621169555932283401e-03 -1.193262450397014618e-02
-1.214215997606515884e-02 -1.276571117341518402e-02 -2.195239998400211334e-03 -4.199116025120019913e-03 -3.759039565920829773e-03 -6.181373726576566696e-03 -4.542931448668241501e-03 -1.107974536716938019e-02 -3.457397688180208206e-03 -6.713343318551778793e-03
-1.135333441197872162e-02 -1.187783014029264450e-02 -1.660910085774958134e-03 -3.007424529641866684e-03 -4.089375026524066925e-03 -6.269658915698528290e-03 -3.775072284042835236e-03 -1.164244581013917923e-02 -2.286738017573952675e-03 -5.749524105340242386e-03
7.228931412100791931e-03 7.504192180931568146e-03 -8.841310627758502960e-03 -5.705187562853097916e-03 -1.314505562186241150e-02 -1.161953713744878769e-02 -1.123519055545330048e-02 7.443157956004142761e-03 -7.363264914602041245e-03 2.996390685439109802e-04
-1.146005559712648392e-02 -1.176060549914836884e-02 -2.961896592751145363e-03 -3.418535925447940826e-03 -4.775933455675840378e-03 -5.296891089528799057e-03 -3.811346134170889854e-03 -1.088857091963291168e-02 -2.142819343134760857e-03 -6.715089082717895508e-03
-1.168568618595600128e-02 -1.119994558393955231e-02 -2.544740913435816765e-03 -3.124066395685076714e-03 -4.411420319229364395e-03 -5.712815094739198685e-03 -3.857658011838793755e-03 -1.175009738653898239e-02 -2.491618506610393524e-03 -7.162461057305335999e-03
-1.122231222689151764e-02 -1.066566072404384613e-02 -3.096085274592041969e-03 -4.621792118996381760e-03 -4.694187082350254059e-03 -6.263155024498701096e-03 -3.562851110473275185e-03 -1.078046392649412155e-02 -3.611147636547684669e-03 -7.240475621074438095e-03
-1.182952988892793655e-02 -1.118885260075330734e-02 -2.111220033839344978e-03 -3.794729243963956833e-03 -4.619256593286991119e-03 -5.553245078772306442e-03 -3.185062669217586517e-03 -1.103426143527030945e-02 -3.476965706795454025e-03 -5.633824970573186874e-03
-1.052672695368528366e-02 -1.159278303384780884e-02 -2.296406775712966919e-03 -3.954229876399040222e-03 -4.583622794598340988e-03 -4.724157974123954773e-03 -2.995828166604042053e-03 -1.099540945142507553e-02 -4.078230354934930801e-03 -6.643055472522974014e-03
-1.176860556006431580e-02 -1.265374757349491119e-02 -3.301826305687427521e-03 -3.294704481959342957e-03 -3.473889082670211792e-03 -6.764607504010200500e-03 -4.254839848726987839e-03 -1.209501549601554871e-02 -3.586678765714168549e-03 -7.016872521489858627e-03
-1.164909265935420990e-02 -1.231653336435556412e-02 -2.754390472546219826e-03 -4.065181128680706024e-03 -4.736306611448526382e-03 -5.884665995836257935e-03 -4.356290213763713837e-03 -1.269871927797794342e-02 -2.416320377960801125e-03 -6.471248809248209000e-03
-1.171821542084217072e-02 -1.195101998746395111e-02 -2.345176180824637413e-03 -4.161784425377845764e-03 -4.738001618534326553e-03 -5.321811884641647339e-03 -4.127671476453542709e-03 -1.224017143249511719e-02 -3.344180760905146599e-03 -5.821154452860355377e-03
8.455022471025586128e-04 2.592878416180610657e-03 -8.665480650961399078e-03 9.770819917321205139e-03 -7.741292472928762436e-03 7.601492106914520264e-03 -8.802449330687522888e-03 2.384799066931009293e-03 -6.955699063837528229e-03 -6.259554065763950348e-03
-1.504752901382744312e-03 -1.332438085228204727e-03 -6.835801061242818832e-03 -1.386751793324947357e-02 -8.249748498201370239e-03 -1.571719534695148468e-02 -7.462424691766500473e-03 -2.574104582890868187e-03 -8.588616736233234406e-03 -1.268844027072191238e-02
-5.995785817503929138e-03 -5.442859604954719543e-03 -2.472685417160391808e-03 -5.183847621083259583e-03 -4.282364679966121912e-04 1.950840279459953308e-02 -1.194979413412511349e-03 -6.246706005185842514e-03 -1.596383401192724705e-03 -4.868935793638229370e-03
-2.900821622461080551e-03 -2.975166775286197662e-03 -1.355636632069945335e-03 -7.060281932353973389e-04 -3.245288506150245667e-03 -5.678917746990919113e-03 -3.087579039856791496e-03 -2.717384137213230133e-03 -4.671166185289621353e-03 -5.108572542667388916e-03
-1.140454597771167755e-02 -1.171320490539073944e-02 -2.967893611639738083e-03 -3.012597560882568359e-03 -4.935142584145069122e-03 -6.551949772983789444e-03 -3.396201645955443382e-03 -1.164992246776819229e-02 -2.754015149548649788e-03 -6.168569438159465790e-03
-1.125150732696056366e-02 -1.185148581862449646e-02 -2.751337597146630287e-03 -2.921037841588258743e-03 -3.565440187230706215e-03 -6.043091882020235062e-03 -2.689416287466883659e-03 -1.178668439388275146e-02 -3.814324503764510155e-03 -5.981368478387594223e-03
-1.208275742828845978e-02 -1.184954307973384857e-02 -3.408329561352729797e-03 -3.480377607047557831e-03 -3.586046863347291946e-03 -6.011270917952060699e-03 -3.526047570630908012e-03 -1.023473776876926422e-02 -2.406368730589747429e-03 -6.090573500841856003e-03
-1.212042942643165588e-02 -1.251629181206226349e-02 -2.360266866162419319e-03 -3.767961636185646057e-03 -4.537336062639951706e-03 -6.217268295586109161e-03 -4.091591574251651764e-03 -1.177726872265338898e-02 -2.709301887080073357e-03 -6.198581773787736893e-03
-1.189403329044580460e-02 -1.132765784859657288e-02 -2.615809673443436623e-03 -3.879263531416654587e-03 -5.093169864267110825e-03 -5.761914420872926712e-03 -3.696346655488014221e-03 -1.170064602047204971e-02 -2.899160841479897499e-03 -6.737824063748121262e-03
-1.247295364737510681e-02 -1.191480085253715515e-02 -2.071013208478689194e-03 -3.719882108271121979e-03 -4.947166889905929565e-03 -6.128255277872085571e-03 -4.037125501781702042e-03 -1.147403009235858917e-02 -2.560296561568975449e-03 -7.111419923603534698e-03
-5.287866224534809589e-04 -8.585168980062007904e-04 -3.660968737676739693e-03 -2.143153920769691467e-02 -5.735544022172689438e-03 -2.155629172921180725e-02 -4.399484023451805115e-03 -1.650536549277603626e-03 -5.297295749187469482e-03 -9.750452823936939240e-03
-8.269430836662650108e-04 -1.393493264913558960e-03 -3.676360007375478745e-03 -1.665655523538589478e-02 -2.771730301901698112e-03 -7.256858516484498978e-04 -4.043720662593841553e-03 -1.108669326640665531e-03 -3.311735345050692558e-03 -4.444165620952844620e-03
-1.233233418315649033e-02 -1.224675308912992477e-02 -2.079107332974672318e-03 -4.179551731795072556e-03 -5.484097171574831009e-03 -6.557592190802097321e-03 -4.698212724179029465e-03 -1.304150186479091644e-02 -4.500138107687234879e-03 -6.083412095904350281e-03
-1.126085221767425537e-02 -1.257305871695280075e-02 -2.768900711089372635e-03 -4.441745579242706299e-03 -4.087239503860473633e-03 -5.093276966363191605e-03 -3.368738805875182152e-03 -1.156264450401067734e-02 -3.390189493075013161e-03 -6.150168832391500473e-03
4.691568668931722641e-03 4.711375106126070023e-03 -1.076855417340993881e-02 -1.227386388927698135e-02 -9.381440468132495880e-03 1.089013065211474895e-03 -8.828692138195037842e-03 3.836531657725572586e-03 -1.167668960988521576e-02 -2.139617688953876495e-02
-1.156739424914121628e-02 -1.074198354035615921e-02 -3.001832170411944389e-03 -3.620241768658161163e-03 -3.419186221435666084e-03 -5.439810920506715775e-03 -3.525040112435817719e-03 -1.166233513504266739e-02 -3.343312535434961319e-03 -6.956515833735466003e-03
7.934739813208580017e-03 7.675705011934041977e-03 -5.112579558044672012e-03 -1.726131886243820190e-03 -7.236134260892868042e-03 -8.111239410936832428e-03 -7.173390127718448639e-03 6.996266078203916550e-03 -6.682161241769790649e-03 -7.938855327665805817e-03
-1.114173512905836105e-02 -1.130932290107011795e-02 -2.999367192387580872e-03 -4.891876596957445145e-03 -4.684650804847478867e-03 -6.702968385070562363e-03 -3.213468473404645920e-03 -1.119123119860887527e-02 -4.175320267677307129e-03 -6.552697159349918365e-03
-1.170446164906024933e-02 -1.245100423693656921e-02 -1.407573698088526726e-03 -3.541687969118356705e-03 -4.113120026886463165e-03 -4.968322813510894775e-03 -4.373071249574422836e-03 -1.174803636968135834e-02 -3.579292446374893188e-03 -7.455174345523118973e-03
-1.276624575257301331e-02 -1.114796195179224014e-02 -2.797783585265278816e-03 -2.858414314687252045e-03 -4.246232565492391586e-03 -6.084633525460958481e-03 -2.420393750071525574e-03 -1.128167938441038132e-02 -3.415704704821109772e-03 -5.538302473723888397e-03
-5.851534195244312286e-03 -5.852717906236648560e-03 -3.353645326569676399e-03 -1.529282424598932266e-02 -5.861176643520593643e-03 -1.690565980970859528e-02 -4.629449453204870224e-03 -6.210862193256616592e-03 -4.325492307543754578e-03 -7.830825634300708771e-03
-1.105922646820545197e-02 -1.144892629235982895e-02 -2.077828859910368919e-03 -3.556172130629420280e-03 -3.829626366496086121e-03 -6.495873443782329559e-03 -3.084579948335886002e-03 -1.197733543813228607e-02 -3.494428005069494247e-03 -6.752410903573036194e-03
-1.250530406832695007e-02 -1.111412700265645981e-02 -3.078453475609421730e-03 -3.236830700188875198e-03 -4.133321810513734818e-03 -6.439232733100652695e-03 -3.495312295854091644e-03 -1.133246999233961105e-02 -3.443733789026737213e-03 -6.821126677095890045e-03
-1.161626260727643967e-02 -1.181502826511859894e-02 -2.642238512635231018e-03 -3.766769310459494591e-03 -3.963788505643606186e-03 -6.254478357732295990e-03 -3.837578231468796730e-03 -1.184108201414346695e-02 -4.380363970994949341e-03 -6.188103463500738144e-03
-1.117706298828125000e-02 -1.089887320995330811e-02 -3.298280294984579086e-03 -4.113400354981422424e-03 -4.496068693697452545e-03 -5.872808862477540970e-03 -4.835599567741155624e-03 -1.185407862067222595e-02 -2.364981453865766525e-03 -6.112055853009223938e-03
-1.230610720813274384e-02 -1.211681216955184937e-02 -3.195797093212604523e-03 -4.329949617385864258e-03 -3.659721231088042259e-03 -6.951766088604927063e-03 -4.167648497968912125e-03 -1.210893504321575165e-02 -3.944613505154848099e-03 -7.461431436240673065e-03
-1.161197014153003693e-02 -1.126628927886486053e-02 -3.184607019647955894e-03 -4.115341231226921082e-03 -4.042944405227899551e-03 -6.116551347076892853e-03 -3.792303614318370819e-03 -1.083978451788425446e-02 -1.996138598769903183e-03 -5.347414407879114151e-03
-1.386277028359472752e-03 -1.647711731493473053e-03 -2.958679571747779846e-03 -4.026480484753847122e-03 -3.844235558062791824e-03 -1.427263300865888596e-02 -2.918571000918745995e-03 -7.423837669193744659e-04 -3.337330417707562447e-03 -4.753885790705680847e-03
-1.218171510845422745e-02 -1.177119370549917221e-02 -2.751660533249378204e-03 -4.437047522515058517e-03 -4.134010523557662964e-03 -6.188437808305025101e-03 -4.208684433251619339e-03 -1.066362485289573669e-02 -3.297567134723067284e-03 -5.988658405840396881e-03
-1.215677615255117416e-02 -1.087329071015119553e-02 -2.329840091988444328e-03 -3.595364978536963463e-03 -3.761531086638569832e-03 -5.314353387802839279e-03 -3.921565599739551544e-03 -1.124237664043903351e-02 -3.360521979629993439e-03 -5.580496974289417267e-03
-1.237159594893455505e-02 -1.275832764804363251e-02 -2.562430454418063164e-03 -3.413689322769641876e-03 -3.775315824896097183e-03 -5.411659833043813705e-03 -4.108127672225236893e-03 -1.174423750489950180e-02 -3.159286221489310265e-03 -6.981688551604747772e-03
-1.067535206675529480e-02 -1.187584549188613892e-02 -2.872667973861098289e-03 -4.159495700150728226e-03 -3.162917215377092361e-03 -5.620453972369432449e-03 -3.989909309893846512e-03 -1.163265481591224670e-02 -2.769930753856897354e-03 -5.881795194000005722e-03
-1.126363873481750488e-02 -1.252336613833904266e-02 -2.328394446521997452e-03 -3.463160712271928787e-03 -3.565567545592784882e-03 -5.715129896998405457e-03 -4.573946353048086166e-03 -1.262236759066581726e-02 -3.501831088215112686e-03 -7.264007814228534698e-03
-1.135039888322353363e-02 -1.229759305715560913e-02 -2.098240889608860016e-03 -4.162122961133718491e-03 -4.570438060909509659e-03 -6.939666811376810074e-03 -3.278120653703808784e-03 -1.082555856555700302e-02 -2.757379086688160896e-03 -5.759507883340120316e-03
1.073449570685625076e-02 1.208919845521450043e-02 -1.600256934762001038e-02 -9.070074185729026794e-03 -1.763186417520046234e-02 1.502621732652187347e-02 -1.544110290706157684e-02 1.191001757979393005e-02 -1.485430169850587845e-02 -8.963414467871189117e-03
-6.839639507234096527e-03 -5.578835029155015945e-03 -1.823973376303911209e-03 1.010364759713411331e-02 -1.355619286186993122e-03 1.988306827843189240e-02 -2.570781856775283813e-03 -6.447862833738327026e-03 -4.088654823135584593e-04 -1.420718152076005936e-03
-1.230224873870611191e-02 -1.185935549437999725e-02 -2.223341027274727821e-03 -3.468889975920319557e-03 -3.573978086933493614e-03 -6.070328876376152039e-03 -4.286312963813543320e-03 -1.115782465785741806e-02 -3.295037196949124336e-03 -5.485605448484420776e-03
-1.108859386295080185e-02 -1.229870039969682693e-02 -2.304289489984512329e-03 -5.201877560466527939e-03 -3.890489460900425911e-03 -5.378135479986667633e-03 -4.114768002182245255e-03 -1.186324935406446457e-02 -3.477385500445961952e-03 -5.648007150739431381e-03
-1.180812343955039978e-02 -1.170248351991176605e-02 -1.933915656991302967e-03 -3.885712940245866776e-03 -4.911913070827722549e-03 -6.026954390108585358e-03 -4.932888783514499664e-03 -1.145113818347454071e-02 -3.263685153797268867e-03 -6.326387636363506317e-03
-4.074703436344861984e-03 -3.814345924183726311e-03 -3.101514652371406555e-03 -1.730105839669704437e-02 -5.429810844361782074e-03 -1.842605322599411011e-02 -4.401181824505329132e-03 -2.983653685078024864e-03 -4.085166379809379578e-03 -8.150088600814342499e-03
-1.090829446911811829e-02 -1.142590958625078201e-02 -2.350362250581383705e-03 -4.388332366943359375e-03 -4.234034568071365356e-03 -5.618508439511060715e-03 -3.535759635269641876e-03 -1.211370155215263367e-02 -2.934128278866410255e-03 -6.579835433512926102e-03
1.565321348607540131e-02 1.397769898176193237e-02 -1.205620355904102325e-02 -1.772711053490638733e-02 -1.680331118404865265e-02 9.195305407047271729e-03 -1.440930180251598358e-02 1.297830045223236084e-02 -1.577567495405673981e-02 -2.115570753812789917e-02
-1.171620376408100128e-02 -1.230849884450435638e-02 -3.322606440633535385e-03 -4.467535298317670822e-03 -4.300798289477825165e-03 -5.426999181509017944e-03 -4.610447678714990616e-03 -1.189296599477529526e-02 -3.232538234442472458e-03 -5.796229932457208633e-03
-1.145428419113159180e-02 -1.196682918816804886e-02 -2.955840202048420906e-03 -4.655492492020130157e-03 -4.192335531115531921e-03 -6.269122939556837082e-03 -3.692980622872710228e-03 -1.184871327131986618e-02 -3.736133454367518425e-03 -7.132129278033971786e-03
-1.238788571208715439e-02 -1.129037607461214066e-02 -3.015786875039339066e-03 -4.037123173475265503e-03 -4.239363130182027817e-03 -5.267930682748556137e-03 -3.830478759482502937e-03 -1.139833033084869385e-02 -2.618628786876797676e-03 -5.464331712573766708e-03
-1.238305680453777313e-02 -1.113253645598888397e-02 -3.152610734105110168e-03 -3.839478362351655960e-03 -3.958392888307571411e-03 -5.378010217100381851e-03 -4.452202934771776199e-03 -1.232523191720247269e-02 -2.977572148665785789e-03 -5.804961081594228745e-03
-1.162878051400184631e-02 -1.135483756661415100e-02 -2.048031194135546684e-03 -3.908934537321329117e-03 -3.806230844929814339e-03 -5.722845438867807388e-03 -4.274250473827123642e-03 -1.174106728285551071e-02 -2.938232384622097015e-03 -6.633671931922435760e-03
-1.233045663684606552e-02 -1.275368686765432358e-02 -2.510937862098217010e-03 -4.485243931412696838e-03 -3.625458106398582458e-03 -5.931090097874403000e-03 -3.622898599132895470e-03 -1.109135616570711136e-02 -2.955863717943429947e-03 -6.775230169296264648e-03
3.646695753559470177e-03 2.675783354789018631e-03 -7.355856709182262421e-03 -2.786116488277912140e-02 -8.771887049078941345e-03 -1.156769692897796631e-02 -6.765681318938732147e-03 3.917722497135400772e-03 -6.914830300956964493e-03 -1.380585599690675735e-02
-1.205726992338895798e-02 -1.154032628983259201e-02 -3.205921035259962082e-03 -4.032627679407596588e-03 -4.358119796961545944e-03 -4.941623192280530930e-03 -3.719421802088618279e-03 -1.158125419169664383e-02 -3.172971308231353760e-03 -7.299091201275587082e-03
-1.147113833576440811e-02 -1.177470665425062180e-02 -3.005180275067687035e-03 -3.127668285742402077e-03 -3.407325828447937965e-03 -5.636093672364950180e-03 -3.380141453817486763e-03 -1.128890737891197205e-02 -3.774436423555016518e-03 -7.119575049728155136e-03
-1.267892587929964066e-02 -1.102409139275550842e-02 -2.010431606322526932e-03 -3.411365905776619911e-03 -4.169516265392303467e-03 -6.131855305284261703e-03 -3.370878752321004868e-03 -1.063534803688526154e-02 -3.600084688514471054e-03 -7.251254748553037643e-03
2.596428385004401207e-03 4.339977633208036423e-03 -5.946634337306022644e-03 1.785805076360702515e-02 -8.763885125517845154e-03 -1.033888198435306549e-02 -8.754720911383628845e-03 3.959736786782741547e-03 -7.642401382327079773e-03 -9.645164944231510162e-03
-6.669189315289258957e-03 -5.212763790041208267e-03 -3.372706240043044090e-03 -1.829650811851024628e-02 -5.365600343793630600e-03 -1.863846741616725922e-02 -4.129626788198947906e-03 -6.671119015663862228e-03 -4.458365496248006821e-03 -7.614233065396547318e-03
-1.296579465270042419e-02 -1.208552904427051544e-02 -2.092506270855665207e-03 -3.753034165129065514e-03 -4.773479420691728592e-03 -5.399395711719989777e-03 -4.569802433252334595e-03 -1.160628255456686020e-02 -2.789118792861700058e-03 -5.819630809128284454e-03
-1.210164092481136322e-02 -1.123077236115932465e-02 -3.238868201151490211e-03 -4.020303487777709961e-03 -4.649552982300519943e-03 -5.584140773862600327e-03 -2.945832442492246628e-03 -1.249358523637056351e-02 -3.805823856964707375e-03 -6.660325918346643448e-03
-4.783601965755224228e-03 -4.594692029058933258e-03 -3.253844333812594414e-03 -1.057904958724975586e-02 -4.900304134935140610e-03 -3.409510245546698570e-04 -2.777274698019027710e-03 -3.896014997735619545e-03 -2.706627128645777702e-03 2.542462316341698170e-04
-1.225418597459793091e-02 -1.175239868462085724e-02 -2.364995190873742104e-03 -4.765973426401615143e-03 -4.998939111828804016e-03 -5.131942220032215118e-03 -3.064078744500875473e-03 -1.215436495840549469e-02 -3.381198039278388023e-03 -6.360196508467197418e-03
-3.342177020385861397e-03 -3.596805268898606300e-03 -5.308620631694793701e-03 -2.261383831501007080e-02 -8.258399553596973419e-03 -2.418044768273830414e-02 -5.762251093983650208e-03 -2.704109530895948410e-03 -6.764641031622886658e-03 -1.121973246335983276e-02
-8.379870268981903791e-05 3.487762878648936749e-04 -1.113703288137912750e-02 5.888409912586212158e-03 -1.152107585221529007e-02 5.915752612054347992e-03 -1.055913977324962616e-02 -5.540500278584659100e-04 -1.093640085309743881e-02 -1.230230089277029037e-02
-1.258075423538684845e-02 -1.176632940769195557e-02 -2.966608386486768723e-03 -3.402115078642964363e-03 -4.914550110697746277e-03 -4.891568794846534729e-03 -4.234400112181901932e-03 -1.081103552132844925e-02 -3.173902165144681931e-03 -6.686077918857336044e-03
-1.261882763355970383e-02 -1.191259361803531647e-02 -2.486886223778128624e-03 -3.557525109499692917e-03 -4.567412193864583969e-03 -6.143977865576744080e-03 -3.356138011440634727e-03 -1.180840004235506058e-02 -3.899557981640100479e-03 -6.730365566909313202e-03
-1.168174017220735550e-02 -1.043451949954032898e-02 -3.288628533482551575e-03 -3.553440794348716736e-03 -3.823491744697093964e-03 -5.388319492340087891e-03 -3.601751755923032761e-03 -1.159339118748903275e-02 -3.774295095354318619e-03 -6.280443631112575531e-03
-1.062208786606788635e-02 -1.138969417661428452e-02 -3.055916167795658112e-03 -2.718086820095777512e-03 -5.080324597656726837e-03 -5.662776064127683640e-03 -3.873548237606883049e-03 -1.082481443881988525e-02 -2.828620839864015579e-03 -5.223780404776334763e-03
-1.219490263611078262e-02 -1.152497157454490662e-02 -3.248845692723989487e-03 -3.650789381936192513e-03 -5.129904486238956451e-03 -6.715639028698205948e-03 -4.122844431549310684e-03 -1.272229943424463272e-02 -2.922114450484514236e-03 -6.632076576352119446e-03
-1.111596170812845230e-02 -1.129368506371974945e-02 -2.341636456549167633e-03 -4.599952138960361481e-03 -3.906955011188983917e-03 -6.400940939784049988e-03 -4.447931423783302307e-03 -1.215334981679916382e-02 -3.029886865988373756e-03 -5.988623481243848801e-03
-1.217744965106248856e-02 -1.235723029822111130e-02 -2.856199862435460091e-03 -3.867104416713118553e-03 -4.308275878429412842e-03 -6.155047565698623657e-03 -3.821916412562131882e-03 -1.146179344505071640e-02 -2.371697220951318741e-03 -6.622558459639549255e-03
-1.173418667167425156e-02 -1.218115817755460739e-02 -1.606840640306472778e-03 -4.501963965594768524e-03 -4.444392397999763489e-03 -7.162535097450017929e-03 -3.979027736932039261e-03 -1.225000713020563126e-02 -2.543680835515260696e-03 -5.894142203032970428e-03
-1.259094197303056717e-02 -1.237553916871547699e-02 -3.399126464501023293e-03 -3.707876661792397499e-03 -4.853420425206422806e-03 -5.449387710541486740e-03 -3.101530484855175018e-03 -1.181999035179615021e-02 -3.018900053575634956e-03 -6.066653877496719360e-03
-1.125243306159973145e-02 -1.097859442234039307e-02 -2.964074490591883659e-03 -4.902014043182134628e-03 -3.835504641756415367e-03 -6.685195956379175186e-03 -3.187340218573808670e-03 -1.232196949422359467e-02 -2.803528914228081703e-03 -6.056153681129217148e-03
-1.149776298552751541e-02 -1.181080844253301620e-02 -2.398874145001173019e-03 -4.224906209856271744e-03 -3.996048122644424438e-03 -7.290177047252655029e-03 -4.613741301000118256e-03 -1.139647793024778366e-02 -3.788308240473270416e-03 -6.161208264529705048e-03
-1.145326811820268631e-02 -1.047413889318704605e-02 -2.310898620635271072e-03 -4.546971060335636139e-03 -3.317774040624499321e-03 -5.635218694806098938e-03 -3.719035303220152855e-03 -1.080023497343063354e-02 -3.854962764307856560e-03 -6.997074000537395477e-03
-1.105685345828533173e-02 -1.168048568069934845e-02 -3.234064206480979919e-03 -3.420330118387937546e-03 -4.123249556869268417e-03 -5.506507586687803268e-03 -4.163058474659919739e-03 -1.157606858760118484e-02 -3.710571909323334694e-03 -5.476708058267831802e-03
-1.254083309322595596e-02 -1.269855536520481110e-02 -2.512922510504722595e-03 -3.659656038507819176e-03 -3.874498652294278145e-03 -5.680290982127189636e-03 -3.596177091822028160e-03 -1.251407153904438019e-02 -2.468573162332177162e-03 -7.052980829030275345e-03
-1.169335562735795975e-02 -1.118333823978900909e-02 -1.626270473934710026e-03 -4.499623551964759827e-03 -4.073889926075935364e-03 -5.480535328388214111e-03 -4.130322020500898361e-03 -1.137953996658325195e-02 -3.115377621725201607e-03 -7.008960470557212830e-03
-1.102054957300424576e-02 -1.181144267320632935e-02 -3.341607050970196724e-03 -4.164721351116895676e-03 -4.766187164932489395e-03 -5.996367428451776505e-03 -3.469345159828662872e-03 -1.127627119421958923e-02 -2.426273655146360397e-03 -6.469073705375194550e-03
-1.171149592846632004e-02 -1.206854172050952911e-02 -2.545676892623305321e-03 -3.430726937949657440e-03 -4.445037804543972015e-03 -6.022188346832990646e-03 -4.167148377746343613e-03 -1.055499166250228882e-02 -2.557720523327589035e-03 -6.182139739394187927e-03
-1.192568987607955933e-02 -1.115619577467441559e-02 -2.569312229752540588e-03 -3.893705783411860466e-03 -3.819790668785572052e-03 -6.401591934263706207e-03 -3.754997160285711288e-03 -1.251670625060796738e-02 -2.543776994571089745e-03 -6.376034114509820938e-03
-2.744111465290188789e-03 -1.357465400360524654e-03 -1.211328664794564247e-03 1.346174534410238266e-02 -1.837941701523959637e-03 1.132023148238658905e-02 -3.173223929479718208e-03 -6.965571665205061436e-04 -2.496359171345829964e-03 -2.771360566839575768e-03
-1.310884486883878708e-02 -1.225577853620052338e-02 -2.900036517530679703e-03 -3.622727002948522568e-03 -4.140364471822977066e-03 -5.798983853310346603e-03 -3.352526109665632248e-03 -1.173859648406505585e-02 -3.701894544064998627e-03 -7.274563889950513840e-03
-2.432680223137140274e-03 -3.177747130393981934e-03 -3.621226409450173378e-03 -1.869389601051807404e-02 -6.260795518755912781e-03 -1.962142065167427063e-02 -3.967265132814645767e-03 -3.936397377401590347e-03 -5.055208690464496613e-03 -9.587655775249004364e-03
-1.247010380029678345e-02 -1.130836922675371170e-02 -2.292546676471829414e-03 -3.592568682506680489e-03 -3.754487726837396622e-03 -6.502819713205099106e-03 -4.654835909605026245e-03 -1.223354320973157883e-02 -3.018773393705487251e-03 -7.262843195348978043e-03
-1.260963175445795059e-02 -1.123057305812835693e-02 -2.226108685135841370e-03 -4.675687290728092194e-03 -4.828013014048337936e-03 -5.774305202066898346e-03 -4.059633705765008926e-03 -1.221837475895881653e-02 -3.585509490221738815e-03 -6.581002846360206604e-03
-1.291299145668745041e-02 -1.149993948638439178e-02 -2.392125315964221954e-03 -3.334886627271771431e-03 -3.982263151556253433e-03 -5.621429998427629471e-03 -4.221269395202398300e-03 -1.105503924190998077e-02 -2.385301981121301651e-03 -7.277893368154764175e-03
-1.258570421487092972e-02 -1.146502420306205750e-02 -3.007387276738882065e-03 -4.638527985662221909e-03 -4.108377266675233841e-03 -5.752683617174625397e-03 -3.871561959385871887e-03 -1.221438311040401459e-02 -2.866771072149276733e-03 -5.733411293476819992e-03
-1.311908103525638580e-02 -1.261013001203536987e-02 -3.049855353310704231e-03 -3.075457643717527390e-03 -5.165867507457733154e-03 -6.245248019695281982e-03 -4.830112680792808533e-03 -1.134508382529020309e-02 -2.831197343766689301e-03 -6.303730420768260956e-03
-1.172670349478721619e-02 -1.238808222115039825e-02 -1.475867233239114285e-03 -3.530151210725307465e-03 -4.578653257340192795e-03 -5.140065215528011322e-03 -3.854418871924281120e-03 -1.249827817082405090e-02 -2.468956867232918739e-03 -7.064247038215398788e-03
2.739628776907920837e-03 2.632126677781343460e-03 -7.145717274397611618e-03 -9.404992684721946716e-03 -8.359641768038272858e-03 -5.159419495612382889e-03 -6.732682697474956512e-03 1.739809638820588589e-03 -6.123485509306192398e-03 -9.010564535856246948e-03
-1.161336712539196014e-02 -1.118336897343397141e-02 -2.237875247374176979e-03 -3.817969001829624176e-03 -3.362574381753802299e-03 -5.632481537759304047e-03 -3.462491557002067566e-03 -1.240483112633228302e-02 -3.533253213390707970e-03 -5.443543661385774612e-03
-1.210983004420995712e-02 -1.213621161878108978e-02 -2.246957039460539818e-03 -3.596470924094319344e-03 -4.769904073327779770e-03 -6.522319279611110687e-03 -4.751469008624553680e-03 -1.162949204444885254e-02 -3.724188311025500298e-03 -5.282434169203042984e-03
-1.175464689731597900e-02 -1.179646980017423630e-02 -2.220294205471873283e-03 -3.747855545952916145e-03 -4.070468246936798096e-03 -6.540650501847267151e-03 -3.284840146079659462e-03 -1.273671817034482956e-02 -4.109805915504693985e-03 -6.476799957454204559e-03
7.528632879257202148e-03 6.769236177206039429e-03 -1.123133953660726547e-02 -4.384105093777179718e-03 -1.105709094554185867e-02 -4.196913912892341614e-03 -1.106117293238639832e-02 6.254883948713541031e-03 -1.161183603107929230e-02 -1.234965026378631592e-02
-1.189210172742605209e-02 -1.236837822943925858e-02 -2.461270662024617195e-03 -4.357302095741033554e-03 -3.480998100712895393e-03 -4.622745327651500702e-03 -4.258811939507722855e-03 -1.081247068941593170e-02 -3.454384859651327133e-03 -6.503649521619081497e-03
-1.228933967649936676e-02 -1.241925358772277832e-02 -2.652711933478713036e-03 -4.123063758015632629e-03 -3.904604818671941757e-03 -6.856128573417663574e-03 -3.767493879422545433e-03 -1.204454060643911362e-02 -3.968418575823307037e-03 -7.889610715210437775e-03
-6.161524914205074310e-03 -5.772993434220552444e-03 -5.825935862958431244e-03 -2.315946854650974274e-02 -6.988001521676778793e-03 -1.358980406075716019e-02 -5.031270440667867661e-03 -5.818176083266735077e-03 -6.446682382375001907e-03 -1.156583707779645920e-02
-1.147778891026973724e-02 -1.223660726100206375e-02 -3.222235012799501419e-03 -4.241416230797767639e-03 -4.195386543869972229e-03 -5.415082443505525589e-03 -3.549177665263414383e-03 -1.183808781206607819e-02 -4.155411384999752045e-03 -5.916378460824489594e-03
-1.229980029165744781e-02 -1.131000369787216187e-02 -2.198914764449000359e-03 -3.758940612897276878e-03 -3.826064057648181915e-03 -6.175026297569274902e-03 -4.150501918047666550e-03 -1.230361033231019974e-02 -2.677153097465634346e-03 -5.816676188260316849e-03
-1.153700612485408783e-02 -1.195624750107526779e-02 -2.808597870171070099e-03 -3.468671813607215881e-03 -4.302562214434146881e-03 -5.940467119216918945e-03 -4.196143243461847305e-03 -1.153731159865856171e-02 -3.532115137204527855e-03 -5.985841620713472366e-03
-1.130177080631256104e-02 -1.174056343734264374e-02 -2.355844713747501373e-03 -3.630083287134766579e-03 -4.700038116425275803e-03 -5.615184549242258072e-03 -4.014258738607168198e-03 -1.209325063973665237e-02 -2.517750486731529236e-03 -6.539039779454469681e-03
-1.320560928434133530e-03 -2.170098479837179184e-03 -4.838172346353530884e-03 -1.660528220236301422e-02 -8.656589314341545105e-03 -9.165666997432708740e-03 -5.125119350850582123e-03 -1.177983824163675308e-03 -7.537259720265865326e-03 -1.224349625408649445e-02
-1.108388695865869522e-02 -1.126159820705652237e-02 -3.280763747170567513e-03 -4.267384763807058334e-03 -4.268630407750606537e-03 -6.446043960750102997e-03 -3.767066402360796928e-03 -1.122826151549816132e-02 -2.607991220429539680e-03 -5.903606303036212921e-03
8.297638036310672760e-03 7.881416939198970795e-03 -1.256297994405031204e-02 -4.904577974230051041e-03 -1.451483741402626038e-02 -9.060465730726718903e-03 -1.273124944418668747e-02 8.007219061255455017e-03 -1.311375107616186142e-02 -1.487008202821016312e-02
-1.904345117509365082e-03 -8.222705218940973282e-04 -2.195650013163685799e-03 -1.715473458170890808e-02 -5.476660095155239105e-03 -1.847591437399387360e-02 -4.835387226194143295e-03 -1.548271975480020046e-03 -3.730474039912223816e-03 -6.546944845467805862e-03
2.035266661550849676e-04 1.091129262931644917e-03 -2.850232413038611412e-03 -2.251687459647655487e-02 -3.951611462980508804e-03 4.470162559300661087e-03 -2.959550824016332626e-03 1.335473032668232918e-03 -4.614735487848520279e-03 -5.530049558728933334e-03
-1.265344396233558655e-02 -1.097258273512125015e-02 -2.290667034685611725e-03 -4.596356302499771118e-03 -4.252685699611902237e-03 -5.519240163266658783e-03 -4.603442735970020294e-03 -1.151939202100038528e-02 -3.015467431396245956e-03 -5.874284543097019196e-03
-1.187785714864730835e-02 -1.231525465846061707e-02 -3.048990853130817413e-03 -4.530199337750673294e-03 -4.601689521223306656e-03 -5.495311226695775986e-03 -2.645166590809822083e-03 -1.104738842695951462e-02 -3.500418970361351967e-03 -6.780309602618217468e-03
-1.157927326858043671e-02 -1.295574754476547241e-02 -1.615855493582785130e-03 -3.935532178729772568e-03 -3.642985364422202110e-03 -6.684073247015476227e-03 -3.832604270428419113e-03 -1.195508707314729691e-02 -3.220330225303769112e-03 -6.021743174642324448e-03
-3.887350903823971748e-03 -3.511822549626231194e-03 -2.488263417035341263e-03 -1.296207681298255920e-02 -4.302207846194505692e-03 -4.310078918933868408e-03 -4.176976159214973450e-03 -3.439507680013775826e-03 -4.170096945017576218e-03 -9.142460301518440247e-03
-1.248766202479600906e-02 -1.190226152539253235e-02 -2.135304035618901253e-03 -3.895295783877372742e-03 -3.705928567796945572e-03 -6.446020212024450302e-03 -3.223276929929852486e-03 -1.083704549819231033e-02 -3.950698301196098328e-03 -7.025099359452724457e-03
-1.281978283077478409e-02 -1.158078666776418686e-02 -3.338935784995555878e-03 -3.623759141191840172e-03 -4.966840147972106934e-03 -6.413899827748537064e-03 -4.233108367770910263e-03 -1.175340451300144196e-02 -3.370417747646570206e-03 -6.339308340102434158e-03
-1.241853926330804825e-02 -1.107342354953289032e-02 -2.260389737784862518e-03 -4.576232749968767166e-03 -4.537885542958974838e-03 -5.441395565867424011e-03 -4.020774737000465393e-03 -1.162942592054605484e-02 -3.685687202960252762e-03 -7.263145409524440765e-03
-5.755850113928318024e-03 -5.392178893089294434e-03 -2.562175737693905830e-03 -1.067833509296178818e-02 -4.630722571164369583e-03 -1.527475751936435699e-02 -2.263665664941072464e-03 -6.211975589394569397e-03 -2.701528603211045265e-03 -7.041435223072767258e-03
-1.291455328464508057e-02 -1.212870236486196518e-02 -2.250606659799814224e-03 -3.645713673904538155e-03 -4.300461150705814362e-03 -6.275729276239871979e-03 -3.640827024355530739e-03 -1.164347026497125626e-02 -3.341290168464183807e-03 -5.787055473774671555e-03
-1.155012287199497223e-02 -1.079507078975439072e-02 -2.806824166327714920e-03 -4.466082900762557983e-03 -4.758307244628667831e-03 -5.559681449085474014e-03 -3.156797029078006744e-03 -1.121748797595500946e-02 -3.131849225610494614e-03 -6.934765726327896118e-03
-1.190216839313507080e-02 -1.161132100969552994e-02 -2.403550548478960991e-03 -4.591901320964097977e-03 -4.166007507592439651e-03 -5.429136566817760468e-03 -3.518545534461736679e-03 -1.203816197812557220e-02 -3.177116159349679947e-03 -6.759982090443372726e-03
-1.243272423744201660e-02 -1.170004066079854965e-02 -3.097943263128399849e-03 -3.555047325789928436e-03 -4.774824250489473343e-03 -5.292247049510478973e-03 -2.965240273624658585e-03 -1.135545689612627029e-02 -2.424617763608694077e-03 -6.702858954668045044e-03
-1.313464436680078506e-02 -1.157793868333101273e-02 -3.578538773581385612e-03 -3.717449028044939041e-03 -4.696789663285017014e-03 -6.672367919236421585e-03 -3.272819332778453827e-03 -1.171442307531833649e-02 -2.702214987948536873e-03 -5.780110135674476624e-03
-1.247797347605228424e-02 -1.252977736294269562e-02 -2.976640593260526657e-03 -3.179374616593122482e-03 -4.851540084928274155e-03 -5.886676255613565445e-03 -3.973817452788352966e-03 -1.087034400552511215e-02 -3.318304661661386490e-03 -6.952508352696895599e-03
-1.242249924689531326e-02 -1.167854107916355133e-02 -3.282430348917841911e-03 -4.101715981960296631e-03 -5.206041503697633743e-03 -6.496698595583438873e-03 -3.710295539349317551e-03 -1.237206254154443741e-02 -2.026094589382410049e-03 -5.571521352976560593e-03
-1.167613454163074493e-02 -1.203112117946147919e-02 -3.206556895747780800e-03 -4.490788560360670090e-03 -4.400074947625398636e-03 -5.993084982037544250e-03 -3.155382582917809486e-03 -1.253987289965152740e-02 -2.337208017706871033e-03 -6.890070624649524689e-03
-1.160536147654056549e-02 -1.104057859629392624e-02 -2.579119289293885231e-03 -3.616935806348919868e-03 -3.817414399236440659e-03 -5.902324803173542023e-03 -2.695734845474362373e-03 -1.115518156439065933e-02 -3.524569561704993248e-03 -6.199417170137166977e-03
-1.266027241945266724e-02 -1.149790268391370773e-02 -3.123865462839603424e-03 -3.051365492865443230e-03 -3.448937553912401199e-03 -5.828526336699724197e-03 -4.599838051944971085e-03 -1.166418008506298065e-02 -2.761702286079525948e-03 -6.031579338014125824e-03
2.448986051604151726e-03 4.181573167443275452e-03 -9.080034680664539337e-03 -2.127194311469793320e-03 -5.994851700961589813e-03 6.243620533496141434e-03 -7.406285963952541351e-03 3.952959086745977402e-03 -5.179237108677625656e-03 -2.322387183085083961e-03
-1.169184781610965729e-02 -1.155899371951818466e-02 -2.284922637045383453e-03 -4.389126319438219070e-03 -5.061290226876735687e-03 -4.917679820209741592e-03 -3.295755013823509216e-03 -1.092283334583044052e-02 -2.199210459366440773e-03 -5.599990021437406540e-03
-1.246273890137672424e-02 -1.197628304362297058e-02 -3.417565487325191498e-03 -3.013030160218477249e-03 -4.543535877019166946e-03 -6.243388634175062180e-03 -3.279768396168947220e-03 -1.122933346778154373e-02 -3.310027299448847771e-03 -7.523274049162864685e-03
-1.225130446255207062e-02 -1.201410498470067978e-02 -1.609312603250145912e-03 -4.540070891380310059e-03 -3.808206645771861076e-03 -6.676878314465284348e-03 -4.406263586133718491e-03 -1.264145039021968842e-02 -2.460108371451497078e-03 -5.921018775552511215e-03
-1.218719873577356339e-02 -1.274859067052602768e-02 -3.484889632090926170e-03 -3.549240762367844582e-03 -4.868688061833381653e-03 -6.319048814475536346e-03 -3.771112533286213875e-03 -1.219141576439142227e-02 -2.451625652611255646e-03 -6.674735341221094131e-03
-6.868804339319467545e-03 -7.054962217807769775e-03 -3.993891645222902298e-03 -1.449993997812271118e-02 -5.549141671508550644e-03 -1.555415056645870209e-02 -4.286577459424734116e-03 -6.091890856623649597e-03 -4.535090643912553787e-03 -6.383988074958324432e-03
-1.184485759586095810e-02 -1.147583778947591782e-02 -2.683588536456227303e-03 -4.333084449172019958e-03 -3.420864464715123177e-03 -5.454647820442914963e-03 -4.105858970433473587e-03 -1.073945779353380203e-02 -2.960874233394861221e-03 -5.342393647879362106e-03
-5.302343983203172684e-03 -5.430633667856454849e-03 -5.250796675682067871e-03 -1.904988661408424377e-02 -5.633661057800054550e-03 -2.097738161683082581e-02 -5.033429246395826340e-03 -5.195728037506341934e-03 -5.426502786576747894e-03 -9.568959474563598633e-03
-1.224437449127435684e-02 -1.256815064698457718e-02 -3.282927209511399269e-03 -3.279441734775900841e-03 -4.066712688654661179e-03 -6.006570998579263687e-03 -3.921446856111288071e-03 -1.150616444647312164e-02 -2.816505264490842819e-03 -6.329399533569812775e-03
-3.423632122576236725e-03 -4.855525679886341095e-03 -3.140590852126479149e-03 -1.378708705306053162e-02 -3.862384473904967308e-03 -1.559108495712280273e-02 -3.387367818504571915e-03 -4.995369818061590195e-03 -3.891200060024857521e-03 -6.800604984164237976e-03
-1.086669322103261948e-02 -1.205472089350223541e-02 -2.829437376931309700e-03 -3.429480828344821930e-03 -4.324573092162609100e-03 -5.434895399957895279e-03 -4.686339292675256729e-03 -1.220622193068265915e-02 -2.532240003347396851e-03 -5.380130838602781296e-03
-1.212917082011699677e-02 -1.251341588795185089e-02 -2.831417834386229515e-03 -4.475329071283340454e-03 -4.046488553285598755e-03 -5.902735982090234756e-03 -3.691132878884673119e-03 -1.116530224680900574e-02 -3.134553786367177963e-03 -6.882110144942998886e-03
-1.243674196302890778e-02 -1.189139578491449356e-02 -3.077371511608362198e-03 -3.464438254013657570e-03 -4.118776414543390274e-03 -6.257292814552783966e-03 -3.649117657914757729e-03 -1.165919844061136246e-02 -3.551438217982649803e-03 -6.227224599570035934e-03
-1.200252212584018707e-02 -1.224759966135025024e-02 -2.352047478780150414e-03 -2.923952881246805191e-03 -4.781610332429409027e-03 -5.953186657279729843e-03 -3.406857140362262726e-03 -1.213113218545913696e-02 -3.295934293419122696e-03 -5.540090147405862808e-03
-1.188477501273155212e-02 -1.114227157086133957e-02 -3.454932244494557381e-03 -2.620099810883402824e-03 -3.886633785441517830e-03 -6.262233015149831772e-03 -4.523838404566049576e-03 -1.218572258949279785e-02 -3.453711047768592834e-03 -6.856064312160015106e-03
-3.384954528883099556e-03 -4.535557702183723450e-03 -3.647518344223499298e-03 -1.213083975017070770e-02 -3.977475571446120739e-04 1.764363050460815430e-02 -2.717538038268685341e-03 -3.569223918020725250e-03 -1.280496479012072086e-03 -5.028975661844015121e-03
-1.268536318093538284e-02 -1.188794244080781937e-02 -2.916245255619287491e-03 -3.174527082592248917e-03 -3.297155024483799934e-03 -6.436235737055540085e-03 -4.049190320074558258e-03 -1.138366200029850006e-02 -3.113067941740155220e-03 -6.281694397330284119e-03
-1.277495268732309341e-02 -1.162818726152181625e-02 -1.835176022723317146e-03 -3.564652055501937866e-03 -4.384359344840049744e-03 -5.773157346993684769e-03 -3.897737246006727219e-03 -1.183933485299348831e-02 -2.443991834297776222e-03 -6.138055585324764252e-03
-1.149907987564802170e-02 -1.170967798680067062e-02 -3.205480286851525307e-03 -3.792855190113186836e-03 -4.557895008474588394e-03 -5.693675950169563293e-03 -4.285677336156368256e-03 -1.172304712235927582e-02 -3.363747848197817802e-03 -5.612515844404697418e-03
-1.125164609402418137e-02 -1.216613408178091049e-02 -3.191350260749459267e-03 -2.662378363311290741e-03 -5.020711105316877365e-03 -6.395386997610330582e-03 -3.814648138359189034e-03 -1.156388781964778900e-02 -2.956970594823360443e-03 -6.757465191185474396e-03
-1.164882909506559372e-02 -1.106890942901372910e-02 -2.738486044108867645e-03 -3.205093787983059883e-03 -4.573973827064037323e-03 -4.939518403261899948e-03 -3.881801851093769073e-03 -1.200448255985975266e-02 -3.306950908154249191e-03 -6.063634995371103287e-03
-2.693431917577981949e-03 -3.701438661664724350e-03 -1.511133392341434956e-03 6.068566814064979553e-03 -1.199008896946907043e-03 -1.289102062582969666e-02 -2.215920249000191689e-03 -3.281388431787490845e-03 -2.198377624154090881e-03 -3.963042981922626495e-03
-1.185146998614072800e-02 -1.241246145218610764e-02 -1.753389253281056881e-03 -4.001323599368333817e-03 -4.355353303253650665e-03 -6.158530246466398239e-03 -3.288876265287399292e-03 -1.156245451420545578e-02 -3.506997367367148399e-03 -5.508463829755783081e-03
-1.118864584714174271e-02 -1.228315848857164383e-02 -1.688857679255306721e-03 -3.168124705553054810e-03 -3.473444841802120209e-03 -6.457914598286151886e-03 -4.206214565783739090e-03 -1.225257012993097305e-02 -3.141058608889579773e-03 -5.965052172541618347e-03
-1.247618347406387329e-02 -1.188959926366806030e-02 -3.005175385624170303e-03 -3.289879765361547470e-03 -4.150608554482460022e-03 -5.731082521378993988e-03 -3.090247744694352150e-03 -1.225110981613397598e-02 -2.486170735210180283e-03 -7.159073837101459503e-03
-4.265254363417625427e-03 -4.749914165586233139e-03 -3.713685087859630585e-03 -1.449920143932104111e-02 -5.420081317424774170e-03 -1.558732613921165466e-02 -3.623153315857052803e-03 -5.147415213286876678e-03 -4.509955178946256638e-03 -7.121231872588396072e-03
-1.114356424659490585e-02 -1.260134205222129822e-02 -2.996630733832716942e-03 -2.827217336744070053e-03 -3.707815194502472878e-03 -5.785030312836170197e-03 -3.268089378252625465e-03 -1.124566327780485153e-02 -3.103043418377637863e-03 -6.700980477035045624e-03
2.037125406786799431e-03 1.483170664869248867e-03 -5.774294491857290268e-03 -7.827755063772201538e-03 -7.214042358100414276e-03 -2.436093240976333618e-02 -3.878023708239197731e-03 1.115198596380650997e-03 -5.619836039841175079e-03 -9.766122326254844666e-03
-1.226496603339910507e-02 -1.222008280456066132e-02 -1.693924190476536751e-03 -3.667027689516544342e-03 -4.811423830687999725e-03 -5.395199172198772430e-03 -3.005841281265020370e-03 -1.177309453487396240e-02 -3.189056180417537689e-03 -5.873642396181821823e-03
6.918440340086817741e-05 9.187909890897572041e-04 -8.515982888638973236e-03 3.343281522393226624e-02 -1.275830622762441635e-02 -3.945051133632659912e-02 -1.103207282721996307e-02 1.437509898096323013e-03 -1.045261602848768234e-02 -1.411343738436698914e-02
5.774178076535463333e-03 4.683015868067741394e-03 -8.402490057051181793e-03 -8.116013370454311371e-03 -1.047522295266389847e-02 -1.475133281201124191e-02 -9.496902115643024445e-03 5.607050843536853790e-03 -8.408720605075359344e-03 -8.977915160357952118e-03
-1.188664324581623077e-02 -1.239991374313831329e-02 -2.511421451345086098e-03 -3.685054136440157890e-03 -4.361256957054138184e-03 -5.477269645780324936e-03 -3.399503417313098907e-03 -1.243853103369474411e-02 -3.657766385003924370e-03 -6.470519583672285080e-03
-1.211412437260150909e-02 -1.239238958805799484e-02 -2.092702081426978111e-03 -4.090312402695417404e-03 -4.067922942340373993e-03 -5.491415504366159439e-03 -3.125507850199937820e-03 -1.103523559868335724e-02 -3.409871365875005722e-03 -6.231444422155618668e-03
-1.156477443873882294e-02 -1.232916396111249924e-02 -3.013280685991048813e-03 -3.673646133393049240e-03 -3.996210638433694839e-03 -5.828916560858488083e-03 -4.081028979271650314e-03 -1.154747977852821350e-02 -2.713482594117522240e-03 -6.754838395863771439e-03
-1.202040165662765503e-02 -1.121609471738338470e-02 -3.091133199632167816e-03 -4.375827033072710037e-03 -4.536309279501438141e-03 -6.430636160075664520e-03 -3.928117919713258743e-03 -1.195543166249990463e-02 -3.959409426897764206e-03 -6.503350567072629929e-03
-1.214948110282421112e-02 -1.195537671446800232e-02 -2.402910264208912849e-03 -4.052855540066957474e-03 -4.146189894527196884e-03 -5.808318965137004852e-03 -3.836625022813677788e-03 -1.129157189279794693e-02 -4.601858556270599365e-03 -6.400421727448701859e-03
-5.759576335549354553e-03 -5.144428461790084839e-03 -2.380981342867016792e-03 -5.185001529753208160e-03 -2.130534732714295387e-03 3.812931943684816360e-03 -3.177874954417347908e-03 -6.635300815105438232e-03 -1.586088095791637897e-03 -6.043761502951383591e-03
-1.242949906736612320e-02 -1.172083988785743713e-02 -2.798372879624366760e-03 -4.169857129454612732e-03 -4.812151193618774414e-03 -6.057701073586940765e-03 -4.061798099428415298e-03 -1.170488446950912476e-02 -3.305336926132440567e-03 -5.854180082678794861e-03
-1.305726356804370880e-02 -1.164050400257110596e-02 -3.082698443904519081e-03 -4.048945382237434387e-03 -4.524565301835536957e-03 -5.929087288677692413e-03 -3.492936259135603905e-03 -1.250239927321672440e-02 -2.398780779913067818e-03 -6.326260045170783997e-03
-1.163222081959247589e-02 -1.170164160430431366e-02 -2.698873868212103844e-03 -3.944631665945053101e-03 -4.695171955972909927e-03 -6.096145603805780411e-03 -3.751453012228012085e-03 -1.249787025153636932e-02 -2.907011890783905983e-03 -7.111577782779932022e-03
-1.842619036324322224e-03 -1.336486195214092731e-03 -3.310669213533401489e-03 -1.274434849619865417e-02 -3.281376091763377190e-03 -1.319483388215303421e-03 -3.679658751934766769e-03 -1.141723128966987133e-03 -4.758873954415321350e-03 -5.435298196971416473e-03
-1.194485742598772049e-02 -1.217738911509513855e-02 -2.188286045566201210e-03 -4.191302694380283356e-03 -4.642020445317029953e-03 -6.449166219681501389e-03 -4.293160513043403625e-03 -1.137044467031955719e-02 -4.075291566550731659e-03 -6.920114625245332718e-03
-2.948072738945484161e-03 -2.619895618408918381e-03 -3.822032362222671509e-03 -3.722591558471322060e-03 -2.871879376471042633e-03 -5.051252082921564579e-04 -4.058024846017360687e-03 -2.340135397389531136e-03 -2.347972709685564041e-03 -4.687920678406953812e-03
-1.230234932154417038e-02 -1.187239587306976318e-02 -1.957813045009970665e-03 -3.759563434869050980e-03 -4.267805255949497223e-03 -7.131604477763175964e-03 -2.935779746621847153e-03 -1.209541317075490952e-02 -2.570941345766186714e-03 -7.223794702440500259e-03
-1.245283428579568863e-02 -1.203335169702768326e-02 -2.830305136740207672e-03 -3.121012356132268906e-03 -3.574943169951438904e-03 -5.536170676350593567e-03 -4.239722155034542084e-03 -1.081230770796537399e-02 -2.442871453240513802e-03 -5.360919050872325897e-03
-1.227345969527959824e-02 -1.310923881828784943e-02 -2.544940682128071785e-03 -3.571173641830682755e-03 -4.553419537842273712e-03 -5.685055628418922424e-03 -3.524898085743188858e-03 -1.181533653289079666e-02 -4.150635097175836563e-03 -6.890953052788972855e-03
-7.474756566807627678e-04 -2.007911447435617447e-03 -3.650008002296090126e-03 -2.397035807371139526e-02 -4.630741663277149200e-03 5.439850501716136932e-03 -3.375132102519273758e-03 -3.106321673840284348e-05 -6.646779365837574005e-03 -8.647306822240352631e-03
-1.258379966020584106e-02 -1.190050132572650909e-02 -1.446082605980336666e-03 -3.353229956701397896e-03 -4.607626236975193024e-03 -6.383869331330060959e-03 -4.426779225468635559e-03 -1.190730649977922440e-02 -2.600406995043158531e-03 -6.619392894208431244e-03
-3.457176033407449722e-03 -3.943609539419412613e-03 -3.311597974970936775e-03 -1.713964715600013733e-02 -4.747811704874038696e-03 -1.830518431961536407e-02 -3.663695184513926506e-03 -4.843376576900482178e-03 -3.385163843631744385e-03 -7.080825977027416229e-03
-1.168279349803924561e-02 -1.128467172384262085e-02 -2.956446958705782890e-03 -3.687938209623098373e-03 -4.122927319258451462e-03 -6.489898078143596649e-03 -3.917660564184188843e-03 -1.096741855144500732e-02 -2.950542373582720757e-03 -7.273128721863031387e-03
-1.191930100321769714e-02 -1.332946773618459702e-02 -2.285358030349016190e-03 -4.787890706211328506e-03 -4.292072262614965439e-03 -6.248213350772857666e-03 -3.590835025534033775e-03 -1.154043804854154587e-02 -3.439632477238774300e-03 -6.437275093048810959e-03
-1.161188073456287384e-02 -1.203981041908264160e-02 -2.323959954082965851e-03 -3.415546379983425140e-03 -3.743696957826614380e-03 -6.162315141409635544e-03 -4.289692267775535583e-03 -1.169330440461635590e-02 -2.658378100022673607e-03 -6.320097483694553375e-03
-1.228746585547924042e-02 -1.142778061330318451e-02 -3.189745359122753143e-03 -4.475808702409267426e-03 -4.274463281035423279e-03 -5.626432131975889206e-03 -3.468079958111047745e-03 -1.204707659780979156e-02 -3.649999620392918587e-03 -6.293259561061859131e-03
-1.186926849186420441e-02 -1.211221236735582352e-02 -2.327560447156429291e-03 -3.943362273275852203e-03 -3.752623451873660088e-03 -6.318059284240007401e-03 -4.444311838597059250e-03 -1.117659732699394226e-02 -3.243322018533945084e-03 -5.731318145990371704e-03
-1.173370797187089920e-02 -1.288296375423669815e-02 -2.498592250049114227e-03 -3.852146212011575699e-03 -4.138830117881298065e-03 -5.602156743407249451e-03 -3.605662379413843155e-03 -1.244126446545124054e-02 -2.803625306114554405e-03 -6.191929802298545837e-03
-1.109952758997678757e-02 -1.244013477116823196e-02 -3.114046063274145126e-03 -3.557788673788309097e-03 -5.230960901826620102e-03 -5.115102976560592651e-03 -2.966737141832709312e-03 -1.184980198740959167e-02 -3.994184080511331558e-03 -6.693746428936719894e-03
-1.096959505230188370e-02 -1.152718532830476761e-02 -2.657412318512797356e-03 -4.656989127397537231e-03 -3.488498972728848457e-03 -5.993720144033432007e-03 -3.518431680276989937e-03 -1.101118978112936020e-02 -3.817544085904955864e-03 -6.241105496883392334e-03
