-1.331215631216764450e-02 -1.289062574505805969e-02 -1.315008010715246201e-02 -1.949506066739559174e-02 -1.352642662823200226e-02 -2.174727804958820343e-02 -1.429761387407779694e-02 -1.169466134160757065e-02 -1.986121386289596558e-02 -1.383206620812416077e-02
-1.415410544723272324e-02 -1.471969950944185257e-02 -1.358549576252698898e-02 -1.910516433417797089e-02 -1.380486506968736649e-02 -2.086356468498706818e-02 -1.308155339211225510e-02 -1.290646940469741821e-02 -1.967417635023593903e-02 -1.425678841769695282e-02
3.160412609577178955e-02 3.166780248284339905e-02 3.227378427982330322e-02 3.131394088268280029e-02 3.262572735548019409e-02 1.525473315268754959e-02 3.240961581468582153e-02 3.066845424473285675e-02 2.761965058743953705e-02 3.215017169713973999e-02
-8.866571821272373199e-03 -8.555613458156585693e-03 -8.852457627654075623e-03 8.422764018177986145e-03 -5.989795085042715073e-03 2.690343558788299561e-02 -9.234978817403316498e-03 -1.043854374438524246e-02 1.340286526829004288e-02 -9.099340997636318207e-03
-9.199100895784795284e-04 -5.423076217994093895e-04 -2.598838880658149719e-03 -1.027530338615179062e-02 -1.234741066582500935e-03 -1.597931422293186188e-02 -5.646819481626152992e-04 1.288425829261541367e-02 -1.393250096589326859e-02 3.041659947484731674e-04
4.104251042008399963e-03 3.282216377556324005e-03 4.462538287043571472e-03 -8.418478071689605713e-03 2.073392737656831741e-03 -1.364781334996223450e-02 3.233262570574879646e-03 -2.253065630793571472e-02 -1.032377779483795166e-02 4.837735090404748917e-03
3.503671148791909218e-03 3.219107631593942642e-03 8.781517390161752701e-04 -1.027538720518350601e-02 1.562189543619751930e-03 -5.720911547541618347e-03 3.671808401122689247e-03 1.975400000810623169e-02 -1.177643425762653351e-02 2.841624198481440544e-03
1.207368564791977406e-03 7.268449990078806877e-04 2.085380023345351219e-03 1.412778347730636597e-02 3.174184821546077728e-03 1.195448171347379684e-02 9.449942153878509998e-04 7.778480183333158493e-03 1.552817691117525101e-02 4.604503046721220016e-04
-1.968031562864780426e-02 -2.037368714809417725e-02 -1.793082058429718018e-02 7.018157746642827988e-03 -1.614981889724731445e-02 1.685379445552825928e-02 -2.025263942778110504e-02 -2.140149101614952087e-02 1.284954696893692017e-02 -1.983936876058578491e-02
-1.798419281840324402e-02 -1.826191693544387817e-02 -1.947899349033832550e-02 -7.452954538166522980e-03 -1.974798366427421570e-02 6.594195729121565819e-04 -1.920931786298751831e-02 -1.623022370040416718e-02 -2.186701633036136627e-03 -1.818012259900569916e-02
-1.980261504650115967e-02 -2.091942727565765381e-02 -2.126485481858253479e-02 -1.943650306202471256e-03 -2.044824697077274323e-02 8.695196360349655151e-03 -2.130320481956005096e-02 -1.742585189640522003e-02 4.947796463966369629e-03 -1.942169666290283203e-02
-1.324817538261413574e-02 -1.334055513143539429e-02 -1.355446781963109970e-02 -1.841775141656398773e-02 -1.481951214373111725e-02 -2.092410437762737274e-02 -1.376274321228265762e-02 -1.260158605873584747e-02 -2.084044925868511200e-02 -1.309900730848312378e-02
-1.728759519755840302e-02 -1.680054888129234314e-02 -1.796217262744903564e-02 -9.510252624750137329e-03 -1.772912032902240753e-02 -2.121400088071823120e-03 -1.667312532663345337e-02 -1.621855422854423523e-02 -4.044865723699331284e-03 -1.647103391587734222e-02
1.807763939723372459e-03 2.165098849218338728e-04 1.463070046156644821e-03 1.347186602652072906e-02 1.821651705540716648e-03 1.542501989752054214e-02 -3.298461670055985451e-04 -1.157627627253532410e-02 1.546129211783409119e-02 4.064914537593722343e-04
5.745225585997104645e-03 6.500981282442808151e-03 5.273912567645311356e-03 -6.749596446752548218e-03 5.396577063947916031e-03 -1.185302156955003738e-02 6.107543595135211945e-03 -9.163800626993179321e-03 -1.001571025699377060e-02 5.576192401349544525e-03
-1.627889694646000862e-03 -4.108887631446123123e-03 -4.646521527320146561e-03 -3.539121942594647408e-03 -6.159997079521417618e-03 -5.503130145370960236e-03 -3.376305568963289261e-03 -2.018736302852630615e-02 -1.376826316118240356e-03 -3.912174142897129059e-03
1.508226851001381874e-03 -3.732318291440606117e-04 6.978827877901494503e-04 4.235960077494382858e-03 -1.890588668175041676e-03 8.236593566834926605e-04 -4.670394118875265121e-04 -3.735527023673057556e-02 6.719879340380430222e-03 8.928492898121476173e-04
-5.376917775720357895e-03 -6.515384186059236526e-03 -4.098698031157255173e-03 2.772282809019088745e-03 -6.314958911389112473e-03 1.145076751708984375e-02 -6.647551432251930237e-03 -3.100901097059249878e-02 9.122931398451328278e-03 -5.270528607070446014e-03
4.497216548770666122e-03 4.477114882320165634e-03 6.133938208222389221e-03 3.128700889647006989e-03 9.093481115996837616e-03 2.072265837341547012e-03 5.089053884148597717e-03 -2.582777105271816254e-02 -2.300618070876225829e-04 5.587723571807146072e-03
-1.735420338809490204e-02 -1.870922558009624481e-02 -1.906360127031803131e-02 -6.273965351283550262e-03 -2.017958648502826691e-02 3.263091901317238808e-03 -1.882415451109409332e-02 -1.628440991044044495e-02 -4.287813790142536163e-04 -1.940522715449333191e-02
4.680300597101449966e-03 4.458566661924123764e-03 3.847338957712054253e-03 -1.120585855096578598e-02 3.077660920098423958e-03 -1.628720015287399292e-02 5.204206332564353943e-03 3.097902610898017883e-02 -1.480971369892358780e-02 4.296639002859592438e-03
4.983953665941953659e-03 6.046077702194452286e-03 6.078260019421577454e-03 1.743322797119617462e-02 5.876942072063684464e-03 5.523412954062223434e-03 4.665680229663848877e-03 -4.297957755625247955e-03 1.813601702451705933e-02 5.938170012086629868e-03
-2.282547065988183022e-03 -1.541330362670123577e-03 -3.032670356333255768e-03 -7.236142992042005062e-04 -2.366192871704697609e-03 1.134393643587827682e-02 -9.647459955886006355e-04 2.450480591505765915e-03 2.286647679284214973e-03 -2.893582219257950783e-03
-2.025251649320125580e-02 -1.992728002369403839e-02 -1.985309831798076630e-02 -2.548871096223592758e-03 -1.855360902845859528e-02 1.764787826687097549e-03 -1.889301091432571411e-02 -1.746169291436672211e-02 1.507340348325669765e-03 -1.817931234836578369e-02
3.153425827622413635e-02 3.184118866920471191e-02 3.260882571339607239e-02 3.057654388248920441e-02 3.184147924184799194e-02 1.537918765097856522e-02 3.234317526221275330e-02 3.064165636897087097e-02 2.789170667529106140e-02 3.210331499576568604e-02
-6.028035189956426620e-03 -9.767833165824413300e-03 -6.942553911358118057e-03 -3.837514668703079224e-03 -9.443241171538829803e-03 1.964112278074026108e-03 -7.667132187634706497e-03 -2.398415468633174896e-02 1.464290311560034752e-03 -8.178402669727802277e-03
-5.052441265434026718e-03 -6.071710027754306793e-03 -3.737297840416431427e-03 7.290625479072332382e-03 -4.596381913870573044e-03 1.027708780020475388e-02 -6.367073860019445419e-03 -2.367097511887550354e-02 1.245507039129734039e-02 -5.412180908024311066e-03
-1.122018205933272839e-03 -3.075805580010637641e-05 -7.611672626808285713e-04 -3.621573792770504951e-03 2.235429128631949425e-03 -1.809292659163475037e-02 7.425624644383788109e-04 1.951337978243827820e-02 -9.521315805613994598e-03 1.560774631798267365e-03
-1.013746485114097595e-02 -1.177771203219890594e-02 -9.125993587076663971e-03 9.274117648601531982e-03 -7.385163102298974991e-03 2.553463168442249298e-02 -1.100874040275812149e-02 -2.445620298385620117e-02 1.546652987599372864e-02 -1.047161407768726349e-02
8.232039399445056915e-03 9.888626635074615479e-03 7.752145174890756607e-03 -7.460957858711481094e-03 6.813359446823596954e-03 -2.053915709257125854e-02 9.332701563835144043e-03 7.172042503952980042e-03 -1.265307422727346420e-02 1.007349044084548950e-02
-1.656021922826766968e-02 -1.765541546046733856e-02 -1.596931740641593933e-02 2.292896620929241180e-03 -1.020693872123956680e-02 7.831557653844356537e-03 -1.729610934853553772e-02 -1.650089770555496216e-02 4.826047923415899277e-03 -1.517625525593757629e-02
-6.573816761374473572e-03 -7.754208054393529892e-03 -4.332915879786014557e-03 8.964320644736289978e-03 -2.648267662152647972e-03 1.125107333064079285e-02 -6.620164029300212860e-03 -3.440864756703376770e-02 1.340460125356912613e-02 -5.051624029874801636e-03
-5.834006704390048981e-03 -6.287199910730123520e-03 -7.145789451897144318e-03 3.144535236060619354e-03 -3.903847886249423027e-03 1.585710793733596802e-02 -6.689876317977905273e-03 3.597542410716414452e-03 7.215003482997417450e-03 -6.010031327605247498e-03
-1.970492675900459290e-02 -1.938164047896862030e-02 -1.971094310283660889e-02 -4.157739225775003433e-03 -2.233782969415187836e-02 5.896182265132665634e-03 -1.947030797600746155e-02 -1.786946691572666168e-02 2.281785709783434868e-03 -2.070634253323078156e-02
-2.084090374410152435e-02 -1.886212453246116638e-02 -2.047535032033920288e-02 -1.503493287600576878e-03 -1.742433570325374603e-02 3.011690918356180191e-03 -2.043334953486919403e-02 -1.669592596590518951e-02 1.525577157735824585e-03 -1.951767131686210632e-02
-1.778928679414093494e-03 -3.613432403653860092e-03 -7.497456390410661697e-04 1.316782925277948380e-02 -2.214071282651275396e-04 7.781124673783779144e-03 -2.447419567033648491e-03 -1.218552514910697937e-02 1.477609574794769287e-02 -2.518039429560303688e-03
4.702408623415976763e-04 5.655871427734382451e-05 -3.565260849427431822e-04 1.359917968511581421e-02 2.315546618774533272e-03 6.612762808799743652e-03 -6.285922136157751083e-04 -7.419964764267206192e-03 1.484597846865653992e-02 3.641068178694695234e-04
-1.520796678960323334e-03 -1.291727181524038315e-03 -2.421382232569158077e-04 1.180694159120321274e-02 7.409795653074979782e-04 2.304058708250522614e-02 -1.484096865169703960e-03 -1.665530353784561157e-02 1.457584928721189499e-02 -8.690005633980035782e-04
-7.201258093118667603e-03 -9.748088195919990540e-03 -6.465208716690540314e-03 5.784655455499887466e-03 -4.647461231797933578e-03 1.528867334127426147e-02 -9.410134516656398773e-03 -7.313607726246118546e-03 1.107773557305335999e-02 -7.864290848374366760e-03
-6.562878843396902084e-05 -4.984555998817086220e-04 -1.225299900397658348e-03 -1.108332537114620209e-03 -4.504589829593896866e-03 -2.320106606930494308e-03 -1.708737108856439590e-03 -5.325085949152708054e-03 3.470388473942875862e-03 -2.244940260425209999e-03
-1.431417278945446014e-02 -1.398526038974523544e-02 -1.359597407281398773e-02 -1.902082376182079315e-02 -1.427801232784986496e-02 -2.122112363576889038e-02 -1.363102346658706665e-02 -1.323106605559587479e-02 -1.981121115386486053e-02 -1.345682702958583832e-02
-1.976528577506542206e-02 -1.857789605855941772e-02 -1.922839693725109100e-02 -1.919707283377647400e-03 -1.456508226692676544e-02 6.703358958475291729e-04 -1.960038393735885620e-02 -1.727470196783542633e-02 -1.493025338277220726e-03 -1.816278882324695587e-02
3.086234792135655880e-04 6.263816612772643566e-04 -9.747287258505821228e-04 -1.155267469584941864e-02 2.353116869926452637e-04 -2.359055168926715851e-02 1.284852274693548679e-03 2.089972794055938721e-02 -1.653447560966014862e-02 7.781534222885966301e-04
9.217958431690931320e-04 1.963041722774505615e-03 2.517069224268198013e-03 5.320241674780845642e-03 5.350004415959119797e-03 -4.878565203398466110e-03 1.576150767505168915e-03 -4.425162449479103088e-03 5.924837023485451937e-05 2.520413603633642197e-03
5.870084278285503387e-03 6.739160977303981781e-03 4.711479879915714264e-03 -8.194445632398128510e-03 4.498950205743312836e-03 -4.427661374211311340e-02 6.275882478803396225e-03 1.134333852678537369e-02 -1.591016165912151337e-02 6.397841498255729675e-03
5.678686778992414474e-03 6.032088771462440491e-03 5.027489736676216125e-03 -9.037069976329803467e-03 3.634172724559903145e-03 -2.928816154599189758e-02 5.995165556669235229e-03 2.207005210220813751e-02 -1.635988056659698486e-02 6.493246648460626602e-03
-4.817984532564878464e-03 -7.019340526312589645e-03 -5.147757008671760559e-03 -2.730252686887979507e-03 -7.390308193862438202e-03 -1.689566066488623619e-03 -5.565452389419078827e-03 -2.301982603967189789e-02 5.830046720802783966e-04 -5.809371359646320343e-03
-1.802721433341503143e-02 -1.766989380121231079e-02 -1.757977344095706940e-02 -6.438825279474258423e-03 -1.910671591758728027e-02 1.589382183738052845e-03 -1.694189384579658508e-02 -1.680601760745048523e-02 -9.762599947862327099e-04 -1.830621063709259033e-02
3.113516792654991150e-02 3.206462413072586060e-02 3.255793079733848572e-02 3.042126074433326721e-02 3.221688419580459595e-02 1.483638957142829895e-02 3.076351433992385864e-02 3.184128180146217346e-02 2.790417149662971497e-02 3.247573226690292358e-02
-1.364598143845796585e-02 -1.469428651034832001e-02 -1.374466717243194580e-02 -1.883802749216556549e-02 -1.470874436199665070e-02 -2.144166640937328339e-02 -1.343297306448221207e-02 -1.314463466405868530e-02 -2.067979238927364349e-02 -1.366054452955722809e-02
4.805081058293581009e-03 2.818995155394077301e-03 2.398973330855369568e-03 -7.665781304240226746e-04 -1.020435942336916924e-03 -2.106030937284231186e-03 2.207372570410370827e-03 -1.272367127239704132e-02 -1.417031162418425083e-03 1.356770284473896027e-03
6.039069965481758118e-03 7.559019140899181366e-03 8.292057551443576813e-03 6.791825406253337860e-03 1.042360160499811172e-02 -5.759679712355136871e-03 6.378860678523778915e-03 -1.515171583741903305e-02 8.692514384165406227e-04 8.313619531691074371e-03
-2.072971686720848083e-02 -2.016697824001312256e-02 -1.922670565545558929e-02 -1.333559048362076283e-04 -1.525653898715972900e-02 4.560012836009263992e-03 -1.968418247997760773e-02 -1.745351217687129974e-02 2.814323408529162407e-03 -1.860068179666996002e-02
-1.760071888566017151e-02 -1.844112575054168701e-02 -1.902549713850021362e-02 -6.898744031786918640e-03 -1.986357569694519043e-02 6.095284479670226574e-04 -1.751165837049484253e-02 -1.661737635731697083e-02 -1.926936209201812744e-03 -1.899175532162189484e-02
-2.141507901251316071e-02 -2.145767211914062500e-02 -2.062441408634185791e-02 -1.107379328459501266e-03 -2.219741605222225189e-02 8.954379707574844360e-03 -2.117353491485118866e-02 -1.850813254714012146e-02 5.469012074172496796e-03 -2.148898504674434662e-02
-4.325165413320064545e-03 -3.872137051075696945e-03 -3.098868997767567635e-03 6.550139747560024261e-03 -1.352106221020221710e-03 -5.101529532112181187e-04 -3.849017899483442307e-03 9.597616270184516907e-03 6.663210224360227585e-03 -1.165056601166725159e-03
-5.484877154231071472e-03 -7.132793311029672623e-03 -7.036581635475158691e-03 1.838830299675464630e-03 -8.264219388365745544e-03 -3.113881684839725494e-04 -7.981625385582447052e-03 -2.310558035969734192e-02 7.585919927805662155e-03 -6.397963501513004303e-03
-7.936977781355381012e-03 -7.864698767662048340e-03 -8.809152990579605103e-03 9.149325080215930939e-03 -4.285342060029506683e-03 1.182231213897466660e-02 -7.375132758170366287e-03 2.967918524518609047e-03 1.297456119209527969e-02 -8.123476989567279816e-03
6.045171990990638733e-03 3.047504695132374763e-03 2.532274695113301277e-03 1.989077311009168625e-03 7.822445477358996868e-04 -1.521453727036714554e-02 4.341464489698410034e-03 6.224381271749734879e-03 -3.944332129321992397e-04 4.607153590768575668e-03
-1.018789131194353104e-02 -1.281570084393024445e-02 -1.132953725755214691e-02 6.450904067605733871e-03 -1.129383966326713562e-02 1.876791752874851227e-02 -1.235484424978494644e-02 -2.128739468753337860e-02 1.253573969006538391e-02 -1.166286971420049667e-02
-1.537510426715016365e-03 -4.839270259253680706e-04 -1.857557334005832672e-03 -1.665743417106568813e-03 1.153628109022974968e-03 2.261072804685682058e-04 -1.142035471275448799e-03 5.385091993957757950e-03 -2.671499038115143776e-03 -1.402509980835020542e-03
-5.864849314093589783e-03 -6.254489067941904068e-03 -4.939319565892219543e-03 4.005807917565107346e-03 -6.765865255147218704e-04 2.148883417248725891e-03 -5.499018356204032898e-03 -2.157780155539512634e-02 5.554576870054006577e-03 -4.515404347330331802e-03
-2.181670255959033966e-02 -2.112501859664916992e-02 -2.089472115039825439e-02 4.743254394270479679e-04 -1.651328429579734802e-02 6.097267847508192062e-03 -2.018920518457889557e-02 -1.868052221834659576e-02 5.104922223836183548e-03 -2.065269835293292999e-02
6.172973196953535080e-03 4.748182836920022964e-03 4.236913286149501801e-03 -8.318992331624031067e-03 3.428021445870399475e-03 -2.889711037278175354e-02 4.681115504354238510e-03 -1.066811569035053253e-02 -1.289339270442724228e-02 4.863518755882978439e-03
-3.984603099524974823e-03 -4.405039362609386444e-03 -2.891182899475097656e-03 6.932334974408149719e-03 -2.682938007637858391e-03 6.671962328255176544e-03 -4.202261567115783691e-03 -7.027388084679841995e-03 6.763296201825141907e-03 -3.530201967805624008e-03
-1.243512844666838646e-03 -3.299394156783819199e-03 -4.280933178961277008e-03 -5.983721930533647537e-03 -5.734932143241167068e-03 -1.661879569292068481e-02 -3.051741281524300575e-03 -8.567092008888721466e-03 -9.015738964080810547e-03 -4.401396960020065308e-03
-6.906711496412754059e-03 -6.203019991517066956e-03 -4.243057686835527420e-03 7.561148144304752350e-03 -2.502590650692582130e-03 1.404844876378774643e-02 -6.203246768563985825e-03 -2.046639658510684967e-02 1.072274893522262573e-02 -4.512415733188390732e-03
-2.317719481652602553e-04 -1.755517558194696903e-03 -5.794414319097995758e-04 -4.215455614030361176e-03 -4.696924239397048950e-03 -1.619917154312133789e-02 -1.423728768713772297e-03 -1.659343577921390533e-02 -4.395524039864540100e-03 -1.736263046041131020e-03
8.575708605349063873e-03 9.434172883629798889e-03 7.646370679140090942e-03 -7.498945575207471848e-03 6.209612824022769928e-03 -2.609655819833278656e-02 9.920563548803329468e-03 -2.122949110344052315e-03 -1.407359261065721512e-02 9.423839859664440155e-03
3.029981162399053574e-03 1.802040147595107555e-03 3.404751769267022610e-04 -1.066978089511394501e-02 -4.716441035270690918e-04 -3.617095574736595154e-02 2.109934575855731964e-03 9.771149605512619019e-03 -1.704946719110012054e-02 2.787796081975102425e-03
-2.804178511723875999e-03 -2.483667340129613876e-03 -1.873463508673012257e-03 1.961846603080630302e-03 8.654987905174493790e-04 1.111313235014677048e-02 -3.191225929185748100e-03 -1.987498253583908081e-02 3.417401574552059174e-03 -2.643374959006905556e-03
3.140470245853066444e-03 3.771120216697454453e-03 3.410995705053210258e-03 -9.865212254226207733e-03 1.042888499796390533e-03 -3.080783598124980927e-02 4.033800214529037476e-03 -5.456268787384033203e-03 -1.517948694527149200e-02 2.396084368228912354e-03
7.162701804190874100e-03 6.155503913760185242e-03 4.947022069245576859e-03 -8.584264665842056274e-03 3.751306561753153801e-03 -2.824062854051589966e-02 6.077928934246301651e-03 -1.410246361047029495e-02 -1.394159439951181412e-02 5.357653833925724030e-03
-6.694678682833909988e-03 -8.150380104780197144e-03 -7.688597310334444046e-03 4.796824883669614792e-03 -9.127083234488964081e-03 1.833217963576316833e-02 -8.446997031569480896e-03 -1.766626164317131042e-02 1.040181890130043030e-02 -9.119726717472076416e-03
-1.366517040878534317e-02 -1.337895821779966354e-02 -1.383820641785860062e-02 -1.900896243751049042e-02 -1.347138453274965286e-02 -2.134595252573490143e-02 -1.429958827793598175e-02 -1.186397857964038849e-02 -2.046456374228000641e-02 -1.299658324569463730e-02
-1.424838602542877197e-02 -1.358873955905437469e-02 -1.368569117039442062e-02 -1.872271671891212463e-02 -1.321153249591588974e-02 -2.177370712161064148e-02 -1.418523862957954407e-02 -1.206036284565925598e-02 -2.074380032718181610e-02 -1.300290133804082870e-02
7.511913310736417770e-03 8.812820538878440857e-03 6.318307947367429733e-03 -8.429653011262416840e-03 3.880198812112212181e-03 -2.446397021412849426e-02 8.261247538030147552e-03 5.611779633909463882e-03 -1.338782068341970444e-02 7.293232716619968414e-03
8.946762536652386189e-04 -3.825176681857556105e-04 -1.223730854690074921e-03 5.387408309616148472e-04 -4.055199213325977325e-03 -6.485732737928628922e-03 1.578208612045273185e-04 5.875142756849527359e-03 1.393298851326107979e-03 -1.088039716705679893e-03
6.647851318120956421e-03 6.241175346076488495e-03 5.750803742557764053e-03 -8.245462551712989807e-03 4.403764382004737854e-03 -2.886411175131797791e-02 5.615641828626394272e-03 -1.005757693201303482e-02 -1.302009262144565582e-02 6.357539445161819458e-03
3.930322825908660889e-03 4.196420777589082718e-03 2.540688030421733856e-03 -9.702428244054317474e-03 1.487593282945454121e-03 -3.329547867178916931e-02 4.037227947264909744e-03 2.953182533383369446e-02 -1.653788052499294281e-02 4.232754465192556381e-03
1.063726190477609634e-02 1.089925784617662430e-02 1.009405776858329773e-02 1.270821201615035534e-03 6.046335678547620773e-03 -2.487063780426979065e-02 9.907506406307220459e-03 -4.704991006292402744e-04 -5.297700874507427216e-03 1.009375695139169693e-02
-9.015101939439773560e-03 -9.927202016115188599e-03 -6.796823814511299133e-03 9.181051515042781830e-03 -4.627534653991460800e-03 2.060684747993946075e-02 -8.298097178339958191e-03 -2.762145735323429108e-02 1.444264966994524002e-02 -7.756582461297512054e-03
-7.916635833680629730e-03 -1.182220969349145889e-02 -9.214051067829132080e-03 1.117207226343452930e-03 -1.169454772025346756e-02 1.222848612815141678e-02 -1.133090164512395859e-02 -2.667437493801116943e-02 7.678715977817773819e-03 -1.085545867681503296e-02
-5.923553369939327240e-03 -5.484617315232753754e-03 -4.070888739079236984e-03 2.138446550816297531e-03 -2.821417758241295815e-03 5.412810482084751129e-03 -5.898999515920877457e-03 -2.610687725245952606e-02 4.791759420186281204e-03 -3.151740180328488350e-03
-1.791369915008544922e-02 -1.936147175729274750e-02 -1.568773388862609863e-02 7.565120235085487366e-03 -1.318782381713390350e-02 1.693815924227237701e-02 -1.845451444387435913e-02 -2.291561476886272430e-02 1.411747746169567108e-02 -1.646707765758037567e-02
3.157109767198562622e-02 3.179508820176124573e-02 3.185980394482612610e-02 3.118454106152057648e-02 3.244520723819732666e-02 1.575135067105293274e-02 3.081322647631168365e-02 3.081599995493888855e-02 2.849664166569709778e-02 3.145059943199157715e-02
4.322012886404991150e-03 3.697045147418975830e-03 2.940875478088855743e-03 -1.015474367886781693e-02 8.395201293751597404e-04 -3.882057964801788330e-02 5.184013396501541138e-03 2.454659715294837952e-02 -1.791939139366149902e-02 4.537370055913925171e-03
-5.310258129611611366e-04 -1.957281958311796188e-03 -2.061157487332820892e-03 -5.676715169101953506e-03 -3.346882760524749756e-03 -7.979470305144786835e-03 -3.222700324840843678e-04 1.480579655617475510e-02 -6.932833697646856308e-03 -1.915661385282874107e-03
-3.790257731452584267e-03 -5.452223122119903564e-03 -2.724944613873958588e-03 1.024530269205570221e-02 -1.442294567823410034e-03 9.758831001818180084e-03 -4.888974595814943314e-03 -4.073236137628555298e-02 1.374057214707136154e-02 -4.138468764722347260e-03
-2.111892960965633392e-02 -2.118036709725856781e-02 -2.035129442811012268e-02 -1.437517697922885418e-03 -1.728494651615619659e-02 5.698237102478742599e-03 -2.122708782553672791e-02 -1.798864081501960754e-02 3.240757388994097710e-03 -1.937967725098133087e-02
-2.356000768486410379e-04 -3.972751728724688292e-04 2.537491091061383486e-04 9.609596803784370422e-03 3.351987805217504501e-03 8.396699093282222748e-03 -1.797481490939389914e-05 -6.852768361568450928e-03 1.061296649277210236e-02 -2.549446071498095989e-04
-6.243341136723756790e-03 -4.661031998693943024e-03 -3.644066397100687027e-03 1.037139818072319031e-02 -2.168341539800167084e-03 1.819559000432491302e-02 -5.266467109322547913e-03 -2.057020924985408783e-02 1.509150303900241852e-02 -5.247567314654588699e-03
-1.980040781199932098e-02 -1.858840882778167725e-02 -1.751223392784595490e-02 -1.226881286129355431e-03 -1.429551653563976288e-02 -8.082637214101850986e-04 -1.941398717463016510e-02 -1.746970415115356445e-02 -1.138998894020915031e-03 -1.654749922454357147e-02
-2.260683476924896240e-02 -2.209280058741569519e-02 -2.327871695160865784e-02 2.995823509991168976e-03 -2.003116346895694733e-02 1.206065621227025986e-02 -2.340747602283954620e-02 -2.063356898725032806e-02 9.318082593381404877e-03 -2.188827842473983765e-02
3.210308775305747986e-02 3.296743705868721008e-02 3.276212885975837708e-02 3.039545379579067230e-02 3.258073329925537109e-02 1.492392923682928085e-02 3.177604079246520996e-02 3.195522725582122803e-02 2.933363802731037140e-02 3.123814240097999573e-02
-2.042150869965553284e-02 -1.948256045579910278e-02 -1.984045468270778656e-02 -1.941711059771478176e-03 -1.751774735748767853e-02 1.791724469512701035e-03 -1.846085302531719208e-02 -1.717272587120532990e-02 5.091772763989865780e-04 -1.785032078623771667e-02
-1.729741133749485016e-02 -1.884475350379943848e-02 -1.812064275145530701e-02 -7.958429865539073944e-03 -1.945859752595424652e-02 -8.395358454436063766e-04 -1.817942038178443909e-02 -1.682984456419944763e-02 -2.485816366970539093e-03 -1.830503344535827637e-02
-1.945572346448898315e-02 -1.950580254197120667e-02 -1.931275427341461182e-02 -6.116000469774007797e-03 -1.981917768716812134e-02 3.644278272986412048e-03 -1.981678605079650879e-02 -1.654578372836112976e-02 1.566166174598038197e-03 -1.908152364194393158e-02
6.884515169076621532e-04 1.928320562001317739e-04 -1.183745102025568485e-03 -9.115445427596569061e-03 -2.052933443337678909e-03 -2.595312334597110748e-02 7.798699662089347839e-04 -5.209647584706544876e-03 -1.279627531766891479e-02 -8.119244594126939774e-04
-1.211035624146461487e-02 -1.180207636207342148e-02 -9.880254976451396942e-03 3.493744297884404659e-04 -6.708166562020778656e-03 6.578489206731319427e-03 -1.078939996659755707e-02 -2.094392105937004089e-02 3.073230152949690819e-03 -1.045780722051858902e-02
-8.781785145401954651e-04 -2.072305418550968170e-03 1.991025055758655071e-04 1.210808102041482925e-02 1.238693366758525372e-03 1.546196639537811279e-02 -1.148823299445211887e-03 -1.198517438024282455e-02 1.523481775075197220e-02 1.956410269485786557e-04
6.131238769739866257e-03 7.749335840344429016e-03 4.759170114994049072e-03 -9.591616690158843994e-03 3.324020653963088989e-03 -3.167670220136642456e-02 7.840870879590511322e-03 1.720277033746242523e-02 -1.611973531544208527e-02 6.315884180366992950e-03
1.737451762892305851e-03 1.287959748879075050e-03 5.570654757320880890e-04 -1.242373324930667877e-02 -1.054663560353219509e-03 -3.081936389207839966e-02 1.732562552206218243e-03 1.618579030036926270e-02 -1.754143834114074707e-02 1.291411696001887321e-03
4.640361759811639786e-03 5.386731587350368500e-03 4.634202457964420319e-03 -9.862056002020835876e-03 4.116763826459646225e-03 -1.199477259069681168e-02 6.791301537305116653e-03 5.459204316139221191e-03 -1.252054329961538315e-02 5.524068139493465424e-03
-5.232756491750478745e-03 -5.274568684399127960e-03 -2.505139214918017387e-03 1.132485084235668182e-02 -2.585405483841896057e-03 1.413404569029808044e-02 -5.896741524338722229e-03 -3.234173357486724854e-02 1.565653830766677856e-02 -4.685580264776945114e-03
-1.835939660668373108e-02 -1.855952292680740356e-02 -1.940516382455825806e-02 -7.582066580653190613e-03 -1.989744789898395538e-02 1.729810261167585850e-03 -1.866500452160835266e-02 -1.652259007096290588e-02 -1.117042498663067818e-03 -1.761875115334987640e-02
7.328585255891084671e-03 6.546561140567064285e-03 6.246376316994428635e-03 -9.070244617760181427e-03 3.198661608621478081e-03 -3.044422715902328491e-02 7.050542160868644714e-03 -2.733086235821247101e-03 -1.475090812891721725e-02 7.087305188179016113e-03
-1.787815056741237640e-02 -1.690580882132053375e-02 -1.762365177273750305e-02 -3.270676825195550919e-03 -1.310410629957914352e-02 -3.092755796387791634e-03 -1.677093096077442169e-02 -1.692637242376804352e-02 -2.846751362085342407e-03 -1.564679294824600220e-02
-1.046132482588291168e-02 -1.328614167869091034e-02 -1.198172383010387421e-02 8.478019386529922485e-03 -9.858849458396434784e-03 1.697916910052299500e-02 -1.294916588813066483e-02 -2.834314294159412384e-02 1.428367570042610168e-02 -1.224819850176572800e-02
-1.450424920767545700e-02 -1.354835368692874908e-02 -1.527154166251420975e-02 -1.852431893348693848e-02 -1.416238117963075638e-02 -2.056220173835754395e-02 -1.358952093869447708e-02 -1.362959574908018112e-02 -2.001234702765941620e-02 -1.300626713782548904e-02
-1.032282039523124695e-02 -1.275313459336757660e-02 -1.249270513653755188e-02 1.881336676888167858e-03 -1.237993687391281128e-02 1.691617257893085480e-02 -1.219161972403526306e-02 -1.624809578061103821e-02 8.056441321969032288e-03 -1.236418075859546661e-02
-1.428579259663820267e-02 -1.377541292458772659e-02 -1.119293179363012314e-02 8.489622734487056732e-03 -7.793555967509746552e-03 1.727494038641452789e-02 -1.335204113274812698e-02 -2.526718936860561371e-02 1.285331416875123978e-02 -1.264933589845895767e-02
-5.812974995933473110e-04 -8.871367317624390125e-04 -2.037664235103875399e-04 1.263393275439739227e-02 1.618979265913367271e-03 2.408804371953010559e-02 -1.499922131188213825e-03 -3.482894506305456161e-03 1.600004732608795166e-02 -8.422762621194124222e-04
-1.991746015846729279e-02 -2.049277722835540771e-02 -1.892560161650180817e-02 -5.174100864678621292e-03 -1.975128613412380219e-02 4.767335020005702972e-03 -1.929299719631671906e-02 -1.678173802793025970e-02 2.442152472212910652e-03 -1.808417215943336487e-02
-1.350565627217292786e-02 -1.474420726299285889e-02 -1.595480926334857941e-02 -5.992725025862455368e-03 -1.601601764559745789e-02 1.806013984605669975e-03 -1.580903492867946625e-02 -1.518948748707771301e-02 -1.941093476489186287e-03 -1.617444306612014771e-02
-1.686482317745685577e-02 -1.600026711821556091e-02 -1.664218679070472717e-02 -1.066822931170463562e-02 -1.635718345642089844e-02 -5.863409023731946945e-03 -1.621460355818271637e-02 -1.382060255855321884e-02 -7.347933482378721237e-03 -1.702624559402465820e-02
-1.296342629939317703e-02 -1.312006730586290359e-02 -1.448720507323741913e-02 -1.949993148446083069e-02 -1.390576735138893127e-02 -2.171335369348526001e-02 -1.340814679861068726e-02 -1.247524842619895935e-02 -2.016569301486015320e-02 -1.366126351058483124e-02
-1.847951300442218781e-02 -1.677327230572700500e-02 -1.587284728884696960e-02 -2.669560490176081657e-03 -1.216660439968109131e-02 -2.045901957899332047e-03 -1.718630827963352203e-02 -1.531138829886913300e-02 -1.983906608074903488e-03 -1.641465164721012115e-02
-8.356598205864429474e-03 -1.042753923684358597e-02 -9.172141551971435547e-03 4.860829096287488937e-03 -9.436178021132946014e-03 9.235596284270286560e-03 -1.022453512996435165e-02 -1.341859623789787292e-02 1.003032363951206207e-02 -9.539753198623657227e-03
1.311543281190097332e-03 1.964934635907411575e-03 -2.960769634228199720e-04 -1.176484022289514542e-02 6.105432403273880482e-04 -3.629472851753234863e-02 1.770201022736728191e-03 2.336385846138000488e-02 -1.871541328728199005e-02 2.299278741702437401e-03
-8.705125190317630768e-03 -9.032140485942363739e-03 -1.174388639628887177e-02 -2.140700118616223335e-03 -1.246518455445766449e-02 7.914339192211627960e-03 -1.026911847293376923e-02 -3.897588001564145088e-03 3.482508938759565353e-03 -1.049506012350320816e-02
-1.435593981295824051e-02 -1.346464827656745911e-02 -1.484747603535652161e-02 -1.892405003309249878e-02 -1.479731500148773193e-02 -2.104219049215316772e-02 -1.411250978708267212e-02 -1.241050846874713898e-02 -1.927882060408592224e-02 -1.335295848548412323e-02
-8.419351652264595032e-03 -6.449732463806867599e-03 -4.865349736064672470e-03 4.460534080862998962e-03 -1.662299619056284428e-03 1.069663837552070618e-02 -6.043328437954187393e-03 -2.219509892165660858e-02 6.159743759781122208e-03 -5.673422478139400482e-03
-4.595628415700048208e-04 6.142209749668836594e-04 1.845735125243663788e-03 -3.455531550571322441e-03 4.753649700433015823e-03 5.028637126088142395e-03 1.417976338416337967e-03 -3.060052986256778240e-04 -6.255995947867631912e-03 1.926125376485288143e-03
-1.746846921741962433e-02 -1.847668178379535675e-02 -1.880438625812530518e-02 -6.915015634149312973e-03 -2.000387012958526611e-02 2.618255326524376869e-03 -1.889680512249469757e-02 -1.635023579001426697e-02 9.540499304421246052e-04 -1.875687018036842346e-02
-2.041764371097087860e-02 -1.902821101248264313e-02 -1.720675826072692871e-02 -1.214636489748954773e-03 -1.343176607042551041e-02 6.618868210352957249e-04 -1.811123453080654144e-02 -1.728435605764389038e-02 1.123926369473338127e-03 -1.673011668026447296e-02
-2.029055356979370117e-02 -2.138403989374637604e-02 -2.100318856537342072e-02 -2.073101000860333443e-03 -2.219559624791145325e-02 8.441478013992309570e-03 -2.149766683578491211e-02 -1.795498281717300415e-02 6.114776246249675751e-03 -2.153887785971164703e-02
-7.279640529304742813e-03 -9.075969457626342773e-03 -7.192683871835470200e-03 -4.663336439989507198e-04 -8.075696416199207306e-03 5.998342297971248627e-03 -8.301894180476665497e-03 -2.324379235506057739e-02 4.697720520198345184e-03 -7.242345716804265976e-03
-1.064189709722995758e-02 -8.646300993859767914e-03 -8.121723309159278870e-03 1.445396454073488712e-03 -3.836299525573849678e-03 5.692157894372940063e-03 -8.688592351973056793e-03 -2.137577906250953674e-02 3.013844834640622139e-03 -8.186591789126396179e-03
3.281506523489952087e-02 3.231953084468841553e-02 3.261176496744155884e-02 3.116424381732940674e-02 3.175295144319534302e-02 1.509127765893936157e-02 3.296788781881332397e-02 3.093381412327289581e-02 2.934445440769195557e-02 3.171214833855628967e-02
1.294567994773387909e-02 1.256707683205604553e-02 1.057667285203933716e-02 -5.277976393699645996e-03 9.434176608920097351e-03 -1.902977190911769867e-02 1.185291167348623276e-02 -3.123539034277200699e-03 -1.234358735382556915e-02 1.293121185153722763e-02
1.073140930384397507e-02 1.112534850835800171e-02 9.918199852108955383e-03 -6.822030059993267059e-03 8.308982476592063904e-03 -2.110256627202033997e-02 1.130870822817087173e-02 2.426099264994263649e-03 -1.359659060835838318e-02 1.064308453351259232e-02
-1.961376704275608063e-02 -2.066618390381336212e-02 -2.116048149764537811e-02 -4.103521350771188736e-03 -2.069277316331863403e-02 4.478661809116601944e-03 -2.078103646636009216e-02 -1.741403900086879730e-02 3.776860889047384262e-03 -1.963593810796737671e-02
-1.327859982848167419e-02 -1.481823064386844635e-02 -1.392565667629241943e-02 -1.847594045102596283e-02 -1.460178848356008530e-02 -2.203086018562316895e-02 -1.393141224980354309e-02 -1.230259891599416733e-02 -1.969613507390022278e-02 -1.324599981307983398e-02
3.936355351470410824e-04 1.472162548452615738e-03 2.242827555164694786e-03 7.492866367101669312e-03 4.641428124159574509e-03 8.223179727792739868e-03 1.373545150272548199e-03 -8.263383060693740845e-03 8.808457292616367340e-03 2.765625016763806343e-03
-7.981516537256538868e-04 -2.265873132273554802e-03 -1.983449328690767288e-03 1.293996162712574005e-02 2.912372292485088110e-04 1.516851037740707397e-02 -2.148928353562951088e-03 -2.424270845949649811e-02 1.599294506013393402e-02 -2.530536148697137833e-03
-5.218828562647104263e-03 -5.496058147400617599e-03 -4.313556477427482605e-03 6.422752980142831802e-03 -2.371758921071887016e-03 2.117229998111724854e-02 -5.617456045001745224e-03 -1.532126870006322861e-02 1.104964781552553177e-02 -5.104986019432544708e-03
-4.343566019088029861e-03 -6.247569341212511063e-03 -3.739496460184454918e-03 9.781037078937515616e-05 -6.968990899622440338e-03 3.263716585934162140e-03 -5.742397159337997437e-03 -2.704540081322193146e-02 4.443546291440725327e-03 -5.351642612367868423e-03
9.266827255487442017e-04 1.579681877046823502e-03 2.359097125008702278e-03 6.116977892816066742e-04 5.360533948987722397e-03 -2.211122628068551421e-04 1.177375204861164093e-03 -1.280582416802644730e-02 -3.514895681291818619e-03 2.058352343738079071e-03
-1.297871768474578857e-02 -1.415252592414617538e-02 -1.315960846841335297e-02 -1.847852952778339386e-02 -1.479196641594171524e-02 -2.126578427851200104e-02 -1.279709022492170334e-02 -1.252534613013267517e-02 -1.989608071744441986e-02 -1.403317227959632874e-02
-1.437115762382745743e-02 -1.470582373440265656e-02 -1.511569693684577942e-02 -1.922231353819370270e-02 -1.368371956050395966e-02 -2.121947519481182098e-02 -1.357613597065210342e-02 -1.231085415929555893e-02 -1.960314065217971802e-02 -1.303677912801504135e-02
2.674137474969029427e-03 5.943787982687354088e-06 1.074766507372260094e-03 1.559345284476876259e-03 -2.189961960539221764e-03 3.175012068822979927e-03 3.086512733716517687e-04 -3.398331627249717712e-02 5.385425407439470291e-03 -7.143210386857390404e-04
3.102172398939728737e-03 4.873458761721849442e-03 1.931107253767549992e-03 -1.146979536861181259e-02 1.326848519966006279e-03 -2.581414580345153809e-02 4.855473525822162628e-03 2.393593452870845795e-02 -1.668593287467956543e-02 3.446514252573251724e-03
-4.592578392475843430e-03 -4.381269682198762894e-03 -6.638644728809595108e-03 3.121626097708940506e-03 -7.224691566079854965e-03 2.166330348700284958e-03 -3.982626833021640778e-03 2.116882428526878357e-02 6.802368909120559692e-03 -5.297586321830749512e-03
