-1.168624609708786011e-01 -4.761365801095962524e-02 -1.195555329322814941e-01 8.830431848764419556e-02 -1.418728232383728027e-01 -2.130677364766597748e-02 -3.106322372332215309e-03 4.904563352465629578e-02 -7.499004155397415161e-02 -1.071615517139434814e-01
-5.488507449626922607e-03 2.682959102094173431e-02 -1.097646728157997131e-01 -3.990641608834266663e-02 -4.727518558502197266e-02 -1.306761503219604492e-01 -2.986216731369495392e-02 -9.595070034265518188e-02 9.955157525837421417e-03 7.664312422275543213e-02
-1.604233682155609131e-01 -6.720363348722457886e-02 7.191397249698638916e-02 -9.583412902429699898e-04 2.757784426212310791e-01 1.728280447423458099e-02 -1.493308097124099731e-01 -1.259936690330505371e-01 -1.429886221885681152e-01 -2.994826249778270721e-02
-2.227605506777763367e-02 -9.416020475327968597e-03 5.104482546448707581e-02 -1.012781448662281036e-02 -1.043620929121971130e-01 -8.789105713367462158e-02 -9.266880899667739868e-02 -1.326326280832290649e-02 -1.994606852531433105e-02 -6.200361996889114380e-02
1.302005536854267120e-02 -9.278928488492965698e-02 1.458632647991180420e-01 -7.536840438842773438e-02 -1.702637672424316406e-01 -9.068122506141662598e-02 7.429357618093490601e-03 -1.173441708087921143e-01 9.492963552474975586e-02 5.456119310110807419e-03
-1.174661889672279358e-01 -1.218768209218978882e-01 -1.143213957548141479e-01 -1.599224098026752472e-02 -2.377218566834926605e-02 -1.156206578016281128e-01 -5.567009001970291138e-02 3.721122443675994873e-02 6.868677586317062378e-02 -7.104586064815521240e-02
-1.030698120594024658e-01 1.072852239012718201e-01 -1.266503781080245972e-01 -7.115277647972106934e-02 -1.200597640126943588e-02 1.169079914689064026e-02 -1.256163120269775391e-01 -5.863748863339424133e-02 -7.324508577585220337e-02 -6.593656539916992188e-02
-1.160091683268547058e-01 -1.745426282286643982e-02 -9.905640035867691040e-02 -8.693259954452514648e-02 -4.326155036687850952e-02 -4.802965745329856873e-02 -9.981495887041091919e-02 8.715146034955978394e-02 -1.546333283185958862e-01 -9.472668915987014771e-02
1.102399732917547226e-02 -4.123352095484733582e-02 -6.315519660711288452e-02 -8.979599922895431519e-02 -8.219215273857116699e-02 -8.514133095741271973e-02 1.265576947480440140e-02 -5.463234335184097290e-02 -1.567018628120422363e-01 2.710613189265131950e-03
-1.143612936139106750e-01 1.050618365406990051e-01 -1.373643726110458374e-01 3.476437926292419434e-02 -1.608211696147918701e-01 5.221265181899070740e-02 -3.800551593303680420e-02 -6.723007559776306152e-02 -9.602669626474380493e-02 6.466952711343765259e-02
-5.385760590434074402e-02 -1.185816526412963867e-02 -5.563760176301002502e-02 -1.386179029941558838e-01 1.984519138932228088e-02 4.433577507734298706e-02 -1.575508564710617065e-01 -2.771657891571521759e-02 1.452925503253936768e-01 -9.208412468433380127e-02
-9.276708960533142090e-02 -7.354047149419784546e-02 -8.449378609657287598e-02 -5.465910583734512329e-02 -8.109350502490997314e-02 -1.695412769913673401e-02 -1.872170343995094299e-02 5.104897171258926392e-02 3.873910009860992432e-02 4.007540643215179443e-02
4.645951092243194580e-02 -1.094613671302795410e-01 -3.105427511036396027e-02 -9.392420202493667603e-02 -7.343339920043945312e-02 -8.760964870452880859e-02 -6.719881296157836914e-02 3.845124691724777222e-02 -5.177248641848564148e-02 -1.029147431254386902e-01
-1.131794303655624390e-01 -5.657045170664787292e-03 -1.007666513323783875e-01 -2.494849078357219696e-02 -9.352504462003707886e-02 -3.463299199938774109e-02 1.231486909091472626e-02 -6.642794609069824219e-02 -1.547531485557556152e-01 -4.683877900242805481e-02
5.024111364036798477e-03 -4.862563312053680420e-02 -1.473939120769500732e-01 -7.637961953878402710e-02 -1.261035501956939697e-01 -8.356047421693801880e-02 2.258512377738952637e-01 6.343260407447814941e-03 -3.474375233054161072e-02 -2.161078900098800659e-02
-1.434103548526763916e-01 -1.422158926725387573e-01 -7.002031803131103516e-02 2.131202220916748047e-01 -3.108539432287216187e-02 -4.017436504364013672e-02 -7.374706678092479706e-03 -1.213835999369621277e-01 1.929044164717197418e-02 -2.981181815266609192e-02
-1.202673763036727905e-01 -1.093668416142463684e-01 4.895013570785522461e-02 -4.136287420988082886e-02 -7.858382165431976318e-02 1.061024814844131470e-01 -2.477459236979484558e-02 -1.753735542297363281e-01 -8.413526415824890137e-02 7.912641763687133789e-02
-1.347768008708953857e-01 -3.031223081052303314e-02 -1.213298290967941284e-01 -1.034649237990379333e-01 -1.005085483193397522e-01 1.176581233739852905e-01 4.179253429174423218e-02 5.966414883732795715e-02 -7.014223188161849976e-02 -9.762629121541976929e-02
2.253145724534988403e-01 3.666827455163002014e-02 1.466155704110860825e-02 -1.232124865055084229e-01 -9.209961444139480591e-02 -1.393308043479919434e-01 -6.962786614894866943e-02 -1.619223654270172119e-01 -1.577544510364532471e-01 1.078526303172111511e-02
-8.505535870790481567e-02 -6.564598064869642258e-03 -1.270428393036127090e-02 -1.815639622509479523e-02 4.074832424521446228e-02 -1.171957030892372131e-01 5.820718035101890564e-02 -1.253073066473007202e-01 -9.611631743609905243e-03 5.519696860574185848e-04
1.719757728278636932e-02 -2.274263650178909302e-02 3.494976833462715149e-02 3.273618221282958984e-02 -3.590873256325721741e-02 -1.391321569681167603e-01 -1.514097750186920166e-01 -1.360725909471511841e-01 4.339119046926498413e-02 2.033389732241630554e-02
-2.551453374326229095e-02 3.568357974290847778e-02 -8.410457521677017212e-02 -9.674569219350814819e-02 -8.155970275402069092e-02 -1.426059305667877197e-01 -2.340829558670520782e-02 2.555904537439346313e-02 -9.040158987045288086e-02 -6.423540413379669189e-02
3.318470343947410583e-02 7.888573408126831055e-02 -2.532220445573329926e-02 -1.351097077131271362e-01 -3.458677977323532104e-02 -3.664662316441535950e-02 -7.121902704238891602e-02 5.478985980153083801e-02 -1.163090206682682037e-02 -7.158695161342620850e-02
-9.119083732366561890e-02 -9.894163161516189575e-02 -1.221085190773010254e-01 -2.623718976974487305e-02 -1.758055202662944794e-02 6.232252717018127441e-02 -2.639785036444664001e-02 6.279910914599895477e-03 8.149973116815090179e-03 -8.989693224430084229e-02
-2.626811526715755463e-02 -8.985006064176559448e-02 -3.584565222263336182e-02 -1.291929036378860474e-01 8.027985692024230957e-03 -1.292274296283721924e-01 -1.085660010576248169e-01 1.931954175233840942e-02 -2.434067428112030029e-02 -9.743211418390274048e-02
