-1.039662659168243408e-01 -1.058341413736343384e-01 -9.175648540258407593e-02 -7.645604759454727173e-02 -7.503622025251388550e-02 -8.990780264139175415e-02 -7.244446873664855957e-02 -6.979375332593917847e-02 -6.349836289882659912e-02 -7.531986385583877563e-02
7.790006697177886963e-02 -7.305940985679626465e-02 -5.261283740401268005e-02 1.224524155259132385e-02 -1.731946021318435669e-01 -9.084274643100798130e-04 -1.201666444540023804e-01 -6.235911510884761810e-03 -1.382607780396938324e-02 -7.705686986446380615e-02
-2.418704796582460403e-03 -4.528421908617019653e-02 1.311901956796646118e-01 -6.346704810857772827e-02 -3.527527302503585815e-02 -7.847141474485397339e-02 6.187117192894220352e-03 1.794561184942722321e-02 -1.047063171863555908e-01 -6.420732289552688599e-02
-1.046023592352867126e-01 -1.056554242968559265e-01 -9.177302569150924683e-02 -7.688730210065841675e-02 -7.456699758768081665e-02 -8.873821049928665161e-02 -7.131674885749816895e-02 -6.982696801424026489e-02 -6.363078206777572632e-02 -7.625547796487808228e-02
-2.326006814837455750e-02 -1.244464889168739319e-02 -3.146630479022860527e-03 -1.050208583474159241e-01 -9.962580353021621704e-02 -1.031136810779571533e-01 -7.410265505313873291e-02 -8.078514039516448975e-02 -8.211664110422134399e-02 -1.202787831425666809e-01
-1.091521754860877991e-01 -4.711810871958732605e-02 -3.588735312223434448e-02 -8.301595598459243774e-02 -7.877893745899200439e-02 -9.386213123798370361e-02 -7.290118187665939331e-02 -7.088659703731536865e-02 -6.707312911748886108e-02 -8.701748400926589966e-02
-6.298705190420150757e-02 -4.554443433880805969e-02 -3.825756534934043884e-02 -8.762057870626449585e-02 -8.473551273345947266e-02 -9.532884508371353149e-02 -7.147707045078277588e-02 -7.618671655654907227e-02 -6.926552206277847290e-02 -9.559516608715057373e-02
-1.035034433007240295e-01 -1.063981205224990845e-01 -9.121969342231750488e-02 -7.742195576429367065e-02 -7.393483072519302368e-02 -9.009694308042526245e-02 -7.039050012826919556e-02 -7.030221074819564819e-02 -6.343761831521987915e-02 -7.560135424137115479e-02
-1.023965999484062195e-01 -1.053669750690460205e-01 -9.238642454147338867e-02 -7.643264532089233398e-02 -7.448557019233703613e-02 -9.013061970472335815e-02 -7.209298014640808105e-02 -6.954330950975418091e-02 -6.412094086408615112e-02 -7.552367448806762695e-02
-3.342171385884284973e-02 -1.255185008049011230e-01 -2.540167234838008881e-02 -8.380500972270965576e-02 -8.420664817094802856e-02 -9.133228659629821777e-02 -7.032056152820587158e-02 -7.991679757833480835e-02 -6.891653686761856079e-02 -8.981904387474060059e-02
-1.039674058556556702e-01 -1.059357747435569763e-01 -9.196858108043670654e-02 -7.710295170545578003e-02 -7.462848722934722900e-02 -8.970179408788681030e-02 -7.030824571847915649e-02 -7.075205445289611816e-02 -6.275478750467300415e-02 -7.656399160623550415e-02
-1.122779250144958496e-01 1.166225643828511238e-03 -5.896814167499542236e-02 -9.587700664997100830e-02 -1.382819414138793945e-01 -2.984976768493652344e-02 -7.697674632072448730e-02 -1.137996092438697815e-01 -1.155049949884414673e-01 3.199364989995956421e-02
-1.071011796593666077e-01 -4.466672614216804504e-02 -3.586912900209426880e-02 -8.651468902826309204e-02 -8.262858539819717407e-02 -9.487927705049514771e-02 -7.254898548126220703e-02 -7.112408429384231567e-02 -6.747668236494064331e-02 -8.965856581926345825e-02
-1.031544879078865051e-01 -1.066245809197425842e-01 -9.280953556299209595e-02 -7.672873884439468384e-02 -7.459761947393417358e-02 -8.858014643192291260e-02 -7.181290537118911743e-02 -6.835515797138214111e-02 -6.347011029720306396e-02 -7.542129606008529663e-02
-1.033532097935676575e-01 -1.067324429750442505e-01 -9.240531921386718750e-02 -7.668022811412811279e-02 -7.582721114158630371e-02 -8.818688988685607910e-02 -7.123421132564544678e-02 -6.874860823154449463e-02 -6.402692943811416626e-02 -7.554732263088226318e-02
4.139149934053421021e-02 -5.703516304492950439e-02 -3.019692935049533844e-02 -3.511543571949005127e-02 -8.225601166486740112e-02 -8.545701205730438232e-02 -1.010292991995811462e-01 -2.021080628037452698e-02 -1.157956123352050781e-01 -7.015433162450790405e-02
1.611125469207763672e-02 -6.500341743230819702e-02 -6.804043054580688477e-02 -1.532420665025711060e-01 4.583689570426940918e-02 -1.113762035965919495e-01 -2.655573748052120209e-02 1.338003855198621750e-02 -2.276786044239997864e-02 -4.448785260319709778e-02
-1.032561436295509338e-01 -1.048718467354774475e-01 -9.046404808759689331e-02 -7.659874111413955688e-02 -7.548243552446365356e-02 -8.899320662021636963e-02 -7.119718194007873535e-02 -7.030890882015228271e-02 -6.273989379405975342e-02 -7.595335692167282104e-02
-1.134460791945457458e-01 4.152209311723709106e-02 1.462474185973405838e-02 -1.192862242460250854e-01 -2.335781231522560120e-02 -1.345545202493667603e-01 -1.587506383657455444e-02 -9.141005575656890869e-02 -8.135192096233367920e-02 -8.801386505365371704e-02
5.356902629137039185e-02 -9.439411573112010956e-03 5.368683114647865295e-02 -9.400125592947006226e-03 -5.149932578206062317e-03 -2.994838543236255646e-02 -1.786654293537139893e-01 4.979774728417396545e-02 -9.975452721118927002e-02 -1.437930297106504440e-02
-1.036376431584358215e-01 -1.069215536117553711e-01 -9.307222813367843628e-02 -7.691945880651473999e-02 -7.397522777318954468e-02 -8.922431617975234985e-02 -7.177128642797470093e-02 -6.940662115812301636e-02 -6.314851343631744385e-02 -7.584650814533233643e-02
-1.301716715097427368e-01 -6.584877520799636841e-02 -6.328005343675613403e-02 -1.071411967277526855e-01 4.075647890567779541e-02 8.563828654587268829e-03 9.264368563890457153e-03 -8.832523226737976074e-02 -1.376912891864776611e-01 -4.534998536109924316e-02
-2.052537351846694946e-02 -5.789187178015708923e-02 -2.092909999191761017e-02 -9.407293796539306641e-02 -9.088697284460067749e-02 -9.670504182577133179e-02 -7.156659662723541260e-02 -8.051619678735733032e-02 -7.633843272924423218e-02 -1.042888537049293518e-01
-1.033843606710433960e-01 -1.051917076110839844e-01 -9.150985628366470337e-02 -7.683517038822174072e-02 -7.541885972023010254e-02 -8.956727385520935059e-02 -7.077336311340332031e-02 -6.972903013229370117e-02 -6.392429023981094360e-02 -7.591289281845092773e-02
-5.348232015967369080e-02 -1.087755113840103149e-01 -7.621006667613983154e-02 -1.089038997888565063e-01 1.375475153326988220e-02 -1.012357026338577271e-01 1.201946064829826355e-01 1.374336890876293182e-02 -2.344743162393569946e-02 -4.992662742733955383e-02
-1.033031493425369263e-01 -1.051018610596656799e-01 -9.149397164583206177e-02 -7.556595653295516968e-02 -7.366050034761428833e-02 -8.891047537326812744e-02 -7.114958018064498901e-02 -7.020498067140579224e-02 -6.305259466171264648e-02 -7.534869760274887085e-02
4.300926625728607178e-02 1.000024960376322269e-03 -3.849893063306808472e-02 -2.342743612825870514e-02 -1.628408282995223999e-01 5.405105277895927429e-02 -1.192774176597595215e-01 -1.062508597970008850e-01 -1.262359470129013062e-01 -9.017543494701385498e-02
-5.252662114799022675e-03 -3.614701097831130028e-03 1.467896625399589539e-02 1.292720623314380646e-02 -9.531906992197036743e-02 1.696272939443588257e-02 -9.316571801900863647e-02 -1.377477794885635376e-01 -1.414875090122222900e-01 4.796755500137805939e-03
1.635616831481456757e-02 -5.477676168084144592e-02 2.554704993963241577e-02 -1.073070466518402100e-01 -1.066200882196426392e-01 -1.033173501491546631e-01 -7.431345432996749878e-02 -9.187760949134826660e-02 -8.949449658393859863e-02 -1.317292749881744385e-01
1.631233282387256622e-02 5.422064289450645447e-02 -1.340043917298316956e-02 4.083543643355369568e-02 -1.060307547450065613e-01 -6.698770076036453247e-02 -6.903193145990371704e-02 -1.040266174823045731e-02 -5.026324838399887085e-02 -4.413914307951927185e-02
-2.141274884343147278e-02 9.795080870389938354e-02 1.561001525260508060e-03 -3.399495407938957214e-02 -2.520625479519367218e-02 4.476882889866828918e-02 -1.065958440303802490e-01 -5.195635184645652771e-02 -1.596367061138153076e-01 -5.347318015992641449e-03
-6.996246427297592163e-02 1.127304788678884506e-02 -1.176289170980453491e-01 6.515654921531677246e-02 -1.135690137743949890e-01 -2.853944525122642517e-02 5.513313412666320801e-02 -2.441997081041336060e-02 -5.430879443883895874e-02 -4.216746613383293152e-02
-1.032465323805809021e-01 -1.057277396321296692e-01 -9.169564396142959595e-02 -7.734860479831695557e-02 -7.419674843549728394e-02 -8.951418101787567139e-02 -7.012136280536651611e-02 -6.876344978809356689e-02 -6.337774544954299927e-02 -7.489565759897232056e-02
-1.026822254061698914e-01 -1.062917262315750122e-01 -9.201154112815856934e-02 -7.663866877555847168e-02 -7.401836663484573364e-02 -8.958934992551803589e-02 -7.102233171463012695e-02 -6.966133415699005127e-02 -6.317076086997985840e-02 -7.531904429197311401e-02
-1.036559566855430603e-01 -1.052561625838279724e-01 -9.187831729650497437e-02 -7.611311972141265869e-02 -7.570168375968933105e-02 -8.907670527696609497e-02 -7.079570740461349487e-02 -7.039447873830795288e-02 -6.291747093200683594e-02 -7.606871426105499268e-02
-2.363466285169124603e-02 -5.619093310087919235e-03 -7.067877799272537231e-02 2.714875154197216034e-02 1.084377765655517578e-01 -2.977353148162364960e-02 -5.361167713999748230e-02 -7.288448512554168701e-02 2.210258506238460541e-03 -1.860502734780311584e-02
-1.985890418291091919e-02 3.822331875562667847e-02 8.028634637594223022e-02 -2.958632633090019226e-02 -4.223011434078216553e-03 -1.101617366075515747e-01 -3.891700133681297302e-02 -1.321266293525695801e-01 -1.079856902360916138e-01 -6.567180901765823364e-02
-1.026661843061447144e-01 -1.064519882202148438e-01 -9.197595715522766113e-02 -7.632810622453689575e-02 -7.391303032636642456e-02 -8.942643553018569946e-02 -7.072403281927108765e-02 -7.019627094268798828e-02 -6.272139400243759155e-02 -7.551287859678268433e-02
2.925565233454108238e-03 5.786220356822013855e-02 -1.123662889003753662e-01 8.137435466051101685e-02 -3.703364171087741852e-03 -1.167583651840686798e-02 -9.905859082937240601e-02 -5.215038359165191650e-02 4.625484347343444824e-02 -3.613524511456489563e-02
-3.312249854207038879e-02 7.806265354156494141e-02 -6.572057958692312241e-03 6.214521825313568115e-02 3.767530247569084167e-02 -2.169619202613830566e-01 -3.665722208097577095e-03 2.292374148964881897e-02 4.047867655754089355e-02 -3.697663173079490662e-02
-1.152160167694091797e-01 1.351095922291278839e-02 -1.607266962528228760e-01 1.406657882034778595e-02 -1.449055969715118408e-01 6.778436154127120972e-02 -7.554522901773452759e-02 -1.170871630311012268e-01 -1.318340599536895752e-01 -7.863182574510574341e-03
-1.933361031115055084e-02 -1.337914615869522095e-01 -1.160690188407897949e-02 -8.648536354303359985e-02 -8.794875442981719971e-02 -9.292662143707275391e-02 -7.022987306118011475e-02 -8.394481241703033447e-02 -7.113213837146759033e-02 -9.464806318283081055e-02
-1.039557978510856628e-01 -1.058766767382621765e-01 -9.143614768981933594e-02 -7.587770372629165649e-02 -7.538652420043945312e-02 -8.928252011537551880e-02 -7.111595571041107178e-02 -7.014805078506469727e-02 -6.329109519720077515e-02 -7.595495879650115967e-02
2.240310423076152802e-02 -1.786696724593639374e-03 -3.882861882448196411e-02 -1.291568428277969360e-01 1.616946607828140259e-02 -6.680578924715518951e-03 -6.231057643890380859e-02 -1.525185406208038330e-01 -7.185066491365432739e-02 -2.380553446710109711e-02
-1.031123399734497070e-01 -1.055881902575492859e-01 -9.169821441173553467e-02 -7.836958765983581543e-02 -7.413078844547271729e-02 -8.975621312856674194e-02 -7.112213224172592163e-02 -6.917191296815872192e-02 -6.336361169815063477e-02 -7.587023824453353882e-02
-1.032636463642120361e-01 -1.060585528612136841e-01 -9.208103269338607788e-02 -7.712145894765853882e-02 -7.434839010238647461e-02 -8.862306177616119385e-02 -7.133638113737106323e-02 -6.947531551122665405e-02 -6.226168945431709290e-02 -7.586833089590072632e-02
-5.104622244834899902e-02 -1.221664696931838989e-01 -3.893411532044410706e-02 -8.118589222431182861e-02 -8.134561032056808472e-02 -9.021769464015960693e-02 -7.084967195987701416e-02 -7.729080319404602051e-02 -6.559839844703674316e-02 -8.388948440551757812e-02
-1.516255587339401245e-01 -4.700428247451782227e-02 -1.268696486949920654e-01 -9.113825857639312744e-02 -7.362038013525307178e-04 1.167564652860164642e-02 -1.855151914060115814e-02 -1.199831217527389526e-01 -1.489761024713516235e-01 1.270995102822780609e-02
-1.032891198992729187e-01 -1.062098890542984009e-01 -9.229083359241485596e-02 -7.668625563383102417e-02 -7.467828691005706787e-02 -8.858349174261093140e-02 -7.072691619396209717e-02 -6.955914199352264404e-02 -6.331688910722732544e-02 -7.584278285503387451e-02
1.634222641587257385e-02 -1.823888719081878662e-02 7.064461242407560349e-04 -1.584815084934234619e-01 -2.466887608170509338e-02 -3.998444601893424988e-02 -9.137774817645549774e-03 -1.070019006729125977e-01 -3.226921334862709045e-02 -4.578432999551296234e-03
-1.042311042547225952e-01 -1.055279895663261414e-01 -9.063600003719329834e-02 -7.776279002428054810e-02 -7.466603070497512817e-02 -8.905490487813949585e-02 -7.136355340480804443e-02 -7.065267860889434814e-02 -6.343147158622741699e-02 -7.638263702392578125e-02
3.008363023400306702e-02 -5.661209672689437866e-02 -1.212525460869073868e-02 3.353186324238777161e-02 -1.117615997791290283e-01 -2.468024147674441338e-03 -2.063964307308197021e-02 -9.094778448343276978e-03 -1.052442267537117004e-01 -1.899475604295730591e-02
-2.281386964023113251e-02 3.977435827255249023e-02 -1.456729788333177567e-02 4.538919776678085327e-02 -1.674406677484512329e-01 3.582126274704933167e-02 -1.264287531375885010e-01 -1.041624024510383606e-01 -1.292386651039123535e-01 -3.687709197402000427e-02
-1.032045185565948486e-01 -1.065706759691238403e-01 -9.170001745223999023e-02 -7.654441148042678833e-02 -7.544197887182235718e-02 -8.939728885889053345e-02 -7.172145694494247437e-02 -6.914380937814712524e-02 -6.329809129238128662e-02 -7.528406381607055664e-02
-1.073256507515907288e-02 -5.892704054713249207e-02 1.172248721122741699e-01 -1.154890283942222595e-01 -1.249733567237854004e-01 -9.995104372501373291e-02 8.393987081944942474e-03 -4.329418018460273743e-02 -2.600874751806259155e-02 -8.894516527652740479e-02
9.471783787012100220e-02 -5.877120047807693481e-02 -5.534829944372177124e-02 -3.865079209208488464e-02 -8.268634974956512451e-02 -9.763656556606292725e-02 -1.475853621959686279e-01 5.072043463587760925e-02 -8.122052997350692749e-03 -4.303671419620513916e-02
-1.187993437051773071e-01 -2.348527312278747559e-02 -1.294702105224132538e-02 -8.972358703613281250e-02 -8.346083760261535645e-02 -9.585449099540710449e-02 -7.382842898368835449e-02 -7.200311869382858276e-02 -6.978262215852737427e-02 -9.521501511335372925e-02
-1.034672483801841736e-01 -1.065634340047836304e-01 -9.217824041843414307e-02 -7.661612331867218018e-02 -7.432745397090911865e-02 -8.941099792718887329e-02 -7.028976827859878540e-02 -6.886143237352371216e-02 -6.294423341751098633e-02 -7.532114535570144653e-02
1.055483147501945496e-02 8.996658772230148315e-02 -2.266027182340621948e-01 -2.781968191266059875e-02 -1.607814244925975800e-02 1.042273081839084625e-02 3.583263605833053589e-02 -1.566167920827865601e-01 3.553941845893859863e-02 -6.586726754903793335e-02
-4.470572993159294128e-02 3.285088762640953064e-02 5.349988862872123718e-02 -1.204281896352767944e-01 -1.089008897542953491e-01 -1.130224242806434631e-01 -7.999432086944580078e-02 -8.393967896699905396e-02 -9.139808267354965210e-02 -1.428632289171218872e-01
-4.184153862297534943e-03 -1.261968314647674561e-01 2.953338623046875000e-02 -8.510785549879074097e-02 8.484060317277908325e-02 -3.273065760731697083e-02 -4.178727418184280396e-02 -6.131140142679214478e-02 -3.805646672844886780e-02 -8.213204331696033478e-03
-2.806874178349971771e-02 1.432842807844281197e-03 -7.395896315574645996e-02 -1.097939535975456238e-01 -2.628797292709350586e-02 -1.119875721633434296e-02 7.919409871101379395e-02 -1.007838621735572815e-01 -3.529189154505729675e-02 -1.159990951418876648e-02
-1.030971333384513855e-01 -1.061715334653854370e-01 -9.251654148101806641e-02 -7.736535370349884033e-02 -7.478160411119461060e-02 -8.951994776725769043e-02 -7.041489332914352417e-02 -7.009222358465194702e-02 -6.379450112581253052e-02 -7.587542384862899780e-02
-1.020357534289360046e-01 -1.053842157125473022e-01 -9.120656549930572510e-02 -7.645839452743530273e-02 -7.471383363008499146e-02 -8.859948068857192993e-02 -7.117538154125213623e-02 -6.922058761119842529e-02 -6.310136616230010986e-02 -7.691001147031784058e-02
-1.091931313276290894e-01 -5.067240446805953979e-02 -3.685255721211433411e-02 -8.467099815607070923e-02 -7.990996539592742920e-02 -9.439250081777572632e-02 -7.156800478696823120e-02 -7.150644063949584961e-02 -6.652197986841201782e-02 -8.684594929218292236e-02
-1.034204885363578796e-01 -1.058955937623977661e-01 -9.174105525016784668e-02 -7.661138474941253662e-02 -7.546817511320114136e-02 -8.922793716192245483e-02 -7.150183618068695068e-02 -7.042488455772399902e-02 -6.370729207992553711e-02 -7.553633302450180054e-02
-1.034350544214248657e-01 -1.063814759254455566e-01 -9.234189987182617188e-02 -7.546003162860870361e-02 -7.579274475574493408e-02 -8.965741097927093506e-02 -7.153347134590148926e-02 -6.962044537067413330e-02 -6.408040225505828857e-02 -7.622193545103073120e-02
-8.520433306694030762e-02 -6.519719958305358887e-02 -1.112035438418388367e-01 -5.365592986345291138e-02 3.146556904539465904e-03 -1.562387049198150635e-01 2.848188579082489014e-02 -7.625328749418258667e-02 1.156716570258140564e-01 -2.089718356728553772e-02
2.530564367771148682e-02 2.927175909280776978e-02 1.171860545873641968e-01 -9.818347543478012085e-02 -1.071722581982612610e-01 1.858972571790218353e-02 1.263131125597283244e-04 -6.560860574245452881e-02 8.471862226724624634e-02 -8.639300614595413208e-02
-1.027653366327285767e-01 -1.062965765595436096e-01 -9.244503825902938843e-02 -7.755724340677261353e-02 -7.457534968852996826e-02 -8.833719044923782349e-02 -7.122852653264999390e-02 -6.957376748323440552e-02 -6.316020339727401733e-02 -7.532016932964324951e-02
1.311003267765045166e-01 -9.595103561878204346e-02 -7.093287259340286255e-02 1.419423706829547882e-02 1.366831213235855103e-01 7.607375830411911011e-02 2.146790921688079834e-02 -2.825336158275604248e-02 -1.623924076557159424e-01 -8.046759292483329773e-03
-1.217518672347068787e-01 -1.110089290887117386e-02 -4.080310929566621780e-03 -9.365795552730560303e-02 -8.721575140953063965e-02 -9.837141633033752441e-02 -7.336769253015518188e-02 -7.194879651069641113e-02 -7.009914517402648926e-02 -1.003464832901954651e-01
-3.897747769951820374e-02 -1.398417055606842041e-01 1.216686703264713287e-02 -6.969393230974674225e-03 -9.095685184001922607e-02 -5.550283193588256836e-02 2.341208280995488167e-03 9.438971430063247681e-02 1.005758717656135559e-01 -5.763152986764907837e-02
-1.608457299880683422e-03 -2.963170036673545837e-02 -1.765541583299636841e-01 5.131576955318450928e-02 5.738317966461181641e-03 -5.430370196700096130e-02 -1.433062553405761719e-01 5.028614029288291931e-02 -9.288958460092544556e-02 4.041874315589666367e-03
-1.033414974808692932e-01 -1.055425480008125305e-01 -9.247426688671112061e-02 -7.781089097261428833e-02 -7.489995658397674561e-02 -8.945684880018234253e-02 -7.139198482036590576e-02 -6.965667009353637695e-02 -6.288495659828186035e-02 -7.608779519796371460e-02
-1.033737584948539734e-01 -1.060035303235054016e-01 -9.190023690462112427e-02 -7.622949033975601196e-02 -7.510743290185928345e-02 -8.889488130807876587e-02 -7.095503062009811401e-02 -6.974572688341140747e-02 -6.426612287759780884e-02 -7.595039159059524536e-02
-1.031336113810539246e-01 -1.050292626023292542e-01 -9.183556586503982544e-02 -7.580396533012390137e-02 -7.640137523412704468e-02 -8.880114555358886719e-02 -7.204239070415496826e-02 -6.947216391563415527e-02 -6.203328445553779602e-02 -7.522628456354141235e-02
6.041846051812171936e-02 -1.084687709808349609e-01 2.271702326834201813e-02 1.074618324637413025e-01 -7.874647527933120728e-02 -1.167864054441452026e-01 -7.972510904073715210e-02 -4.800250008702278137e-02 2.441082149744033813e-01 -9.484932571649551392e-02
-1.169233545660972595e-01 5.032919347286224365e-03 -1.568864658474922180e-02 -1.253570616245269775e-01 5.612532049417495728e-02 5.709923431277275085e-02 6.275419890880584717e-02 -3.127801045775413513e-02 -1.901340782642364502e-01 -6.616123765707015991e-02
-1.235979720950126648e-01 -7.865573465824127197e-02 -5.717311426997184753e-02 8.090293407440185547e-02 9.661514312028884888e-02 6.535592675209045410e-02 -1.309719216078519821e-02 1.671459153294563293e-02 -4.788532480597496033e-02 -9.465563111007213593e-03
-8.104553073644638062e-02 5.596690345555543900e-03 8.069577626883983612e-03 -3.582078963518142700e-02 4.862161353230476379e-02 2.892516553401947021e-02 -1.048906296491622925e-01 4.807154089212417603e-02 -1.712862104177474976e-01 -4.817837104201316833e-02
5.253401026129722595e-02 -1.093717589974403381e-01 -2.530235424637794495e-02 -2.565774880349636078e-02 -1.252055317163467407e-01 -3.381568822078406811e-04 -8.307307213544845581e-02 -8.122293651103973389e-02 -1.020292639732360840e-01 -1.095222085714340210e-01
-3.824022039771080017e-02 -7.915424555540084839e-02 -3.467066586017608643e-02 -8.754057437181472778e-02 -8.615510910749435425e-02 -9.317895770072937012e-02 -7.096619904041290283e-02 -7.697860896587371826e-02 -7.047287374734878540e-02 -9.404997527599334717e-02
-1.038125082850456238e-01 -1.053458899259567261e-01 -9.210230410099029541e-02 -7.721950858831405640e-02 -7.461404055356979370e-02 -8.876635134220123291e-02 -7.057687640190124512e-02 -7.023114711046218872e-02 -6.363637000322341919e-02 -7.605115324258804321e-02
-1.037125885486602783e-01 -1.052578762173652649e-01 -9.318969398736953735e-02 -7.691135257482528687e-02 -7.540879398584365845e-02 -8.989801257848739624e-02 -7.160801440477371216e-02 -6.982055306434631348e-02 -6.310278177261352539e-02 -7.622256129980087280e-02
-1.044338643550872803e-01 -1.055913642048835754e-01 -9.217026829719543457e-02 -7.713115215301513672e-02 -7.407568395137786865e-02 -8.820489048957824707e-02 -7.151923328638076782e-02 -6.922089308500289917e-02 -6.283090263605117798e-02 -7.506053149700164795e-02
1.378230005502700806e-01 8.785187453031539917e-02 4.304365068674087524e-02 -5.436090752482414246e-02 1.882221922278404236e-02 -4.991941154003143311e-02 -3.084143064916133881e-02 -7.415949553251266479e-02 -1.086637657135725021e-02 -6.084737181663513184e-02
-1.036198437213897705e-01 -1.059224605560302734e-01 -9.316399693489074707e-02 -7.617546617984771729e-02 -7.528417557477951050e-02 -8.906068652868270874e-02 -7.197141647338867188e-02 -6.927727907896041870e-02 -6.269212067127227783e-02 -7.504723221063613892e-02
-1.039351671934127808e-01 -1.067888885736465454e-01 -9.240877628326416016e-02 -7.634073495864868164e-02 -7.458096742630004883e-02 -8.902078121900558472e-02 -7.107573747634887695e-02 -7.069934159517288208e-02 -6.410380452871322632e-02 -7.530532032251358032e-02
-1.027613058686256409e-01 -1.057550609111785889e-01 -9.189242869615554810e-02 -7.706574350595474243e-02 -7.533366978168487549e-02 -8.924531191587448120e-02 -7.079456001520156860e-02 -6.957361102104187012e-02 -6.303349882364273071e-02 -7.597043365240097046e-02
-4.668059758841991425e-03 2.741408348083496094e-02 1.195056736469268799e-01 6.710664369165897369e-03 -2.721142396330833435e-02 7.014904171228408813e-02 -4.204916954040527344e-02 -1.057442128658294678e-01 -4.299085214734077454e-02 -1.961651258170604706e-02
-1.030811294913291931e-01 -1.049971133470535278e-01 -9.241525828838348389e-02 -7.728513330221176147e-02 -7.411459833383560181e-02 -8.872723579406738281e-02 -7.142431288957595825e-02 -7.009907811880111694e-02 -6.369118392467498779e-02 -7.696527987718582153e-02
-1.207408588379621506e-02 -1.607075929641723633e-01 -1.823232695460319519e-02 -1.374378949403762817e-01 -3.010107204318046570e-02 5.246035009622573853e-02 -1.211595442146062851e-02 1.236705034971237183e-01 -3.946173191070556641e-02 -1.076292395591735840e-01
-2.635008282959461212e-02 -1.452256646007299423e-02 -1.116055175662040710e-01 -4.902040958404541016e-02 1.018935516476631165e-01 -5.088594183325767517e-02 -2.335978485643863678e-02 -1.580342501401901245e-01 -5.345927178859710693e-02 -4.730862751603126526e-02
-1.156367734074592590e-01 1.154713798314332962e-02 -1.036389619112014771e-01 -5.368869379162788391e-02 -1.502863913774490356e-01 -1.710317842662334442e-02 -6.606089323759078979e-02 -1.147552803158760071e-01 -1.053515598177909851e-01 7.146703545004129410e-03
-1.032488048076629639e-01 -1.065080240368843079e-01 -9.231781959533691406e-02 -7.668960839509963989e-02 -7.554870843887329102e-02 -8.944097906351089478e-02 -7.126208394765853882e-02 -7.025478780269622803e-02 -6.287809461355209351e-02 -7.658841460943222046e-02
-6.328260153532028198e-02 -5.032811313867568970e-02 -4.746521264314651489e-02 -3.414180502295494080e-02 -4.566058889031410217e-02 5.525109544396400452e-02 -6.479340139776468277e-03 4.127580299973487854e-02 5.710319429636001587e-02 -3.679829463362693787e-02
-8.470969623886048794e-05 -1.090090721845626831e-01 -5.409874767065048218e-02 -3.925165906548500061e-02 -1.291044652462005615e-01 4.647313058376312256e-02 -1.767229288816452026e-02 5.991742759943008423e-02 -3.184960037469863892e-02 -6.416650861501693726e-02
-1.018938980996608734e-02 3.331358730792999268e-02 6.293278932571411133e-02 2.922645024955272675e-02 1.363128982484340668e-02 -8.807691186666488647e-02 -8.101325482130050659e-02 -1.350529938936233521e-01 -1.144053116440773010e-01 -5.333336535841226578e-03
7.444496452808380127e-02 -5.068594217300415039e-02 -1.665938645601272583e-02 -1.391098089516162872e-02 -1.586170047521591187e-01 9.180525317788124084e-03 -1.064906269311904907e-01 -9.627454727888107300e-02 -1.225745454430580139e-01 -8.758615702390670776e-02
-1.029404625296592712e-01 -1.046122163534164429e-01 -9.238749742507934570e-02 -7.577279210090637207e-02 -7.593931257724761963e-02 -8.983427286148071289e-02 -7.179904729127883911e-02 -7.009864598512649536e-02 -6.411851197481155396e-02 -7.656602561473846436e-02
-1.035370007157325745e-01 -1.059337556362152100e-01 -9.172833710908889771e-02 -7.578935474157333374e-02 -7.520898431539535522e-02 -8.896119892597198486e-02 -7.242846488952636719e-02 -7.006383687257766724e-02 -6.392201036214828491e-02 -7.588518410921096802e-02
7.750742137432098389e-03 1.938328519463539124e-02 1.885709166526794434e-02 -7.292023301124572754e-02 -3.647249937057495117e-02 5.064066126942634583e-02 1.948954313993453979e-01 -8.382252603769302368e-02 -1.099517345428466797e-01 -8.250901103019714355e-02
-1.038624569773674011e-01 -1.059324815869331360e-01 -9.225685894489288330e-02 -7.696487754583358765e-02 -7.453842461109161377e-02 -8.908295631408691406e-02 -7.088058441877365112e-02 -7.014271616935729980e-02 -6.388194113969802856e-02 -7.565002143383026123e-02
-4.283851012587547302e-02 -5.313697829842567444e-02 -3.552746027708053589e-02 -9.091446548700332642e-02 -8.695130795240402222e-02 -9.514923393726348877e-02 -7.212928682565689087e-02 -7.649427652359008789e-02 -7.204684615135192871e-02 -9.792245924472808838e-02
-9.765877574682235718e-02 1.262702792882919312e-02 3.602161072194576263e-03 -1.019477471709251404e-01 -9.421615302562713623e-02 -1.036577746272087097e-01 -7.343966513872146606e-02 -7.533691078424453735e-02 -7.692284882068634033e-02 -1.125209182500839233e-01
7.250525057315826416e-02 -2.149826847016811371e-03 4.426952078938484192e-02 -1.565801650285720825e-01 9.127209335565567017e-02 -5.797290056943893433e-02 -1.359598487615585327e-01 6.979414075613021851e-02 1.029585376381874084e-01 -6.117272377014160156e-02
3.532524406909942627e-02 4.323083534836769104e-02 2.552316896617412567e-02 -4.340074583888053894e-02 -3.675018996000289917e-02 -1.064787432551383972e-02 -1.043784315697848797e-03 -1.472164690494537354e-01 4.004297778010368347e-02 -6.330549716949462891e-02
-1.025699153542518616e-01 -1.065548658370971680e-01 -9.230391681194305420e-02 -7.596928626298904419e-02 -7.450211793184280396e-02 -8.876086026430130005e-02 -7.214563339948654175e-02 -6.944769620895385742e-02 -6.243921816349029541e-02 -7.523176819086074829e-02
-2.983626909554004669e-02 -1.156815439462661743e-01 -2.433994039893150330e-02 -8.611602336168289185e-02 -8.614349365234375000e-02 -9.267724305391311646e-02 -7.093270868062973022e-02 -7.885222882032394409e-02 -7.048469036817550659e-02 -9.243430942296981812e-02
-8.106080442667007446e-02 -1.402372028678655624e-02 -1.460489034652709961e-01 7.644305587746202946e-04 -3.956427052617073059e-02 1.096590161323547363e-01 3.043609298765659332e-02 -1.118553578853607178e-01 -1.669419258832931519e-01 -4.861389845609664917e-02
-5.979305878281593323e-02 7.081944495439529419e-02 -1.429740488529205322e-01 -7.245541363954544067e-02 3.169322013854980469e-02 -8.637194335460662842e-02 -5.099764093756675720e-03 -1.493124514818191528e-01 -7.389455102384090424e-03 -3.749132528901100159e-02
-2.390269003808498383e-02 1.334704644978046417e-02 -2.644503302872180939e-02 -6.001246348023414612e-02 -7.535885274410247803e-02 -9.820695966482162476e-02 -1.361528933048248291e-01 1.847100630402565002e-02 -1.170285344123840332e-01 1.414851751178503036e-03
-1.395884063094854355e-02 1.431961636990308762e-02 4.096272215247154236e-02 -1.337602436542510986e-01 -7.287180423736572266e-02 -1.011859253048896790e-02 -6.301102787256240845e-02 -4.659643396735191345e-02 -9.717676788568496704e-02 -5.197878554463386536e-02
-1.050381362438201904e-01 -1.039675250649452209e-01 -9.151211380958557129e-02 -7.668616622686386108e-02 -7.495442777872085571e-02 -8.933530747890472412e-02 -7.192712277173995972e-02 -6.954422593116760254e-02 -6.255468726158142090e-02 -7.540310174226760864e-02
-1.044474467635154724e-01 -1.057732179760932922e-01 -9.203866869211196899e-02 -7.687093317508697510e-02 -7.572360336780548096e-02 -8.931624144315719604e-02 -7.082626223564147949e-02 -6.862399727106094360e-02 -6.457482278347015381e-02 -7.582045346498489380e-02
-1.039778441190719604e-01 -1.049986630678176880e-01 -9.305500984191894531e-02 -7.661516964435577393e-02 -7.574784755706787109e-02 -9.010074287652969360e-02 -7.026680558919906616e-02 -6.949161738157272339e-02 -6.359070539474487305e-02 -7.536167651414871216e-02
-1.035534739494323730e-01 -1.060283184051513672e-01 -9.156922250986099243e-02 -7.658776640892028809e-02 -7.460492104291915894e-02 -8.928037434816360474e-02 -7.133868336677551270e-02 -6.998169422149658203e-02 -6.437902897596359253e-02 -7.593555748462677002e-02
-1.045126244425773621e-01 -1.060775592923164368e-01 -9.213261306285858154e-02 -7.668819278478622437e-02 -7.412254810333251953e-02 -8.904417604207992554e-02 -7.162549346685409546e-02 -6.930283457040786743e-02 -6.259541958570480347e-02 -7.637888193130493164e-02
7.578458636999130249e-02 -1.033922806382179260e-01 2.489043213427066803e-02 -9.388724341988563538e-03 2.680660411715507507e-02 9.517927467823028564e-02 -7.506868243217468262e-02 -4.880668222904205322e-02 -1.042831987142562866e-01 -3.178498521447181702e-02
-6.302710622549057007e-02 -5.501597002148628235e-02 -7.711205631494522095e-02 8.614860475063323975e-02 -1.244427263736724854e-02 -5.438072234392166138e-02 -1.039712131023406982e-02 8.681966364383697510e-02 3.631232678890228271e-02 -5.658596754074096680e-02
-6.120475474745035172e-03 -1.242305152118206024e-02 4.529312252998352051e-02 -1.164758428931236267e-01 -1.086847335100173950e-01 -1.054973676800727844e-01 -6.640486419200897217e-02 -9.109345078468322754e-02 -7.844941318035125732e-02 -1.323781609535217285e-01
-1.034845933318138123e-01 -1.054968088865280151e-01 -9.330578148365020752e-02 -7.728719711303710938e-02 -7.512813806533813477e-02 -8.945374935865402222e-02 -7.186830043792724609e-02 -6.910555809736251831e-02 -6.426020711660385132e-02 -7.640566676855087280e-02
3.685745224356651306e-02 -9.202173352241516113e-02 -5.791584402322769165e-02 -1.198701262474060059e-01 -7.101246714591979980e-02 -6.204291060566902161e-02 -3.283752128481864929e-02 1.500029265880584717e-01 -4.069477692246437073e-02 -2.496670372784137726e-02
-1.091504469513893127e-01 -4.899117723107337952e-02 -3.633736073970794678e-02 -8.503773063421249390e-02 -7.705774903297424316e-02 -9.413710236549377441e-02 -7.173939794301986694e-02 -7.083002477884292603e-02 -6.646362692117691040e-02 -8.677978813648223877e-02
-1.040431186556816101e-01 -1.066121608018875122e-01 -9.217809140682220459e-02 -7.697802782058715820e-02 -7.490235567092895508e-02 -8.949138969182968140e-02 -7.212828844785690308e-02 -7.066299021244049072e-02 -6.277557462453842163e-02 -7.550939172506332397e-02
3.195242211222648621e-02 2.152740024030208588e-02 -1.545118866488337517e-03 6.374001502990722656e-02 -1.954880803823471069e-01 3.268550708889961243e-02 -8.772626519203186035e-02 -6.705410033464431763e-02 -1.418864428997039795e-01 -1.325821317732334137e-02
-1.067759692668914795e-01 -5.241945758461952209e-02 -3.922164067625999451e-02 -8.412864059209823608e-02 -7.828676700592041016e-02 -9.320989251136779785e-02 -7.291758805513381958e-02 -7.090901583433151245e-02 -6.658554822206497192e-02 -8.599391579627990723e-02
-1.216300800442695618e-01 -1.198490336537361145e-02 -5.812215618789196014e-03 -9.417057037353515625e-02 -8.515575528144836426e-02 -1.005738824605941772e-01 -7.429470121860504150e-02 -7.222076505422592163e-02 -7.047748565673828125e-02 -1.015451997518539429e-01
-1.040414497256278992e-01 -1.051131188869476318e-01 -9.166193008422851562e-02 -7.738178968429565430e-02 -7.498950511217117310e-02 -8.934623748064041138e-02 -7.073702663183212280e-02 -7.032612711191177368e-02 -6.350516527891159058e-02 -7.559724152088165283e-02
-1.029100790619850159e-01 -1.060686856508255005e-01 -9.184113889932632446e-02 -7.641705125570297241e-02 -7.567507028579711914e-02 -8.851613104343414307e-02 -7.108077406883239746e-02 -6.916987150907516479e-02 -6.337676942348480225e-02 -7.613545656204223633e-02
-1.040153503417968750e-01 -1.064804568886756897e-01 -9.243034571409225464e-02 -7.665298879146575928e-02 -7.425201684236526489e-02 -8.860271424055099487e-02 -7.179733365774154663e-02 -7.065745443105697632e-02 -6.276240944862365723e-02 -7.513813674449920654e-02
-6.219287961721420288e-02 3.230932354927062988e-02 -4.923505336046218872e-02 -5.172541365027427673e-02 -2.452642470598220825e-02 3.299249336123466492e-03 5.020200088620185852e-02 6.533928215503692627e-02 -1.438865959644317627e-01 -7.473971694707870483e-02
-1.051685437560081482e-01 -6.573719531297683716e-02 -5.053970962762832642e-02 -8.121223002672195435e-02 -7.863593846559524536e-02 -9.159332513809204102e-02 -7.225291430950164795e-02 -7.094728201627731323e-02 -6.498374044895172119e-02 -8.243118971586227417e-02
-3.231284767389297485e-02 4.640065133571624756e-02 -4.699442535638809204e-03 -1.789671480655670166e-01 3.794880583882331848e-03 -9.341061860322952271e-02 8.927154121920466423e-04 1.141893863677978516e-01 -9.419853240251541138e-02 -5.700714886188507080e-02
-1.466044485569000244e-01 -1.776713691651821136e-02 -3.112498670816421509e-02 -1.255270987749099731e-01 2.526509389281272888e-02 2.409543283283710480e-02 4.402999952435493469e-02 -1.099064499139785767e-01 -1.550915241241455078e-01 -4.832837358117103577e-02
-6.268630735576152802e-03 -2.395133674144744873e-02 -8.698804676532745361e-02 -8.454201370477676392e-02 -6.101478263735771179e-02 -2.357722073793411255e-02 7.342193275690078735e-02 -4.020410031080245972e-02 9.209642559289932251e-02 -2.502141892910003662e-02
-7.460847496986389160e-02 4.070035740733146667e-02 3.838812559843063354e-02 -1.149651631712913513e-01 -1.045628413558006287e-01 -1.112617775797843933e-01 -7.717119902372360229e-02 -7.872857898473739624e-02 -8.766246587038040161e-02 -1.356304138898849487e-01
-1.031230315566062927e-01 -1.046314164996147156e-01 -9.264687448740005493e-02 -7.664678245782852173e-02 -7.522956281900405884e-02 -8.926681429147720337e-02 -7.045152783393859863e-02 -6.964786350727081299e-02 -6.325306743383407593e-02 -7.562913745641708374e-02
-2.690271288156509399e-02 4.401801154017448425e-02 1.702273078262805939e-02 -1.101431176066398621e-01 5.131671205163002014e-02 1.840201951563358307e-02 -7.539609912782907486e-03 3.662434220314025879e-02 1.310969330370426178e-02 -2.256066910922527313e-02
-1.035372614860534668e-01 -1.055723354220390320e-01 -9.201291948556900024e-02 -7.820864766836166382e-02 -7.444776594638824463e-02 -8.975915610790252686e-02 -7.163199037313461304e-02 -6.946313381195068359e-02 -6.421785056591033936e-02 -7.591166347265243530e-02
-1.031305342912673950e-01 -1.052985042333602905e-01 -9.124331921339035034e-02 -7.713451236486434937e-02 -7.504507154226303101e-02 -8.919885754585266113e-02 -7.042890787124633789e-02 -6.941081583499908447e-02 -6.287757307291030884e-02 -7.599066197872161865e-02
3.418994694948196411e-02 1.422218978404998779e-02 -1.433813013136386871e-02 -6.290553510189056396e-02 -1.043205633759498596e-01 -7.550287246704101562e-02 -1.104393973946571350e-01 9.518510662019252777e-03 3.396328166127204895e-02 -2.774784527719020844e-02
-1.032601296901702881e-01 -1.059436947107315063e-01 -9.240098297595977783e-02 -7.688939571380615234e-02 -7.468415051698684692e-02 -8.943061530590057373e-02 -7.060595601797103882e-02 -7.018716633319854736e-02 -6.511299312114715576e-02 -7.657504081726074219e-02
-1.044662818312644958e-01 -1.071620807051658630e-01 -9.192049503326416016e-02 -7.692344486713409424e-02 -7.425715774297714233e-02 -8.935834467411041260e-02 -7.094144076108932495e-02 -7.053867727518081665e-02 -6.331861019134521484e-02 -7.595134526491165161e-02
-1.031802743673324585e-01 -4.840009286999702454e-02 -3.917444124817848206e-02 -8.533913642168045044e-02 -8.188574761152267456e-02 -9.442798048257827759e-02 -7.246024906635284424e-02 -7.142702490091323853e-02 -6.599948555231094360e-02 -8.868373185396194458e-02
1.161651127040386200e-02 4.479920957237482071e-03 -2.382213249802589417e-03 7.441484928131103516e-02 -1.301296148449182510e-02 7.833885960280895233e-03 -4.440265521407127380e-02 -8.792086504399776459e-03 -5.885941907763481140e-02 -8.029567077755928040e-03
-9.224076569080352783e-02 4.508025571703910828e-02 -1.636582016944885254e-01 3.277047723531723022e-02 -7.045676559209823608e-02 -7.984351366758346558e-02 3.864190354943275452e-02 -3.987992927432060242e-02 1.122530251741409302e-01 -4.529365152120590210e-02
-3.752428665757179260e-02 -7.024229317903518677e-02 -1.203835159540176392e-01 -4.122306779026985168e-02 8.305590599775314331e-02 -9.826381504535675049e-02 9.658695757389068604e-02 -1.058222129940986633e-01 4.932781308889389038e-02 -8.410079777240753174e-02
3.436853410676121712e-03 2.198231965303421021e-02 -3.886535391211509705e-02 8.369107544422149658e-02 -9.637073427438735962e-02 -7.562863081693649292e-02 -1.339329034090042114e-01 8.237621933221817017e-02 -6.362792849540710449e-02 -3.583991155028343201e-02
-1.109665706753730774e-01 -3.837285330519080162e-04 -9.177004685625433922e-04 -9.763892740011215210e-02 -9.148804098367691040e-02 -1.023192778229713440e-01 -7.489591091871261597e-02 -7.253861427307128906e-02 -7.368796318769454956e-02 -1.060629561543464661e-01
-1.037613004446029663e-01 -1.054342761635780334e-01 -9.240620583295822144e-02 -7.662735879421234131e-02 -7.493467628955841064e-02 -8.851218968629837036e-02 -7.023227959871292114e-02 -7.026346772909164429e-02 -6.276582181453704834e-02 -7.690902054309844971e-02
-1.186306849122047424e-01 4.058749973773956299e-02 -4.640138521790504456e-02 -8.518622070550918579e-02 -8.797460049390792847e-02 8.753258734941482544e-02 -6.537722796201705933e-02 -1.227800697088241577e-01 -1.643499583005905151e-01 5.000308901071548462e-02
-8.856718428432941437e-03 -1.019031703472137451e-01 -7.487598061561584473e-02 -7.031080871820449829e-02 -4.936712235212326050e-02 3.771509975194931030e-02 -3.999527916312217712e-02 1.165950298309326172e-01 -1.240374743938446045e-01 -6.208433769643306732e-03
-1.516476273536682129e-01 -2.128074690699577332e-02 -1.264135986566543579e-01 -2.795154601335525513e-02 -4.281237348914146423e-02 1.939141564071178436e-02 -1.382480934262275696e-02 -1.051040664315223694e-01 -1.478320360183715820e-01 1.402563648298382759e-03
-1.033852174878120422e-01 -1.070593148469924927e-01 -9.233734011650085449e-02 -7.658105343580245972e-02 -7.559839636087417603e-02 -8.953272551298141479e-02 -7.180889695882797241e-02 -6.984332948923110962e-02 -6.305608898401260376e-02 -7.635388523340225220e-02
7.360503822565078735e-02 2.251966483891010284e-02 5.011492967605590820e-02 -8.490008860826492310e-02 -5.146715790033340454e-02 -1.132372766733169556e-01 -6.721923500299453735e-02 -7.855998724699020386e-02 3.742007911205291748e-02 -5.453672260046005249e-02
-1.035260483622550964e-01 -1.059277504682540894e-01 -9.294179081916809082e-02 -7.577111572027206421e-02 -7.524256408214569092e-02 -9.039584547281265259e-02 -7.209040224552154541e-02 -6.972400844097137451e-02 -6.392052024602890015e-02 -7.568966597318649292e-02
-1.555105298757553101e-02 -1.342467963695526123e-01 -9.269675239920616150e-03 -8.672996610403060913e-02 -8.874271810054779053e-02 -9.188528358936309814e-02 -7.109519094228744507e-02 -8.433062583208084106e-02 -7.100343704223632812e-02 -9.656086564064025879e-02
-1.046498492360115051e-01 -2.451300248503684998e-02 -1.916651241481304169e-02 -9.140335768461227417e-02 -8.614028245210647583e-02 -9.698998183012008667e-02 -7.319913059473037720e-02 -7.213933765888214111e-02 -6.820284575223922729e-02 -9.639073163270950317e-02
-1.033294498920440674e-01 -1.061254292726516724e-01 -9.234431385993957520e-02 -7.720443606376647949e-02 -7.464144378900527954e-02 -8.925361186265945435e-02 -7.045408338308334351e-02 -7.027655094861984253e-02 -6.354087591171264648e-02 -7.584117352962493896e-02
7.331376895308494568e-03 -5.303107574582099915e-02 -3.240524977445602417e-02 -6.802947074174880981e-02 -4.344297945499420166e-02 2.369580604135990143e-02 8.676792681217193604e-02 -6.523530930280685425e-02 8.966127783060073853e-02 -7.079964876174926758e-02
-1.034742593765258789e-01 -1.060273498296737671e-01 -9.125335514545440674e-02 -7.615095376968383789e-02 -7.579936832189559937e-02 -8.799293637275695801e-02 -7.093473523855209351e-02 -6.986417621374130249e-02 -6.382702291011810303e-02 -7.629334181547164917e-02
-1.373239699751138687e-02 -2.778751216828823090e-02 -9.536358714103698730e-02 -2.389980480074882507e-02 3.483105823397636414e-02 -1.547370254993438721e-01 -8.438315987586975098e-02 4.636025428771972656e-02 4.483759403228759766e-02 -2.569668367505073547e-02
2.121183834969997406e-02 -9.766172617673873901e-02 -2.126238122582435608e-02 6.850215792655944824e-02 4.169471189379692078e-02 -5.650802329182624817e-02 -1.337293535470962524e-01 -6.128681823611259460e-02 3.147868812084197998e-02 -1.547721493989229202e-02
-1.034811809659004211e-01 -1.059555932879447937e-01 -9.238363057374954224e-02 -7.591700553894042969e-02 -7.491966336965560913e-02 -9.036626666784286499e-02 -7.173294574022293091e-02 -6.878107786178588867e-02 -6.447554379701614380e-02 -7.519297301769256592e-02
-1.033583432435989380e-01 -1.058661937713623047e-01 -9.278447180986404419e-02 -7.658059149980545044e-02 -7.477967441082000732e-02 -8.785083144903182983e-02 -7.067054510116577148e-02 -7.008735835552215576e-02 -6.385850161314010620e-02 -7.570572942495346069e-02
-1.021004766225814819e-01 -1.056228056550025940e-01 -9.153185039758682251e-02 -7.680656015872955322e-02 -7.396660000085830688e-02 -8.869940787553787231e-02 -7.036732882261276245e-02 -6.940874457359313965e-02 -6.386126577854156494e-02 -7.628899812698364258e-02
-1.034786328673362732e-01 -1.058085933327674866e-01 -9.220711886882781982e-02 -7.629271596670150757e-02 -7.508746534585952759e-02 -9.031291306018829346e-02 -7.173936069011688232e-02 -6.992141157388687134e-02 -6.395234167575836182e-02 -7.649332284927368164e-02
-1.246256530284881592e-01 -5.143321119248867035e-03 -2.495686989277601242e-03 -9.619032591581344604e-02 -7.355231791734695435e-02 -1.029724329710006714e-01 -6.627146899700164795e-02 -7.405400276184082031e-02 -7.533635944128036499e-02 -9.916505217552185059e-02
-2.227096259593963623e-02 3.629069030284881592e-02 -7.835802435874938965e-02 -1.053820475935935974e-01 8.028717711567878723e-03 -3.865853697061538696e-02 -4.700746503658592701e-04 -6.342422217130661011e-02 -1.335752606391906738e-01 -1.416826993227005005e-02
-3.410306572914123535e-02 1.733889058232307434e-02 -3.896885737776756287e-02 8.344773948192596436e-02 -3.247547522187232971e-02 5.147263035178184509e-02 -9.525745362043380737e-02 -1.336313933134078979e-01 -1.196341291069984436e-01 2.596583776175975800e-02
-3.645079955458641052e-02 5.585278570652008057e-02 -1.926405355334281921e-02 -1.656532436609268188e-01 1.602200604975223541e-02 -6.632568687200546265e-02 2.381315082311630249e-02 4.312151670455932617e-02 -9.042952209711074829e-02 -4.808557406067848206e-02
2.092632203130051494e-04 -7.702533900737762451e-02 -7.678369432687759399e-02 -6.731736660003662109e-02 5.710602179169654846e-02 2.022645808756351471e-02 -9.172643721103668213e-02 7.415802218019962311e-03 4.525286331772804260e-02 -4.051271080970764160e-02
-1.098765712231397629e-02 7.498434931039810181e-02 -6.309687346220016479e-02 8.701647073030471802e-02 -7.412332296371459961e-02 2.843557298183441162e-02 -1.005912348628044128e-01 1.544133666902780533e-02 -7.173471152782440186e-02 -8.007596479728817940e-04
-1.029529944062232971e-01 -1.058615073561668396e-01 -9.232177585363388062e-02 -7.658673822879791260e-02 -7.502029091119766235e-02 -8.872316777706146240e-02 -7.137757539749145508e-02 -6.951802223920822144e-02 -6.296265125274658203e-02 -7.566936314105987549e-02
-5.365173332393169403e-03 -1.905990205705165863e-02 8.905547857284545898e-02 -2.194038964807987213e-02 -7.810679823160171509e-02 -3.733885288238525391e-02 -6.973174214363098145e-02 -1.280969679355621338e-01 -5.309154465794563293e-02 -5.819590762257575989e-03
-1.438780277967453003e-01 -2.070841565728187561e-02 -1.250921636819839478e-01 -8.498179912567138672e-02 -2.127723023295402527e-02 2.194711752235889435e-02 1.944874413311481476e-02 -1.153380870819091797e-01 -1.278731673955917358e-01 -3.674303740262985229e-02
-4.703126847743988037e-02 -4.864561930298805237e-02 -7.666448503732681274e-02 1.732866652309894562e-02 3.978945687413215637e-02 -1.732587069272994995e-01 3.480304405093193054e-02 -1.265798360109329224e-01 1.053443737328052521e-02 -2.460280433297157288e-02
-4.657581821084022522e-02 3.184451907873153687e-02 8.756648004055023193e-02 -1.240078508853912354e-01 -4.383299127221107483e-02 -1.299910545349121094e-01 -2.673358097672462463e-02 -9.137883782386779785e-02 -1.063956990838050842e-01 -8.554508537054061890e-02
-1.035354435443878174e-01 -1.065950244665145874e-01 -9.220722317695617676e-02 -7.733250409364700317e-02 -7.549423724412918091e-02 -8.835200220346450806e-02 -7.035935670137405396e-02 -6.951268017292022705e-02 -6.333959847688674927e-02 -7.504847645759582520e-02
-1.034312173724174500e-01 -1.064031124114990234e-01 -9.255557507276535034e-02 -7.629044353961944580e-02 -7.515264302492141724e-02 -8.914956450462341309e-02 -7.183273881673812866e-02 -6.941451877355575562e-02 -6.346461176872253418e-02 -7.644837349653244019e-02
-9.061209857463836670e-03 1.060107350349426270e-01 -4.721981287002563477e-02 -6.827238947153091431e-02 1.580246724188327789e-02 -6.976008415222167969e-02 -2.187789790332317352e-02 -8.371637761592864990e-02 -6.503537297248840332e-02 -2.438676916062831879e-02
7.823641598224639893e-02 3.750083968043327332e-02 2.574357949197292328e-02 -6.272313650697469711e-03 7.925520092248916626e-02 -2.784475497901439667e-02 2.141496539115905762e-02 -1.156496405601501465e-01 -4.771080985665321350e-02 -4.219082742929458618e-02
5.049250274896621704e-02 -7.987238466739654541e-02 -2.561129629611968994e-02 -1.006193533539772034e-01 5.756305996328592300e-03 5.353089421987533569e-02 -3.468333557248115540e-02 -1.264919340610504150e-01 4.420275613665580750e-02 -8.254476822912693024e-03
-3.731623664498329163e-02 4.068113490939140320e-02 7.612186949700117111e-03 1.079722270369529724e-01 1.045067608356475830e-01 9.131681919097900391e-02 7.575474679470062256e-03 3.378928452730178833e-02 -3.120816126465797424e-02 -5.450569838285446167e-02
-1.551955640316009521e-01 -9.641348570585250854e-02 -8.932532370090484619e-02 1.587788574397563934e-02 -6.802961975336074829e-02 7.686032913625240326e-03 1.000455543398857117e-01 1.787635497748851776e-02 -2.302621304988861084e-02 -3.299878910183906555e-02
-4.006962478160858154e-02 4.443637281656265259e-02 9.878205135464668274e-03 -1.046014204621315002e-01 8.608874864876270294e-03 -1.434220820665359497e-01 -5.003147292882204056e-03 1.974236592650413513e-02 -9.563712775707244873e-02 -4.820410162210464478e-02
-1.028917655348777771e-01 -1.065710783004760742e-01 -9.218370914459228516e-02 -7.661438733339309692e-02 -7.570372521877288818e-02 -8.932112157344818115e-02 -7.106699049472808838e-02 -6.926091015338897705e-02 -6.289784610271453857e-02 -7.602278888225555420e-02
-4.621719568967819214e-02 -1.233576163649559021e-01 -3.415511921048164368e-02 -8.179932087659835815e-02 -8.192913234233856201e-02 -8.994155377149581909e-02 -7.077163457870483398e-02 -7.886036485433578491e-02 -6.742138415575027466e-02 -8.597178012132644653e-02
-7.553142309188842773e-02 -4.594837501645088196e-02 -4.051099345088005066e-02 -8.791271597146987915e-02 -8.299680799245834351e-02 -9.496133029460906982e-02 -7.165053486824035645e-02 -7.371772080659866333e-02 -6.928033381700515747e-02 -9.241000562906265259e-02
-1.035116016864776611e-01 -1.055890843272209167e-01 -9.224703162908554077e-02 -7.702431827783584595e-02 -7.593573629856109619e-02 -8.995259553194046021e-02 -7.177022099494934082e-02 -6.913903355598449707e-02 -6.280352175235748291e-02 -7.581885159015655518e-02
-1.040184423327445984e-01 -1.059093475341796875e-01 -9.290345013141632080e-02 -7.643572986125946045e-02 -7.557750493288040161e-02 -8.899927884340286255e-02 -7.092397660017013550e-02 -7.092419266700744629e-02 -6.283240765333175659e-02 -7.609085738658905029e-02
-1.031059697270393372e-01 3.864317387342453003e-02 2.811026759445667267e-02 -1.107282564043998718e-01 -9.845537692308425903e-02 -1.098048612475395203e-01 -7.687709480524063110e-02 -7.643620669841766357e-02 -8.204635232686996460e-02 -1.274267882108688354e-01
-1.036298424005508423e-01 -1.056166291236877441e-01 -9.223370254039764404e-02 -7.778823375701904297e-02 -7.465314865112304688e-02 -8.988898247480392456e-02 -7.158346474170684814e-02 -6.943770498037338257e-02 -6.349215656518936157e-02 -7.528446614742279053e-02
3.299838397651910782e-03 -2.611876092851161957e-02 1.774062775075435638e-02 -1.197900995612144470e-01 -9.747587889432907104e-02 -1.184812560677528381e-01 -7.757492363452911377e-02 -4.936140403151512146e-02 -6.314401328563690186e-02 -6.724096089601516724e-02
-1.040348112583160400e-01 -1.048619821667671204e-01 -9.223653376102447510e-02 -7.630637288093566895e-02 -7.432571053504943848e-02 -8.898306638002395630e-02 -7.074115425348281860e-02 -6.923957169055938721e-02 -6.273422390222549438e-02 -7.530696690082550049e-02
-1.033960282802581787e-01 -1.063631400465965271e-01 -9.241201728582382202e-02 -7.694509625434875488e-02 -7.458721101284027100e-02 -8.871057629585266113e-02 -7.204800844192504883e-02 -6.913416087627410889e-02 -6.345243006944656372e-02 -7.577066123485565186e-02
-1.032499521970748901e-01 -1.052565351128578186e-01 -9.246110916137695312e-02 -7.771397382020950317e-02 -7.516013830900192261e-02 -8.925432711839675903e-02 -7.134174555540084839e-02 -6.885282695293426514e-02 -6.463517993688583374e-02 -7.559774816036224365e-02
-1.027036681771278381e-01 -1.068529412150382996e-01 -9.252084046602249146e-02 -7.663575559854507446e-02 -7.560934126377105713e-02 -8.903772383928298950e-02 -7.095330208539962769e-02 -7.027815282344818115e-02 -6.379329413175582886e-02 -7.663331925868988037e-02
-1.211885809898376465e-01 -2.179962582886219025e-02 -1.120578777045011520e-02 -9.069556742906570435e-02 -8.432213962078094482e-02 -9.821125864982604980e-02 -7.313248515129089355e-02 -7.142324745655059814e-02 -6.971292942762374878e-02 -9.631517529487609863e-02
-1.033644676208496094e-01 -1.054191589355468750e-01 -9.171778708696365356e-02 -7.637873291969299316e-02 -7.443821430206298828e-02 -8.936502039432525635e-02 -7.033462822437286377e-02 -6.878847628831863403e-02 -6.384906172752380371e-02 -7.448457181453704834e-02
-1.037649810314178467e-01 -1.052794829010963440e-01 -9.279789775609970093e-02 -7.679903507232666016e-02 -7.501579076051712036e-02 -8.848206698894500732e-02 -7.118924707174301147e-02 -6.944306939840316772e-02 -6.388434767723083496e-02 -7.509553432464599609e-02
-1.040357053279876709e-01 -1.054641529917716980e-01 -9.242888540029525757e-02 -7.640825212001800537e-02 -7.557193934917449951e-02 -8.898262679576873779e-02 -6.985313445329666138e-02 -6.975509226322174072e-02 -6.301671266555786133e-02 -7.608366012573242188e-02
-1.036393418908119202e-01 -1.053241267800331116e-01 -9.161059558391571045e-02 -7.681762427091598511e-02 -7.463392615318298340e-02 -8.914376795291900635e-02 -7.147911190986633301e-02 -6.968792527914047241e-02 -6.356526911258697510e-02 -7.537239044904708862e-02
-1.314087361097335815e-01 1.183315273374319077e-02 1.400784030556678772e-02 -1.022774651646614075e-01 -8.686304837465286255e-02 -1.045775189995765686e-01 -7.382418215274810791e-02 -7.368808984756469727e-02 -7.566910982131958008e-02 -1.103303804993629456e-01
-3.680089861154556274e-02 -9.153975546360015869e-02 1.045219320803880692e-02 -1.513940393924713135e-01 -5.938547849655151367e-02 9.742373600602149963e-03 -1.467152731493115425e-03 -2.176371403038501740e-02 -2.038253843784332275e-02 -1.610017195343971252e-02
1.592438481748104095e-02 -1.390083581209182739e-01 -4.023629799485206604e-02 -1.217488944530487061e-01 -5.353810265660285950e-02 1.182783544063568115e-01 -5.244463309645652771e-02 2.623767219483852386e-02 -3.657826781272888184e-02 -6.461908668279647827e-02
-1.038301810622215271e-01 -1.060034334659576416e-01 -9.267067164182662964e-02 -7.710204273462295532e-02 -7.487555593252182007e-02 -8.908461034297943115e-02 -7.134255021810531616e-02 -6.912416964769363403e-02 -6.284597516059875488e-02 -7.711774110794067383e-02
-1.036533862352371216e-01 -1.065167710185050964e-01 -9.248463809490203857e-02 -7.602947205305099487e-02 -7.539443671703338623e-02 -8.863013237714767456e-02 -7.131105661392211914e-02 -6.955838948488235474e-02 -6.389199942350387573e-02 -7.565017044544219971e-02
-3.917072340846061707e-02 -9.677038341760635376e-02 -3.496850654482841492e-02 -8.565495163202285767e-02 -8.475791662931442261e-02 -9.439244121313095093e-02 -7.124636322259902954e-02 -7.652136683464050293e-02 -6.944270431995391846e-02 -9.101748466491699219e-02
1.754944585263729095e-02 4.973179101943969727e-02 5.780071765184402466e-02 -6.408043950796127319e-02 -2.191740088164806366e-03 -3.526811301708221436e-02 -3.073305077850818634e-02 -4.798256978392601013e-02 -8.369370549917221069e-02 1.636921986937522888e-02
-1.197287160903215408e-02 1.903394609689712524e-02 1.075869798660278320e-01 -1.326495260000228882e-01 -7.319461554288864136e-02 -8.006534725427627563e-02 1.135917901992797852e-01 4.440806061029434204e-02 1.021767966449260712e-02 1.163838744163513184e+00
-2.376265451312065125e-02 -9.418477118015289307e-02 -3.278132155537605286e-02 1.387953907251358032e-01 1.828276552259922028e-02 -4.699711129069328308e-02 1.319101732224225998e-02 -3.337660059332847595e-02 8.340409025549888611e-03 -5.664450675249099731e-02
6.082655861973762512e-03 3.780734958127140999e-03 -9.670198708772659302e-02 -1.937380246818065643e-02 -1.468573808670043945e-01 4.691912978887557983e-02 -1.146755293011665344e-01 -9.978205710649490356e-02 -1.073541119694709778e-01 -8.800335973501205444e-02
-1.028345599770545959e-01 -1.058614552021026611e-01 -9.275054186582565308e-02 -7.656048238277435303e-02 -7.464772462844848633e-02 -8.901772648096084595e-02 -7.089250534772872925e-02 -6.940974295139312744e-02 -6.250152736902236938e-02 -7.527768611907958984e-02
-1.032815501093864441e-01 -1.047732830047607422e-01 -9.242187440395355225e-02 -7.754799723625183105e-02 -7.441045343875885010e-02 -8.911450952291488647e-02 -7.085037976503372192e-02 -6.951775401830673218e-02 -6.239737942814826965e-02 -7.599834352731704712e-02
-5.198917537927627563e-02 -2.534497901797294617e-02 -1.388437002897262573e-01 5.554641783237457275e-02 4.058812279254198074e-03 2.944312617182731628e-02 -5.480817332863807678e-02 6.882665306329727173e-02 -1.440601143985986710e-02 -4.780245479196310043e-03
-1.429836302995681763e-01 -5.510329082608222961e-02 -1.095443889498710632e-01 -2.647641301155090332e-02 -5.352833122014999390e-02 8.157180249691009521e-02 5.975869670510292053e-02 -6.087118387222290039e-02 -1.443296521902084351e-01 -7.792740315198898315e-02
-1.032834053039550781e-01 -1.064605638384819031e-01 -9.217230230569839478e-02 -7.725716382265090942e-02 -7.469879090785980225e-02 -8.909960091114044189e-02 -7.136274874210357666e-02 -6.812483072280883789e-02 -6.285998225212097168e-02 -7.596281915903091431e-02
-1.033604368567466736e-01 -1.065023243427276611e-01 -9.334142506122589111e-02 -7.703179121017456055e-02 -7.546142488718032837e-02 -8.934395760297775269e-02 -7.101889699697494507e-02 -6.915389746427536011e-02 -6.277246028184890747e-02 -7.565830647945404053e-02
1.413262262940406799e-02 -1.158353872597217560e-02 -1.565752774477005005e-01 -2.952437661588191986e-02 5.863173864781856537e-03 -4.018393903970718384e-02 -1.748967915773391724e-02 5.559408571571111679e-03 -1.444790046662092209e-02 -3.414192795753479004e-02
-1.030544042587280273e-01 -1.055135279893875122e-01 -9.156004339456558228e-02 -7.693701982498168945e-02 -7.444063574075698853e-02 -8.967057615518569946e-02 -7.264489680528640747e-02 -6.900261342525482178e-02 -6.362551450729370117e-02 -7.568830251693725586e-02
-1.036932989954948425e-01 -1.061503589153289795e-01 -9.292650967836380005e-02 -7.734280824661254883e-02 -7.469736039638519287e-02 -8.826866000890731812e-02 -7.221368700265884399e-02 -7.033105194568634033e-02 -6.263878196477890015e-02 -7.526946067810058594e-02
-1.033135429024696350e-01 -1.060113087296485901e-01 -9.195733815431594849e-02 -7.640110701322555542e-02 -7.367044687271118164e-02 -8.964259177446365356e-02 -7.076273858547210693e-02 -7.054206728935241699e-02 -6.349217891693115234e-02 -7.571186125278472900e-02
