2.176959440112113953e-02 4.340448504080995917e-05 6.518589332699775696e-03 -4.390399530529975891e-02 -3.566620126366615295e-02 -3.975643590092658997e-02 -2.840550616383552551e-02 -2.560652792453765869e-03 -8.948436006903648376e-03 -6.077646836638450623e-02
1.920028403401374817e-02 6.258586049079895020e-02 -3.984198346734046936e-02 -1.850702986121177673e-02 -4.313947632908821106e-02 -3.396810591220855713e-02 -3.266878798604011536e-02 -3.588041290640830994e-03 3.412585938349366188e-03 -2.408087812364101410e-02
-3.521468862891197205e-02 -3.769056126475334167e-02 -3.913194686174392700e-02 -3.948426619172096252e-02 -4.665816202759742737e-02 -5.605434626340866089e-02 -3.317148610949516296e-02 -4.939772933721542358e-02 -3.116157278418540955e-02 -3.961286693811416626e-02
-3.481812030076980591e-02 -3.785346820950508118e-02 -4.000931605696678162e-02 -3.950506076216697693e-02 -4.645004495978355408e-02 -5.634908378124237061e-02 -3.273053467273712158e-02 -5.061694607138633728e-02 -3.168927505612373352e-02 -3.915564343333244324e-02
-3.247357532382011414e-02 -4.604112729430198669e-02 -1.533964835107326508e-02 2.880172617733478546e-02 -1.131746452301740646e-02 -1.319832913577556610e-02 -6.955491751432418823e-02 -9.924212470650672913e-03 4.216762632131576538e-02 2.499205619096755981e-02
-3.549454733729362488e-02 -3.739339113235473633e-02 -3.986952081322669983e-02 -3.933709859848022461e-02 -4.621784016489982605e-02 -5.559035763144493103e-02 -3.227333724498748779e-02 -5.072526261210441589e-02 -3.146814927458763123e-02 -3.875111415982246399e-02
8.000040426850318909e-03 4.641772713512182236e-03 -1.176528632640838623e-03 6.886607501655817032e-03 1.030477287713438272e-04 1.567284576594829559e-02 -1.109774317592382431e-02 -4.489083588123321533e-02 -2.786743827164173126e-02 -5.160643253475427628e-03
8.772051893174648285e-03 -9.756172075867652893e-03 -3.454245999455451965e-02 -2.843305282294750214e-02 -6.973438709974288940e-02 -8.696559816598892212e-02 7.063280791044235229e-02 -5.456847697496414185e-02 3.240354359149932861e-02 -2.685253694653511047e-02
9.338819980621337891e-02 -1.284814924001693726e-01 4.427578151226043701e-01 1.565327942371368408e-01 2.496476769447326660e-01 -1.500158756971359253e-02 1.937390416860580444e-01 8.633174747228622437e-02 -5.809605866670608521e-02 -7.513419538736343384e-02
-3.424597159028053284e-02 -3.703793138265609741e-02 -3.912027180194854736e-02 -3.994561359286308289e-02 -4.626785218715667725e-02 -5.642401427030563354e-02 -3.185829147696495056e-02 -5.067951977252960205e-02 -3.221878781914710999e-02 -3.859782218933105469e-02
-3.825237229466438293e-02 -4.425774514675140381e-02 -5.151669681072235107e-02 -4.467708244919776917e-02 1.757960533723235130e-03 -7.053633779287338257e-02 -4.153889417648315430e-02 -1.105298753827810287e-02 -3.905135765671730042e-02 -2.438471466302871704e-02
-3.598534315824508667e-02 -3.753961250185966492e-02 -3.938769176602363586e-02 -4.063468053936958313e-02 -4.584806784987449646e-02 -5.568489804863929749e-02 -3.192998468875885010e-02 -5.033942684531211853e-02 -3.149492293596267700e-02 -3.879851475358009338e-02
-1.191030628979206085e-02 -5.489292740821838379e-02 -3.181283548474311829e-02 3.905275464057922363e-02 -7.398359477519989014e-03 -3.842320293188095093e-02 -1.677783206105232239e-02 -3.671423345804214478e-02 -6.630009505897760391e-03 1.507826056331396103e-02
-3.940793126821517944e-02 -4.283654317259788513e-02 -5.509926378726959229e-02 -4.651820659637451172e-02 -2.525153104215860367e-03 -2.016116119921207428e-02 -3.823013231158256531e-02 -1.597232744097709656e-02 -3.480114415287971497e-02 -5.051929131150245667e-02
-3.524411097168922424e-02 -3.674766421318054199e-02 -3.937774896621704102e-02 -4.059914499521255493e-02 -4.646204039454460144e-02 -5.657943338155746460e-02 -3.294600918889045715e-02 -5.043400824069976807e-02 -3.126805275678634644e-02 -4.020608216524124146e-02
-3.452131897211074829e-02 -3.646148741245269775e-02 -3.823671117424964905e-02 -3.947990760207176208e-02 -4.634623974561691284e-02 -5.566612258553504944e-02 -3.239249810576438904e-02 -5.053787305951118469e-02 -3.206195309758186340e-02 -3.908647969365119934e-02
-3.646273910999298096e-02 -4.306038841605186462e-02 -4.405794665217399597e-02 -4.049200564622879028e-02 -6.446093320846557617e-02 -2.024391852319240570e-02 -3.320195525884628296e-02 -9.321500547230243683e-03 -3.192100673913955688e-02 -4.372995719313621521e-02
-3.598709031939506531e-02 -3.536981344223022461e-02 -1.675044745206832886e-02 -5.122841149568557739e-02 -1.125153433531522751e-02 3.260942175984382629e-02 -1.747777871787548065e-02 1.255873776972293854e-02 1.860992400906980038e-03 5.145156383514404297e-02
-4.787498712539672852e-02 -7.395967841148376465e-02 1.152072008699178696e-02 3.667777404189109802e-02 -5.883320048451423645e-02 1.620834576897323132e-03 -1.791331544518470764e-02 -2.197299525141716003e-02 -5.065322667360305786e-02 -2.088841609656810760e-02
1.364377886056900024e-02 -8.348996937274932861e-02 3.513494506478309631e-03 3.983372822403907776e-02 -3.292079642415046692e-02 -3.387992084026336670e-02 -4.705879464745521545e-02 -7.713332772254943848e-02 -5.100344493985176086e-02 -2.174737304449081421e-02
-3.475035354495048523e-02 -3.741224855184555054e-02 -3.997410833835601807e-02 -3.822359815239906311e-02 -4.625501483678817749e-02 -5.671505257487297058e-02 -3.218564391136169434e-02 -5.074995011091232300e-02 -3.246110677719116211e-02 -3.941432386636734009e-02
-3.478168696165084839e-02 -3.846007958054542542e-02 -3.967757150530815125e-02 -3.930193185806274414e-02 -4.606976360082626343e-02 -5.562993139028549194e-02 -3.230649232864379883e-02 -5.086330696940422058e-02 -3.243963047862052917e-02 -3.944227471947669983e-02
-3.482653945684432983e-02 -3.703937307000160217e-02 -3.908593952655792236e-02 -3.978729248046875000e-02 -4.682477191090583801e-02 -5.652293935418128967e-02 -3.220626711845397949e-02 -5.091430991888046265e-02 -3.194616734981536865e-02 -3.943037614226341248e-02
-2.237835433334112167e-03 -2.166962251067161560e-02 -2.588702738285064697e-02 -2.122006192803382874e-02 1.789310015738010406e-03 -1.880305632948875427e-02 -3.779375553131103516e-02 2.627243101596832275e-02 -2.194019593298435211e-02 4.063377529382705688e-02
-3.535543382167816162e-02 -3.772657737135887146e-02 -3.883858025074005127e-02 -3.984882310032844543e-02 -4.596503451466560364e-02 -5.636502429842948914e-02 -3.282403200864791870e-02 -5.061356723308563232e-02 -3.157339617609977722e-02 -3.944403305649757385e-02
3.352442756295204163e-03 -8.427058905363082886e-02 -1.151519920676946640e-02 1.807643473148345947e-02 -1.445159502327442169e-02 -4.723289050161838531e-03 6.453812588006258011e-03 3.519645705819129944e-02 -7.724090665578842163e-02 1.526228431612253189e-02
-3.477479517459869385e-02 -3.867221996188163757e-02 -3.919921815395355225e-02 -3.962908685207366943e-02 -4.561645910143852234e-02 -5.495434999465942383e-02 -3.237003833055496216e-02 -5.035560950636863708e-02 -3.243778273463249207e-02 -3.892430290579795837e-02
-2.453967928886413574e-02 -4.339940100908279419e-02 8.742216974496841431e-03 -1.108306460082530975e-02 -3.440950764343142509e-03 2.639972418546676636e-02 -5.292308982461690903e-03 2.160047553479671478e-02 -8.080155402421951294e-02 9.953540749847888947e-03
-8.571864664554595947e-02 -2.884300425648689270e-03 -3.149216622114181519e-02 -2.075235918164253235e-02 -3.865763545036315918e-03 -2.419379353523254395e-02 4.116941243410110474e-02 -5.782811716198921204e-02 1.539170742034912109e-02 2.695702947676181793e-02
-3.616739809513092041e-02 -2.210485190153121948e-02 -5.062510818243026733e-02 -1.925770752131938934e-02 -6.671665608882904053e-02 1.608777977526187897e-02 -4.971469566226005554e-02 -3.129440546035766602e-02 -1.162590924650430679e-02 -6.228199694305658340e-03
-4.504762217402458191e-02 -5.146201699972152710e-02 -6.712474673986434937e-02 -4.955452680587768555e-02 1.411672332324087620e-03 -5.217825993895530701e-03 -4.447268322110176086e-02 1.325284689664840698e-02 -3.944357857108116150e-02 -5.632421374320983887e-02
-1.906210929155349731e-02 -3.486243076622486115e-03 -2.182102762162685394e-02 -1.606758497655391693e-02 -3.694260027259588242e-03 3.518728911876678467e-02 -7.317762076854705811e-02 -1.565255783498287201e-02 -1.703032851219177246e-02 -3.900019079446792603e-02
1.475214306265115738e-02 -2.776263095438480377e-02 -1.594035327434539795e-02 2.894683368504047394e-02 -3.576487675309181213e-02 -4.162487387657165527e-02 1.609075628221035004e-02 -7.132825255393981934e-02 1.543346419930458069e-02 2.806647447869181633e-03
-3.701913729310035706e-02 3.194486349821090698e-02 -5.781452730298042297e-02 -8.888068608939647675e-03 -2.558452077209949493e-02 -5.693456903100013733e-02 2.205765061080455780e-02 -9.376639500260353088e-03 7.476013898849487305e-02 9.588880930095911026e-04
3.608417464420199394e-03 -6.844087690114974976e-02 -1.450905390083789825e-02 3.711397573351860046e-02 -1.592159271240234375e-02 -4.090134799480438232e-02 4.798532929271459579e-03 -7.267852127552032471e-02 -4.982946813106536865e-02 -5.825375020503997803e-02
-7.686222344636917114e-02 -1.961342431604862213e-02 -3.087180480360984802e-02 -8.302956819534301758e-02 5.417814012616872787e-03 1.903448812663555145e-02 -6.928396411240100861e-03 7.958787493407726288e-03 -8.262361399829387665e-03 4.848337918519973755e-02
-7.604780793190002441e-02 -5.053073167800903320e-02 -1.732759294100105762e-03 2.301153726875782013e-03 -4.019341617822647095e-02 1.648787409067153931e-02 -7.141601759940385818e-03 -4.080760106444358826e-02 -4.531030356884002686e-02 -7.089384645223617554e-02
-6.944814696907997131e-03 4.192050546407699585e-02 -3.890139982104301453e-02 -2.114946208894252777e-02 -3.166055306792259216e-02 -9.905711747705936432e-03 1.211283355951309204e-02 -5.428439751267433167e-02 1.589534431695938110e-02 2.428421378135681152e-02
-4.244687035679817200e-02 -3.001465275883674622e-02 -7.398720830678939819e-02 -4.445111006498336792e-02 3.950920887291431427e-03 -3.468128619715571404e-03 -5.032616481184959412e-02 4.227144643664360046e-02 -3.853200376033782959e-02 -5.700797215104103088e-02
-3.424987196922302246e-02 -3.723197430372238159e-02 -3.830771148204803467e-02 -3.988242894411087036e-02 -4.558324441313743591e-02 -5.607372149825096130e-02 -3.281472623348236084e-02 -5.048478767275810242e-02 -3.146632015705108643e-02 -3.934787213802337646e-02
4.919186979532241821e-02 -3.776052966713905334e-02 -2.318942453712224960e-03 -3.070416860282421112e-02 -1.229342725127935410e-02 3.770747222006320953e-03 -6.548568606376647949e-02 -4.875988140702247620e-02 -5.872074142098426819e-02 -5.521744024008512497e-04
3.636095672845840454e-03 -4.129511490464210510e-02 -2.427393198013305664e-02 3.940039500594139099e-02 -3.136415779590606689e-02 -6.009089574217796326e-02 1.767236180603504181e-02 -5.014631152153015137e-02 1.169123873114585876e-02 -7.352262735366821289e-02
-4.022485762834548950e-02 3.624180331826210022e-02 -2.004144247621297836e-03 -4.953157901763916016e-02 -1.183002442121505737e-02 1.125759165734052658e-02 -4.797230660915374756e-02 3.716662526130676270e-02 -3.776492550969123840e-02 -3.826134651899337769e-02
-6.054680421948432922e-02 -2.108669839799404144e-02 -1.231421716511249542e-03 -1.078345160931348801e-02 -4.441804718226194382e-03 -1.382178626954555511e-02 -2.261491306126117706e-02 2.799677848815917969e-02 -4.229807108640670776e-02 -2.954209595918655396e-02
-3.531634807586669922e-02 -3.717666864395141602e-02 -3.849391639232635498e-02 -3.874408826231956482e-02 -4.681578651070594788e-02 -5.566762760281562805e-02 -3.239508718252182007e-02 -5.002691224217414856e-02 -3.177920356392860413e-02 -3.921905905008316040e-02
4.678634554147720337e-02 2.807013876736164093e-02 -1.028177575790323317e-04 -3.633384034037590027e-02 -4.444200545549392700e-02 -1.510859839618206024e-02 1.125090941786766052e-02 -4.667568951845169067e-02 -5.278936028480529785e-02 -2.146037295460700989e-02
-2.280806377530097961e-02 2.452658861875534058e-02 2.428356371819972992e-02 -1.002959348261356354e-02 1.717978343367576599e-02 -3.680271655321121216e-02 -1.214096881449222565e-02 -4.366137087345123291e-02 -3.730344399809837341e-02 1.318214926868677139e-02
3.423774614930152893e-02 5.495063960552215576e-03 -2.260891161859035492e-02 -2.592808939516544342e-02 1.135285384953022003e-02 3.001426719129085541e-02 -1.550754066556692123e-02 2.463915571570396423e-02 -3.367469832301139832e-02 -6.051318254321813583e-03
1.007814239710569382e-02 -1.742892432957887650e-03 7.322802674025297165e-03 -2.515034517273306847e-03 6.665159482508897781e-03 -1.137988734990358353e-02 1.266567222774028778e-02 -3.673717379570007324e-02 -3.843678161501884460e-02 8.476505056023597717e-03
-1.801396906375885010e-02 -6.591390818357467651e-02 -3.593642963096499443e-03 1.950673572719097137e-02 -1.504729036241769791e-03 -1.156883127987384796e-02 1.256145723164081573e-02 -8.485684543848037720e-02 -6.522807478904724121e-02 -6.003306806087493896e-02
-3.487971797585487366e-02 -3.754723817110061646e-02 -3.855221718549728394e-02 -3.979993239045143127e-02 -4.554261639714241028e-02 -5.599122866988182068e-02 -3.221912309527397156e-02 -5.095685645937919617e-02 -3.260276094079017639e-02 -3.916586190462112427e-02
-1.017808169126510620e-02 -6.369816605001688004e-03 -5.538611114025115967e-02 1.421360578387975693e-02 -4.515457898378372192e-02 4.401355236768722534e-02 -8.351066708564758301e-02 1.204467698698863387e-04 4.536269232630729675e-02 -3.279142081737518311e-02
-3.500765189528465271e-02 -3.740703687071800232e-02 -3.905808553099632263e-02 -4.007720947265625000e-02 -4.636856168508529663e-02 -5.599347129464149475e-02 -3.273517265915870667e-02 -5.065319314599037170e-02 -3.217182308435440063e-02 -3.788498416543006897e-02
-1.963535137474536896e-02 6.122915446758270264e-02 -1.102563086897134781e-02 -2.539731562137603760e-02 2.496494352817535400e-02 -7.281792815774679184e-03 -1.075872108340263367e-01 -1.818870566785335541e-02 -2.366848476231098175e-02 3.916314989328384399e-02
6.344443652778863907e-03 -7.787020504474639893e-02 -8.335033198818564415e-04 2.723149396479129791e-02 -4.078377038240432739e-02 -2.238384075462818146e-02 -5.471937358379364014e-02 -5.084681510925292969e-02 -4.492305219173431396e-02 -1.842788234353065491e-02
-3.416061773896217346e-02 -3.669152781367301941e-02 -3.888910636305809021e-02 -3.900888189673423767e-02 -4.577172175049781799e-02 -5.556410551071166992e-02 -3.207434341311454773e-02 -5.090092495083808899e-02 -3.217230364680290222e-02 -3.933000937104225159e-02
2.637834288179874420e-03 -4.713793098926544189e-02 -1.112707331776618958e-02 2.050556428730487823e-02 1.437667291611433029e-02 3.840152919292449951e-02 -5.216343328356742859e-02 -1.020503044128417969e-02 1.570091582834720612e-02 1.037375885061919689e-03
-9.451089054346084595e-02 -1.948961243033409119e-02 3.517825901508331299e-02 6.433599162846803665e-03 -1.884628273546695709e-02 -1.798428012989461422e-03 2.416081028059124947e-03 -8.878416381776332855e-03 -6.069051846861839294e-02 2.372453548014163971e-02
-3.524606302380561829e-02 -3.827575221657752991e-02 -3.817909210920333862e-02 -3.924907371401786804e-02 -4.655916988849639893e-02 -5.526770651340484619e-02 -3.192910179495811462e-02 -5.122660100460052490e-02 -3.220389410853385925e-02 -3.910595178604125977e-02
8.349400013685226440e-03 -7.363310456275939941e-02 -5.793268326669931412e-03 -1.904045417904853821e-02 1.744212768971920013e-02 -5.452357605099678040e-02 -1.798279210925102234e-02 -1.582374051213264465e-02 1.562643609941005707e-02 5.618478171527385712e-04
-3.943032026290893555e-02 3.437266871333122253e-02 -7.921821437776088715e-03 -3.115524072200059891e-03 -2.305201953276991844e-03 2.706076577305793762e-02 -1.419893838465213776e-02 2.788827940821647644e-02 -1.400090567767620087e-02 -3.185237944126129150e-02
2.607085276395082474e-03 8.603802882134914398e-03 -2.093915455043315887e-02 -9.114252030849456787e-02 -4.068182781338691711e-02 -1.915670000016689301e-02 5.069415271282196045e-02 -1.961347088217735291e-02 -3.792393952608108521e-02 3.899422287940979004e-02
-3.866727650165557861e-02 -4.585948958992958069e-02 -5.286431312561035156e-02 -4.508812725543975830e-02 3.876506583765149117e-03 -7.135815173387527466e-02 -4.174717515707015991e-02 -9.392281994223594666e-03 -3.914437443017959595e-02 -2.434023655951023102e-02
-9.074591100215911865e-03 -5.596986738964915276e-04 -1.521662902086973190e-02 -8.015281707048416138e-02 4.515161737799644470e-03 -1.838487572968006134e-02 -5.017490684986114502e-02 5.644585937261581421e-02 -5.907308682799339294e-02 -2.329687587916851044e-03
-3.495481237769126892e-02 -3.783232718706130981e-02 -3.900087997317314148e-02 -3.961754962801933289e-02 -4.591286927461624146e-02 -5.708321556448936462e-02 -3.135568276047706604e-02 -5.070317536592483521e-02 -3.189718723297119141e-02 -3.944655507802963257e-02
-3.570982068777084351e-02 -3.704467788338661194e-02 -3.935827314853668213e-02 -3.952555358409881592e-02 -4.624024033546447754e-02 -5.569112673401832581e-02 -3.246692195534706116e-02 -5.109810456633567810e-02 -3.139793872833251953e-02 -3.980993106961250305e-02
-3.480508178472518921e-02 -3.791898488998413086e-02 -3.987117111682891846e-02 -3.871006518602371216e-02 -4.570374637842178345e-02 -5.606395378708839417e-02 -3.307916596531867981e-02 -4.995275288820266724e-02 -3.236343711614608765e-02 -3.939888998866081238e-02
-9.104074537754058838e-02 -6.721916049718856812e-02 4.435009323060512543e-03 6.728752516210079193e-03 -2.164431661367416382e-02 2.671528235077857971e-02 -7.366821169853210449e-03 -2.533768303692340851e-02 -4.706826433539390564e-02 -3.934491798281669617e-02
-3.418390452861785889e-02 1.513778045773506165e-02 1.709735952317714691e-02 1.256436109542846680e-02 -4.064881056547164917e-02 6.796420086175203323e-03 -1.822364330291748047e-02 -2.929101139307022095e-02 -5.079607665538787842e-02 1.339369360357522964e-02
4.867977648973464966e-02 -9.552970528602600098e-02 -2.413518354296684265e-02 2.351431921124458313e-02 -1.694130711257457733e-02 -2.134048752486705780e-02 -7.218991219997406006e-02 -3.979763388633728027e-02 -1.089675258845090866e-02 -3.458655625581741333e-02
-3.522054105997085571e-02 -3.715719282627105713e-02 -3.865246474742889404e-02 -3.921920433640480042e-02 -4.635711014270782471e-02 -5.612868070602416992e-02 -3.284059092402458191e-02 -4.944973811507225037e-02 -3.226109966635704041e-02 -3.969899564981460571e-02
-3.399641439318656921e-02 -3.668661415576934814e-02 -3.897830843925476074e-02 -3.991276025772094727e-02 -4.693849384784698486e-02 -5.534525215625762939e-02 -3.325834497809410095e-02 -5.043516308069229126e-02 -3.266410529613494873e-02 -3.916266933083534241e-02
-3.521439433097839355e-02 -3.703452646732330322e-02 -3.912709653377532959e-02 -3.874576091766357422e-02 -4.559721797704696655e-02 -5.694618076086044312e-02 -3.230823576450347900e-02 -5.035011470317840576e-02 -3.111711889505386353e-02 -3.888613730669021606e-02
-3.489212319254875183e-02 -3.756821528077125549e-02 -3.822309896349906921e-02 -3.923788666725158691e-02 -4.564189910888671875e-02 -5.606553703546524048e-02 -3.281394764780998230e-02 -4.994839802384376526e-02 -3.153143823146820068e-02 -3.904183208942413330e-02
-4.036560654640197754e-02 -4.353922232985496521e-02 -5.673610046505928040e-02 -4.707555472850799561e-02 2.681490732356905937e-03 -1.794094778597354889e-02 -3.953658416867256165e-02 -1.389523409307003021e-02 -3.582499548792839050e-02 -5.118265002965927124e-02
-3.488972038030624390e-02 -3.747005388140678406e-02 -3.888609632849693298e-02 -3.916941583156585693e-02 -4.653676226735115051e-02 -5.551773309707641602e-02 -3.242558240890502930e-02 -5.022829025983810425e-02 -3.211505338549613953e-02 -3.893332555890083313e-02
-3.482030704617500305e-02 -3.703232482075691223e-02 -3.887446224689483643e-02 -3.950254991650581360e-02 -4.672837629914283752e-02 -5.570039153099060059e-02 -3.321187198162078857e-02 -5.110687762498855591e-02 -3.255221620202064514e-02 -3.984585404396057129e-02
8.913417346775531769e-03 8.029355667531490326e-03 -9.942674078047275543e-03 1.083720941096544266e-02 8.629798889160156250e-03 -3.684615343809127808e-02 -4.091533273458480835e-02 -1.498008985072374344e-02 -1.301960181444883347e-02 4.042482003569602966e-02
-2.352932095527648926e-02 -7.119608670473098755e-02 8.550544269382953644e-03 1.814981922507286072e-02 -2.103632315993309021e-02 3.819883242249488831e-02 -1.922324299812316895e-02 -1.009197905659675598e-02 -6.711251288652420044e-02 -6.938055902719497681e-02
-8.212439715862274170e-02 -6.557008624076843262e-02 7.552771829068660736e-03 -2.792296372354030609e-02 1.213931106030941010e-02 -2.230245620012283325e-02 2.703786455094814301e-02 -2.916953153908252716e-02 -6.623113155364990234e-02 -1.842110045254230499e-02
-3.475008904933929443e-02 -3.797397390007972717e-02 -3.934895619750022888e-02 -4.018321633338928223e-02 -4.562185704708099365e-02 -5.610401183366775513e-02 -3.244214132428169250e-02 -4.972523078322410583e-02 -3.195125237107276917e-02 -3.955926373600959778e-02
3.326797112822532654e-02 -2.224777452647686005e-02 -5.157478898763656616e-02 -3.177254460752010345e-03 -2.169734239578247070e-02 -2.847202681005001068e-02 1.701164618134498596e-02 -5.952247232198715210e-02 8.224933408200740814e-03 4.315399006009101868e-02
-4.485456645488739014e-02 5.151011794805526733e-02 -1.656432077288627625e-02 -3.300816565752029419e-02 -2.227586694061756134e-03 -5.342699214816093445e-02 3.300215676426887512e-02 -7.906192913651466370e-03 -4.808013793081045151e-03 -2.974983304738998413e-02
-3.492671251296997070e-02 -3.601732105016708374e-02 -3.948457539081573486e-02 -3.837823495268821716e-02 -4.649674519896507263e-02 -5.669146403670310974e-02 -3.186483308672904968e-02 -5.091011524200439453e-02 -3.177702799439430237e-02 -3.839423879981040955e-02
-3.628713265061378479e-02 -4.066097736358642578e-02 -4.215732589364051819e-02 -3.978346288204193115e-02 -5.869266763329505920e-02 -2.702167071402072906e-02 -3.166559338569641113e-02 -1.822296716272830963e-02 -3.127975761890411377e-02 -4.210958629846572876e-02
4.028222709894180298e-02 -4.097284004092216492e-02 3.912927117198705673e-03 6.947712972760200500e-03 -3.205075860023498535e-02 3.904949175193905830e-03 -5.782743543386459351e-02 -6.092939525842666626e-02 -5.775526538491249084e-02 -7.871468365192413330e-02
-1.112363953143358231e-02 -4.224115982651710510e-02 -4.497900977730751038e-02 -3.671297430992126465e-02 -1.744482479989528656e-02 2.124792896211147308e-02 -4.278704896569252014e-02 4.156011715531349182e-02 -1.331742946058511734e-02 -4.270734265446662903e-02
-3.582096472382545471e-02 -3.776705265045166016e-02 -3.934255987405776978e-02 -3.967859596014022827e-02 -4.592224955558776855e-02 -5.606047809123992920e-02 -3.189412876963615417e-02 -5.079919844865798950e-02 -3.125588223338127136e-02 -3.902008011937141418e-02
-3.423153609037399292e-02 -3.687024116516113281e-02 -3.916685283184051514e-02 -3.898650035262107849e-02 -4.561904817819595337e-02 -5.673802644014358521e-02 -3.280836716294288635e-02 -5.025723576545715332e-02 -3.120684437453746796e-02 -3.918912261724472046e-02
-2.028422988951206207e-02 -1.921772025525569916e-02 -1.400936953723430634e-02 -1.830778643488883972e-02 2.068834751844406128e-02 1.254419703036546707e-02 -7.642180472612380981e-02 -3.130427328869700432e-03 -1.035454683005809784e-02 -7.516062259674072266e-02
-2.995643578469753265e-02 1.183741763234138489e-01 -4.578087106347084045e-02 5.962589010596275330e-02 3.429322270676493645e-03 7.765424251556396484e-02 -3.302581980824470520e-02 7.281394675374031067e-03 2.390810102224349976e-01 3.180108964443206787e-02
-7.061431650072336197e-03 -9.760290384292602539e-03 -1.772692427039146423e-02 -4.956655949354171753e-02 1.174314133822917938e-02 4.696419928222894669e-03 -4.803110659122467041e-02 5.122105777263641357e-02 -2.270784974098205566e-02 -2.466993406414985657e-02
-3.248242428526282310e-03 -2.082180976867675781e-02 7.554266601800918579e-03 -2.909909002482891083e-03 -5.549629032611846924e-02 -5.573617294430732727e-03 2.792141586542129517e-02 -6.697555538266897202e-03 -1.770109985955059528e-03 2.649631723761558533e-02
-3.564919903874397278e-02 -3.695903718471527100e-02 -3.895458206534385681e-02 -3.964456543326377869e-02 -4.634613171219825745e-02 -5.521883815526962280e-02 -3.286811709403991699e-02 -5.069219321012496948e-02 -3.216237574815750122e-02 -4.005804285407066345e-02
-3.504533320665359497e-02 -3.666437417268753052e-02 -3.927931189537048340e-02 -3.951109573245048523e-02 -4.626667872071266174e-02 -5.556253343820571899e-02 -3.302692249417304993e-02 -5.043010413646697998e-02 -3.154028952121734619e-02 -3.889854624867439270e-02
-4.020823165774345398e-02 -4.755245894193649292e-02 -5.021532624959945679e-02 -4.177550971508026123e-02 -8.459823578596115112e-02 -5.534128751605749130e-03 -3.312239795923233032e-02 1.486683171242475510e-02 -3.209304809570312500e-02 -4.946088790893554688e-02
-2.722638426348567009e-03 -3.161202743649482727e-02 -2.415191940963268280e-02 2.370021305978298187e-02 -6.665869615972042084e-03 4.308781027793884277e-02 -8.424518629908561707e-03 -1.852625794708728790e-02 -3.253702074289321899e-02 -1.844977401196956635e-02
-3.735285624861717224e-02 -4.237615689635276794e-02 -4.447646439075469971e-02 -4.032748565077781677e-02 -6.059254705905914307e-02 -2.122568152844905853e-02 -3.242829814553260803e-02 -1.076791435480117798e-02 -3.250872343778610229e-02 -4.517231881618499756e-02
-8.462273329496383667e-02 -5.450767278671264648e-02 -6.297752261161804199e-03 -1.712489128112792969e-02 3.237631916999816895e-02 -5.077666137367486954e-03 -2.705214312300086021e-03 -4.784192889928817749e-02 -5.022412538528442383e-02 -4.461567848920822144e-02
-4.161181300878524780e-02 -4.949404299259185791e-02 -5.433066189289093018e-02 -4.382348060607910156e-02 -8.211079239845275879e-02 4.263402428478002548e-03 -3.454075753688812256e-02 1.994341984391212463e-02 -3.419336676597595215e-02 -5.455798655748367310e-02
-3.662941232323646545e-02 -4.119666293263435364e-02 -4.190572723746299744e-02 -4.056439548730850220e-02 -5.836266651749610901e-02 -2.739523351192474365e-02 -3.241256996989250183e-02 -1.752964220941066742e-02 -3.170461207628250122e-02 -4.265858232975006104e-02
-4.016808792948722839e-02 -4.716634750366210938e-02 -5.965544283390045166e-02 -4.915516451001167297e-02 2.204569615423679352e-02 -6.118597090244293213e-02 -4.631575942039489746e-02 -5.508714355528354645e-03 -4.188958927989006042e-02 -3.683082759380340576e-02
-3.812054917216300964e-02 -4.287165030837059021e-02 -4.813470318913459778e-02 -4.273338988423347473e-02 -5.111614987254142761e-02 -1.317719463258981705e-02 -3.372651338577270508e-02 -6.140997167676687241e-03 -3.241995349526405334e-02 -4.768757522106170654e-02
-3.658995404839515686e-02 -4.115241020917892456e-02 -4.613873362541198730e-02 -4.176215454936027527e-02 -3.625797480344772339e-02 -2.293768525123596191e-02 -3.417411074042320251e-02 -1.866212859749794006e-02 -3.308082744479179382e-02 -4.487686231732368469e-02
-4.281938448548316956e-02 -4.834015667438507080e-02 -5.645832791924476624e-02 -4.499538615345954895e-02 -4.654932767152786255e-02 6.684986874461174011e-03 -3.699885681271553040e-02 1.035635173320770264e-02 -3.441974520683288574e-02 -5.503306165337562561e-02
-3.598351404070854187e-02 -3.757554292678833008e-02 -4.010691493749618530e-02 -3.899982571601867676e-02 -4.613462835550308228e-02 -5.563044920563697815e-02 -3.241984173655509949e-02 -5.013022199273109436e-02 -3.132333233952522278e-02 -3.967619687318801880e-02
1.577738858759403229e-02 2.468683943152427673e-02 -3.866620128974318504e-03 3.143657697364687920e-03 -8.362445980310440063e-03 -4.308468848466873169e-02 -5.181302502751350403e-02 -8.654111064970493317e-03 5.574036389589309692e-03 1.025654375553131104e-03
-1.968815736472606659e-02 1.578422263264656067e-02 2.854748442769050598e-02 -1.169196795672178268e-02 -9.852193761616945267e-04 -2.638648450374603271e-02 -6.750284135341644287e-02 -2.406860515475273132e-02 1.146656647324562073e-02 -9.038881957530975342e-02
-5.912235751748085022e-02 -3.304313495755195618e-02 3.553716000169515610e-03 -6.934676319360733032e-02 -3.176616504788398743e-02 1.507765334099531174e-02 2.147769555449485779e-02 -6.608629971742630005e-02 -1.025265175849199295e-02 3.768577054142951965e-02
-2.804257720708847046e-02 -2.161685191094875336e-02 -2.545297704637050629e-02 2.293473109602928162e-02 2.777287177741527557e-02 -6.992776691913604736e-02 -8.268876373767852783e-02 -2.924739196896553040e-02 8.787691593170166016e-03 -8.545236196368932724e-04
-3.490903601050376892e-02 -3.737648203969001770e-02 -3.899458795785903931e-02 -3.906454890966415405e-02 -4.706112295389175415e-02 -5.532963201403617859e-02 -3.236922994256019592e-02 -5.063674598932266235e-02 -3.238632529973983765e-02 -3.887999430298805237e-02
-3.033513203263282776e-02 -6.459651887416839600e-02 5.082241725176572800e-03 1.778631284832954407e-02 -4.943788424134254456e-02 5.548282060772180557e-03 -5.278189107775688171e-02 -3.984281420707702637e-02 -4.740965738892555237e-02 -4.960898682475090027e-02
-1.757721044123172760e-02 -3.928359225392341614e-02 -6.710624787956476212e-03 -7.908525876700878143e-03 -1.023570355027914047e-02 3.591242432594299316e-02 2.859169058501720428e-02 1.734679006040096283e-02 -7.565185427665710449e-02 -3.401631861925125122e-02
-3.869220986962318420e-02 -4.675654694437980652e-02 -4.878408089280128479e-02 -4.142806306481361389e-02 -8.071953803300857544e-02 -6.657599005848169327e-03 -3.334967419505119324e-02 9.822031483054161072e-03 -3.196387737989425659e-02 -4.887297376990318298e-02
5.615959875285625458e-03 7.107523083686828613e-02 5.124336108565330505e-03 -1.875506155192852020e-02 -2.453508041799068451e-02 -9.194303303956985474e-03 4.780609905719757080e-02 3.876176849007606506e-02 -4.695888236165046692e-02 -1.861308515071868896e-02
2.064879424870014191e-02 3.253158647567033768e-03 -2.808706648647785187e-02 4.709650203585624695e-02 -5.389334633946418762e-03 -8.969902060925960541e-03 1.560834469273686409e-03 1.813989877700805664e-02 -3.376446198672056198e-03 -5.173972621560096741e-02
-3.606532141566276550e-02 -4.192254692316055298e-02 -4.317590966820716858e-02 -4.039121046662330627e-02 -6.269116699695587158e-02 -2.275464124977588654e-02 -3.160611540079116821e-02 -1.135702803730964661e-02 -3.258763626217842102e-02 -4.374578967690467834e-02
1.298253610730171204e-02 -2.392016723752021790e-02 -4.725485667586326599e-02 -3.283241391181945801e-02 -4.517329856753349304e-02 4.441840574145317078e-02 -6.402178853750228882e-02 -3.395600710064172745e-03 1.628650724887847900e-02 -2.292384020984172821e-02
-8.935590088367462158e-02 -5.922193080186843872e-02 -3.723648842424154282e-05 1.968442276120185852e-02 -1.265795156359672546e-02 -1.136482134461402893e-02 2.428076602518558502e-02 -7.155331224203109741e-02 -5.941474065184593201e-02 -3.291700407862663269e-02
3.418390825390815735e-02 -5.301619693636894226e-02 5.027954932302236557e-03 -1.617664657533168793e-02 2.213600464165210724e-02 -1.935372129082679749e-02 -2.771900780498981476e-02 -1.250752806663513184e-02 -2.705431729555130005e-02 7.474129088222980499e-03
4.939118400216102600e-03 -2.169631421566009521e-02 -3.122355975210666656e-02 3.511567413806915283e-02 -4.415459185838699341e-02 1.539742294698953629e-02 -7.154782116413116455e-02 -2.174349268898367882e-03 2.495769038796424866e-02 -3.736618533730506897e-02
-3.472865372896194458e-02 -3.733219951391220093e-02 -3.910113498568534851e-02 -3.876844048500061035e-02 -4.709732159972190857e-02 -5.678733810782432556e-02 -3.250540792942047119e-02 -4.990148544311523438e-02 -3.244832903146743774e-02 -3.935009241104125977e-02
-7.998383953236043453e-04 1.772749982774257660e-02 -1.558207813650369644e-02 -9.743199683725833893e-03 1.585133560001850128e-02 6.240906193852424622e-02 -3.997340053319931030e-02 -2.647635992616415024e-03 -1.466562878340482712e-02 -2.060006186366081238e-02
-3.510778024792671204e-02 -3.713024780154228210e-02 -3.874818608164787292e-02 -3.934620320796966553e-02 -4.612527787685394287e-02 -5.680511519312858582e-02 -3.211496397852897644e-02 -5.019766464829444885e-02 -3.177612647414207458e-02 -3.851121291518211365e-02
-3.936701640486717224e-02 -4.316996037960052490e-02 -5.643755197525024414e-02 -4.824969172477722168e-02 1.466298289597034454e-02 -3.794307261705398560e-02 -4.110804200172424316e-02 -1.599910482764244080e-02 -3.669511154294013977e-02 -4.971188679337501526e-02
4.857782274484634399e-02 2.498651295900344849e-02 -1.091341953724622726e-02 -8.598169684410095215e-02 -5.151201039552688599e-02 -4.040027037262916565e-02 3.275616560131311417e-03 -4.078403115272521973e-02 -1.673266291618347168e-02 -4.992773383855819702e-02
-7.650693412870168686e-03 2.382135018706321716e-02 -2.259253151714801788e-02 -2.499963389709591866e-03 2.623461373150348663e-02 -4.120434075593948364e-02 -6.799680739641189575e-02 -1.194950006902217865e-02 3.491610987111926079e-03 -4.402457177639007568e-02
-8.232037723064422607e-02 -6.180559843778610229e-02 -2.190622687339782715e-02 -2.770195901393890381e-02 4.417523741722106934e-02 -2.083025686442852020e-02 2.354363352060317993e-02 -1.627250202000141144e-02 -4.622955620288848877e-02 -2.189209870994091034e-02
-2.035432867705821991e-02 -8.265945315361022949e-02 -8.735790848731994629e-03 -3.283671662211418152e-02 -1.904653181554749608e-04 1.796315051615238190e-02 -1.185945887118577957e-02 2.825020812451839447e-02 -6.616434454917907715e-02 -2.928960835561156273e-03
-4.623683542013168335e-02 -5.225593969225883484e-02 -6.993252038955688477e-02 -5.149843171238899231e-02 1.115475408732891083e-02 -1.100051961839199066e-02 -4.839378222823143005e-02 2.775808237493038177e-02 -4.513828083872795105e-02 -4.646676406264305115e-02
-4.336981102824211121e-02 -5.056547746062278748e-02 -6.319161504507064819e-02 -4.567964002490043640e-02 -4.254034906625747681e-02 1.811934821307659149e-02 -3.990307077765464783e-02 2.575269713997840881e-02 -3.745803982019424438e-02 -6.182453036308288574e-02
-3.479171544313430786e-02 -3.696091845631599426e-02 -3.920909389853477478e-02 -4.001282900571823120e-02 -4.567404091358184814e-02 -5.597917363047599792e-02 -3.239438310265541077e-02 -5.007592588663101196e-02 -3.181739896535873413e-02 -3.921442106366157532e-02
-3.669631481170654297e-02 -4.250284284353256226e-02 -4.410189762711524963e-02 -4.037666693329811096e-02 -6.750439852476119995e-02 -1.874809339642524719e-02 -3.269609808921813965e-02 -6.208398845046758652e-03 -3.194011002779006958e-02 -4.461867362260818481e-02
-3.486168012022972107e-02 -3.765509650111198425e-02 -3.856502100825309753e-02 -3.934269770979881287e-02 -4.635929688811302185e-02 -5.651648342609405518e-02 -3.210986033082008362e-02 -5.108283087611198425e-02 -3.146672621369361877e-02 -3.882404416799545288e-02
-3.558525443077087402e-02 -3.762156143784523010e-02 -3.902995213866233826e-02 -3.929467871785163879e-02 -4.679384082555770874e-02 -5.637386441230773926e-02 -3.177928179502487183e-02 -5.015397444367408752e-02 -3.212295100092887878e-02 -3.889512270689010620e-02
-5.534503236413002014e-02 -6.607770174741744995e-02 3.460460109636187553e-03 4.371074028313159943e-03 -2.816902659833431244e-02 -3.258290886878967285e-02 4.189846664667129517e-02 -6.002937257289886475e-02 -5.267310142517089844e-02 -1.389036700129508972e-02
-3.672495018690824509e-03 1.352064404636621475e-02 -3.001420944929122925e-02 1.558436080813407898e-02 3.233496844768524170e-02 9.153651073575019836e-03 -5.068068578839302063e-02 -3.084835968911647797e-02 -4.724879935383796692e-02 6.087696552276611328e-02
-3.583009913563728333e-02 -3.724702820181846619e-02 -3.959944844245910645e-02 -3.909211978316307068e-02 -4.552498087286949158e-02 -5.577975511550903320e-02 -3.140961378812789917e-02 -5.044493079185485840e-02 -3.193157911300659180e-02 -3.950955346226692200e-02
-3.704995289444923401e-02 -4.359962791204452515e-02 -4.424870014190673828e-02 -4.010750353336334229e-02 -6.822434812784194946e-02 -1.800185814499855042e-02 -3.271060436964035034e-02 -5.040830932557582855e-03 -3.219104930758476257e-02 -4.595277830958366394e-02
-7.340448349714279175e-02 -3.561665117740631104e-02 -4.158137738704681396e-02 -8.824774064123630524e-03 2.502029575407505035e-02 -4.937107115983963013e-02 -2.731185173615813255e-03 -5.095699802041053772e-03 4.322785511612892151e-02 1.274526491761207581e-02
-3.440496325492858887e-02 -3.775665163993835449e-02 -3.904283419251441956e-02 -3.928117454051971436e-02 -4.578256979584693909e-02 -5.575373396277427673e-02 -3.200004622340202332e-02 -5.079260468482971191e-02 -3.177480399608612061e-02 -3.918328136205673218e-02
-5.257151648402214050e-02 1.766812615096569061e-02 -1.512612216174602509e-02 5.911624524742364883e-03 8.179334690794348717e-04 -2.065373025834560394e-02 -1.286925282329320908e-02 6.719537824392318726e-02 -2.478284202516078949e-02 -3.031406365334987640e-02
1.818118244409561157e-02 -7.344877347350120544e-03 3.416053578257560730e-02 -1.320209261029958725e-02 -3.799522295594215393e-02 5.254420265555381775e-02 -3.641617670655250549e-02 -4.158948734402656555e-02 -8.854073286056518555e-02 1.694571971893310547e-02
-3.450267761945724487e-02 -3.692917898297309875e-02 -3.982536867260932922e-02 -3.933792933821678162e-02 -4.643208533525466919e-02 -5.627636983990669250e-02 -3.147884458303451538e-02 -5.047254264354705811e-02 -3.173417970538139343e-02 -3.948763012886047363e-02
-3.505442291498184204e-02 -3.753060102462768555e-02 -3.899983689188957214e-02 -3.903070464730262756e-02 -4.531127586960792542e-02 -5.586144328117370605e-02 -3.201697766780853271e-02 -5.104997009038925171e-02 -3.212061151862144470e-02 -3.922072425484657288e-02
-3.493185341358184814e-02 -3.748957067728042603e-02 -3.994914144277572632e-02 -3.900143876671791077e-02 -4.537688940763473511e-02 -5.594217404723167419e-02 -3.215581551194190979e-02 -5.029664561152458191e-02 -3.213052824139595032e-02 -3.971933946013450623e-02
-3.504038229584693909e-02 -3.729991987347602844e-02 -3.945913165807723999e-02 -3.980289027094841003e-02 -4.647450149059295654e-02 -5.623711273074150085e-02 -3.334516659379005432e-02 -5.124926567077636719e-02 -3.150602430105209351e-02 -3.953934088349342346e-02
-3.503238037228584290e-02 -3.715061768889427185e-02 -3.969742730259895325e-02 -3.893003985285758972e-02 -4.704998061060905457e-02 -5.639477819204330444e-02 -3.261766582727432251e-02 -5.084462836384773254e-02 -3.090279735624790192e-02 -3.836209326982498169e-02
-3.570190072059631348e-02 -3.761522844433784485e-02 -3.959001228213310242e-02 -3.931519016623497009e-02 -4.614534229040145874e-02 -5.600385367870330811e-02 -3.238643705844879150e-02 -5.022573471069335938e-02 -3.256115689873695374e-02 -3.872792795300483704e-02
8.569472283124923706e-02 1.678622141480445862e-02 -1.027199905365705490e-02 -5.376905947923660278e-02 -2.234712615609169006e-02 -3.949780017137527466e-02 -3.461671993136405945e-02 -4.230426251888275146e-02 -1.304508280009031296e-02 -4.719470068812370300e-02
-3.617480024695396423e-02 -4.173517599701881409e-02 -4.276838898658752441e-02 -3.968925029039382935e-02 -6.188540160655975342e-02 -2.310966141521930695e-02 -3.298697993159294128e-02 -1.267412863671779633e-02 -3.093302436172962189e-02 -4.405083134770393372e-02
2.324693836271762848e-02 -7.709006313234567642e-03 -5.595383234322071075e-03 -8.363956212997436523e-02 -2.247311174869537354e-02 1.481585949659347534e-02 -1.656054705381393433e-02 5.359994247555732727e-02 -7.463901489973068237e-02 -8.446100167930126190e-03
-3.517372161149978638e-02 -3.769857808947563171e-02 -3.934914246201515198e-02 -3.864694759249687195e-02 -4.685716331005096436e-02 -5.661119520664215088e-02 -3.215884417295455933e-02 -5.045194551348686218e-02 -3.156217187643051147e-02 -3.901660442352294922e-02
-9.700430557131767273e-03 3.523950930684804916e-03 1.237176009453833103e-03 -8.497913368046283722e-03 -3.684949502348899841e-02 2.131592482328414917e-02 1.072427909821271896e-02 -1.402122154831886292e-02 -2.509749261662364006e-03 1.212995778769254684e-02
-3.463671728968620300e-02 -3.830467909574508667e-02 -3.921197354793548584e-02 -3.962901234626770020e-02 -4.665032774209976196e-02 -5.608752369880676270e-02 -3.215594217181205750e-02 -5.049849301576614380e-02 -3.249585255980491638e-02 -3.863652795553207397e-02
3.592881932854652405e-02 2.986444160342216492e-02 -1.935778744518756866e-02 -3.711592406034469604e-02 -5.558542907238006592e-02 -4.738863557577133179e-02 -1.459153927862644196e-02 -2.357853204011917114e-02 3.688824176788330078e-02 -8.140315860509872437e-02
-2.510540746152400970e-02 -2.277826145291328430e-02 -4.947513714432716370e-02 -2.166231721639633179e-02 4.869145154953002930e-02 -9.249264746904373169e-02 -4.656781256198883057e-02 3.273966163396835327e-02 1.697858981788158417e-02 -2.046786807477474213e-02
-3.530848398804664612e-02 -3.703923523426055908e-02 -3.887795284390449524e-02 -3.856119886040687561e-02 -4.606200009584426880e-02 -5.653849616646766663e-02 -3.242716938257217407e-02 -5.053456872701644897e-02 -3.235014528036117554e-02 -3.984233364462852478e-02
-3.690301626920700073e-02 -4.265372827649116516e-02 -4.443769156932830811e-02 -4.075571894645690918e-02 -6.909815967082977295e-02 -1.910038851201534271e-02 -3.278959169983863831e-02 -5.553004331886768341e-03 -3.248734399676322937e-02 -4.512710869312286377e-02
-3.533261641860008240e-02 -3.662487864494323730e-02 -3.942985087633132935e-02 -3.962790966033935547e-02 -4.598212987184524536e-02 -5.589703097939491272e-02 -3.268295899033546448e-02 -5.052353441715240479e-02 -3.215493261814117432e-02 -3.941323235630989075e-02
-4.109354689717292786e-02 -4.367536306381225586e-02 -5.559382960200309753e-02 -4.769578203558921814e-02 1.357092801481485367e-02 -4.198670014739036560e-02 -4.071483388543128967e-02 -1.530206296592950821e-02 -3.599689155817031860e-02 -4.896039515733718872e-02
-3.439022600650787354e-02 -3.632291033864021301e-02 -4.004951938986778259e-02 -3.881315886974334717e-02 -4.601508751511573792e-02 -5.608558654785156250e-02 -3.296187520027160645e-02 -5.022842064499855042e-02 -3.191811963915824890e-02 -3.874528408050537109e-02
-3.851248323917388916e-02 -4.497996345162391663e-02 -4.699322581291198730e-02 -4.167696833610534668e-02 -7.645026594400405884e-02 -1.097577996551990509e-02 -3.161158785223960876e-02 3.856258234009146690e-03 -3.156070783734321594e-02 -4.858911037445068359e-02
-3.898079693317413330e-02 -4.706849157810211182e-02 -4.924152791500091553e-02 -4.187794774770736694e-02 -8.349170535802841187e-02 -6.094140000641345978e-03 -3.300837799906730652e-02 1.268689706921577454e-02 -3.213633596897125244e-02 -4.940502718091011047e-02
-3.490147367119789124e-02 -3.750528767704963684e-02 -3.907568380236625671e-02 -3.916157037019729614e-02 -4.658695682883262634e-02 -5.575472116470336914e-02 -3.325371816754341125e-02 -5.054124444723129272e-02 -3.218458220362663269e-02 -3.972474858164787292e-02
3.418825939297676086e-02 1.863916963338851929e-02 1.118823699653148651e-02 -5.242999270558357239e-02 -6.849917117506265640e-03 -2.604560181498527527e-02 -4.871806595474481583e-03 -5.750127509236335754e-02 1.653390191495418549e-02 9.101113304495811462e-03
-1.608069241046905518e-02 -4.764146637171506882e-03 -4.419135395437479019e-03 2.692996989935636520e-03 -1.251053996384143829e-02 -1.513830386102199554e-02 -1.729633472859859467e-02 -2.881247177720069885e-02 -1.407064497470855713e-02 7.328172028064727783e-02
-2.327731996774673462e-02 -8.030848950147628784e-02 9.112483821809291840e-03 3.160704672336578369e-02 -4.943070001900196075e-03 -4.187976196408271790e-02 -3.437126288190484047e-03 -6.141139939427375793e-02 -3.509543091058731079e-02 -1.930089481174945831e-02
-3.531334549188613892e-02 -3.692922368645668030e-02 -3.972500935196876526e-02 -3.941439092159271240e-02 -4.691046848893165588e-02 -5.618670210242271423e-02 -3.179894387722015381e-02 -5.068401992321014404e-02 -3.207577764987945557e-02 -3.932898864150047302e-02
-3.525618091225624084e-02 -3.729413077235221863e-02 -3.937717527151107788e-02 -3.949700668454170227e-02 -4.638306424021720886e-02 -5.597271025180816650e-02 -3.221155330538749695e-02 -5.048986151814460754e-02 -3.275989368557929993e-02 -3.968112170696258545e-02
-3.465241566300392151e-02 -3.750994056463241577e-02 -3.998721018433570862e-02 -3.970421478152275085e-02 -4.638310149312019348e-02 -5.587010458111763000e-02 -3.278131037950515747e-02 -5.045576021075248718e-02 -3.254061937332153320e-02 -3.927083313465118408e-02
-6.418688595294952393e-02 -4.732751473784446716e-02 -1.194678340107202530e-02 -2.932394482195377350e-02 -8.936964906752109528e-03 7.561642210930585861e-03 -7.351461332291364670e-03 -4.442771151661872864e-02 -4.197766631841659546e-02 -5.911457166075706482e-02
-5.941754207015037537e-02 -4.597599059343338013e-02 -3.877384960651397705e-02 -8.674620836973190308e-02 2.953872084617614746e-02 -1.666542328894138336e-02 1.464113686233758926e-02 -1.978520862758159637e-02 -8.565133437514305115e-03 1.623603701591491699e-02
-3.456163406372070312e-02 -3.800613060593605042e-02 -3.969371691346168518e-02 -3.925380855798721313e-02 -4.633789882063865662e-02 -5.607049912214279175e-02 -3.284198045730590820e-02 -5.025583505630493164e-02 -3.246103599667549133e-02 -3.890842944383621216e-02
-6.724695861339569092e-02 -2.835059911012649536e-02 -3.432451933622360229e-02 1.589544117450714111e-03 1.064058020710945129e-02 -6.341752596199512482e-03 -4.307122901082038879e-03 3.243536502122879028e-02 1.404920034110546112e-02 8.348012343049049377e-03
-3.465570136904716492e-02 -3.700621426105499268e-02 -3.876963257789611816e-02 -3.862306848168373108e-02 -4.628767073154449463e-02 -5.597065389156341553e-02 -3.265832737088203430e-02 -5.010628700256347656e-02 -3.282520920038223267e-02 -3.911988437175750732e-02
-4.099100828170776367e-02 -4.601854085922241211e-02 -5.353255942463874817e-02 -4.475978761911392212e-02 -4.474551975727081299e-02 -2.161173324566334486e-05 -3.580312803387641907e-02 4.577582702040672302e-03 -3.404519334435462952e-02 -5.228311941027641296e-02
-3.853348642587661743e-02 -4.582044109702110291e-02 -5.390465632081031799e-02 -4.447340220212936401e-02 5.517388693988323212e-03 -7.250798493623733521e-02 -4.202602058649063110e-02 -9.338489733636379242e-03 -3.999205678701400757e-02 -2.673709392547607422e-02
-4.157770797610282898e-02 -4.931867867708206177e-02 -5.228862911462783813e-02 -4.304426163434982300e-02 -8.846925944089889526e-02 5.071704741567373276e-03 -3.406153246760368347e-02 2.295135334134101868e-02 -3.371079266071319580e-02 -5.319291353225708008e-02
-3.499355167150497437e-02 -3.630982711911201477e-02 -3.985748812556266785e-02 -3.959913179278373718e-02 -4.591158032417297363e-02 -5.561080947518348694e-02 -3.327348828315734863e-02 -5.019994452595710754e-02 -3.224373236298561096e-02 -3.850300237536430359e-02
-3.466314449906349182e-02 -3.839389607310295105e-02 -3.955413401126861572e-02 -3.963068500161170959e-02 -4.660878702998161316e-02 -5.647076666355133057e-02 -3.298420459032058716e-02 -5.002793297171592712e-02 -3.239676728844642639e-02 -3.821522742509841919e-02
-3.705881163477897644e-02 -4.245079681277275085e-02 -4.784645140171051025e-02 -4.246670752763748169e-02 -3.090796433389186859e-02 -1.947646774351596832e-02 -3.525567799806594849e-02 -1.454171631485223770e-02 -3.285529091954231262e-02 -4.603613168001174927e-02
-3.410107269883155823e-02 -3.786396235227584839e-02 -3.912989422678947449e-02 -3.954757750034332275e-02 -4.607393965125083923e-02 -5.628183111548423767e-02 -3.193319216370582581e-02 -5.022368952631950378e-02 -3.211177140474319458e-02 -3.913913667201995850e-02
-3.539839014410972595e-02 -3.835540637373924255e-02 -4.000699520111083984e-02 -3.903847187757492065e-02 -4.604043439030647278e-02 -5.590662732720375061e-02 -3.277357295155525208e-02 -5.018982291221618652e-02 -3.141036629676818848e-02 -3.912902623414993286e-02
-3.524569049477577209e-02 -3.749235346913337708e-02 -3.909800946712493896e-02 -3.828549757599830627e-02 -4.574248194694519043e-02 -5.660880729556083679e-02 -3.272410109639167786e-02 -4.967689886689186096e-02 -3.203162923455238342e-02 -4.026744514703750610e-02
-3.514598682522773743e-02 -3.682564571499824524e-02 -3.917260095477104187e-02 -3.797470033168792725e-02 -4.632957279682159424e-02 -5.650211870670318604e-02 -3.253576904535293579e-02 -5.116711929440498352e-02 -3.265310823917388916e-02 -4.001018777489662170e-02
-3.500423952937126160e-02 -3.747508302330970764e-02 -4.003956168889999390e-02 -3.827578574419021606e-02 -4.649027064442634583e-02 -5.657482519745826721e-02 -3.221124410629272461e-02 -5.069472640752792358e-02 -3.313105553388595581e-02 -3.975726291537284851e-02
-4.114480316638946533e-02 -5.239856243133544922e-02 -5.549091100692749023e-02 -5.116538703441619873e-02 1.747867837548255920e-02 -7.501274347305297852e-02 -2.769976854324340820e-02 -8.899658569134771824e-04 -4.639065265655517578e-02 -1.115032285451889038e-02
4.040225967764854431e-02 2.370609901845455170e-02 -1.876581832766532898e-02 -7.591322809457778931e-02 -3.716812655329704285e-02 2.039878815412521362e-02 -7.332051545381546021e-02 3.307458013296127319e-02 -4.501200839877128601e-02 -8.943507820367813110e-02
-3.443225100636482239e-02 -3.717960417270660400e-02 -3.859640285372734070e-02 -3.983886912465095520e-02 -4.652641341090202332e-02 -5.634677037596702576e-02 -3.207622841000556946e-02 -5.037569254636764526e-02 -3.180069103837013245e-02 -3.997706994414329529e-02
-2.813515812158584595e-02 -6.402411311864852905e-02 -7.131975609809160233e-03 -2.358205383643507957e-03 6.496544927358627319e-03 -2.354554459452629089e-02 -4.384784493595361710e-03 -5.596104264259338379e-02 1.475957129150629044e-02 -9.613631991669535637e-04
-3.884632140398025513e-02 -4.645565152168273926e-02 -4.801242053508758545e-02 -4.183660075068473816e-02 -8.026575297117233276e-02 -9.049684740602970123e-03 -3.267492353916168213e-02 9.469099342823028564e-03 -3.232764452695846558e-02 -4.856264591217041016e-02
-3.102236427366733551e-02 1.812369748950004578e-02 -1.542817801237106323e-02 1.608046330511569977e-02 -1.431623101234436035e-02 -4.683312028646469116e-02 1.383026712574064732e-03 -4.936465620994567871e-02 -1.114538405090570450e-02 1.224633492529392242e-02
-6.948234140872955322e-02 -6.578513234853744507e-02 -2.408454753458499908e-02 -4.162271693348884583e-02 4.130472242832183838e-02 -3.847199305891990662e-02 1.017989683896303177e-02 -1.057612895965576172e-02 -5.658210813999176025e-02 -2.785853669047355652e-02
-3.888785839080810547e-02 -4.138843715190887451e-02 -5.013214424252510071e-02 -4.379045590758323669e-02 -4.356146790087223053e-03 -3.105751425027847290e-02 -3.729047253727912903e-02 -1.988203078508377075e-02 -3.397991508245468140e-02 -4.736349731683731079e-02
-5.378769338130950928e-02 -2.660618349909782410e-02 -2.635368704795837402e-02 5.131716653704643250e-02 -5.926797166466712952e-02 3.801916958764195442e-03 -5.729240551590919495e-02 -6.387092173099517822e-02 4.131771274842321873e-04 -1.037122681736946106e-02
-3.489837795495986938e-02 -3.737280145287513733e-02 -3.933692350983619690e-02 -3.958458453416824341e-02 -4.688140377402305603e-02 -5.592286959290504456e-02 -3.242641314864158630e-02 -5.068965628743171692e-02 -3.165051341056823730e-02 -3.878540545701980591e-02
-5.634548887610435486e-02 -3.392008319497108459e-02 -5.862215906381607056e-02 -4.110171645879745483e-02 1.035776827484369278e-02 -9.080722928047180176e-03 -1.819077320396900177e-02 1.251673419028520584e-02 2.821546606719493866e-02 8.417801000177860260e-03
-6.565492600202560425e-02 -5.883780494332313538e-02 -1.786744408309459686e-02 -2.075652033090591431e-02 -9.976790286600589752e-03 1.997673325240612030e-02 3.663984686136245728e-02 1.153947692364454269e-02 -5.160045251250267029e-02 -7.756874710321426392e-02
-3.482001274824142456e-02 -3.720036521553993225e-02 -3.972172364592552185e-02 -3.926210850477218628e-02 -4.690011590719223022e-02 -5.658003687858581543e-02 -3.185583278536796570e-02 -5.030562728643417358e-02 -3.276768699288368225e-02 -3.781818598508834839e-02
-3.399507328867912292e-02 -3.695808723568916321e-02 -3.900945559144020081e-02 -3.968574479222297668e-02 -4.583040997385978699e-02 -5.612655729055404663e-02 -3.248986601829528809e-02 -5.055463314056396484e-02 -3.260587900876998901e-02 -3.948695212602615356e-02
-5.096293240785598755e-02 2.926464751362800598e-02 -1.249932777136564255e-02 -7.233042269945144653e-02 1.964579522609710693e-02 -9.118072688579559326e-03 -1.739796437323093414e-02 2.646036818623542786e-02 -5.381103605031967163e-03 -2.057892037555575371e-03
-3.567998856306076050e-02 -3.743590414524078369e-02 -3.874358534812927246e-02 -3.860712796449661255e-02 -4.649918898940086365e-02 -5.667013674974441528e-02 -3.264122828841209412e-02 -5.092280358076095581e-02 -3.230627626180648804e-02 -3.894115239381790161e-02
-3.667945414781570435e-02 1.084741763770580292e-02 -4.456686787307262421e-03 -2.949091605842113495e-02 -5.532053485512733459e-02 3.071294538676738739e-02 6.487770006060600281e-03 -2.917382866144180298e-02 -4.396829754114151001e-02 -1.820731721818447113e-02
-3.474517539143562317e-02 -3.715285286307334900e-02 -4.002353549003601074e-02 -3.777746111154556274e-02 -4.572385549545288086e-02 -5.612407252192497253e-02 -3.345731645822525024e-02 -5.064343661069869995e-02 -3.243645653128623962e-02 -3.902967274188995361e-02
-5.077173933386802673e-02 1.537197455763816833e-02 -3.635536879301071167e-02 -6.314440071582794189e-02 2.492046914994716644e-02 -1.364276465028524399e-02 -2.268504723906517029e-02 5.916327238082885742e-03 -1.285817846655845642e-02 -1.317443791776895523e-02
-3.584159165620803833e-02 -3.761130943894386292e-02 -3.895772621035575867e-02 -3.944145888090133667e-02 -4.660635814070701599e-02 -5.643578618764877319e-02 -3.184211999177932739e-02 -5.098501965403556824e-02 -3.193537890911102295e-02 -3.897452354431152344e-02
-3.501313552260398865e-02 -3.765107318758964539e-02 -3.964545950293540955e-02 -3.948331624269485474e-02 -4.699407890439033508e-02 -5.677013099193572998e-02 -3.191164135932922363e-02 -5.153295397758483887e-02 -3.188112378120422363e-02 -3.887530788779258728e-02
-3.486732020974159241e-02 -3.708121180534362793e-02 -3.892377018928527832e-02 -3.916448727250099182e-02 -4.614287614822387695e-02 -5.609291791915893555e-02 -3.207867592573165894e-02 -4.987324401736259460e-02 -3.250876814126968384e-02 -3.862113878130912781e-02
-4.431759566068649292e-02 -5.184182152152061462e-02 -6.759022921323776245e-02 -5.111557245254516602e-02 1.922067627310752869e-02 -2.135591767728328705e-02 -4.684957489371299744e-02 6.179780233651399612e-03 -4.171866178512573242e-02 -4.947828873991966248e-02
-1.376818213611841202e-02 4.808642901480197906e-03 -1.724950969219207764e-02 3.203710168600082397e-02 -2.304278314113616943e-02 -3.769464790821075439e-02 -4.756770282983779907e-02 -3.332301601767539978e-02 5.829601362347602844e-02 -1.273775845766067505e-02
3.718575462698936462e-02 -1.532899681478738785e-02 -8.476847782731056213e-03 -1.790261641144752502e-02 3.830813243985176086e-02 -2.274957485496997833e-02 -1.411412749439477921e-02 -2.357341349124908447e-02 -6.159227713942527771e-02 -3.271577507257461548e-02
-3.467503935098648071e-02 -3.631842881441116333e-02 -3.937153518199920654e-02 -3.975279256701469421e-02 -4.659495502710342407e-02 -5.628980696201324463e-02 -3.236749395728111267e-02 -5.063560977578163147e-02 -3.171652555465698242e-02 -3.926357999444007874e-02
-3.528906404972076416e-02 -3.667034208774566650e-02 -3.854494169354438782e-02 -4.027291387319564819e-02 -4.687009006738662720e-02 -5.469748377799987793e-02 -3.221983462572097778e-02 -5.048610270023345947e-02 -3.169616311788558960e-02 -3.983612731099128723e-02
-2.018055412918329239e-03 -6.357064121402800083e-04 3.392505692318081856e-03 -3.867704048752784729e-02 -1.913607306778430939e-02 5.043206736445426941e-02 -1.924075558781623840e-02 -1.159643847495317459e-02 -2.214063890278339386e-03 1.723614893853664398e-02
-1.003758385777473450e-01 -7.581176608800888062e-02 -9.117731824517250061e-03 -7.604732178151607513e-03 2.714784257113933563e-02 -3.031488973647356033e-03 3.491564840078353882e-02 9.736551903188228607e-03 -7.424937188625335693e-02 -1.380814053118228912e-02
-3.524468839168548584e-02 -3.725772351026535034e-02 -3.902819007635116577e-02 -3.939685970544815063e-02 -4.596648365259170532e-02 -5.560651794075965881e-02 -3.284490853548049927e-02 -5.020553246140480042e-02 -3.106455877423286438e-02 -3.849409520626068115e-02
-3.441516682505607605e-02 -2.318989858031272888e-02 -2.074896357953548431e-02 -2.539934217929840088e-02 -7.299829740077257156e-03 2.932434529066085815e-02 3.668837994337081909e-02 -8.417942561209201813e-03 -2.343554049730300903e-02 2.611239999532699585e-02
-3.519449010491371155e-02 -3.774689882993698120e-02 -3.896038979291915894e-02 -3.955634310841560364e-02 -4.653815552592277527e-02 -5.605043098330497742e-02 -3.213404864072799683e-02 -5.080993846058845520e-02 -3.227551281452178955e-02 -3.968112543225288391e-02
-3.404752910137176514e-02 -3.782732784748077393e-02 -3.935226052999496460e-02 -3.874443843960762024e-02 -4.605183005332946777e-02 -5.505887418985366821e-02 -3.176841139793395996e-02 -5.022197216749191284e-02 -3.175793588161468506e-02 -3.861398994922637939e-02
3.352226316928863525e-02 -1.311012171208858490e-02 4.879362881183624268e-03 2.039792016148567200e-03 -2.663127891719341278e-02 -1.768996007740497589e-02 4.055130481719970703e-02 -8.726943284273147583e-03 -2.170678414404392242e-02 1.724697649478912354e-02
-3.455446660518646240e-02 -3.703890368342399597e-02 -3.897314146161079407e-02 -3.946902602910995483e-02 -4.602567851543426514e-02 -5.570684000849723816e-02 -3.291707858443260193e-02 -5.086771026253700256e-02 -3.206927329301834106e-02 -3.894519060850143433e-02
-3.515574708580970764e-02 -3.677025064826011658e-02 -3.916630521416664124e-02 -3.892278298735618591e-02 -4.656303301453590393e-02 -5.669424310326576233e-02 -3.297685086727142334e-02 -5.034399405121803284e-02 -3.247094526886940002e-02 -3.918416798114776611e-02
-3.464954718947410583e-02 -3.769723698496818542e-02 -3.916387632489204407e-02 -3.885727748274803162e-02 -4.614666849374771118e-02 -5.491266772150993347e-02 -3.178973868489265442e-02 -4.988281428813934326e-02 -3.257825598120689392e-02 -3.947179019451141357e-02
-3.459501266479492188e-02 -3.637709468603134155e-02 -3.821084275841712952e-02 -3.951736539602279663e-02 -4.620717838406562805e-02 -5.593911558389663696e-02 -3.286153078079223633e-02 -5.086539685726165771e-02 -3.260886669158935547e-02 -3.936825320124626160e-02
