2.891616150736808777e-02 2.188003435730934143e-02 1.681574434041976929e-02 1.009963545948266983e-02 2.242791093885898590e-02 2.838800195604562759e-03 1.704974658787250519e-02 1.183255575597286224e-02 -8.755721501074731350e-04 9.831329807639122009e-03
-2.549054026603698730e-01 -2.456129640340805054e-01 -2.418397814035415649e-01 -2.351257950067520142e-01 -2.574560344219207764e-01 -2.370321899652481079e-01 -2.628501057624816895e-01 -2.416960000991821289e-01 -2.352771610021591187e-01 -2.408955544233322144e-01
-1.095665171742439270e-01 -7.509643584489822388e-02 -5.995445325970649719e-02 -3.320197761058807373e-02 -1.161635294556617737e-01 -2.972138859331607819e-02 -1.294118762016296387e-01 -6.010512262582778931e-02 -2.950261160731315613e-02 -5.581835657358169556e-02
-2.543460726737976074e-01 -2.433542907238006592e-01 -2.396392822265625000e-01 -2.343525886535644531e-01 -2.556589245796203613e-01 -2.364660352468490601e-01 -2.622022926807403564e-01 -2.391398847103118896e-01 -2.344519793987274170e-01 -2.389058917760848999e-01
-2.546656429767608643e-01 -2.447589188814163208e-01 -2.405914813280105591e-01 -2.360213845968246460e-01 -2.562244236469268799e-01 -2.373287081718444824e-01 -2.614802718162536621e-01 -2.409566938877105713e-01 -2.349580675363540649e-01 -2.401292175054550171e-01
8.981440961360931396e-02 -1.042945403605699539e-02 -4.810578748583793640e-02 -9.987232089042663574e-02 1.019315496087074280e-01 -1.175243407487869263e-01 1.272916644811630249e-01 -5.000436305999755859e-02 -1.183595284819602966e-01 -5.823260918259620667e-02
-2.554459869861602783e-01 -2.461939007043838501e-01 -2.422167956829071045e-01 -2.368946373462677002e-01 -2.566829919815063477e-01 -2.379996180534362793e-01 -2.626851797103881836e-01 -2.417671382427215576e-01 -2.366840094327926636e-01 -2.409179657697677612e-01
6.090445071458816528e-02 -2.568557113409042358e-02 -5.115334317088127136e-02 -7.643000036478042603e-02 7.654254138469696045e-02 -8.034748584032058716e-02 9.336588531732559204e-02 -4.893714934587478638e-02 -7.914740592241287231e-02 -5.549690127372741699e-02
3.266987577080726624e-02 -2.663305215537548065e-02 -4.064149782061576843e-02 -6.026796251535415649e-02 4.233018308877944946e-02 -6.578859686851501465e-02 5.298458784818649292e-02 -3.437474370002746582e-02 -5.291609466075897217e-02 -3.746639564633369446e-02
-5.319776758551597595e-02 -8.637635968625545502e-03 1.265370938926935196e-02 4.398839548230171204e-02 -6.300708651542663574e-02 5.397134646773338318e-02 -7.839778065681457520e-02 1.555174309760332108e-02 6.506632268428802490e-02 2.250020205974578857e-02
-2.517574727535247803e-01 -2.426043450832366943e-01 -2.382625341415405273e-01 -2.336061745882034302e-01 -2.547661364078521729e-01 -2.358413487672805786e-01 -2.612358331680297852e-01 -2.382024526596069336e-01 -2.336269319057464600e-01 -2.388098090887069702e-01
-2.521377503871917725e-01 -2.428869605064392090e-01 -2.384777218103408813e-01 -2.337096333503723145e-01 -2.539812028408050537e-01 -2.352045625448226929e-01 -2.596721053123474121e-01 -2.381330281496047974e-01 -2.326829582452774048e-01 -2.380491942167282104e-01
-2.514854669570922852e-01 -2.419076859951019287e-01 -2.387986481189727783e-01 -2.349816411733627319e-01 -2.537189424037933350e-01 -2.350520193576812744e-01 -2.594532966613769531e-01 -2.396999448537826538e-01 -2.344214767217636108e-01 -2.380176782608032227e-01
1.186293363571166992e-01 3.701940923929214478e-02 1.619821414351463318e-02 -1.145493797957897186e-02 1.289216279983520508e-01 -2.060408145189285278e-02 1.444555968046188354e-01 1.312671415507793427e-02 -2.779202349483966827e-02 8.240772411227226257e-03
-2.365291565656661987e-01 -2.370163351297378540e-01 -2.344973534345626831e-01 -2.315043658018112183e-01 -2.345393449068069458e-01 -2.326605319976806641e-01 -2.370305657386779785e-01 -2.343903779983520508e-01 -2.324838787317276001e-01 -2.346575260162353516e-01
-2.539531886577606201e-01 -2.437347173690795898e-01 -2.404070645570755005e-01 -2.363013029098510742e-01 -2.555299103260040283e-01 -2.375856339931488037e-01 -2.612628638744354248e-01 -2.409178316593170166e-01 -2.349151223897933960e-01 -2.402832657098770142e-01
-6.733819097280502319e-02 -1.849808245897293091e-01 -2.179395109415054321e-01 -2.495147287845611572e-01 -4.562397673726081848e-02 -2.567865252494812012e-01 -1.549984980374574661e-02 -2.204820066690444946e-01 -2.616818249225616455e-01 -2.281726896762847900e-01
-2.525160312652587891e-01 -2.432192862033843994e-01 -2.397210896015167236e-01 -2.334030717611312866e-01 -2.542228400707244873e-01 -2.349656075239181519e-01 -2.605184018611907959e-01 -2.399140298366546631e-01 -2.349510043859481812e-01 -2.389767318964004517e-01
6.764836143702268600e-03 3.919081762433052063e-02 5.989783257246017456e-02 8.740391582250595093e-02 -1.207642373628914356e-03 9.124359488487243652e-02 -1.176194101572036743e-02 6.566561013460159302e-02 1.083910763263702393e-01 6.896362453699111938e-02
5.814099311828613281e-02 -4.961242154240608215e-02 -9.446690976619720459e-02 -1.455891132354736328e-01 7.113450765609741211e-02 -1.636613160371780396e-01 9.816906601190567017e-02 -9.262951463460922241e-02 -1.638144850730895996e-01 -1.024817600846290588e-01
-9.053717553615570068e-02 -2.011287212371826172e-01 -2.265414893627166748e-01 -2.497613877058029175e-01 -6.827314198017120361e-02 -2.519502043724060059e-01 -3.389662876725196838e-02 -2.278417497873306274e-01 -2.552140653133392334e-01 -2.319659292697906494e-01
-1.113314852118492126e-01 -7.962688803672790527e-02 -6.374530494213104248e-02 -3.868931904435157776e-02 -1.179374605417251587e-01 -3.652075678110122681e-02 -1.280440092086791992e-01 -6.455633044242858887e-02 -3.680185228586196899e-02 -6.065595895051956177e-02
6.257731467485427856e-02 2.213309286162257195e-03 -1.451539620757102966e-02 -4.002829641103744507e-02 7.212993502616882324e-02 -4.868549108505249023e-02 8.413648605346679688e-02 -2.032180689275264740e-02 -5.468014255166053772e-02 -2.714083343744277954e-02
3.859692066907882690e-02 2.751869522035121918e-02 3.848586976528167725e-02 5.980876833200454712e-02 3.940777480602264404e-02 6.918666511774063110e-02 3.774279728531837463e-02 4.308845475316047668e-02 7.973127812147140503e-02 4.715407639741897583e-02
-2.506552338600158691e-01 -2.418526709079742432e-01 -2.377799004316329956e-01 -2.326258122920989990e-01 -2.527360916137695312e-01 -2.344360202550888062e-01 -2.587307989597320557e-01 -2.382092922925949097e-01 -2.338808178901672363e-01 -2.384347021579742432e-01
-6.604975461959838867e-02 -3.210802003741264343e-02 -2.161397412419319153e-02 -9.847346693277359009e-03 -7.818031311035156250e-02 -7.528771646320819855e-03 -8.820353448390960693e-02 -1.901958696544170380e-02 7.400330505333840847e-04 -1.598511449992656708e-02
2.084883153438568115e-01 1.463743001222610474e-01 1.322764754295349121e-01 1.170427724719047546e-01 2.155234366655349731e-01 1.151635944843292236e-01 2.245099991559982300e-01 1.299451142549514771e-01 1.150176972150802612e-01 1.297647655010223389e-01
-2.530750334262847900e-01 -2.421245127916336060e-01 -2.385070621967315674e-01 -2.334388196468353271e-01 -2.537973225116729736e-01 -2.352413982152938843e-01 -2.612908780574798584e-01 -2.372172325849533081e-01 -2.324275970458984375e-01 -2.371990233659744263e-01
-2.510566115379333496e-01 -2.428732216358184814e-01 -2.379410713911056519e-01 -2.331169992685317993e-01 -2.531101405620574951e-01 -2.352040261030197144e-01 -2.594427168369293213e-01 -2.388406991958618164e-01 -2.334602624177932739e-01 -2.375721782445907593e-01
-1.101107373833656311e-01 -2.088914066553115845e-01 -2.297371476888656616e-01 -2.465550154447555542e-01 -8.914797753095626831e-02 -2.504721283912658691e-01 -5.836264416575431824e-02 -2.294208407402038574e-01 -2.516431808471679688e-01 -2.332394272089004517e-01
-2.428182363510131836e-01 -2.380009293556213379e-01 -2.366080433130264282e-01 -2.318809926509857178e-01 -2.418057620525360107e-01 -2.330927699804306030e-01 -2.461198419332504272e-01 -2.355006635189056396e-01 -2.309819310903549194e-01 -2.356972992420196533e-01
-2.544173598289489746e-01 -2.455473840236663818e-01 -2.405321151018142700e-01 -2.352344542741775513e-01 -2.560262382030487061e-01 -2.361411303281784058e-01 -2.618133425712585449e-01 -2.399179488420486450e-01 -2.351982593536376953e-01 -2.406680285930633545e-01
-2.529964745044708252e-01 -2.420559972524642944e-01 -2.387995272874832153e-01 -2.353686392307281494e-01 -2.533220946788787842e-01 -2.362099587917327881e-01 -2.593443989753723145e-01 -2.392504960298538208e-01 -2.346838861703872681e-01 -2.381911873817443848e-01
-2.533995509147644043e-01 -2.435209751129150391e-01 -2.381834685802459717e-01 -2.332256734371185303e-01 -2.540549337863922119e-01 -2.343142330646514893e-01 -2.599779665470123291e-01 -2.388845235109329224e-01 -2.330632507801055908e-01 -2.373066842555999756e-01
-4.973141849040985107e-02 -1.646730601787567139e-01 -1.997826993465423584e-01 -2.387807369232177734e-01 -3.051771037280559540e-02 -2.462864071130752563e-01 -1.628874684683978558e-03 -2.033374309539794922e-01 -2.526801228523254395e-01 -2.135863453149795532e-01
-2.010923326015472412e-01 -2.346470952033996582e-01 -2.364585995674133301e-01 -2.364903241395950317e-01 -1.947534084320068359e-01 -2.371598929166793823e-01 -1.818662136793136597e-01 -2.367069274187088013e-01 -2.361162304878234863e-01 -2.378413230180740356e-01
1.433661133050918579e-01 6.606476753950119019e-02 4.794121533632278442e-02 2.005105838179588318e-02 1.497459560632705688e-01 1.409532781690359116e-02 1.657111495733261108e-01 4.674566164612770081e-02 1.441271975636482239e-02 4.125692695379257202e-02
-2.518076002597808838e-01 -2.434916943311691284e-01 -2.378666549921035767e-01 -2.344678640365600586e-01 -2.531692683696746826e-01 -2.355444282293319702e-01 -2.585324645042419434e-01 -2.391524612903594971e-01 -2.333431988954544067e-01 -2.383331656455993652e-01
-2.646279893815517426e-02 1.638168841600418091e-02 3.326600790023803711e-02 5.011181533336639404e-02 -3.689896315336227417e-02 5.201376229524612427e-02 -5.132143571972846985e-02 3.233049809932708740e-02 5.653382837772369385e-02 3.740485757589340210e-02
2.548144944012165070e-02 -2.613636478781700134e-02 -3.557199239730834961e-02 -4.863326624035835266e-02 3.411616757512092590e-02 -4.785153269767761230e-02 4.950714483857154846e-02 -3.903856873512268066e-02 -5.019286274909973145e-02 -4.040829464793205261e-02
3.328311443328857422e-01 2.828276455402374268e-01 2.761676907539367676e-01 2.669122815132141113e-01 3.350737690925598145e-01 2.670824229717254639e-01 3.413005769252777100e-01 2.745005190372467041e-01 2.701122462749481201e-01 2.736255526542663574e-01
3.314712643623352051e-01 2.806886136531829834e-01 2.730781733989715576e-01 2.642000913619995117e-01 3.375726640224456787e-01 2.632628977298736572e-01 3.434489369392395020e-01 2.728431820869445801e-01 2.672086358070373535e-01 2.727720141410827637e-01
-2.550365030765533447e-01 -2.438731491565704346e-01 -2.391844093799591064e-01 -2.348925769329071045e-01 -2.563460767269134521e-01 -2.377265840768814087e-01 -2.623717486858367920e-01 -2.410847395658493042e-01 -2.355216890573501587e-01 -2.403389215469360352e-01
-1.451148390769958496e-01 -2.190259099006652832e-01 -2.336350828409194946e-01 -2.424957156181335449e-01 -1.304637938737869263e-01 -2.421187013387680054e-01 -1.058190464973449707e-01 -2.306005656719207764e-01 -2.435296773910522461e-01 -2.330216467380523682e-01
-2.530758678913116455e-01 -2.424864023923873901e-01 -2.395201921463012695e-01 -2.347180247306823730e-01 -2.531836628913879395e-01 -2.349066734313964844e-01 -2.602500915527343750e-01 -2.399660646915435791e-01 -2.347490638494491577e-01 -2.379161119461059570e-01
-2.542445659637451172e-01 -2.444570511579513550e-01 -2.390318810939788818e-01 -2.336403280496597290e-01 -2.552377283573150635e-01 -2.364037185907363892e-01 -2.618816196918487549e-01 -2.405653595924377441e-01 -2.353587746620178223e-01 -2.396864444017410278e-01
-7.466074824333190918e-02 -3.246624022722244263e-02 -9.046912193298339844e-03 2.084332890808582306e-02 -8.105935901403427124e-02 2.832133509218692780e-02 -9.798039495944976807e-02 -1.133381761610507965e-02 2.660628594458103180e-02 -3.877433948218822479e-03
-2.524199783802032471e-01 -2.426412701606750488e-01 -2.392781972885131836e-01 -2.336089760065078735e-01 -2.545878589153289795e-01 -2.350591123104095459e-01 -2.594152092933654785e-01 -2.401971220970153809e-01 -2.342109829187393188e-01 -2.391547262668609619e-01
-2.519576847553253174e-01 -2.419282943010330200e-01 -2.380823940038681030e-01 -2.324349731206893921e-01 -2.533261477947235107e-01 -2.338516563177108765e-01 -2.582108378410339355e-01 -2.385303229093551636e-01 -2.326214313507080078e-01 -2.386890500783920288e-01
-2.554070949554443359e-01 -2.450190186500549316e-01 -2.397874742746353149e-01 -2.358178794384002686e-01 -2.562240064144134521e-01 -2.370142191648483276e-01 -2.638460695743560791e-01 -2.412026673555374146e-01 -2.362741827964782715e-01 -2.402188032865524292e-01
-3.777958080172538757e-02 1.184330042451620102e-02 3.449807316064834595e-02 6.277340650558471680e-02 -4.967917129397392273e-02 7.150667160749435425e-02 -6.614410877227783203e-02 3.582264110445976257e-02 7.521754503250122070e-02 3.911795467138290405e-02
-2.552678883075714111e-01 -2.452763020992279053e-01 -2.415550351142883301e-01 -2.361927628517150879e-01 -2.584260106086730957e-01 -2.372755408287048340e-01 -2.637555599212646484e-01 -2.404025197029113770e-01 -2.360778152942657471e-01 -2.405841797590255737e-01
9.909043461084365845e-02 -3.223897365387529135e-04 -3.092177025973796844e-02 -7.945577800273895264e-02 1.108892560005187988e-01 -9.427297860383987427e-02 1.322485059499740601e-01 -3.166859596967697144e-02 -8.654282242059707642e-02 -4.160456359386444092e-02
-2.517461776733398438e-01 -2.423823326826095581e-01 -2.382159978151321411e-01 -2.344676405191421509e-01 -2.546629309654235840e-01 -2.348361313343048096e-01 -2.608918249607086182e-01 -2.394761294126510620e-01 -2.344216108322143555e-01 -2.391007244586944580e-01
9.573787450790405273e-03 -5.974855273962020874e-03 1.820589881390333176e-03 3.987056668847799301e-03 1.054526772350072861e-02 6.551310885697603226e-03 8.287004195153713226e-03 6.457113195210695267e-03 1.796122826635837555e-02 7.639183197170495987e-03
-7.419440895318984985e-02 -4.269237816333770752e-02 -2.626606822013854980e-02 -1.408935897052288055e-02 -8.265579491853713989e-02 -6.768603809177875519e-03 -9.406001120805740356e-02 -2.701946906745433807e-02 -2.180365379899740219e-03 -2.339484170079231262e-02
-2.518981993198394775e-01 -2.445927858352661133e-01 -2.401150614023208618e-01 -2.356113046407699585e-01 -2.541383504867553711e-01 -2.377479225397109985e-01 -2.586593329906463623e-01 -2.399972528219223022e-01 -2.353585660457611084e-01 -2.397008091211318970e-01
1.337253004312515259e-01 1.233875975012779236e-01 1.389191597700119019e-01 1.568835228681564331e-01 1.350069642066955566e-01 1.640286743640899658e-01 1.315339207649230957e-01 1.396851837635040283e-01 1.749124228954315186e-01 1.464388519525527954e-01
-2.511446177959442139e-01 -2.415007203817367554e-01 -2.380656152963638306e-01 -2.344190776348114014e-01 -2.530017495155334473e-01 -2.355099469423294067e-01 -2.591534852981567383e-01 -2.381924539804458618e-01 -2.335365116596221924e-01 -2.377209812402725220e-01
-7.551707327365875244e-02 -1.802062392234802246e-01 -2.138920277357101440e-01 -2.455575913190841675e-01 -5.412605404853820801e-02 -2.531556785106658936e-01 -2.326687425374984741e-02 -2.161706984043121338e-01 -2.569428086280822754e-01 -2.252920269966125488e-01
-8.148566633462905884e-02 -1.930371373891830444e-01 -2.242677658796310425e-01 -2.483446002006530762e-01 -5.858825892210006714e-02 -2.526054382324218750e-01 -2.815219014883041382e-02 -2.245800942182540894e-01 -2.570677697658538818e-01 -2.300876080989837646e-01
3.371661528944969177e-02 -5.548625811934471130e-02 -8.617540448904037476e-02 -1.293423175811767578e-01 4.263767227530479431e-02 -1.479465812444686890e-01 6.511846929788589478e-02 -9.006009995937347412e-02 -1.465752720832824707e-01 -1.014676615595817566e-01
1.227567493915557861e-01 3.580700233578681946e-02 7.371400482952594757e-03 -3.061934188008308411e-02 1.342688500881195068e-01 -3.915890678763389587e-02 1.482010632753372192e-01 1.141426246613264084e-02 -3.659150004386901855e-02 5.132019985467195511e-03
-3.191073611378669739e-02 -4.133322462439537048e-02 -4.590110853314399719e-02 -5.369769409298896790e-02 -3.669441491365432739e-02 -6.136677786707878113e-02 -3.412454575300216675e-02 -4.385599866509437561e-02 -5.450398474931716919e-02 -4.622211307287216187e-02
2.060661017894744873e-01 1.462983042001724243e-01 1.350736916065216064e-01 1.232836917042732239e-01 2.135014981031417847e-01 1.209437400102615356e-01 2.257327288389205933e-01 1.336085498332977295e-01 1.230873167514801025e-01 1.311251819133758545e-01
-2.518650591373443604e-01 -2.423163354396820068e-01 -2.377670109272003174e-01 -2.334146350622177124e-01 -2.536242902278900146e-01 -2.352463901042938232e-01 -2.587191164493560791e-01 -2.386000156402587891e-01 -2.338544428348541260e-01 -2.371946275234222412e-01
-2.502055466175079346e-01 -2.410290688276290894e-01 -2.375533729791641235e-01 -2.311805933713912964e-01 -2.503000199794769287e-01 -2.343663573265075684e-01 -2.575219273567199707e-01 -2.366321384906768799e-01 -2.317407578229904175e-01 -2.360431551933288574e-01
8.100778609514236450e-02 5.158057902008295059e-03 -1.482173241674900055e-02 -3.234176337718963623e-02 9.111692011356353760e-02 -3.188956901431083679e-02 1.051938608288764954e-01 -1.685094647109508514e-02 -3.626606613397598267e-02 -1.704690791666507721e-02
-1.047996580600738525e-01 -2.062305659055709839e-01 -2.286766767501831055e-01 -2.459788322448730469e-01 -8.061135560274124146e-02 -2.512453198432922363e-01 -4.957742616534233093e-02 -2.278127223253250122e-01 -2.530217468738555908e-01 -2.318038344383239746e-01
-2.504884898662567139e-01 -2.423624098300933838e-01 -2.375091165304183960e-01 -2.331881523132324219e-01 -2.525679767131805420e-01 -2.336035221815109253e-01 -2.600052952766418457e-01 -2.368365079164505005e-01 -2.334756106138229370e-01 -2.371006757020950317e-01
-1.080923154950141907e-01 -2.083535492420196533e-01 -2.302203178405761719e-01 -2.462445050477981567e-01 -8.846861124038696289e-02 -2.483655065298080444e-01 -5.736873298883438110e-02 -2.301016449928283691e-01 -2.502278387546539307e-01 -2.319729775190353394e-01
-2.529558539390563965e-01 -2.442890554666519165e-01 -2.401376217603683472e-01 -2.351129651069641113e-01 -2.530726790428161621e-01 -2.361462861299514771e-01 -2.602244615554809570e-01 -2.397019863128662109e-01 -2.353909313678741455e-01 -2.390312254428863525e-01
7.813014835119247437e-02 -1.498795859515666962e-02 -3.969151526689529419e-02 -8.146778494119644165e-02 9.254854172468185425e-02 -8.769297599792480469e-02 1.135553717613220215e-01 -4.576429724693298340e-02 -9.400073438882827759e-02 -5.165881291031837463e-02
2.076972741633653641e-03 -1.124109402298927307e-01 -1.512408256530761719e-01 -1.992773264646530151e-01 2.024171873927116394e-02 -2.109817713499069214e-01 4.886618629097938538e-02 -1.538465023040771484e-01 -2.181265056133270264e-01 -1.676468253135681152e-01
-2.536163628101348877e-01 -2.437086403369903564e-01 -2.401786595582962036e-01 -2.358054071664810181e-01 -2.545775175094604492e-01 -2.374028265476226807e-01 -2.598923444747924805e-01 -2.392852604389190674e-01 -2.352143228054046631e-01 -2.401896864175796509e-01
1.767888069152832031e-01 1.168708726763725281e-01 1.032114624977111816e-01 8.666080981492996216e-02 1.854455173015594482e-01 8.474184572696685791e-02 1.948724687099456787e-01 1.025592908263206482e-01 8.566561341285705566e-02 9.788445383310317993e-02
-2.535973787307739258e-01 -2.446713745594024658e-01 -2.394215911626815796e-01 -2.354726493358612061e-01 -2.557410001754760742e-01 -2.357414811849594116e-01 -2.620982527732849121e-01 -2.400252819061279297e-01 -2.343734055757522583e-01 -2.400172948837280273e-01
-2.507295012474060059e-01 -2.434680461883544922e-01 -2.397998422384262085e-01 -2.338355183601379395e-01 -2.529198229312896729e-01 -2.358323186635971069e-01 -2.593784630298614502e-01 -2.383115738630294800e-01 -2.355696260929107666e-01 -2.397562712430953979e-01
-2.504154741764068604e-01 -2.420253306627273560e-01 -2.386739850044250488e-01 -2.346628755331039429e-01 -2.513139545917510986e-01 -2.360902726650238037e-01 -2.548068463802337646e-01 -2.385599315166473389e-01 -2.343454509973526001e-01 -2.369275242090225220e-01
-7.640526443719863892e-02 -1.909716576337814331e-01 -2.221834063529968262e-01 -2.511724233627319336e-01 -5.542337894439697266e-02 -2.555535137653350830e-01 -2.287381514906883240e-02 -2.225465327501296997e-01 -2.598716914653778076e-01 -2.332728654146194458e-01
-2.530109882354736328e-01 -2.432412505149841309e-01 -2.382868826389312744e-01 -2.342223376035690308e-01 -2.533331811428070068e-01 -2.343815118074417114e-01 -2.594215869903564453e-01 -2.386807352304458618e-01 -2.340728342533111572e-01 -2.378623187541961670e-01
-2.507155239582061768e-01 -2.419693917036056519e-01 -2.386588007211685181e-01 -2.330811172723770142e-01 -2.533356845378875732e-01 -2.351853549480438232e-01 -2.589073181152343750e-01 -2.387815713882446289e-01 -2.342402487993240356e-01 -2.387144863605499268e-01
-1.492540258914232254e-02 1.878151483833789825e-02 3.942269086837768555e-02 5.414578691124916077e-02 -2.426411397755146027e-02 5.441327020525932312e-02 -4.113961756229400635e-02 3.808556497097015381e-02 7.050809264183044434e-02 4.366141930222511292e-02
9.105028957128524780e-02 3.230908513069152832e-02 1.694479770958423615e-02 -7.584908511489629745e-03 9.796777367591857910e-02 -1.781955175101757050e-02 1.080714762210845947e-01 1.320715434849262238e-02 -1.876956224441528320e-02 7.541457656770944595e-03
6.312466412782669067e-02 -5.499125109054148197e-04 -1.296072266995906830e-02 -3.275555744767189026e-02 7.127077132463455200e-02 -3.999466821551322937e-02 8.638182282447814941e-02 -1.734920404851436615e-02 -4.772131517529487610e-02 -2.397698350250720978e-02
-2.528177499771118164e-01 -2.437814176082611084e-01 -2.400140464305877686e-01 -2.329965084791183472e-01 -2.551867067813873291e-01 -2.348438948392868042e-01 -2.624762356281280518e-01 -2.401816099882125854e-01 -2.336360961198806763e-01 -2.386756986379623413e-01
-2.538989484310150146e-01 -2.435576617717742920e-01 -2.405773252248764038e-01 -2.348814904689788818e-01 -2.558117508888244629e-01 -2.375248521566390991e-01 -2.608225047588348389e-01 -2.401760965585708618e-01 -2.348791509866714478e-01 -2.395572215318679810e-01
-2.512890994548797607e-01 -2.422865033149719238e-01 -2.385115176439285278e-01 -2.336496114730834961e-01 -2.531660199165344238e-01 -2.338445037603378296e-01 -2.596056759357452393e-01 -2.379135340452194214e-01 -2.338905036449432373e-01 -2.387498468160629272e-01
-6.881624460220336914e-02 -1.832556724548339844e-01 -2.188077867031097412e-01 -2.503961920738220215e-01 -4.790835455060005188e-02 -2.579337358474731445e-01 -1.595852151513099670e-02 -2.203082889318466187e-01 -2.623870074748992920e-01 -2.273756414651870728e-01
-7.208917289972305298e-02 -1.876892447471618652e-01 -2.194471508264541626e-01 -2.523555457592010498e-01 -5.038258060812950134e-02 -2.582353055477142334e-01 -1.854771561920642853e-02 -2.223947197198867798e-01 -2.642997205257415771e-01 -2.295911163091659546e-01
-7.787061482667922974e-02 -1.731331497430801392e-01 -1.944758296012878418e-01 -2.137555927038192749e-01 -5.770765244960784912e-02 -2.198206484317779541e-01 -3.065557405352592468e-02 -1.926376074552536011e-01 -2.202258259057998657e-01 -1.960457414388656616e-01
6.200700998306274414e-02 -2.942051179707050323e-02 -6.174855306744575500e-02 -1.062794327735900879e-01 7.035807520151138306e-02 -1.214487329125404358e-01 9.430596977472305298e-02 -6.105559319257736206e-02 -1.229703873395919800e-01 -7.008078694343566895e-02
-2.000375464558601379e-02 2.648653835058212280e-02 4.929846897721290588e-02 7.185173034667968750e-02 -3.148400038480758667e-02 7.542479783296585083e-02 -4.869512096047401428e-02 4.697192460298538208e-02 8.870307356119155884e-02 5.741389840841293335e-02
-2.514112591743469238e-01 -2.419140785932540894e-01 -2.386418730020523071e-01 -2.344460487365722656e-01 -2.549084722995758057e-01 -2.348779886960983276e-01 -2.596853375434875488e-01 -2.383168339729309082e-01 -2.346779257059097290e-01 -2.381345927715301514e-01
1.038873344659805298e-01 2.100652270019054413e-02 -7.390856742858886719e-03 -3.648704662919044495e-02 1.143646389245986938e-01 -4.693915694952011108e-02 1.346959918737411499e-01 -4.529821686446666718e-03 -4.426259920001029968e-02 -1.367150433361530304e-02
-5.566818267107009888e-02 -5.815685726702213287e-03 2.179908566176891327e-02 5.684326589107513428e-02 -6.611829996109008789e-02 6.823377311229705811e-02 -8.209476619958877563e-02 2.075137943029403687e-02 7.481671869754791260e-02 2.499933727085590363e-02
3.083416819572448730e-01 2.568357586860656738e-01 2.498932033777236938e-01 2.377702593803405762e-01 3.131955564022064209e-01 2.392484247684478760e-01 3.201953172683715820e-01 2.455573976039886475e-01 2.414639294147491455e-01 2.466617226600646973e-01
3.678681328892707825e-02 -6.397809088230133057e-02 -1.008751839399337769e-01 -1.501594185829162598e-01 4.706348106265068054e-02 -1.655832380056381226e-01 7.445666939020156860e-02 -1.042238846421241760e-01 -1.651649624109268188e-01 -1.117792874574661255e-01
-2.456173300743103027e-01 -2.402766495943069458e-01 -2.374931424856185913e-01 -2.327691465616226196e-01 -2.447538226842880249e-01 -2.339852303266525269e-01 -2.491998225450515747e-01 -2.368515729904174805e-01 -2.331142872571945190e-01 -2.366298139095306396e-01
-2.546840310096740723e-01 -2.443229258060455322e-01 -2.408579587936401367e-01 -2.367146164178848267e-01 -2.553818821907043457e-01 -2.370632886886596680e-01 -2.624631226062774658e-01 -2.413066476583480835e-01 -2.367611378431320190e-01 -2.416229695081710815e-01
5.772396922111511230e-02 -4.966917634010314941e-02 -9.246844053268432617e-02 -1.487067192792892456e-01 7.482699304819107056e-02 -1.670251786708831787e-01 1.015410050749778748e-01 -9.623432159423828125e-02 -1.724683195352554321e-01 -1.057055592536926270e-01
-5.849679559469223022e-02 -2.963294647634029388e-02 -1.714281365275382996e-02 -6.105395499616861343e-03 -7.048191130161285400e-02 -6.984287407249212265e-03 -8.215683698654174805e-02 -1.518154423683881760e-02 2.123583341017365456e-03 -1.212616730481386185e-02
-7.827439159154891968e-02 -1.915335059165954590e-01 -2.218863815069198608e-01 -2.469553798437118530e-01 -5.467091128230094910e-02 -2.517155706882476807e-01 -2.349571324884891510e-02 -2.216660529375076294e-01 -2.528310418128967285e-01 -2.271168082952499390e-01
1.217747628688812256e-01 4.210259020328521729e-02 1.983366906642913818e-02 -5.376077257096767426e-03 1.334939002990722656e-01 -1.828543841838836670e-02 1.506891697645187378e-01 2.033763751387596130e-02 -1.318065356463193893e-02 1.366200391203165054e-02
8.829303830862045288e-02 1.484634634107351303e-02 -7.791404146701097488e-03 -3.523099049925804138e-02 9.568419307470321655e-02 -4.396264627575874329e-02 1.138664335012435913e-01 -1.152207516133785248e-02 -5.301847308874130249e-02 -1.772017963230609894e-02
3.022706508636474609e-01 2.487060427665710449e-01 2.416460216045379639e-01 2.321742475032806396e-01 3.085791766643524170e-01 2.310935109853744507e-01 3.155905306339263916e-01 2.397089749574661255e-01 2.321143001317977905e-01 2.389445751905441284e-01
-2.448188364505767822e-01 -2.424479275941848755e-01 -2.386161684989929199e-01 -2.345426976680755615e-01 -2.476431280374526978e-01 -2.361338585615158081e-01 -2.504456639289855957e-01 -2.384534925222396851e-01 -2.348560690879821777e-01 -2.380935996770858765e-01
3.442198038101196289e-01 2.919450104236602783e-01 2.835741937160491943e-01 2.743999063968658447e-01 3.448834717273712158e-01 2.760846316814422607e-01 3.535810410976409912e-01 2.821673154830932617e-01 2.809229493141174316e-01 2.833829224109649658e-01
-2.529911100864410400e-01 -2.451541274785995483e-01 -2.403632849454879761e-01 -2.356504499912261963e-01 -2.550344169139862061e-01 -2.355093806982040405e-01 -2.612044513225555420e-01 -2.404009848833084106e-01 -2.351443469524383545e-01 -2.402728199958801270e-01
-2.469133138656616211e-01 -2.439142167568206787e-01 -2.404369711875915527e-01 -2.349045425653457642e-01 -2.463126331567764282e-01 -2.367818057537078857e-01 -2.502014338970184326e-01 -2.404436618089675903e-01 -2.357832491397857666e-01 -2.397870123386383057e-01
6.973088532686233521e-02 -3.841902688145637512e-02 -7.860410958528518677e-02 -1.257881671190261841e-01 8.393213897943496704e-02 -1.370441317558288574e-01 1.095608323812484741e-01 -7.642865926027297974e-02 -1.390571892261505127e-01 -8.863831311464309692e-02
-2.511256635189056396e-01 -2.443324476480484009e-01 -2.405515164136886597e-01 -2.341659516096115112e-01 -2.529020607471466064e-01 -2.358902096748352051e-01 -2.603620886802673340e-01 -2.396872341632843018e-01 -2.345128059387207031e-01 -2.401418238878250122e-01
3.221169114112854004e-01 2.753161489963531494e-01 2.675859928131103516e-01 2.614528238773345947e-01 3.265589475631713867e-01 2.613939344882965088e-01 3.330118358135223389e-01 2.657819092273712158e-01 2.621212899684906006e-01 2.654630243778228760e-01
-2.507316768169403076e-01 -2.413162738084793091e-01 -2.365815192461013794e-01 -2.319999784231185913e-01 -2.527520656585693359e-01 -2.334739267826080322e-01 -2.586556673049926758e-01 -2.378151416778564453e-01 -2.319769263267517090e-01 -2.362829446792602539e-01
-2.445605695247650146e-01 -2.413381636142730713e-01 -2.373136430978775024e-01 -2.347902357578277588e-01 -2.465436607599258423e-01 -2.348112612962722778e-01 -2.510691583156585693e-01 -2.391901761293411255e-01 -2.327799499034881592e-01 -2.379013150930404663e-01
-1.032712683081626892e-01 -2.072832733392715454e-01 -2.311704903841018677e-01 -2.489708513021469116e-01 -7.956414669752120972e-02 -2.515861392021179199e-01 -5.117394030094146729e-02 -2.304108440876007080e-01 -2.527709305286407471e-01 -2.335267513990402222e-01
-2.502207458019256592e-01 -2.421720176935195923e-01 -2.385167479515075684e-01 -2.335620224475860596e-01 -2.502249479293823242e-01 -2.352073192596435547e-01 -2.569237947463989258e-01 -2.395661771297454834e-01 -2.350632846355438232e-01 -2.389738112688064575e-01
-2.492882311344146729e-01 -2.425748854875564575e-01 -2.388348281383514404e-01 -2.329493910074234009e-01 -2.501937150955200195e-01 -2.350341826677322388e-01 -2.556328773498535156e-01 -2.396292090415954590e-01 -2.339320629835128784e-01 -2.383785694837570190e-01
-5.179200693964958191e-02 -1.661941111087799072e-01 -2.055754363536834717e-01 -2.426074594259262085e-01 -3.112074919044971466e-02 -2.512249052524566650e-01 1.832045847550034523e-03 -2.049923986196517944e-01 -2.575149536132812500e-01 -2.174391448497772217e-01
-2.469625473022460938e-01 -2.439041584730148315e-01 -2.408086508512496948e-01 -2.361558675765991211e-01 -2.448759377002716064e-01 -2.368720024824142456e-01 -2.497299313545227051e-01 -2.400555163621902466e-01 -2.359280884265899658e-01 -2.387002855539321899e-01
-2.467314749956130981e-01 -2.409747242927551270e-01 -2.375300973653793335e-01 -2.315800786018371582e-01 -2.493595331907272339e-01 -2.334676086902618408e-01 -2.535315752029418945e-01 -2.365649938583374023e-01 -2.326545864343643188e-01 -2.363828271627426147e-01
-2.513329386711120605e-01 -2.421680092811584473e-01 -2.373768687248229980e-01 -2.340449541807174683e-01 -2.530051469802856445e-01 -2.356747537851333618e-01 -2.588458657264709473e-01 -2.386026233434677124e-01 -2.342927604913711548e-01 -2.381661087274551392e-01
6.324868649244308472e-02 -3.467162325978279114e-02 -7.077655941247940063e-02 -1.155838444828987122e-01 7.412507385015487671e-02 -1.311490088701248169e-01 9.764716774225234985e-02 -6.798536330461502075e-02 -1.281137913465499878e-01 -7.823641598224639893e-02
6.418322026729583740e-02 -3.584878146648406982e-02 -6.712023168802261353e-02 -1.055274084210395813e-01 7.984793186187744141e-02 -1.098655015230178833e-01 9.961850941181182861e-02 -6.665033847093582153e-02 -1.175035238265991211e-01 -7.957963645458221436e-02
-7.750464230775833130e-02 -3.103155270218849182e-02 -5.331183318048715591e-03 2.984120696783065796e-02 -8.324061334133148193e-02 3.963778540492057800e-02 -9.935986250638961792e-02 -5.834953859448432922e-03 4.660234227776527405e-02 2.414258196949958801e-04
2.766571380198001862e-02 -7.752127200365066528e-02 -1.123571470379829407e-01 -1.562375575304031372e-01 4.051369428634643555e-02 -1.707246750593185425e-01 6.707321107387542725e-02 -1.127978414297103882e-01 -1.666121333837509155e-01 -1.186448484659194946e-01
1.762056797742843628e-01 1.218397319316864014e-01 1.123745143413543701e-01 1.070973500609397888e-01 1.810643523931503296e-01 1.056037768721580505e-01 1.867147088050842285e-01 1.111118793487548828e-01 1.022432148456573486e-01 1.122713759541511536e-01
-7.314617186784744263e-02 -1.841930150985717773e-01 -2.180237025022506714e-01 -2.473215758800506592e-01 -5.086819455027580261e-02 -2.547158300876617432e-01 -1.924395561218261719e-02 -2.195556163787841797e-01 -2.580836415290832520e-01 -2.271625846624374390e-01
-6.443484127521514893e-02 -2.529527060687541962e-02 -4.387830849736928940e-03 2.582797408103942871e-02 -7.503961771726608276e-02 3.230500593781471252e-02 -8.806143701076507568e-02 -1.941424794495105743e-03 4.412870854139328003e-02 2.060984726995229721e-03
-2.535465955734252930e-01 -2.440092116594314575e-01 -2.399831563234329224e-01 -2.347068935632705688e-01 -2.562463879585266113e-01 -2.368917614221572876e-01 -2.625844180583953857e-01 -2.396746426820755005e-01 -2.341884523630142212e-01 -2.384265512228012085e-01
-7.530437782406806946e-03 -7.654522359371185303e-02 -9.006383270025253296e-02 -1.090930625796318054e-01 2.993855625391006470e-03 -1.143485158681869507e-01 2.060051634907722473e-02 -8.723624050617218018e-02 -1.078225001692771912e-01 -8.972255140542984009e-02
-5.987854301929473877e-02 -1.300382521003484726e-02 1.080006454139947891e-02 4.131366685032844543e-02 -7.021047174930572510e-02 4.503927007317543030e-02 -8.634689450263977051e-02 9.029284119606018066e-03 5.633442476391792297e-02 1.361242495477199554e-02
-9.447122365236282349e-02 -2.027806192636489868e-01 -2.288322597742080688e-01 -2.485115379095077515e-01 -7.221912592649459839e-02 -2.508835196495056152e-01 -4.184078052639961243e-02 -2.279359549283981323e-01 -2.534302771091461182e-01 -2.329597920179367065e-01
-2.520695030689239502e-01 -2.433860301971435547e-01 -2.383704781532287598e-01 -2.338081747293472290e-01 -2.524267733097076416e-01 -2.362099587917327881e-01 -2.586716413497924805e-01 -2.388399839401245117e-01 -2.354760318994522095e-01 -2.393805682659149170e-01
-5.542951449751853943e-02 -1.730826050043106079e-01 -2.036402970552444458e-01 -2.376326918601989746e-01 -3.542247042059898376e-02 -2.453115135431289673e-01 -5.541101563721895218e-03 -2.066313475370407104e-01 -2.487698793411254883e-01 -2.149153053760528564e-01
-7.206971198320388794e-02 -3.117565624415874481e-02 -8.731240406632423401e-03 1.874587684869766235e-02 -7.919596880674362183e-02 2.499988488852977753e-02 -9.384126961231231689e-02 -6.444394588470458984e-03 3.299379721283912659e-02 -3.112881444394588470e-03
-7.619681954383850098e-02 -1.885422170162200928e-01 -2.210244387388229370e-01 -2.501105666160583496e-01 -5.340315029025077820e-02 -2.556866705417633057e-01 -2.362472377717494965e-02 -2.236025482416152954e-01 -2.610200345516204834e-01 -2.324905395507812500e-01
-2.523494064807891846e-01 -2.428892105817794800e-01 -2.392914742231369019e-01 -2.342700511217117310e-01 -2.537223696708679199e-01 -2.363992929458618164e-01 -2.613309025764465332e-01 -2.394966334104537964e-01 -2.338559627532958984e-01 -2.381929457187652588e-01
-2.530624866485595703e-01 -2.440335005521774292e-01 -2.389271259307861328e-01 -2.337361872196197510e-01 -2.557649016380310059e-01 -2.348632067441940308e-01 -2.608207762241363525e-01 -2.398609071969985962e-01 -2.343079149723052979e-01 -2.380310297012329102e-01
7.661392539739608765e-02 -4.649785347282886505e-03 -3.428477421402931213e-02 -6.286823749542236328e-02 9.015268832445144653e-02 -6.764798611402511597e-02 1.053727343678474426e-01 -3.267743811011314392e-02 -7.038463652133941650e-02 -3.843007609248161316e-02
-2.527247965335845947e-01 -2.441433221101760864e-01 -2.395915389060974121e-01 -2.350493669509887695e-01 -2.524822652339935303e-01 -2.376816421747207642e-01 -2.580850124359130859e-01 -2.405611425638198853e-01 -2.365385591983795166e-01 -2.397499233484268188e-01
-1.615018397569656372e-02 -6.970430910587310791e-02 -7.718683779239654541e-02 -9.354602545499801636e-02 -1.012262050062417984e-02 -9.790562838315963745e-02 1.969389617443084717e-03 -7.504020631313323975e-02 -8.960906416177749634e-02 -7.558155804872512817e-02
-2.523595690727233887e-01 -2.429270148277282715e-01 -2.392803430557250977e-01 -2.333487570285797119e-01 -2.536136209964752197e-01 -2.365139126777648926e-01 -2.600204646587371826e-01 -2.393455356359481812e-01 -2.340334802865982056e-01 -2.382037490606307983e-01
-2.513945698738098145e-01 -2.414909154176712036e-01 -2.391294986009597778e-01 -2.337825298309326172e-01 -2.525477707386016846e-01 -2.357337325811386108e-01 -2.584608793258666992e-01 -2.385032176971435547e-01 -2.344826459884643555e-01 -2.384277880191802979e-01
-6.512659788131713867e-02 -1.807234436273574829e-01 -2.141051143407821655e-01 -2.493282705545425415e-01 -4.219185560941696167e-02 -2.571642100811004639e-01 -1.088835578411817551e-02 -2.186333090066909790e-01 -2.609255909919738770e-01 -2.286430597305297852e-01
-2.520932853221893311e-01 -2.423440068960189819e-01 -2.395608723163604736e-01 -2.331772744655609131e-01 -2.542949318885803223e-01 -2.347968518733978271e-01 -2.593665421009063721e-01 -2.393863797187805176e-01 -2.346843034029006958e-01 -2.390280961990356445e-01
-2.532134354114532471e-01 -2.424335479736328125e-01 -2.401206791400909424e-01 -2.343986928462982178e-01 -2.547860741615295410e-01 -2.352104485034942627e-01 -2.602684199810028076e-01 -2.393799722194671631e-01 -2.353601902723312378e-01 -2.392056137323379517e-01
-2.496474534273147583e-01 -2.430506497621536255e-01 -2.379008084535598755e-01 -2.329105287790298462e-01 -2.522076070308685303e-01 -2.350823730230331421e-01 -2.559988200664520264e-01 -2.373974025249481201e-01 -2.328539639711380005e-01 -2.379334270954132080e-01
-2.516928017139434814e-01 -2.422680854797363281e-01 -2.386927753686904907e-01 -2.347652018070220947e-01 -2.544552683830261230e-01 -2.351036816835403442e-01 -2.613858282566070557e-01 -2.396560460329055786e-01 -2.344091981649398804e-01 -2.380929291248321533e-01
-2.521615624427795410e-01 -2.436820417642593384e-01 -2.397053539752960205e-01 -2.335626333951950073e-01 -2.530997097492218018e-01 -2.352984249591827393e-01 -2.587794363498687744e-01 -2.390458136796951294e-01 -2.346118986606597900e-01 -2.381641566753387451e-01
-9.526186436414718628e-02 -5.224355682730674744e-02 -3.408735245466232300e-02 -1.856678980402648449e-03 -1.013276427984237671e-01 4.544373136013746262e-03 -1.153768077492713928e-01 -3.357122838497161865e-02 9.820442646741867065e-03 -2.840323932468891144e-02
-1.041051968932151794e-01 -2.055951803922653198e-01 -2.296918630599975586e-01 -2.464350163936614990e-01 -8.294401317834854126e-02 -2.529548108577728271e-01 -5.383192747831344604e-02 -2.315725982189178467e-01 -2.537782192230224609e-01 -2.348211407661437988e-01
-2.538962364196777344e-01 -2.439000606536865234e-01 -2.395687252283096313e-01 -2.335809916257858276e-01 -2.557356357574462891e-01 -2.355925589799880981e-01 -2.620817422866821289e-01 -2.394661456346511841e-01 -2.347300201654434204e-01 -2.386954724788665771e-01
-2.524268329143524170e-01 -2.422744929790496826e-01 -2.397901117801666260e-01 -2.334459722042083740e-01 -2.540631294250488281e-01 -2.354805171489715576e-01 -2.605776786804199219e-01 -2.398432940244674683e-01 -2.347076982259750366e-01 -2.381050437688827515e-01
-2.526166439056396484e-01 -2.427787631750106812e-01 -2.377217710018157959e-01 -2.344882935285568237e-01 -2.534485757350921631e-01 -2.347074300050735474e-01 -2.589934468269348145e-01 -2.387133985757827759e-01 -2.343233972787857056e-01 -2.384924441576004028e-01
1.971603371202945709e-02 9.734501363709568977e-04 -8.408871479332447052e-03 -2.690234780311584473e-02 1.472551375627517700e-02 -3.540163114666938782e-02 1.607171632349491119e-02 -1.721692830324172974e-02 -4.062042012810707092e-02 -2.175552025437355042e-02
3.825961425900459290e-02 1.219216082245111465e-02 1.454172655940055847e-02 1.230246108025312424e-02 3.948175534605979919e-02 1.196308434009552002e-02 4.090619832277297974e-02 1.641412638127803802e-02 1.907145604491233826e-02 1.873840019106864929e-02
8.443525433540344238e-02 1.406011544167995453e-02 -1.305675366893410683e-03 -1.331072207540273666e-02 9.783513844013214111e-02 -1.352602895349264145e-02 1.083997711539268494e-01 -4.751182626932859421e-03 -2.298555895686149597e-02 -6.879639346152544022e-03
-2.532422840595245361e-01 -2.429244816303253174e-01 -2.397053688764572144e-01 -2.337464094161987305e-01 -2.544277906417846680e-01 -2.353949546813964844e-01 -2.596354782581329346e-01 -2.401359230279922485e-01 -2.345408946275711060e-01 -2.379408031702041626e-01
6.389263272285461426e-02 -1.433949265629053116e-02 -4.277505725622177124e-02 -7.723028957843780518e-02 7.343457639217376709e-02 -8.253531157970428467e-02 9.214437007904052734e-02 -4.478133842349052429e-02 -9.747242182493209839e-02 -5.297189950942993164e-02
-2.514676451683044434e-01 -2.430764138698577881e-01 -2.389251589775085449e-01 -2.340914607048034668e-01 -2.531910240650177002e-01 -2.360151261091232300e-01 -2.589271962642669678e-01 -2.392665147781372070e-01 -2.343504726886749268e-01 -2.378749698400497437e-01
-2.514899671077728271e-01 -2.414963394403457642e-01 -2.371508777141571045e-01 -2.340214848518371582e-01 -2.532564103603363037e-01 -2.349741011857986450e-01 -2.590315043926239014e-01 -2.371826171875000000e-01 -2.322348058223724365e-01 -2.379841357469558716e-01
9.752026945352554321e-02 8.116934448480606079e-03 -1.834463700652122498e-02 -5.756916478276252747e-02 1.090093478560447693e-01 -6.236876174807548523e-02 1.265969574451446533e-01 -2.303235977888107300e-02 -6.947842985391616821e-02 -2.566533349454402924e-02
6.869567930698394775e-02 -1.252054818905889988e-03 -1.887887716293334961e-02 -3.610156103968620300e-02 8.210656791925430298e-02 -3.438749164342880249e-02 9.055844694375991821e-02 -2.171760611236095428e-02 -3.609664738178253174e-02 -2.464751526713371277e-02
-2.508468925952911377e-01 -2.426522970199584961e-01 -2.383513599634170532e-01 -2.335747182369232178e-01 -2.525218427181243896e-01 -2.367323338985443115e-01 -2.580399811267852783e-01 -2.394800037145614624e-01 -2.359495460987091064e-01 -2.389374524354934692e-01
6.529327481985092163e-02 -4.208530485630035400e-02 -8.308458328247070312e-02 -1.324521899223327637e-01 8.019737154245376587e-02 -1.478662937879562378e-01 1.065673828125000000e-01 -8.195105195045471191e-02 -1.470238119363784790e-01 -9.053907543420791626e-02
-2.529184520244598389e-01 -2.443202435970306396e-01 -2.405480295419692993e-01 -2.355688959360122681e-01 -2.548697888851165771e-01 -2.358287125825881958e-01 -2.614340782165527344e-01 -2.402664422988891602e-01 -2.359519451856613159e-01 -2.404025644063949585e-01
5.656354501843452454e-02 -5.274054408073425293e-02 -9.296022355556488037e-02 -1.465462446212768555e-01 6.889966130256652832e-02 -1.662210375070571899e-01 9.627125412225723267e-02 -9.389427304267883301e-02 -1.654311418533325195e-01 -1.063651964068412781e-01
3.337706327438354492e-01 2.839403450489044189e-01 2.774365246295928955e-01 2.683706879615783691e-01 3.361895680427551270e-01 2.677255868911743164e-01 3.459659814834594727e-01 2.742536962032318115e-01 2.705101370811462402e-01 2.739357352256774902e-01
-2.465135604143142700e-01 -2.414750456809997559e-01 -2.395151108503341675e-01 -2.344240993261337280e-01 -2.467728853225708008e-01 -2.369278818368911743e-01 -2.504761517047882080e-01 -2.394364923238754272e-01 -2.361609041690826416e-01 -2.395348250865936279e-01
8.049365133047103882e-03 -1.914304308593273163e-02 -1.426748186349868774e-02 -1.574877090752124786e-02 1.172845996916294098e-02 -7.804273162037134171e-03 1.171315740793943405e-02 -1.238208077847957611e-02 -3.689386416226625443e-03 -1.054344698786735535e-02
-2.521666586399078369e-01 -2.419304102659225464e-01 -2.393009364604949951e-01 -2.331711798906326294e-01 -2.538223862648010254e-01 -2.353178262710571289e-01 -2.599093616008758545e-01 -2.392916083335876465e-01 -2.346886098384857178e-01 -2.378638386726379395e-01
5.522808432579040527e-02 -1.678402908146381378e-02 -3.195164352655410767e-02 -5.203139409422874451e-02 6.606837362051010132e-02 -5.411171540617942810e-02 8.674034476280212402e-02 -3.974849358201026917e-02 -5.698519945144653320e-02 -4.168282821774482727e-02
-2.529135048389434814e-01 -2.443984895944595337e-01 -2.408924102783203125e-01 -2.359516918659210205e-01 -2.563629150390625000e-01 -2.364047318696975708e-01 -2.619382739067077637e-01 -2.413410991430282593e-01 -2.358742207288742065e-01 -2.395357936620712280e-01
-2.524410188198089600e-01 -2.421688139438629150e-01 -2.389326244592666626e-01 -2.339395284652709961e-01 -2.543342709541320801e-01 -2.355349212884902954e-01 -2.596276402473449707e-01 -2.389978617429733276e-01 -2.337979525327682495e-01 -2.378257960081100464e-01
-6.950255017727613449e-03 -5.056345090270042419e-02 -5.134782195091247559e-02 -4.758476465940475464e-02 1.591375330463051796e-03 -4.215441271662712097e-02 1.161977183073759079e-02 -5.350030586123466492e-02 -4.112831503152847290e-02 -4.881250858306884766e-02
1.016170531511306763e-02 -4.907838534563779831e-03 5.843069870024919510e-03 2.551137097179889679e-02 1.055489759892225266e-02 3.289443999528884888e-02 1.023134216666221619e-02 1.329485978931188583e-02 4.141036793589591980e-02 1.684686727821826935e-02
-2.506690919399261475e-01 -2.422898709774017334e-01 -2.376217693090438843e-01 -2.338962107896804810e-01 -2.515559792518615723e-01 -2.344310283660888672e-01 -2.576182782649993896e-01 -2.379625588655471802e-01 -2.335125356912612915e-01 -2.381947487592697144e-01
-2.539912760257720947e-01 -2.455781698226928711e-01 -2.425365895032882690e-01 -2.362809777259826660e-01 -2.580407261848449707e-01 -2.378001064062118530e-01 -2.624808549880981445e-01 -2.410505264997482300e-01 -2.361370474100112915e-01 -2.410245239734649658e-01
-2.520014345645904541e-01 -2.427942156791687012e-01 -2.395157217979431152e-01 -2.346036732196807861e-01 -2.536038458347320557e-01 -2.357864230871200562e-01 -2.596566379070281982e-01 -2.400316447019577026e-01 -2.339907288551330566e-01 -2.387993484735488892e-01
-2.932188566774129868e-03 -3.286108374595642090e-03 -5.027374252676963806e-03 -4.661120474338531494e-03 -1.293044071644544601e-03 -1.050134655088186264e-02 -6.576764862984418869e-03 -9.777626022696495056e-03 -1.656456850469112396e-02 -1.132449600845575333e-02
5.311071407049894333e-03 -1.134306192398071289e-01 -1.591541022062301636e-01 -2.068176567554473877e-01 2.605878002941608429e-02 -2.218239009380340576e-01 5.493612214922904968e-02 -1.606317460536956787e-01 -2.228427082300186157e-01 -1.715752482414245605e-01
-2.430263310670852661e-01 -2.417793124914169312e-01 -2.364069074392318726e-01 -2.345819920301437378e-01 -2.435487806797027588e-01 -2.358391880989074707e-01 -2.447481006383895874e-01 -2.371377050876617432e-01 -2.355051636695861816e-01 -2.381141483783721924e-01
1.329427398741245270e-02 -7.759949564933776855e-02 -1.012574061751365662e-01 -1.303819119930267334e-01 2.482735365629196167e-02 -1.370414942502975464e-01 4.952107742428779602e-02 -9.797880798578262329e-02 -1.280373781919479370e-01 -1.046280637383460999e-01
-2.527824640274047852e-01 -2.424798011779785156e-01 -2.392118573188781738e-01 -2.335852086544036865e-01 -2.538466453552246094e-01 -2.353679686784744263e-01 -2.578513920307159424e-01 -2.388212978839874268e-01 -2.327346652746200562e-01 -2.377117276191711426e-01
-2.538512349128723145e-01 -2.441648244857788086e-01 -2.406603395938873291e-01 -2.358473241329193115e-01 -2.561512887477874756e-01 -2.375303357839584351e-01 -2.613714635372161865e-01 -2.407532632350921631e-01 -2.363959550857543945e-01 -2.405986785888671875e-01
-7.001675665378570557e-02 -4.517684131860733032e-02 -3.219680115580558777e-02 -2.459416911005973816e-02 -7.818400114774703979e-02 -2.289327234029769897e-02 -8.911340683698654175e-02 -3.185174241662025452e-02 -1.321397535502910614e-02 -2.748987078666687012e-02
-6.502789258956909180e-02 -1.838492304086685181e-01 -2.196716517210006714e-01 -2.507833540439605713e-01 -4.033292829990386963e-02 -2.586478590965270996e-01 -8.085666224360466003e-03 -2.205436974763870239e-01 -2.601186037063598633e-01 -2.298202216625213623e-01
1.015941053628921509e-01 1.933591440320014954e-02 -4.709922242909669876e-03 -3.300631791353225708e-02 1.156219169497489929e-01 -3.881363198161125183e-02 1.323671489953994751e-01 -4.019837826490402222e-03 -3.849665075540542603e-02 -1.069129165261983871e-02
-6.429685652256011963e-02 -1.746382117271423340e-01 -2.117520123720169067e-01 -2.449658960103988647e-01 -4.307207837700843811e-02 -2.526186406612396240e-01 -1.418340299278497696e-02 -2.106158584356307983e-01 -2.583838403224945068e-01 -2.238426953554153442e-01
-2.518836855888366699e-01 -2.419596910476684570e-01 -2.374213933944702148e-01 -2.321778088808059692e-01 -2.529087364673614502e-01 -2.349055856466293335e-01 -2.602702677249908447e-01 -2.388880848884582520e-01 -2.327197194099426270e-01 -2.380902618169784546e-01
3.351415395736694336e-01 2.886271178722381592e-01 2.794529199600219727e-01 2.704270482063293457e-01 3.398650586605072021e-01 2.727173268795013428e-01 3.456017076969146729e-01 2.790940105915069580e-01 2.761983573436737061e-01 2.772870361804962158e-01
9.689160436391830444e-02 1.006220933049917221e-03 -2.961535379290580750e-02 -7.343177497386932373e-02 1.073895841836929321e-01 -8.756302297115325928e-02 1.292735934257507324e-01 -3.002543188631534576e-02 -8.213690668344497681e-02 -3.767304122447967529e-02
1.250710934400558472e-01 3.717143088579177856e-02 1.470359973609447479e-02 -2.349129691720008850e-02 1.358471214771270752e-01 -3.536725044250488281e-02 1.518463343381881714e-01 1.395217608660459518e-02 -2.793009206652641296e-02 5.687890574336051941e-03
5.642213672399520874e-02 -4.501918330788612366e-02 -8.517723530530929565e-02 -1.363938450813293457e-01 6.793014705181121826e-02 -1.546426713466644287e-01 9.371624141931533813e-02 -8.583525568246841431e-02 -1.549585312604904175e-01 -9.651468694210052490e-02
1.116613075137138367e-01 4.255002737045288086e-02 2.354135923087596893e-02 -3.368542995303869247e-03 1.156114712357521057e-01 -1.387617085129022598e-02 1.289385408163070679e-01 2.411753498017787933e-02 -7.846307009458541870e-03 1.922994107007980347e-02
-2.513948380947113037e-01 -2.414868175983428955e-01 -2.378623485565185547e-01 -2.329895198345184326e-01 -2.526047825813293457e-01 -2.345345914363861084e-01 -2.582132816314697266e-01 -2.368858754634857178e-01 -2.338357865810394287e-01 -2.360728085041046143e-01
-2.512185871601104736e-01 -2.422131597995758057e-01 -2.387249469757080078e-01 -2.320152372121810913e-01 -2.526758313179016113e-01 -2.346913069486618042e-01 -2.578920722007751465e-01 -2.387441694736480713e-01 -2.328751236200332642e-01 -2.383164614439010620e-01
-2.217651009559631348e-01 -2.367824018001556396e-01 -2.372409254312515259e-01 -2.352350652217864990e-01 -2.170045077800750732e-01 -2.372992038726806641e-01 -2.117362171411514282e-01 -2.396856993436813354e-01 -2.385645359754562378e-01 -2.375219017267227173e-01
-2.509868741035461426e-01 -2.406428754329681396e-01 -2.385511845350265503e-01 -2.324538081884384155e-01 -2.534860372543334961e-01 -2.344973981380462646e-01 -2.600984871387481689e-01 -2.373770028352737427e-01 -2.327763736248016357e-01 -2.379323840141296387e-01
3.220174312591552734e-01 2.725895643234252930e-01 2.639204561710357666e-01 2.551823556423187256e-01 3.278104066848754883e-01 2.550392150878906250e-01 3.327751755714416504e-01 2.619462907314300537e-01 2.584930658340454102e-01 2.604669332504272461e-01
-1.705926507711410522e-01 -2.254319190979003906e-01 -2.348838150501251221e-01 -2.398020774126052856e-01 -1.586129516363143921e-01 -2.402109205722808838e-01 -1.424910426139831543e-01 -2.342525422573089600e-01 -2.407087832689285278e-01 -2.345275580883026123e-01
7.085595279932022095e-02 -3.464998304843902588e-02 -7.541229575872421265e-02 -1.257484108209609985e-01 8.191267400979995728e-02 -1.412774920463562012e-01 1.084716022014617920e-01 -7.518827170133590698e-02 -1.375795155763626099e-01 -8.355472981929779053e-02
-2.540762722492218018e-01 -2.437271624803543091e-01 -2.406278997659683228e-01 -2.359199523925781250e-01 -2.547052204608917236e-01 -2.354604005813598633e-01 -2.613071203231811523e-01 -2.401518672704696655e-01 -2.343292087316513062e-01 -2.390192151069641113e-01
5.603260919451713562e-02 -2.919352427124977112e-02 -4.909101873636245728e-02 -7.788048684597015381e-02 7.146853208541870117e-02 -8.704328536987304688e-02 8.857991546392440796e-02 -4.495732858777046204e-02 -7.589694857597351074e-02 -5.079764500260353088e-02
-2.496010959148406982e-01 -2.417544871568679810e-01 -2.395767122507095337e-01 -2.330565452575683594e-01 -2.518440186977386475e-01 -2.345330417156219482e-01 -2.571416199207305908e-01 -2.377620637416839600e-01 -2.344586700201034546e-01 -2.391878515481948853e-01
1.457798182964324951e-01 6.427972018718719482e-02 4.005360603332519531e-02 1.095610391348600388e-02 1.532427966594696045e-01 3.613657783716917038e-03 1.710974276065826416e-01 3.826519846916198730e-02 2.372257586102932692e-04 3.434369340538978577e-02
-2.487217783927917480e-01 -2.422733157873153687e-01 -2.377827167510986328e-01 -2.339440733194351196e-01 -2.491805851459503174e-01 -2.353309243917465210e-01 -2.543606758117675781e-01 -2.399713844060897827e-01 -2.328891009092330933e-01 -2.372962236404418945e-01
1.054215058684349060e-01 2.228731475770473480e-02 -4.862710367888212204e-03 -4.005503654479980469e-02 1.177513375878334045e-01 -5.037751793861389160e-02 1.351358145475387573e-01 -5.782466381788253784e-03 -5.138187482953071594e-02 -1.500781346112489700e-02
-2.261426001787185669e-01 -2.395614236593246460e-01 -2.379478812217712402e-01 -2.353363186120986938e-01 -2.225914150476455688e-01 -2.358569800853729248e-01 -2.190114259719848633e-01 -2.364290207624435425e-01 -2.361970394849777222e-01 -2.385288327932357788e-01
-8.542295545339584351e-02 -1.947403252124786377e-01 -2.229377478361129761e-01 -2.477026581764221191e-01 -6.282342970371246338e-02 -2.529600560665130615e-01 -3.219488263130187988e-02 -2.249606549739837646e-01 -2.566983401775360107e-01 -2.324426919221878052e-01
-2.528567016124725342e-01 -2.429722845554351807e-01 -2.401899248361587524e-01 -2.347837835550308228e-01 -2.537320554256439209e-01 -2.356065511703491211e-01 -2.605460286140441895e-01 -2.397623509168624878e-01 -2.347610592842102051e-01 -2.384988367557525635e-01
8.019182831048965454e-02 4.576298408210277557e-03 -1.348487846553325653e-02 -3.453587740659713745e-02 9.324218332767486572e-02 -4.037690907716751099e-02 1.102525815367698669e-01 -1.908431947231292725e-02 -4.760552942752838135e-02 -2.371641993522644043e-02
-1.051549538969993591e-01 -2.086656093597412109e-01 -2.325706481933593750e-01 -2.490069121122360229e-01 -8.523146063089370728e-02 -2.527100741863250732e-01 -5.452365800738334656e-02 -2.304490208625793457e-01 -2.535316348075866699e-01 -2.355202287435531616e-01
-2.548313736915588379e-01 -2.452365010976791382e-01 -2.423401325941085815e-01 -2.355505973100662231e-01 -2.553901076316833496e-01 -2.376807481050491333e-01 -2.620950937271118164e-01 -2.424891293048858643e-01 -2.371939569711685181e-01 -2.412248104810714722e-01
5.007903277873992920e-02 -5.195646546781063080e-03 -9.489944204688072205e-03 -2.454107441008090973e-02 5.986806005239486694e-02 -2.959564328193664551e-02 6.928138434886932373e-02 -6.997018586844205856e-03 -2.065047807991504669e-02 -5.787202622741460800e-03
-5.329579487442970276e-02 -1.694647371768951416e-01 -2.085370272397994995e-01 -2.434569001197814941e-01 -3.156815469264984131e-02 -2.551230788230895996e-01 -2.348200185224413872e-03 -2.117312997579574585e-01 -2.584782540798187256e-01 -2.199067175388336182e-01
-3.469296172261238098e-02 -3.208458423614501953e-03 1.159229036420583725e-02 2.917363680899143219e-02 -4.584011435508728027e-02 3.216853365302085876e-02 -5.733884498476982117e-02 1.591198332607746124e-02 3.848727792501449585e-02 1.831090822815895081e-02
-1.638236641883850098e-01 -2.211369872093200684e-01 -2.301764637231826782e-01 -2.364876866340637207e-01 -1.528256088495254517e-01 -2.380508482456207275e-01 -1.335394084453582764e-01 -2.305251210927963257e-01 -2.402909249067306519e-01 -2.309058755636215210e-01
-1.237838268280029297e-01 -8.940035849809646606e-02 -7.643970847129821777e-02 -5.402956530451774597e-02 -1.279512643814086914e-01 -5.164410918951034546e-02 -1.384581476449966431e-01 -7.745399326086044312e-02 -5.037930607795715332e-02 -7.468194514513015747e-02
-2.519564628601074219e-01 -2.404960393905639648e-01 -2.369864135980606079e-01 -2.331106364727020264e-01 -2.528617680072784424e-01 -2.341344356536865234e-01 -2.607014179229736328e-01 -2.383599728345870972e-01 -2.331746071577072144e-01 -2.378800511360168457e-01
-2.503938972949981689e-01 -2.453487664461135864e-01 -2.405656278133392334e-01 -2.367926836013793945e-01 -2.524251043796539307e-01 -2.373322397470474243e-01 -2.570383846759796143e-01 -2.419233769178390503e-01 -2.377889007329940796e-01 -2.412328422069549561e-01
-8.430785685777664185e-02 -1.975786983966827393e-01 -2.240825742483139038e-01 -2.486393600702285767e-01 -6.246965751051902771e-02 -2.516445219516754150e-01 -3.009535372257232666e-02 -2.258322685956954956e-01 -2.563630044460296631e-01 -2.321701347827911377e-01
3.337450325489044189e-01 2.837107181549072266e-01 2.762356996536254883e-01 2.685489058494567871e-01 3.383180797100067139e-01 2.687100470066070557e-01 3.453623652458190918e-01 2.766275703907012939e-01 2.705185115337371826e-01 2.744751572608947754e-01
-2.554942071437835693e-01 -2.460142523050308228e-01 -2.421576380729675293e-01 -2.353243678808212280e-01 -2.573720216751098633e-01 -2.378508597612380981e-01 -2.639197707176208496e-01 -2.420233637094497681e-01 -2.363027185201644897e-01 -2.402622997760772705e-01
