3.426302224397659302e-02 -4.325459152460098267e-02 -6.304284185171127319e-02 -3.719495609402656555e-02 -2.040546201169490814e-02 1.916919648647308350e-02 -4.035812243819236755e-02 -5.272828042507171631e-02 -7.485225796699523926e-02 -3.372314944863319397e-02
-2.124101296067237854e-02 -4.542696848511695862e-02 -6.932967901229858398e-02 -4.384260252118110657e-02 -6.069660186767578125e-02 1.753616333007812500e-02 -2.830904163420200348e-02 1.499827858060598373e-02 -4.123903065919876099e-02 2.475031465291976929e-02
-5.933070927858352661e-02 -4.228486493229866028e-02 -7.239112257957458496e-02 -3.664480894804000854e-02 -4.396501928567886353e-02 -5.439139157533645630e-02 -2.723325788974761963e-02 1.718363910913467407e-02 4.273044690489768982e-02 -1.710269413888454437e-02
-1.344663091003894806e-02 -4.174213111400604248e-02 -8.250831067562103271e-02 -3.831592947244644165e-02 -3.031435236334800720e-02 -2.323827147483825684e-02 -3.986809775233268738e-02 -8.760641328990459442e-03 1.643258519470691681e-02 -2.092233672738075256e-02
3.364889882504940033e-03 -3.240739926695823669e-02 6.050980463624000549e-02 -2.933665737509727478e-02 1.851804926991462708e-02 -4.692291095852851868e-02 -5.216302350163459778e-02 -5.892340093851089478e-02 -7.709749788045883179e-02 -6.381064653396606445e-02
-3.111458942294120789e-02 -6.758451927453279495e-03 8.029852062463760376e-02 -1.695240847766399384e-02 2.530512772500514984e-02 -1.920238509774208069e-02 -9.735116735100746155e-03 -4.461857676506042480e-02 -4.072406888008117676e-02 -4.962309077382087708e-02
2.175423316657543182e-02 -3.328241035342216492e-02 -4.634113609790802002e-02 -1.917261630296707153e-02 2.860309183597564697e-02 -6.137481331825256348e-02 -4.075135663151741028e-02 -5.859350413084030151e-02 -6.826338917016983032e-02 -5.719493329524993896e-02
-9.008392691612243652e-02 -2.995986305177211761e-02 1.173901930451393127e-02 -3.665312752127647400e-02 -2.413735166192054749e-02 -3.729308396577835083e-02 1.936915703117847443e-02 5.340171232819557190e-02 4.129218682646751404e-02 3.206172492355108261e-03
4.476192966103553772e-02 -6.041972711682319641e-02 -6.481146067380905151e-02 -3.281128406524658203e-02 5.725467950105667114e-02 2.516891248524188995e-02 -3.808023408055305481e-02 1.334793120622634888e-02 4.027112945914268494e-02 -1.145158614963293076e-02
-8.120954781770706177e-02 -2.668156847357749939e-02 4.854629188776016235e-02 -2.845304645597934723e-02 -7.384587544947862625e-03 -5.872447416186332703e-02 -7.951389066874980927e-03 1.791209354996681213e-02 6.599165499210357666e-02 -5.203185975551605225e-02
-1.177562773227691650e-02 -2.822181768715381622e-02 5.361898988485336304e-02 -3.366419672966003418e-02 -4.643545672297477722e-02 -1.153159700334072113e-02 -4.176693037152290344e-02 -4.318792372941970825e-02 -5.514264479279518127e-02 -5.034294724464416504e-02
5.991735495626926422e-03 2.145812660455703735e-02 8.104803040623664856e-03 2.893506782129406929e-03 -4.075561091303825378e-02 1.104087755084037781e-02 1.594657450914382935e-02 -4.222620651125907898e-02 -7.903954386711120605e-02 1.802654564380645752e-02
7.545255869626998901e-02 -2.380205132067203522e-02 -5.207318812608718872e-02 -1.332222111523151398e-02 1.287751831114292145e-02 9.115355089306831360e-03 -3.707542642951011658e-02 -7.248621433973312378e-02 -9.141504019498825073e-02 -3.568329662084579468e-02
-3.977105394005775452e-02 -5.606993660330772400e-02 -4.979881644248962402e-02 -5.065945535898208618e-02 2.943087369203567505e-02 4.443030804395675659e-02 5.898588802665472031e-03 5.317212641239166260e-02 1.095220539718866348e-02 6.510612368583679199e-02
-2.543257083743810654e-03 -3.159611672163009644e-02 -3.717858716845512390e-02 -3.308025747537612915e-02 -5.303038284182548523e-02 -3.001751191914081573e-02 -3.817759454250335693e-02 -5.386862158775329590e-02 -9.002399444580078125e-02 -4.999752342700958252e-02
-1.233416236937046051e-02 1.000079512596130371e-01 3.737850487232208252e-02 8.872030675411224365e-02 -2.409008331596851349e-03 -8.549819141626358032e-02 5.881842970848083496e-02 -5.320724844932556152e-02 -9.598991274833679199e-02 -2.550904173403978348e-03
1.667050085961818695e-02 -7.654498331248760223e-03 4.028953239321708679e-02 -1.744601316750049591e-02 -4.286773130297660828e-02 4.106892272830009460e-02 -2.567993663251399994e-02 -6.453888863325119019e-02 -8.686095476150512695e-02 -3.596270084381103516e-02
-4.057832062244415283e-02 -4.754530265927314758e-02 -8.613038063049316406e-02 -4.123376682400703430e-02 -5.996116995811462402e-02 -4.983405582606792450e-03 -2.527445182204246521e-02 2.393756434321403503e-02 2.335441764444112778e-03 3.862737491726875305e-02
-1.693393290042877197e-02 -3.036731109023094177e-02 1.934012025594711304e-02 -2.203641086816787720e-02 3.942223638296127319e-02 -7.630760222673416138e-02 -3.694661334156990051e-02 -4.011069238185882568e-02 2.568382211029529572e-02 -6.782345473766326904e-02
8.381109684705734253e-03 -3.794918954372406006e-02 -6.231115385890007019e-02 -3.759426251053810120e-02 -5.305335670709609985e-02 2.931422181427478790e-02 -3.816103190183639526e-02 -5.163335800170898438e-02 -6.256341189146041870e-02 -2.146379835903644562e-02
-4.863218590617179871e-02 -4.909913986921310425e-02 -7.802045345306396484e-02 -3.693543374538421631e-02 1.037236861884593964e-02 -3.289009630680084229e-02 -1.540488749742507935e-02 4.602398350834846497e-02 8.389417082071304321e-02 4.551632329821586609e-03
-3.539021685719490051e-02 -2.883897908031940460e-02 -1.344021782279014587e-02 -3.149265423417091370e-02 -4.145507141947746277e-02 -5.281465873122215271e-02 -3.204421699047088623e-02 -5.371850728988647461e-02 -2.040299959480762482e-02 -4.284520447254180908e-02
1.007219310849905014e-02 -3.171055763959884644e-02 -9.434181265532970428e-03 -3.307794779539108276e-02 -5.396772548556327820e-02 2.877011429518461227e-03 -3.556220605969429016e-02 -3.052914887666702271e-02 -1.594598521478474140e-03 -3.244867548346519470e-02
-4.449401423335075378e-02 -3.032867424190044403e-02 6.994215305894613266e-03 -3.237881511449813843e-02 2.322469092905521393e-02 -1.392138935625553131e-02 -1.647544093430042267e-02 -1.884583756327629089e-02 6.744047999382019043e-02 -4.900149255990982056e-02
-5.712374299764633179e-02 -3.323142603039741516e-02 6.228914484381675720e-03 -2.935876697301864624e-02 -1.002516597509384155e-02 -7.232359051704406738e-02 -3.518949821591377258e-02 -5.971942096948623657e-02 1.191176753491163254e-02 -5.467860400676727295e-02
-4.402320832014083862e-02 -3.069103881716728210e-02 -2.812373824417591095e-02 -2.722738683223724365e-02 -1.930333115160465240e-02 -7.391603291034698486e-02 -2.233159914612770081e-02 2.254340215586125851e-04 6.085529550909996033e-02 -5.040355026721954346e-02
-3.251594305038452148e-02 -2.372363395988941193e-02 6.448643654584884644e-02 -3.391247987747192383e-02 -4.777970165014266968e-02 -2.690550871193408966e-02 -4.218847677111625671e-02 -5.706941708922386169e-02 -7.703655958175659180e-02 -5.753649771213531494e-02
-4.364015907049179077e-02 -2.953102067112922668e-02 2.442066930234432220e-02 -3.271008655428886414e-02 -1.881029829382896423e-02 -6.701896339654922485e-02 -3.787463158369064331e-02 -5.842042714357376099e-02 -7.391495257616043091e-02 -5.248105153441429138e-02
-5.632367916405200958e-03 -2.596284635365009308e-02 -5.939542502164840698e-02 -3.425624966621398926e-02 -5.873714387416839600e-02 5.136341974139213562e-02 -1.489909831434488297e-02 -1.770431734621524811e-02 -7.441776990890502930e-02 2.645138837397098541e-02
3.574037924408912659e-02 -4.068236798048019409e-02 -3.594918921589851379e-02 -2.362435497343540192e-02 2.972893416881561279e-02 -3.350424021482467651e-02 -4.456625133752822876e-02 -2.805630303919315338e-02 -8.857843466103076935e-03 -3.999003767967224121e-02
-3.871897980570793152e-02 -1.997381635010242462e-02 2.469787932932376862e-02 -2.995438314974308014e-02 -5.290296301245689392e-02 -5.218642577528953552e-02 -2.699416875839233398e-02 -1.454352401196956635e-02 7.467371877282857895e-03 -3.290781751275062561e-02
-6.241942197084426880e-02 -2.736745774745941162e-02 3.230493888258934021e-02 -3.071365877985954285e-02 -4.572309553623199463e-02 -6.556170433759689331e-02 -3.095729090273380280e-02 -5.358128622174263000e-02 1.344561390578746796e-02 -5.632170662283897400e-02
5.724552553147077560e-03 -3.358216583728790283e-02 -6.746464967727661133e-02 -3.088919259607791901e-02 -4.488492757081985474e-02 7.776506990194320679e-02 6.400776561349630356e-03 3.912595286965370178e-02 -5.029979720711708069e-02 9.195346385240554810e-02
-2.897115051746368408e-02 -3.818591311573982239e-02 -3.382903710007667542e-02 -4.585643112659454346e-02 -6.306539475917816162e-02 4.300111532211303711e-02 -2.328015863895416260e-02 8.328277617692947388e-03 -3.881115838885307312e-02 2.104568481445312500e-02
3.381383419036865234e-02 -2.680518850684165955e-02 -6.663592904806137085e-02 -1.722132228314876556e-02 1.081742066890001297e-02 1.588396029546856880e-03 -3.683988004922866821e-02 -3.436810895800590515e-02 9.013467468321323395e-03 -1.626591384410858154e-02
2.389203757047653198e-02 -4.960981756448745728e-02 -2.490100823342800140e-02 -2.639434859156608582e-02 9.166126698255538940e-02 1.507211010903120041e-02 -2.992696873843669891e-02 -1.825247891247272491e-02 3.929364308714866638e-02 -4.912084713578224182e-02
-7.128894329071044922e-02 -2.716062217950820923e-02 5.594243854284286499e-02 -3.431708738207817078e-02 -3.825799748301506042e-02 -4.005914553999900818e-02 -2.848098613321781158e-02 -3.333825990557670593e-02 2.984403818845748901e-02 -5.768387764692306519e-02
4.470995813608169556e-02 -3.121370822191238403e-02 1.419565547257661819e-02 -2.615577355027198792e-02 -4.270566161721944809e-03 -3.602309618145227432e-03 -5.075184628367424011e-02 -6.160427629947662354e-02 -9.062848985195159912e-02 -6.303334981203079224e-02
1.366126071661710739e-02 -3.083049319684505463e-02 2.794019505381584167e-02 -3.210461884737014771e-02 1.323839370161294937e-02 3.851495310664176941e-02 -3.354111313819885254e-02 -5.620433762669563293e-02 -4.876676946878433228e-02 -4.425353929400444031e-02
-3.435697406530380249e-02 -3.258330002427101135e-02 -4.889306053519248962e-02 -4.127341881394386292e-02 -5.280020833015441895e-02 6.242324598133563995e-03 -2.306829765439033508e-02 -1.354984659701585770e-02 4.386415821500122547e-04 -6.931382697075605392e-03
-6.333064287900924683e-02 -3.396255895495414734e-02 -1.341360714286565781e-02 -3.599952161312103271e-02 -3.711592033505439758e-02 -4.987673461437225342e-02 -3.447742015123367310e-02 -5.897385999560356140e-02 -9.998289868235588074e-03 -4.481461271643638611e-02
-5.100910738110542297e-02 -6.034844368696212769e-02 -9.485398977994918823e-02 -4.523456469178199768e-02 -2.772069536149501801e-02 1.063356734812259674e-02 -1.071188878268003464e-02 8.207734674215316772e-02 7.249145954847335815e-02 5.444207787513732910e-02
-5.788685381412506104e-02 -3.334344923496246338e-02 -3.108107484877109528e-02 -3.342920541763305664e-02 -1.552807260304689407e-02 -4.088450595736503601e-02 -2.763325534760951996e-02 -1.669954508543014526e-02 3.013857454061508179e-02 -2.839365974068641663e-02
2.275314927101135254e-02 -3.453220799565315247e-02 -6.766743212938308716e-02 -3.284134715795516968e-02 -3.137550503015518188e-02 -2.398876100778579712e-02 -3.672831505537033081e-02 -5.538133159279823303e-02 -8.035430312156677246e-02 -4.128019139170646667e-02
-6.643904745578765869e-02 -1.900764182209968567e-02 6.262067705392837524e-02 -2.957214228808879852e-02 -6.371772848069667816e-03 1.392590161412954330e-02 3.070633113384246826e-02 4.714318364858627319e-02 -1.523150876164436340e-02 1.078811474144458771e-02
3.963946923613548279e-02 -4.313687980175018311e-02 -6.912277638912200928e-02 -3.867801651358604431e-02 -3.308655321598052979e-02 5.600379034876823425e-02 -4.589883610606193542e-02 -3.110914491117000580e-02 -3.905700147151947021e-02 9.739008732140064240e-03
1.449064910411834717e-02 -5.077087134122848511e-02 -5.462325364351272583e-02 -3.571115434169769287e-02 1.483966223895549774e-02 8.038303931243717670e-04 -4.527438431978225708e-02 -2.933759242296218872e-02 -2.031542360782623291e-02 -7.340673357248306274e-03
6.327901780605316162e-02 1.467776596546173096e-01 -7.964976131916046143e-03 1.435748487710952759e-01 6.955055147409439087e-02 -3.486031293869018555e-02 1.383643150329589844e-01 -3.189141675829887390e-02 -1.180365979671478271e-01 5.642534419894218445e-02
-1.739700138568878174e-02 -3.282466530799865723e-02 2.021571062505245209e-02 -3.164473921060562134e-02 -1.614450663328170776e-02 -5.660836026072502136e-02 -4.023031890392303467e-02 -5.695500597357749939e-02 -7.788566499948501587e-02 -5.560108274221420288e-02
