-2.617120742797851562e-01 -2.340479046106338501e-01 -2.475653290748596191e-01 -2.386704236268997192e-01 -2.397470176219940186e-01 -2.414406985044479370e-01 -2.381594181060791016e-01 -2.564625740051269531e-01 -2.626905143260955811e-01 -2.366657406091690063e-01
3.418732807040214539e-02 -3.111663833260536194e-02 2.547083189710974693e-03 -1.607774570584297180e-02 -1.320956088602542877e-02 -1.046439073979854584e-02 -1.539620663970708847e-02 2.102923393249511719e-02 3.153301402926445007e-02 -1.212317869067192078e-02
3.185926675796508789e-01 2.470986098051071167e-01 2.796936929225921631e-01 2.504994273185729980e-01 2.538222670555114746e-01 2.539084851741790771e-01 2.496418803930282593e-01 3.132448196411132812e-01 3.209308981895446777e-01 2.530701458454132080e-01
5.918545182794332504e-03 -1.686214804649353027e-01 -7.010830938816070557e-02 -1.382503807544708252e-01 -1.165917664766311646e-01 -1.172903999686241150e-01 -1.387760788202285767e-01 -1.716505363583564758e-02 6.647187285125255585e-03 -1.404812335968017578e-01
1.019248962402343750e-01 -5.647561326622962952e-02 2.513512782752513885e-02 -4.631257057189941406e-02 -3.469197452068328857e-02 -2.918611094355583191e-02 -5.244472622871398926e-02 8.247492462396621704e-02 1.038439124822616577e-01 -4.977405071258544922e-02
-5.895683169364929199e-02 -2.660794258117675781e-01 -1.721785068511962891e-01 -2.540871798992156982e-01 -2.408876419067382812e-01 -2.423426657915115356e-01 -2.552291750907897949e-01 -8.727140724658966064e-02 -5.575192719697952271e-02 -2.622505128383636475e-01
3.190607726573944092e-01 2.444871813058853149e-01 2.797494530677795410e-01 2.485176473855972290e-01 2.512026429176330566e-01 2.518787980079650879e-01 2.478591054677963257e-01 3.160778880119323730e-01 3.218350708484649658e-01 2.498110085725784302e-01
-2.657511234283447266e-01 -2.335318326950073242e-01 -2.493056803941726685e-01 -2.389401942491531372e-01 -2.402511686086654663e-01 -2.396491914987564087e-01 -2.364701777696609497e-01 -2.598503828048706055e-01 -2.655316293239593506e-01 -2.363962680101394653e-01
1.395507603883743286e-01 -5.862586945295333862e-02 6.436759978532791138e-02 -2.500272542238235474e-02 -1.182356104254722595e-02 -4.734357353299856186e-03 -3.179205209016799927e-02 1.242321878671646118e-01 1.413384675979614258e-01 -4.345251992344856262e-02
-2.682029604911804199e-01 -2.344768643379211426e-01 -2.499542981386184692e-01 -2.397809475660324097e-01 -2.412989735603332520e-01 -2.410292476415634155e-01 -2.386615127325057983e-01 -2.629993855953216553e-01 -2.686033844947814941e-01 -2.382003217935562134e-01
-1.016572639346122742e-01 5.042611435055732727e-02 -4.972501471638679504e-02 1.634796522557735443e-02 1.694238279014825821e-03 -4.673804505728185177e-04 2.429202757775783539e-02 -8.584301918745040894e-02 -1.015782281756401062e-01 3.796365857124328613e-02
-7.656938582658767700e-02 -2.606101632118225098e-01 -1.833399981260299683e-01 -2.520258724689483643e-01 -2.420610487461090088e-01 -2.423817813396453857e-01 -2.509063184261322021e-01 -1.061165928840637207e-01 -7.372898608446121216e-02 -2.591183185577392578e-01
-2.605959177017211914e-01 -2.325301021337509155e-01 -2.469844222068786621e-01 -2.369631081819534302e-01 -2.382960170507431030e-01 -2.373487353324890137e-01 -2.360309064388275146e-01 -2.557356953620910645e-01 -2.619516849517822266e-01 -2.350584417581558228e-01
-2.646099328994750977e-01 -2.312564551830291748e-01 -2.469518333673477173e-01 -2.360893189907073975e-01 -2.381176501512527466e-01 -2.388878166675567627e-01 -2.341217696666717529e-01 -2.592854201793670654e-01 -2.655344307422637939e-01 -2.346797734498977661e-01
-2.641458213329315186e-01 -2.325109094381332397e-01 -2.471783012151718140e-01 -2.376968860626220703e-01 -2.377011626958847046e-01 -2.378686964511871338e-01 -2.360144704580307007e-01 -2.580865621566772461e-01 -2.647478580474853516e-01 -2.352332323789596558e-01
-2.649857103824615479e-01 -2.323073297739028931e-01 -2.489757835865020752e-01 -2.377564907073974609e-01 -2.393520921468734741e-01 -2.398443818092346191e-01 -2.365005314350128174e-01 -2.605292201042175293e-01 -2.665472626686096191e-01 -2.369169890880584717e-01
-2.529399991035461426e-01 -2.341829836368560791e-01 -2.476133555173873901e-01 -2.395105659961700439e-01 -2.407786697149276733e-01 -2.410071492195129395e-01 -2.378517389297485352e-01 -2.490389645099639893e-01 -2.528183460235595703e-01 -2.382935881614685059e-01
1.059382110834121704e-01 -1.312343478202819824e-01 1.034251041710376740e-02 -9.971100836992263794e-02 -7.843670248985290527e-02 -7.325868308544158936e-02 -1.031328588724136353e-01 8.178744465112686157e-02 1.078647077083587646e-01 -1.187821775674819946e-01
-1.112390682101249695e-01 -2.542591989040374756e-01 -2.002799957990646362e-01 -2.516706287860870361e-01 -2.435764223337173462e-01 -2.436434626579284668e-01 -2.491299808025360107e-01 -1.350818127393722534e-01 -1.079966425895690918e-01 -2.536731958389282227e-01
-2.671345174312591553e-01 -2.324957847595214844e-01 -2.498375326395034790e-01 -2.373025864362716675e-01 -2.387023866176605225e-01 -2.397328466176986694e-01 -2.374161332845687866e-01 -2.615535557270050049e-01 -2.693316638469696045e-01 -2.360755354166030884e-01
-2.584708631038665771e-01 -2.314048856496810913e-01 -2.459310591220855713e-01 -2.372401505708694458e-01 -2.372908443212509155e-01 -2.384152561426162720e-01 -2.360134720802307129e-01 -2.547159492969512939e-01 -2.597367465496063232e-01 -2.349694371223449707e-01
-2.628480195999145508e-01 -2.317758053541183472e-01 -2.468096613883972168e-01 -2.381679564714431763e-01 -2.386761605739593506e-01 -2.387582957744598389e-01 -2.362665235996246338e-01 -2.578341960906982422e-01 -2.645498514175415039e-01 -2.352112382650375366e-01
1.977481395006179810e-01 9.676511585712432861e-02 1.451591849327087402e-01 1.032531857490539551e-01 1.050391793251037598e-01 1.066359952092170715e-01 1.012029722332954407e-01 1.895218938589096069e-01 2.022341340780258179e-01 1.000886783003807068e-01
-3.984034433960914612e-02 -2.732741236686706543e-01 -1.600465327501296997e-01 -2.582004666328430176e-01 -2.424844354391098022e-01 -2.446402013301849365e-01 -2.586853802204132080e-01 -6.998287886381149292e-02 -3.680072352290153503e-02 -2.673672437667846680e-01
-2.645787298679351807e-01 -2.324083894491195679e-01 -2.476350814104080200e-01 -2.375167161226272583e-01 -2.392870932817459106e-01 -2.396555244922637939e-01 -2.355638295412063599e-01 -2.585696280002593994e-01 -2.663319408893585205e-01 -2.344809323549270630e-01
-2.638311088085174561e-01 -2.326183617115020752e-01 -2.485414743423461914e-01 -2.376883774995803833e-01 -2.396940439939498901e-01 -2.399749308824539185e-01 -2.364162206649780273e-01 -2.599236667156219482e-01 -2.648212611675262451e-01 -2.365996539592742920e-01
-2.606737613677978516e-01 -2.301465123891830444e-01 -2.454818934202194214e-01 -2.343194782733917236e-01 -2.358861267566680908e-01 -2.369948178529739380e-01 -2.338064014911651611e-01 -2.559590041637420654e-01 -2.628861069679260254e-01 -2.326121479272842407e-01
-7.485567592084407806e-03 -2.836019992828369141e-01 -1.374117136001586914e-01 -2.601187527179718018e-01 -2.341814190149307251e-01 -2.358256429433822632e-01 -2.603927552700042725e-01 -4.186683148145675659e-02 -4.538497421890497208e-03 -2.748669087886810303e-01
-2.670991718769073486e-01 -2.335686385631561279e-01 -2.487351000308990479e-01 -2.382024973630905151e-01 -2.387192696332931519e-01 -2.391455620527267456e-01 -2.357327193021774292e-01 -2.609388232231140137e-01 -2.678278684616088867e-01 -2.354306876659393311e-01
-8.317600190639495850e-02 4.898721724748611450e-02 -2.817523479461669922e-02 3.494676947593688965e-02 1.972653903067111969e-02 2.090874686837196350e-02 3.688460960984230042e-02 -6.629446893930435181e-02 -8.600837737321853638e-02 5.354858934879302979e-02
-2.631077468395233154e-01 -2.306253761053085327e-01 -2.471184432506561279e-01 -2.360872477293014526e-01 -2.366342097520828247e-01 -2.358849048614501953e-01 -2.346086055040359497e-01 -2.577450871467590332e-01 -2.650707662105560303e-01 -2.337724268436431885e-01
-2.672942578792572021e-01 -2.332157194614410400e-01 -2.501333057880401611e-01 -2.397190183401107788e-01 -2.406821548938751221e-01 -2.413566857576370239e-01 -2.378635704517364502e-01 -2.627864778041839600e-01 -2.699346244335174561e-01 -2.360304296016693115e-01
-2.619554698467254639e-01 -2.319315075874328613e-01 -2.453477382659912109e-01 -2.364195138216018677e-01 -2.374109178781509399e-01 -2.380471080541610718e-01 -2.348714172840118408e-01 -2.570308148860931396e-01 -2.630319297313690186e-01 -2.352089732885360718e-01
-6.429290398955345154e-03 -2.755068838596343994e-01 -1.258225142955780029e-01 -2.492563873529434204e-01 -2.230643779039382935e-01 -2.234171628952026367e-01 -2.497026771306991577e-01 -3.701985999941825867e-02 -3.909301944077014923e-03 -2.637253701686859131e-01
-4.499058797955513000e-02 -2.722893655300140381e-01 -1.640154570341110229e-01 -2.570043206214904785e-01 -2.430812120437622070e-01 -2.438825666904449463e-01 -2.578344047069549561e-01 -7.364478707313537598e-02 -4.266154021024703979e-02 -2.664378881454467773e-01
1.181741133332252502e-01 -7.658958435058593750e-02 3.242240473628044128e-02 -5.476304888725280762e-02 -4.452871531248092651e-02 -3.533140569925308228e-02 -6.167431920766830444e-02 9.696461260318756104e-02 1.178814917802810669e-01 -7.095235586166381836e-02
-7.462700456380844116e-02 -4.591507837176322937e-02 -5.378018692135810852e-02 -4.399583488702774048e-02 -4.067301005125045776e-02 -3.989132121205329895e-02 -4.368666559457778931e-02 -7.319822162389755249e-02 -7.891310751438140869e-02 -3.367912769317626953e-02
1.150586009025573730e-01 -2.011460065841674805e-02 5.080771818757057190e-02 -1.045670080929994583e-02 -4.851035308092832565e-03 1.302458113059401512e-04 -1.093671191483736038e-02 1.044733896851539612e-01 1.195260733366012573e-01 -2.020113728940486908e-02
1.244862899184226990e-01 -1.581320017576217651e-01 2.631373517215251923e-02 -9.902108460664749146e-02 -6.868383288383483887e-02 -6.314817816019058228e-02 -1.053212508559226990e-01 9.710645675659179688e-02 1.238738000392913818e-01 -1.256774663925170898e-01
1.291992813348770142e-01 -1.287021487951278687e-01 3.480378538370132446e-02 -7.772094756364822388e-02 -5.148572474718093872e-02 -4.507333785295486450e-02 -8.211342990398406982e-02 1.072109192609786987e-01 1.328081339597702026e-01 -9.832799434661865234e-02
-2.660692930221557617e-01 -2.339397221803665161e-01 -2.495082467794418335e-01 -2.395077198743820190e-01 -2.395064085721969604e-01 -2.403960824012756348e-01 -2.380165457725524902e-01 -2.590124011039733887e-01 -2.674638032913208008e-01 -2.374570667743682861e-01
-1.524381991475820541e-02 -9.923950582742691040e-02 -4.382930323481559753e-02 -7.834605872631072998e-02 -6.415730714797973633e-02 -6.497940421104431152e-02 -7.958486676216125488e-02 -2.552454359829425812e-02 -1.962222903966903687e-02 -7.331415265798568726e-02
1.040385514497756958e-01 -1.468672454357147217e-01 5.902355536818504333e-03 -1.098364219069480896e-01 -8.860502392053604126e-02 -8.339146524667739868e-02 -1.156153082847595215e-01 7.909145951271057129e-02 1.072091311216354370e-01 -1.325050443410873413e-01
-2.613796293735504150e-01 -2.301946282386779785e-01 -2.452796101570129395e-01 -2.352167665958404541e-01 -2.370243221521377563e-01 -2.369410693645477295e-01 -2.337817549705505371e-01 -2.559988796710968018e-01 -2.625298202037811279e-01 -2.342327684164047241e-01
1.492512971162796021e-01 4.741046577692031860e-02 1.004087924957275391e-01 6.351272761821746826e-02 6.759984791278839111e-02 6.710675358772277832e-02 6.105080991983413696e-02 1.402138173580169678e-01 1.489778161048889160e-01 6.434663385152816772e-02
-1.904609426856040955e-02 -2.789182066917419434e-01 -1.446722596883773804e-01 -2.589266896247863770e-01 -2.380349934101104736e-01 -2.396694570779800415e-01 -2.606510818004608154e-01 -5.089449882507324219e-02 -1.600863784551620483e-02 -2.719508409500122070e-01
-2.638265788555145264e-01 -2.325461804866790771e-01 -2.483436018228530884e-01 -2.379374653100967407e-01 -2.393794208765029907e-01 -2.377502322196960449e-01 -2.364956438541412354e-01 -2.595396041870117188e-01 -2.655779421329498291e-01 -2.354216575622558594e-01
-2.640061974525451660e-01 -2.317597419023513794e-01 -2.470282018184661865e-01 -2.373823374509811401e-01 -2.372577190399169922e-01 -2.390677183866500854e-01 -2.350500971078872681e-01 -2.595455050468444824e-01 -2.655345201492309570e-01 -2.354986220598220825e-01
9.712472558021545410e-03 -2.871008962392807007e-02 -2.549494616687297821e-02 -3.738614544272422791e-02 -4.177036508917808533e-02 -3.594547137618064880e-02 -3.936955705285072327e-02 -2.295364392921328545e-04 1.558912731707096100e-02 -3.841173276305198669e-02
-5.638073012232780457e-02 6.053055636584758759e-03 -1.643420010805130005e-02 6.711601279675960541e-03 5.319361574947834015e-03 6.151503417640924454e-03 4.974510520696640015e-03 -4.943502694368362427e-02 -6.074698641896247864e-02 1.744288578629493713e-02
2.701700031757354736e-01 1.987323909997940063e-01 2.319252640008926392e-01 2.044461071491241455e-01 2.029540091753005981e-01 2.066765874624252319e-01 2.021114528179168701e-01 2.662036120891571045e-01 2.725214958190917969e-01 2.042669951915740967e-01
-7.476201653480529785e-02 7.374812662601470947e-02 -1.512404996901750565e-02 5.352908372879028320e-02 3.727618604898452759e-02 3.302989900112152100e-02 5.687606334686279297e-02 -5.540306866168975830e-02 -7.829876244068145752e-02 6.867908686399459839e-02
-1.439615190029144287e-01 -2.453247606754302979e-01 -2.088571786880493164e-01 -2.446411252021789551e-01 -2.373847812414169312e-01 -2.380282580852508545e-01 -2.412954121828079224e-01 -1.612599790096282959e-01 -1.415977180004119873e-01 -2.457446157932281494e-01
-2.252826839685440063e-01 -2.339581549167633057e-01 -2.362371236085891724e-01 -2.365619689226150513e-01 -2.370470464229583740e-01 -2.375335544347763062e-01 -2.351240813732147217e-01 -2.259840518236160278e-01 -2.256644964218139648e-01 -2.367312163114547729e-01
-2.664567530155181885e-01 -2.322932779788970947e-01 -2.495941668748855591e-01 -2.380509078502655029e-01 -2.392725944519042969e-01 -2.409931421279907227e-01 -2.365620434284210205e-01 -2.604517638683319092e-01 -2.675066292285919189e-01 -2.353741228580474854e-01
-2.659114897251129150e-01 -2.334831357002258301e-01 -2.499392926692962646e-01 -2.378460466861724854e-01 -2.396309524774551392e-01 -2.396253049373626709e-01 -2.384457886219024658e-01 -2.597102820873260498e-01 -2.673984766006469727e-01 -2.358307689428329468e-01
-3.493260592222213745e-02 -2.707242667675018311e-01 -1.582285463809967041e-01 -2.542347311973571777e-01 -2.384166419506072998e-01 -2.411554902791976929e-01 -2.543978393077850342e-01 -6.803239881992340088e-02 -3.323264420032501221e-02 -2.650511264801025391e-01
-9.723016619682312012e-02 7.494396716356277466e-02 -3.908734768629074097e-02 4.172643646597862244e-02 2.115546166896820068e-02 1.922053471207618713e-02 4.391263052821159363e-02 -8.025360852479934692e-02 -9.752150624990463257e-02 6.211901456117630005e-02
-2.491063326597213745e-01 -2.323555499315261841e-01 -2.433907538652420044e-01 -2.365201860666275024e-01 -2.372389584779739380e-01 -2.363445013761520386e-01 -2.359322309494018555e-01 -2.463138252496719360e-01 -2.505173385143280029e-01 -2.353513985872268677e-01
-9.296771022491157055e-04 -1.166476532816886902e-01 -3.133875131607055664e-02 -7.501769810914993286e-02 -6.069089472293853760e-02 -6.185928732156753540e-02 -7.552491128444671631e-02 -9.752522222697734833e-03 -7.383952615782618523e-04 -7.887469232082366943e-02
8.693690598011016846e-02 -1.030785068869590759e-01 2.248915843665599823e-02 -6.055600941181182861e-02 -3.896022588014602661e-02 -4.006512463092803955e-02 -6.008403748273849487e-02 7.355598360300064087e-02 8.560155332088470459e-02 -7.275410741567611694e-02
-2.579259276390075684e-01 -2.306280285120010376e-01 -2.459067404270172119e-01 -2.360081374645233154e-01 -2.374678403139114380e-01 -2.360786050558090210e-01 -2.347269803285598755e-01 -2.529428303241729736e-01 -2.598336040973663330e-01 -2.342122048139572144e-01
-1.575311832129955292e-02 -2.829601764678955078e-01 -1.388317197561264038e-01 -2.581142485141754150e-01 -2.369708269834518433e-01 -2.365501075983047485e-01 -2.601208388805389404e-01 -4.699680209159851074e-02 -1.344464533030986786e-02 -2.741555571556091309e-01
-2.511436305940151215e-02 -2.771585881710052490e-01 -1.520114839076995850e-01 -2.584832310676574707e-01 -2.398057281970977783e-01 -2.403225153684616089e-01 -2.598163187503814697e-01 -5.870722606778144836e-02 -2.428859099745750427e-02 -2.729977965354919434e-01
-2.651652395725250244e-01 -2.320533543825149536e-01 -2.479233145713806152e-01 -2.387160062789916992e-01 -2.380653470754623413e-01 -2.388229817152023315e-01 -2.374796867370605469e-01 -2.598708570003509521e-01 -2.663599252700805664e-01 -2.361065596342086792e-01
2.644715905189514160e-01 1.775237321853637695e-01 2.203948646783828735e-01 1.871204525232315063e-01 1.880991160869598389e-01 1.908935010433197021e-01 1.852083802223205566e-01 2.587187588214874268e-01 2.662445008754730225e-01 1.888332217931747437e-01
-2.612689137458801270e-01 -2.318744510412216187e-01 -2.470881044864654541e-01 -2.374791949987411499e-01 -2.394455224275588989e-01 -2.388872802257537842e-01 -2.374100089073181152e-01 -2.576456964015960693e-01 -2.624782919883728027e-01 -2.363055944442749023e-01
-2.637942433357238770e-01 -2.327706217765808105e-01 -2.485240548849105835e-01 -2.390148639678955078e-01 -2.400009632110595703e-01 -2.404763847589492798e-01 -2.366612255573272705e-01 -2.601063251495361328e-01 -2.653887569904327393e-01 -2.360487580299377441e-01
3.142045810818672180e-02 -4.182216525077819824e-02 -1.304531842470169067e-02 -4.561969637870788574e-02 -4.539657011628150940e-02 -4.456072673201560974e-02 -4.543276131153106689e-02 2.630396187305450439e-02 3.595806658267974854e-02 -4.874020069837570190e-02
-2.643894553184509277e-01 -2.323457598686218262e-01 -2.482993006706237793e-01 -2.382067441940307617e-01 -2.391063421964645386e-01 -2.390832304954528809e-01 -2.364717274904251099e-01 -2.599174082279205322e-01 -2.669392824172973633e-01 -2.359690070152282715e-01
-2.654652297496795654e-01 -2.312304228544235229e-01 -2.486051321029663086e-01 -2.360689789056777954e-01 -2.373860180377960205e-01 -2.376891672611236572e-01 -2.358921170234680176e-01 -2.600318491458892822e-01 -2.681495249271392822e-01 -2.347762137651443481e-01
-2.838379703462123871e-02 -2.697764039039611816e-01 -1.391998231410980225e-01 -2.491211444139480591e-01 -2.255250960588455200e-01 -2.274259626865386963e-01 -2.491381764411926270e-01 -5.269024893641471863e-02 -2.541797980666160583e-02 -2.628701627254486084e-01
-2.618010044097900391e-01 -2.291086316108703613e-01 -2.445638924837112427e-01 -2.358426302671432495e-01 -2.351117879152297974e-01 -2.368708848953247070e-01 -2.327938377857208252e-01 -2.566807866096496582e-01 -2.627105414867401123e-01 -2.336118072271347046e-01
-2.665543854236602783e-01 -2.331625223159790039e-01 -2.498691678047180176e-01 -2.376592308282852173e-01 -2.390519678592681885e-01 -2.392729520797729492e-01 -2.374978959560394287e-01 -2.611848413944244385e-01 -2.689461410045623779e-01 -2.358139306306838989e-01
-2.614950835704803467e-01 -2.310286462306976318e-01 -2.456568330526351929e-01 -2.366192936897277832e-01 -2.374161928892135620e-01 -2.382469028234481812e-01 -2.351749539375305176e-01 -2.559461295604705811e-01 -2.625591456890106201e-01 -2.359977513551712036e-01
-1.059580296277999878e-01 7.266758382320404053e-02 -4.932394996285438538e-02 3.284508734941482544e-02 1.017968542873859406e-02 9.781033731997013092e-03 3.663913533091545105e-02 -8.582548052072525024e-02 -1.046829149127006531e-01 5.312193185091018677e-02
-2.692580819129943848e-01 -2.350274920463562012e-01 -2.511523067951202393e-01 -2.406823039054870605e-01 -2.413716465234756470e-01 -2.423877418041229248e-01 -2.392693758010864258e-01 -2.629649937152862549e-01 -2.703428864479064941e-01 -2.383014410734176636e-01
-2.639396488666534424e-02 -2.748998403549194336e-01 -1.525481790304183960e-01 -2.577470541000366211e-01 -2.396067827939987183e-01 -2.404416352510452271e-01 -2.588337361812591553e-01 -5.825933441519737244e-02 -2.280216664075851440e-02 -2.696701586246490479e-01
6.863706558942794800e-02 -2.162979841232299805e-01 -4.003586620092391968e-02 -1.711129546165466309e-01 -1.388248205184936523e-01 -1.382424235343933105e-01 -1.725131869316101074e-01 4.256614670157432556e-02 7.216826826333999634e-02 -1.948703974485397339e-01
1.170366480946540833e-01 -1.865468919277191162e-01 1.515098847448825836e-02 -1.185666769742965698e-01 -8.257238566875457764e-02 -8.419121056795120239e-02 -1.251384317874908447e-01 9.207135438919067383e-02 1.191403642296791077e-01 -1.416432559490203857e-01
-8.450967073440551758e-02 7.966855913400650024e-02 -2.405349910259246826e-02 4.702455177903175354e-02 2.996777929365634918e-02 3.191342204809188843e-02 4.866896197199821472e-02 -6.623806059360504150e-02 -8.412678539752960205e-02 6.511691212654113770e-02
-2.644392549991607666e-01 -2.322362214326858521e-01 -2.478210926055908203e-01 -2.382553368806838989e-01 -2.389871329069137573e-01 -2.389727830886840820e-01 -2.372064888477325439e-01 -2.586680352687835693e-01 -2.651835978031158447e-01 -2.361422181129455566e-01
6.160326674580574036e-02 5.844339728355407715e-02 4.235848039388656616e-02 5.527545511722564697e-02 4.631637036800384521e-02 4.860314354300498962e-02 5.109480768442153931e-02 5.656513944268226624e-02 6.397512555122375488e-02 6.404488533735275269e-02
-3.462294116616249084e-02 -2.750790715217590332e-01 -1.576343178749084473e-01 -2.598955035209655762e-01 -2.421011775732040405e-01 -2.433987855911254883e-01 -2.584263384342193604e-01 -6.673435121774673462e-02 -3.120597824454307556e-02 -2.702305912971496582e-01
-2.635684013366699219e-01 -2.323186993598937988e-01 -2.475537657737731934e-01 -2.373502552509307861e-01 -2.379893064498901367e-01 -2.389376312494277954e-01 -2.361399531364440918e-01 -2.587236166000366211e-01 -2.639304995536804199e-01 -2.356308400630950928e-01
3.243921399116516113e-01 2.554962933063507080e-01 2.870837450027465820e-01 2.596385180950164795e-01 2.598867118358612061e-01 2.629621028900146484e-01 2.566693425178527832e-01 3.216654062271118164e-01 3.281041383743286133e-01 2.624182999134063721e-01
1.664650887250900269e-01 -1.051125954836606979e-02 9.821473807096481323e-02 2.659452147781848907e-02 4.074598103761672974e-02 4.184291511774063110e-02 2.431918121874332428e-02 1.494325548410415649e-01 1.653011888265609741e-01 1.838419586420059204e-02
-2.615684270858764648e-01 -2.291318476200103760e-01 -2.440877556800842285e-01 -2.350863069295883179e-01 -2.366763502359390259e-01 -2.357801795005798340e-01 -2.339785844087600708e-01 -2.553624510765075684e-01 -2.622276246547698975e-01 -2.326197773218154907e-01
-2.631094455718994141e-01 -2.301121503114700317e-01 -2.456574887037277222e-01 -2.354788631200790405e-01 -2.377722412347793579e-01 -2.363003045320510864e-01 -2.342228144407272339e-01 -2.564937174320220947e-01 -2.630356550216674805e-01 -2.345863133668899536e-01
-1.144694611430168152e-01 4.495211318135261536e-02 -6.170216575264930725e-02 8.090256713330745697e-03 -1.255526207387447357e-02 -1.330402307212352753e-02 1.453472115099430084e-02 -9.491936117410659790e-02 -1.138295605778694153e-01 2.525276131927967072e-02
3.238402307033538818e-01 2.538080811500549316e-01 2.855027616024017334e-01 2.579101920127868652e-01 2.602863907814025879e-01 2.596400380134582520e-01 2.565187215805053711e-01 3.202229738235473633e-01 3.265029489994049072e-01 2.590538859367370605e-01
-2.100548893213272095e-01 -2.356556355953216553e-01 -2.301217466592788696e-01 -2.387837320566177368e-01 -2.372353076934814453e-01 -2.392353713512420654e-01 -2.367700189352035522e-01 -2.139122635126113892e-01 -2.082989960908889771e-01 -2.384190112352371216e-01
-2.629802823066711426e-01 -2.304024100303649902e-01 -2.460191249847412109e-01 -2.366790473461151123e-01 -2.373294383287429810e-01 -2.382436543703079224e-01 -2.346134483814239502e-01 -2.588848173618316650e-01 -2.653747200965881348e-01 -2.353529036045074463e-01
-2.459119409322738647e-01 -2.338963598012924194e-01 -2.434019446372985840e-01 -2.372991889715194702e-01 -2.391322106122970581e-01 -2.381568998098373413e-01 -2.364253103733062744e-01 -2.451307773590087891e-01 -2.467361539602279663e-01 -2.361303418874740601e-01
-2.270368486642837524e-02 -2.786602377891540527e-01 -1.449703127145767212e-01 -2.580540180206298828e-01 -2.366181015968322754e-01 -2.368139773607254028e-01 -2.595824599266052246e-01 -5.504521727561950684e-02 -2.146300487220287323e-02 -2.728959023952484131e-01
1.279122978448867798e-01 -7.212257385253906250e-02 4.703279212117195129e-02 -3.798652812838554382e-02 -2.421318367123603821e-02 -1.754716411232948303e-02 -4.509311541914939880e-02 1.096170172095298767e-01 1.294993013143539429e-01 -5.087960883975028992e-02
-2.606191039085388184e-01 -2.288594990968704224e-01 -2.444285899400711060e-01 -2.354559004306793213e-01 -2.370953559875488281e-01 -2.363612055778503418e-01 -2.339344918727874756e-01 -2.567171454429626465e-01 -2.629485130310058594e-01 -2.336192578077316284e-01
7.907229661941528320e-02 -9.577414393424987793e-02 1.574766635894775391e-02 -6.461808085441589355e-02 -4.837261140346527100e-02 -4.625004902482032776e-02 -6.482341140508651733e-02 6.757763028144836426e-02 7.788990437984466553e-02 -7.983901351690292358e-02
-1.291862688958644867e-02 -2.764366269111633301e-01 -1.415963917970657349e-01 -2.576743960380554199e-01 -2.353161424398422241e-01 -2.351225465536117554e-01 -2.577615678310394287e-01 -4.673529788851737976e-02 -9.556782431900501251e-03 -2.681473195552825928e-01
-2.630946636199951172e-01 -2.321139425039291382e-01 -2.483191937208175659e-01 -2.366318553686141968e-01 -2.386350035667419434e-01 -2.386621981859207153e-01 -2.350891083478927612e-01 -2.597088515758514404e-01 -2.650144994258880615e-01 -2.344977706670761108e-01
3.979962319135665894e-02 -6.410718709230422974e-02 -1.303893607109785080e-02 -5.226135626435279846e-02 -4.840773716568946838e-02 -4.230774939060211182e-02 -5.334826931357383728e-02 2.499681711196899414e-02 4.487226530909538269e-02 -5.781419202685356140e-02
-2.665091156959533691e-01 -2.314042598009109497e-01 -2.482131421566009521e-01 -2.369990050792694092e-01 -2.381862699985504150e-01 -2.392577975988388062e-01 -2.364394068717956543e-01 -2.600155472755432129e-01 -2.680882215499877930e-01 -2.345803529024124146e-01
-1.213999614119529724e-01 4.550332203507423401e-02 -6.859381496906280518e-02 3.824228653684258461e-03 -1.559862121939659119e-02 -1.488134637475013733e-02 1.117984391748905182e-02 -1.034527420997619629e-01 -1.193387582898139954e-01 2.314947172999382019e-02
-2.656658291816711426e-01 -2.324713915586471558e-01 -2.483735233545303345e-01 -2.376606017351150513e-01 -2.400557547807693481e-01 -2.403624802827835083e-01 -2.359865307807922363e-01 -2.594071328639984131e-01 -2.669819593429565430e-01 -2.368093580007553101e-01
2.855620980262756348e-01 2.100978046655654907e-01 2.468377947807312012e-01 2.154570817947387695e-01 2.172336876392364502e-01 2.194500565528869629e-01 2.152748852968215942e-01 2.829571962356567383e-01 2.894954681396484375e-01 2.149171829223632812e-01
-2.647399306297302246e-01 -2.328813374042510986e-01 -2.479149997234344482e-01 -2.375244349241256714e-01 -2.379050254821777344e-01 -2.385222464799880981e-01 -2.367998063564300537e-01 -2.594644427299499512e-01 -2.664266526699066162e-01 -2.356053739786148071e-01
-2.642078995704650879e-01 -2.328284084796905518e-01 -2.476977407932281494e-01 -2.371015101671218872e-01 -2.387538105249404907e-01 -2.393652051687240601e-01 -2.353238463401794434e-01 -2.591204345226287842e-01 -2.659013271331787109e-01 -2.364185750484466553e-01
-2.650265693664550781e-01 -2.330299466848373413e-01 -2.487631291151046753e-01 -2.381078600883483887e-01 -2.394185513257980347e-01 -2.390684187412261963e-01 -2.366532385349273682e-01 -2.601945996284484863e-01 -2.665337324142456055e-01 -2.357080578804016113e-01
-1.837573386728763580e-02 -2.787075638771057129e-01 -1.367998421192169189e-01 -2.563899457454681396e-01 -2.329026907682418823e-01 -2.301502525806427002e-01 -2.552339136600494385e-01 -4.772679135203361511e-02 -1.478268858045339584e-02 -2.697164416313171387e-01
-2.437393069267272949e-01 -2.304846644401550293e-01 -2.406038790941238403e-01 -2.359008193016052246e-01 -2.349077612161636353e-01 -2.359274774789810181e-01 -2.328623682260513306e-01 -2.441180348396301270e-01 -2.460875958204269409e-01 -2.325766980648040771e-01
-2.113730832934379578e-02 -2.751272618770599365e-01 -1.408210098743438721e-01 -2.564340531826019287e-01 -2.316394895315170288e-01 -2.356487065553665161e-01 -2.581775188446044922e-01 -5.182058736681938171e-02 -1.810424588620662689e-02 -2.697195708751678467e-01
-2.647168338298797607e-01 -2.309147417545318604e-01 -2.471069097518920898e-01 -2.377351224422454834e-01 -2.375926077365875244e-01 -2.378962785005569458e-01 -2.347287535667419434e-01 -2.594666182994842529e-01 -2.668283581733703613e-01 -2.346395403146743774e-01
1.011002957820892334e-01 -1.329924315214157104e-01 5.132286343723535538e-03 -1.033546850085258484e-01 -8.157557994127273560e-02 -7.738810777664184570e-02 -1.102139428257942200e-01 7.958326488733291626e-02 1.049768179655075073e-01 -1.207286119461059570e-01
-9.525068104267120361e-02 3.391220234334468842e-03 -4.764983803033828735e-02 -9.451264631934463978e-04 -1.142629235982894897e-02 -9.422826580703258514e-03 -5.674801068380475044e-04 -8.147551119327545166e-02 -9.839608520269393921e-02 1.341877970844507217e-02
1.113634929060935974e-01 -4.590525105595588684e-02 3.970987722277641296e-02 -3.165605664253234863e-02 -2.047833427786827087e-02 -1.783596910536289215e-02 -3.105337731540203094e-02 9.805247187614440918e-02 1.162309795618057251e-01 -4.588113352656364441e-02
2.598049342632293701e-01 1.700623184442520142e-01 2.115152776241302490e-01 1.780531704425811768e-01 1.793254315853118896e-01 1.805722713470458984e-01 1.757576912641525269e-01 2.535563409328460693e-01 2.617432177066802979e-01 1.789121925830841064e-01
-2.678533494472503662e-01 -2.336649894714355469e-01 -2.483486831188201904e-01 -2.387559711933135986e-01 -2.390867024660110474e-01 -2.389132529497146606e-01 -2.368382811546325684e-01 -2.616333365440368652e-01 -2.679600417613983154e-01 -2.372172623872756958e-01
-2.631316781044006348e-01 -2.310015857219696045e-01 -2.451432794332504272e-01 -2.361702620983123779e-01 -2.369511276483535767e-01 -2.366724908351898193e-01 -2.351404130458831787e-01 -2.562168836593627930e-01 -2.643662691116333008e-01 -2.334917187690734863e-01
-2.643545269966125488e-01 -2.325525581836700439e-01 -2.473759800195693970e-01 -2.367909103631973267e-01 -2.384018301963806152e-01 -2.373071163892745972e-01 -2.339886575937271118e-01 -2.606554031372070312e-01 -2.658544182777404785e-01 -2.344359010457992554e-01
-3.005933016538619995e-02 -2.793364822864532471e-01 -1.529061347246170044e-01 -2.626633644104003906e-01 -2.426264435052871704e-01 -2.447612285614013672e-01 -2.612831294536590576e-01 -6.170332804322242737e-02 -2.774601615965366364e-02 -2.739441990852355957e-01
-2.364074736833572388e-01 -2.333989292383193970e-01 -2.388567775487899780e-01 -2.343874424695968628e-01 -2.364896535873413086e-01 -2.367462813854217529e-01 -2.331797033548355103e-01 -2.361055314540863037e-01 -2.369723916053771973e-01 -2.348333597183227539e-01
-2.609335780143737793e-01 -2.303819805383682251e-01 -2.460021227598190308e-01 -2.352675646543502808e-01 -2.360958009958267212e-01 -2.365409880876541138e-01 -2.342106401920318604e-01 -2.563618123531341553e-01 -2.624878585338592529e-01 -2.325015366077423096e-01
-2.635197937488555908e-01 -2.325578331947326660e-01 -2.467343658208847046e-01 -2.379642128944396973e-01 -2.380484491586685181e-01 -2.391662299633026123e-01 -2.354393601417541504e-01 -2.587239146232604980e-01 -2.638981044292449951e-01 -2.355251014232635498e-01
-2.641834914684295654e-01 -2.320044785737991333e-01 -2.485049664974212646e-01 -2.373161613941192627e-01 -2.383150607347488403e-01 -2.378513514995574951e-01 -2.355209738016128540e-01 -2.584681510925292969e-01 -2.654085457324981689e-01 -2.351658940315246582e-01
1.123489588499069214e-01 -1.930279135704040527e-01 9.722301736474037170e-03 -1.279163211584091187e-01 -8.945040404796600342e-02 -9.168691933155059814e-02 -1.324356794357299805e-01 8.629918098449707031e-02 1.124245822429656982e-01 -1.488631516695022583e-01
4.158738534897565842e-03 2.228355407714843750e-02 -8.841427974402904510e-03 8.251372724771499634e-03 8.426446584053337574e-04 3.577715484425425529e-03 7.297697477042675018e-03 8.608658099547028542e-04 2.327996306121349335e-03 2.428705990314483643e-02
-2.648479640483856201e-01 -2.328176349401473999e-01 -2.478451728820800781e-01 -2.380205392837524414e-01 -2.390645444393157959e-01 -2.384491115808486938e-01 -2.365110218524932861e-01 -2.610738873481750488e-01 -2.660317122936248779e-01 -2.360335439443588257e-01
-2.644436657428741455e-01 -2.336830794811248779e-01 -2.482515275478363037e-01 -2.381391972303390503e-01 -2.389963865280151367e-01 -2.390177845954895020e-01 -2.356685698032379150e-01 -2.589115500450134277e-01 -2.662197351455688477e-01 -2.358424961566925049e-01
-2.612372934818267822e-01 -2.310563176870346069e-01 -2.474196404218673706e-01 -2.355526834726333618e-01 -2.364036142826080322e-01 -2.369522452354431152e-01 -2.343280166387557983e-01 -2.579877972602844238e-01 -2.635718882083892822e-01 -2.338468879461288452e-01
-2.648174297064542770e-03 -2.764743566513061523e-01 -1.212083175778388977e-01 -2.466931343078613281e-01 -2.207868993282318115e-01 -2.223587185144424438e-01 -2.497150450944900513e-01 -3.108166530728340149e-02 1.393146929331123829e-03 -2.638549804687500000e-01
-1.301678922027349472e-02 -2.793358862400054932e-01 -1.365395486354827881e-01 -2.572845518589019775e-01 -2.349940687417984009e-01 -2.337064594030380249e-01 -2.571063041687011719e-01 -4.225875064730644226e-02 -7.932444103062152863e-03 -2.726993262767791748e-01
8.942686021327972412e-02 -1.209868863224983215e-01 2.030804194509983063e-02 -7.406837493181228638e-02 -4.817127808928489685e-02 -5.101268738508224487e-02 -7.476549595594406128e-02 7.484687864780426025e-02 8.937457948923110962e-02 -8.649261295795440674e-02
9.432725608348846436e-03 -4.675062000751495361e-02 -4.598793014883995056e-02 -6.216226890683174133e-02 -6.631948053836822510e-02 -6.380553543567657471e-02 -6.009728461503982544e-02 -2.528166398406028748e-03 1.353814918547868729e-02 -6.381617486476898193e-02
4.772481694817543030e-02 -1.618863642215728760e-01 -3.065009042620658875e-02 -1.159645467996597290e-01 -9.042506664991378784e-02 -9.535977989435195923e-02 -1.189226433634757996e-01 2.799808792769908905e-02 4.957044869661331177e-02 -1.270043104887008667e-01
-2.673494815826416016e-01 -2.315569370985031128e-01 -2.485954910516738892e-01 -2.367773205041885376e-01 -2.382659614086151123e-01 -2.387057542800903320e-01 -2.357079684734344482e-01 -2.613636553287506104e-01 -2.687143087387084961e-01 -2.356631755828857422e-01
-2.621447145938873291e-01 -2.316654473543167114e-01 -2.454770207405090332e-01 -2.368232011795043945e-01 -2.384765148162841797e-01 -2.379839420318603516e-01 -2.343545556068420410e-01 -2.564191818237304688e-01 -2.641049623489379883e-01 -2.344001978635787964e-01
1.953512728214263916e-01 1.885344386100769043e-01 1.805759221315383911e-01 1.823980957269668579e-01 1.777428090572357178e-01 1.807142496109008789e-01 1.851558983325958252e-01 1.977503746747970581e-01 1.951235979795455933e-01 1.894721686840057373e-01
-2.645859420299530029e-01 -2.335003018379211426e-01 -2.475695163011550903e-01 -2.376661002635955811e-01 -2.379878610372543335e-01 -2.395539730787277222e-01 -2.369583696126937866e-01 -2.603264153003692627e-01 -2.645859122276306152e-01 -2.362096756696701050e-01
1.272628754377365112e-01 -2.170486189424991608e-02 6.687171012163162231e-02 7.153727579861879349e-03 2.064183540642261505e-02 2.035216428339481354e-02 5.845249164849519730e-03 1.142147555947303772e-01 1.304497122764587402e-01 -2.859435742720961571e-03
1.105728372931480408e-02 -2.821167707443237305e-01 -1.142481863498687744e-01 -2.483467161655426025e-01 -2.192000597715377808e-01 -2.165592312812805176e-01 -2.505752742290496826e-01 -1.999059505760669708e-02 1.505499240010976791e-02 -2.655230462551116943e-01
-2.633546944707632065e-03 -1.659357920289039612e-02 2.603612141683697701e-03 2.757158363237977028e-04 2.657475881278514862e-03 1.898751594126224518e-03 7.570631569251418114e-04 -3.286670893430709839e-03 -7.346284110099077225e-03 9.336432442069053650e-03
-8.012931048870086670e-02 -3.109349124133586884e-02 -4.064619913697242737e-02 -1.485575176775455475e-02 -1.798147521913051605e-02 -1.874972693622112274e-02 -1.864072121679782867e-02 -6.908608227968215942e-02 -8.226353675127029419e-02 -6.768699269741773605e-03
-2.647637724876403809e-01 -2.315613925457000732e-01 -2.470615655183792114e-01 -2.382514923810958862e-01 -2.391138225793838501e-01 -2.397323399782180786e-01 -2.366185635328292847e-01 -2.592379152774810791e-01 -2.671000659465789795e-01 -2.349647879600524902e-01
-2.635253071784973145e-01 -2.317630648612976074e-01 -2.465129643678665161e-01 -2.359908074140548706e-01 -2.383508980274200439e-01 -2.385210394859313965e-01 -2.347232848405838013e-01 -2.588844597339630127e-01 -2.653083205223083496e-01 -2.348945736885070801e-01
-4.058804735541343689e-02 5.396115407347679138e-02 5.693872226402163506e-04 4.349389672279357910e-02 3.515025228261947632e-02 3.815970942378044128e-02 4.719338193535804749e-02 -3.110095672309398651e-02 -4.235817492008209229e-02 6.296688318252563477e-02
1.374811977148056030e-01 -7.322231680154800415e-02 5.717928707599639893e-02 -3.256003558635711670e-02 -1.478956360369920731e-02 -1.380512025207281113e-02 -4.220310971140861511e-02 1.161105483770370483e-01 1.349987238645553589e-01 -4.529289901256561279e-02
-7.522980123758316040e-02 -2.631815671920776367e-01 -1.814459711313247681e-01 -2.531477808952331543e-01 -2.415456622838973999e-01 -2.414512932300567627e-01 -2.512450814247131348e-01 -1.029376164078712463e-01 -7.169909775257110596e-02 -2.589275538921356201e-01
-2.659451663494110107e-01 -2.316527217626571655e-01 -2.471596896648406982e-01 -2.379522621631622314e-01 -2.381893247365951538e-01 -2.379261553287506104e-01 -2.368565201759338379e-01 -2.608161568641662598e-01 -2.669797837734222412e-01 -2.358107864856719971e-01
-2.653206586837768555e-01 -2.322484999895095825e-01 -2.485778033733367920e-01 -2.385917901992797852e-01 -2.387496083974838257e-01 -2.395961880683898926e-01 -2.365223467350006104e-01 -2.605933547019958496e-01 -2.679183781147003174e-01 -2.349385470151901245e-01
2.173844352364540100e-02 -1.627666801214218140e-01 -5.226698890328407288e-02 -1.235741600394248962e-01 -1.051811128854751587e-01 -1.078749671578407288e-01 -1.237527281045913696e-01 2.698058262467384338e-03 2.241251431405544281e-02 -1.296217292547225952e-01
2.997914329171180725e-02 -1.199633106589317322e-01 -1.243831962347030640e-02 -7.547076791524887085e-02 -5.747270211577415466e-02 -5.907499417662620544e-02 -7.796577364206314087e-02 1.918972469866275787e-02 3.027101792395114899e-02 -8.206970989704132080e-02
-5.120104178786277771e-02 7.458704710006713867e-02 -2.607743255794048309e-03 4.958965629339218140e-02 3.532430529594421387e-02 3.899150341749191284e-02 5.526726692914962769e-02 -3.574613109230995178e-02 -4.907874763011932373e-02 6.790873408317565918e-02
-6.761005520820617676e-02 3.163469210267066956e-02 -2.181142382323741913e-02 1.104623544961214066e-02 2.802058588713407516e-03 3.427259158343076706e-03 1.238260511308908463e-02 -4.915214702486991882e-02 -6.787404417991638184e-02 1.134510897099971771e-02
-2.597304880619049072e-01 -2.304677069187164307e-01 -2.453692257404327393e-01 -2.358882427215576172e-01 -2.366728186607360840e-01 -2.367149740457534790e-01 -2.337099909782409668e-01 -2.550874650478363037e-01 -2.603213191032409668e-01 -2.345519512891769409e-01
-1.670434027910232544e-01 -2.414132654666900635e-01 -2.198650240898132324e-01 -2.428265959024429321e-01 -2.380682229995727539e-01 -2.390126436948776245e-01 -2.414443492889404297e-01 -1.809021234512329102e-01 -1.656825244426727295e-01 -2.425026744604110718e-01
-1.022239923477172852e-01 4.049101844429969788e-02 -4.762711003422737122e-02 1.038184575736522675e-02 -4.847682081162929535e-03 -2.277789462823420763e-04 1.776823960244655609e-02 -8.486694842576980591e-02 -1.007679551839828491e-01 1.808578893542289734e-02
9.318871051073074341e-02 -5.951731279492378235e-02 3.530291467905044556e-02 -3.391825035214424133e-02 -2.440255507826805115e-02 -1.885972172021865845e-02 -3.908307477831840515e-02 7.994545996189117432e-02 9.379673004150390625e-02 -4.507318511605262756e-02
-2.612911760807037354e-01 -2.313717752695083618e-01 -2.451856434345245361e-01 -2.369261682033538818e-01 -2.378996759653091431e-01 -2.377512156963348389e-01 -2.337850630283355713e-01 -2.563132643699645996e-01 -2.621212601661682129e-01 -2.346493452787399292e-01
-2.634825408458709717e-01 -2.298887073993682861e-01 -2.460032850503921509e-01 -2.349603474140167236e-01 -2.375710606575012207e-01 -2.374058514833450317e-01 -2.342289686203002930e-01 -2.587989270687103271e-01 -2.648020982742309570e-01 -2.332449406385421753e-01
2.456390708684921265e-01 1.581017225980758667e-01 2.013770043849945068e-01 1.635577380657196045e-01 1.663284599781036377e-01 1.685292720794677734e-01 1.612918376922607422e-01 2.398742139339447021e-01 2.496512532234191895e-01 1.641628593206405640e-01
-4.556028544902801514e-02 -2.619723975658416748e-01 -1.594353914260864258e-01 -2.491966187953948975e-01 -2.304480522871017456e-01 -2.323443889617919922e-01 -2.468117624521255493e-01 -7.551059126853942871e-02 -4.296271130442619324e-02 -2.567000687122344971e-01
-2.536628842353820801e-01 -2.317057549953460693e-01 -2.436873316764831543e-01 -2.359970211982727051e-01 -2.373519539833068848e-01 -2.381989359855651855e-01 -2.347156256437301636e-01 -2.509088814258575439e-01 -2.542714178562164307e-01 -2.353049665689468384e-01
-1.370898783206939697e-01 -4.255441948771476746e-03 -9.029261022806167603e-02 -3.874903544783592224e-02 -5.210348591208457947e-02 -4.936111718416213989e-02 -3.014013916254043579e-02 -1.215563118457794189e-01 -1.356387287378311157e-01 -2.474313974380493164e-02
3.299744129180908203e-01 2.599308192729949951e-01 2.902819514274597168e-01 2.635243237018585205e-01 2.646547555923461914e-01 2.660302519798278809e-01 2.630204260349273682e-01 3.264314830303192139e-01 3.336609005928039551e-01 2.654133737087249756e-01
-2.634887695312500000e-01 -2.321630716323852539e-01 -2.462912946939468384e-01 -2.357816547155380249e-01 -2.378342896699905396e-01 -2.376991510391235352e-01 -2.352294176816940308e-01 -2.586873173713684082e-01 -2.653879523277282715e-01 -2.349998503923416138e-01
-2.043363451957702637e-02 -2.759623527526855469e-01 -1.434863209724426270e-01 -2.556788623332977295e-01 -2.361928820610046387e-01 -2.380811721086502075e-01 -2.559696137905120850e-01 -5.022012814879417419e-02 -1.588289625942707062e-02 -2.692738175392150879e-01
-1.018392592668533325e-01 1.115557923913002014e-01 -3.671132773160934448e-02 5.746089294552803040e-02 3.152531757950782776e-02 3.362638503313064575e-02 6.123885512351989746e-02 -7.957361638545989990e-02 -9.893856197595596313e-02 7.793204486370086670e-02
1.414029449224472046e-01 -1.031843647360801697e-01 6.094684824347496033e-02 -4.793281108140945435e-02 -2.149024605751037598e-02 -1.949657313525676727e-02 -5.108509957790374756e-02 1.177887693047523499e-01 1.391858011484146118e-01 -6.713895499706268311e-02
-2.639414072036743164e-01 -2.311123162508010864e-01 -2.466394454240798950e-01 -2.358801960945129395e-01 -2.379187643527984619e-01 -2.385798394680023193e-01 -2.352388203144073486e-01 -2.587750554084777832e-01 -2.650680243968963623e-01 -2.344340234994888306e-01
-2.624788284301757812e-01 -2.317136079072952271e-01 -2.467729896306991577e-01 -2.357892692089080811e-01 -2.380480021238327026e-01 -2.376659363508224487e-01 -2.345231026411056519e-01 -2.584803998470306396e-01 -2.646969556808471680e-01 -2.332528233528137207e-01
-8.578237146139144897e-02 -4.949283972382545471e-02 -5.154694616794586182e-02 -3.485741466283798218e-02 -3.182298690080642700e-02 -3.370907902717590332e-02 -3.462484851479530334e-02 -7.648386806249618530e-02 -8.957259356975555420e-02 -2.485457062721252441e-02
1.422512680292129517e-01 -1.081443578004837036e-01 6.087354570627212524e-02 -5.148350447416305542e-02 -2.533758431673049927e-02 -2.249251678586006165e-02 -5.660044401884078979e-02 1.225221306085586548e-01 1.436545699834823608e-01 -7.157741487026214600e-02
3.238534629344940186e-01 2.501361370086669922e-01 2.826095223426818848e-01 2.553211450576782227e-01 2.562083005905151367e-01 2.581451535224914551e-01 2.549160420894622803e-01 3.191733360290527344e-01 3.272043764591217041e-01 2.569330930709838867e-01
-3.055388480424880981e-02 -2.758083939552307129e-01 -1.489878296852111816e-01 -2.561799585819244385e-01 -2.358093857765197754e-01 -2.385532408952713013e-01 -2.555494606494903564e-01 -6.079827994108200073e-02 -2.602704428136348724e-02 -2.692518234252929688e-01
-2.893854305148124695e-02 2.440518327057361603e-02 -1.427771802991628647e-02 2.298333682119846344e-03 -9.439988061785697937e-03 -7.702556438744068146e-03 2.253187587484717369e-03 -1.852612756192684174e-02 -2.722711674869060516e-02 4.165843594819307327e-03
-1.164700761437416077e-01 5.334801971912384033e-02 -6.138848885893821716e-02 1.004449371248483658e-02 -7.605428807437419891e-03 -9.073944762349128723e-03 1.669984310865402222e-02 -9.786925464868545532e-02 -1.147253364324569702e-01 2.558394894003868103e-02
1.062389388680458069e-01 -1.093908250331878662e-01 3.422298282384872437e-02 -6.101366132497787476e-02 -3.583973646163940430e-02 -3.647425770759582520e-02 -6.103424355387687683e-02 8.950244635343551636e-02 1.026181802153587341e-01 -7.432121783494949341e-02
2.395815849304199219e-01 1.467776000499725342e-01 1.908298432826995850e-01 1.538876891136169434e-01 1.563741713762283325e-01 1.581713706254959106e-01 1.527023166418075562e-01 2.323299944400787354e-01 2.424239665269851685e-01 1.529981046915054321e-01
-2.655729353427886963e-01 -2.320182472467422485e-01 -2.476317435503005981e-01 -2.368128001689910889e-01 -2.383740991353988647e-01 -2.391801774501800537e-01 -2.355705499649047852e-01 -2.586036622524261475e-01 -2.661060690879821777e-01 -2.357975095510482788e-01
1.151971369981765747e-01 -1.761168539524078369e-01 1.403042487800121307e-02 -1.164657920598983765e-01 -8.283514529466629028e-02 -8.180834352970123291e-02 -1.237586215138435364e-01 9.005055576562881470e-02 1.184546872973442078e-01 -1.379882842302322388e-01
-2.660267353057861328e-01 -2.337260693311691284e-01 -2.500616908073425293e-01 -2.396307587623596191e-01 -2.392871230840682983e-01 -2.413336336612701416e-01 -2.385768741369247437e-01 -2.601810991764068604e-01 -2.661426365375518799e-01 -2.367738634347915649e-01
2.083542644977569580e-01 9.311772137880325317e-02 1.551027894020080566e-01 1.078832149505615234e-01 1.147880032658576965e-01 1.142371520400047302e-01 1.064053103327751160e-01 1.993880420923233032e-01 2.111148834228515625e-01 1.067478209733963013e-01
-2.642762064933776855e-01 -2.319278866052627563e-01 -2.482050955295562744e-01 -2.388959974050521851e-01 -2.382870763540267944e-01 -2.391138225793838501e-01 -2.368490844964981079e-01 -2.577168047428131104e-01 -2.656605839729309082e-01 -2.358352690935134888e-01
-6.019709631800651550e-03 -2.812617421150207520e-01 -1.288950443267822266e-01 -2.546289861202239990e-01 -2.294445782899856567e-01 -2.285488545894622803e-01 -2.559827566146850586e-01 -3.736663237214088440e-02 -1.956615364179015160e-03 -2.706985473632812500e-01
-2.596763670444488525e-01 -2.304723411798477173e-01 -2.443619817495346069e-01 -2.343628704547882080e-01 -2.357811927795410156e-01 -2.368552833795547485e-01 -2.334488183259963989e-01 -2.555383443832397461e-01 -2.628358602523803711e-01 -2.326073944568634033e-01
1.166031733155250549e-01 -6.358043104410171509e-02 4.995795711874961853e-02 -2.876504138112068176e-02 -1.199009921401739120e-02 -1.475096959620714188e-02 -2.908311039209365845e-02 1.063639223575592041e-01 1.204617992043495178e-01 -4.626274853944778442e-02
-2.588614523410797119e-01 -2.300387471914291382e-01 -2.439608424901962280e-01 -2.345254272222518921e-01 -2.361375987529754639e-01 -2.356645166873931885e-01 -2.347113937139511108e-01 -2.554834783077239990e-01 -2.616008520126342773e-01 -2.326932996511459351e-01
1.362096369266510010e-01 -1.518399417400360107e-01 3.881736844778060913e-02 -8.875834941864013672e-02 -5.658009275794029236e-02 -5.253410339355468750e-02 -9.497763961553573608e-02 1.112426221370697021e-01 1.373751461505889893e-01 -1.120764240622520447e-01
-2.624223828315734863e-01 -2.313182801008224487e-01 -2.467627823352813721e-01 -2.360750585794448853e-01 -2.369705736637115479e-01 -2.385369092226028442e-01 -2.351943552494049072e-01 -2.583697140216827393e-01 -2.641191184520721436e-01 -2.338818013668060303e-01
1.237176135182380676e-01 -1.517900824546813965e-01 3.066070750355720520e-02 -9.118116647005081177e-02 -5.910201743245124817e-02 -6.016406789422035217e-02 -9.272626787424087524e-02 1.000108495354652405e-01 1.213023811578750610e-01 -1.108922436833381653e-01
-2.381488829851150513e-01 -2.341301590204238892e-01 -2.412216514348983765e-01 -2.400036007165908813e-01 -2.400948256254196167e-01 -2.399948835372924805e-01 -2.378401607275009155e-01 -2.378348112106323242e-01 -2.392775416374206543e-01 -2.377191781997680664e-01
1.100372225046157837e-01 -2.106836885213851929e-01 3.533798735588788986e-03 -1.418279111385345459e-01 -1.020985543727874756e-01 -1.023878902196884155e-01 -1.463727802038192749e-01 8.367067575454711914e-02 1.123058348894119263e-01 -1.647591739892959595e-01
-2.663153707981109619e-01 -2.331124395132064819e-01 -2.478923201560974121e-01 -2.384874522686004639e-01 -2.396720498800277710e-01 -2.400481253862380981e-01 -2.378299534320831299e-01 -2.606831192970275879e-01 -2.671637237071990967e-01 -2.367254644632339478e-01
-8.372397720813751221e-02 -2.527528405189514160e-01 -1.771785169839859009e-01 -2.441246509552001953e-01 -2.338515222072601318e-01 -2.323681712150573730e-01 -2.427258789539337158e-01 -1.084320843219757080e-01 -8.076161891222000122e-02 -2.493106573820114136e-01
-2.628668546676635742e-01 -2.319621741771697998e-01 -2.473949491977691650e-01 -2.367200404405593872e-01 -2.382182627916336060e-01 -2.399034798145294189e-01 -2.373364120721817017e-01 -2.590459883213043213e-01 -2.659760415554046631e-01 -2.355185747146606445e-01
-2.634616196155548096e-01 -2.324093133211135864e-01 -2.498638927936553955e-01 -2.392093539237976074e-01 -2.392612993717193604e-01 -2.405720800161361694e-01 -2.373536676168441772e-01 -2.594411373138427734e-01 -2.662724852561950684e-01 -2.369621843099594116e-01
3.264499828219413757e-02 -3.045238740742206573e-02 1.789969950914382935e-02 -4.112193826586008072e-03 4.038100130856037140e-03 6.683157291263341904e-03 -3.434038255363702774e-03 2.551835402846336365e-02 2.986676618456840515e-02 -3.859970020130276680e-04
-2.652257084846496582e-01 -2.345539778470993042e-01 -2.504529058933258057e-01 -2.392304092645645142e-01 -2.403197884559631348e-01 -2.398677468299865723e-01 -2.365996986627578735e-01 -2.606581449508666992e-01 -2.676834166049957275e-01 -2.361054569482803345e-01
2.648413553833961487e-02 -1.680445820093154907e-01 -5.372980237007141113e-02 -1.235826164484024048e-01 -1.065752357244491577e-01 -1.103925108909606934e-01 -1.295183449983596802e-01 6.318904459476470947e-03 2.831932902336120605e-02 -1.326857060194015503e-01
1.001311466097831726e-01 -4.063408076763153076e-02 2.774938382208347321e-02 -3.836531564593315125e-02 -3.266697376966476440e-02 -2.713153883814811707e-02 -3.639390692114830017e-02 8.614051342010498047e-02 1.060074567794799805e-01 -4.770573601126670837e-02
8.812644332647323608e-02 -1.798774451017379761e-01 -1.671162061393260956e-02 -1.422906816005706787e-01 -1.176827773451805115e-01 -1.131866574287414551e-01 -1.476913392543792725e-01 6.177242100238800049e-02 9.173368662595748901e-02 -1.655261069536209106e-01
-2.642706036567687988e-01 -2.310077697038650513e-01 -2.484324723482131958e-01 -2.368429154157638550e-01 -2.378289699554443359e-01 -2.377166897058486938e-01 -2.352921664714813232e-01 -2.599648833274841309e-01 -2.662582993507385254e-01 -2.343799620866775513e-01
-4.794147238135337830e-02 -2.688881158828735352e-01 -1.662467569112777710e-01 -2.579763531684875488e-01 -2.429860979318618774e-01 -2.448761463165283203e-01 -2.575812935829162598e-01 -7.977705448865890503e-02 -4.560385271906852722e-02 -2.661032080650329590e-01
-2.652080953121185303e-01 -2.338078767061233521e-01 -2.477904260158538818e-01 -2.383328527212142944e-01 -2.403562068939208984e-01 -2.388269603252410889e-01 -2.369232922792434692e-01 -2.595831751823425293e-01 -2.669464051723480225e-01 -2.362786978483200073e-01
-2.654950618743896484e-01 -2.321257889270782471e-01 -2.467305064201354980e-01 -2.369028925895690918e-01 -2.374279052019119263e-01 -2.375678569078445435e-01 -2.351557463407516479e-01 -2.601681649684906006e-01 -2.667770385742187500e-01 -2.335994392633438110e-01
-2.637144327163696289e-01 -2.313815355300903320e-01 -2.476355135440826416e-01 -2.370180040597915649e-01 -2.376067638397216797e-01 -2.391466349363327026e-01 -2.348230928182601929e-01 -2.595143020153045654e-01 -2.662956714630126953e-01 -2.355519682168960571e-01
-2.636170089244842529e-01 -2.320552319288253784e-01 -2.465399801731109619e-01 -2.362534552812576294e-01 -2.388600409030914307e-01 -2.392186820507049561e-01 -2.352505028247833252e-01 -2.576017677783966064e-01 -2.663432061672210693e-01 -2.338920384645462036e-01
1.252159327268600464e-01 -1.810765713453292847e-01 2.781004272401332855e-02 -1.088535934686660767e-01 -7.337138801813125610e-02 -7.044808566570281982e-02 -1.168182194232940674e-01 9.880784153938293457e-02 1.261709481477737427e-01 -1.334148645401000977e-01
-2.576262652873992920e-01 -2.313677966594696045e-01 -2.451430112123489380e-01 -2.358983606100082397e-01 -2.371309846639633179e-01 -2.372535318136215210e-01 -2.347463071346282959e-01 -2.548460662364959717e-01 -2.605523169040679932e-01 -2.352970540523529053e-01
3.131966590881347656e-01 2.406596243381500244e-01 2.729823291301727295e-01 2.456974387168884277e-01 2.457713037729263306e-01 2.479366511106491089e-01 2.467108517885208130e-01 3.079602718353271484e-01 3.143155276775360107e-01 2.483981549739837646e-01
-2.637244462966918945e-01 -2.335327565670013428e-01 -2.471425682306289673e-01 -2.375030070543289185e-01 -2.386202514171600342e-01 -2.404134124517440796e-01 -2.387500405311584473e-01 -2.584870159626007080e-01 -2.649025619029998779e-01 -2.370878458023071289e-01
-2.641815543174743652e-01 -2.309079021215438843e-01 -2.476750761270523071e-01 -2.370067834854125977e-01 -2.384501844644546509e-01 -2.380996942520141602e-01 -2.361642420291900635e-01 -2.588816583156585693e-01 -2.637695670127868652e-01 -2.357853502035140991e-01
7.598826289176940918e-02 -5.082207173109054565e-02 1.244142372161149979e-02 -4.547840356826782227e-02 -3.952418640255928040e-02 -3.807402029633522034e-02 -4.578745365142822266e-02 6.492809206247329712e-02 7.899836450815200806e-02 -5.992801487445831299e-02
1.632197946310043335e-02 -2.603678405284881592e-01 -1.024754643440246582e-01 -2.270396947860717773e-01 -2.007521986961364746e-01 -1.997785717248916626e-01 -2.281562238931655884e-01 -1.324375160038471222e-02 1.918588578701019287e-02 -2.429237514734268188e-01
-1.560405362397432327e-02 -2.760872244834899902e-01 -1.330487430095672607e-01 -2.511560618877410889e-01 -2.250921726226806641e-01 -2.264430075883865356e-01 -2.518089711666107178e-01 -4.304769262671470642e-02 -1.176123414188623428e-02 -2.649238109588623047e-01
-2.643488645553588867e-01 -2.325354367494583130e-01 -2.469148188829421997e-01 -2.371648550033569336e-01 -2.391214668750762939e-01 -2.389641553163528442e-01 -2.371190637350082397e-01 -2.593730092048645020e-01 -2.661255002021789551e-01 -2.351454496383666992e-01
3.265197873115539551e-01 2.573288381099700928e-01 2.881568968296051025e-01 2.619945704936981201e-01 2.637405395507812500e-01 2.637993395328521729e-01 2.616861760616302490e-01 3.223089277744293213e-01 3.268067240715026855e-01 2.634532749652862549e-01
-9.299338608980178833e-02 4.983729869127273560e-02 -3.705401346087455750e-02 2.179976925253868103e-02 7.304047234356403351e-03 8.058808743953704834e-03 2.732519991695880890e-02 -7.099770009517669678e-02 -9.075628221035003662e-02 2.994105033576488495e-02
-7.819485664367675781e-02 -4.991838708519935608e-02 -5.125845968723297119e-02 -3.960944339632987976e-02 -3.661055117845535278e-02 -3.650689497590065002e-02 -3.993624448776245117e-02 -7.278714329004287720e-02 -8.291899412870407104e-02 -3.073070570826530457e-02
3.450638428330421448e-02 -7.614706642925739288e-03 -9.259166195988655090e-03 -2.742121741175651550e-02 -3.510494530200958252e-02 -2.991371974349021912e-02 -3.075420670211315155e-02 3.251020610332489014e-02 3.782449290156364441e-02 -3.013184294104576111e-02
-2.633135020732879639e-01 -2.321793735027313232e-01 -2.472914457321166992e-01 -2.371337115764617920e-01 -2.384975105524063110e-01 -2.392273545265197754e-01 -2.363366037607192993e-01 -2.581331431865692139e-01 -2.644510567188262939e-01 -2.345468550920486450e-01
7.452874630689620972e-02 -2.395007312297821045e-01 -3.814769908785820007e-02 -1.792924702167510986e-01 -1.424303650856018066e-01 -1.465747654438018799e-01 -1.851526349782943726e-01 4.608826711773872375e-02 7.895366847515106201e-02 -2.045237720012664795e-01
-1.548823900520801544e-02 -6.240786984562873840e-03 -1.017887890338897705e-02 -2.058127662166953087e-03 -5.003546830266714096e-03 -1.209501642733812332e-03 -5.801563616842031479e-03 -1.432817149907350540e-02 -1.631276868283748627e-02 6.728177890181541443e-03
-2.641613483428955078e-01 -2.306076884269714355e-01 -2.470934689044952393e-01 -2.376739829778671265e-01 -2.383405417203903198e-01 -2.379060387611389160e-01 -2.355723530054092407e-01 -2.593269348144531250e-01 -2.641352415084838867e-01 -2.351569682359695435e-01
1.300055831670761108e-01 -4.524509608745574951e-02 6.726905703544616699e-02 -4.733889363706111908e-03 1.039548311382532120e-02 1.117870118468999863e-02 -4.566077142953872681e-03 1.126210689544677734e-01 1.259807050228118896e-01 -1.120863109827041626e-02
