-7.738382555544376373e-03 -8.667448535561561584e-03 -8.637409657239913940e-03 -5.211591720581054688e-03 -8.666250854730606079e-03 -5.918371956795454025e-03 -2.857217565178871155e-03 -4.142615012824535370e-03 -5.451193545013666153e-03 -5.818672943860292435e-03
-7.396998815238475800e-03 -8.378407917916774750e-03 -8.462040685117244720e-03 -5.790355149656534195e-03 -8.316475898027420044e-03 -6.747242528945207596e-03 -2.431925619021058083e-03 -4.629806615412235260e-03 -4.240140784531831741e-03 -6.433365866541862488e-03
-8.155939169228076935e-03 -8.407413028180599213e-03 -8.151957765221595764e-03 -5.104973912239074707e-03 -8.982655592262744904e-03 -6.583476904779672623e-03 -1.934729400090873241e-03 -4.551959224045276642e-03 -5.073464941233396530e-03 -6.973320618271827698e-03
4.270361736416816711e-03 3.494857344776391983e-03 4.050182644277811050e-03 -6.014017853885889053e-03 4.401970654726028442e-03 -2.428145147860050201e-03 -5.611015949398279190e-03 3.543909639120101929e-03 -6.128108128905296326e-03 -3.376263193786144257e-03
-7.524908520281314850e-03 -8.606346324086189270e-03 -7.773446850478649139e-03 -6.327698938548564911e-03 -8.356559090316295624e-03 -6.844386458396911621e-03 -2.391623100265860558e-03 -4.115665797144174576e-03 -4.605869296938180923e-03 -6.661836989223957062e-03
-4.525437019765377045e-03 -4.904675763100385666e-03 -5.394001957029104233e-03 -3.738511120900511742e-03 -4.797377623617649078e-03 -5.827612709254026413e-03 -1.595735666342079639e-03 -4.275834187865257263e-03 -2.648317022249102592e-03 -5.189642310142517090e-03
-8.764749392867088318e-03 -8.195386268198490143e-03 -7.590602152049541473e-03 -6.210594438016414642e-03 -8.770497515797615051e-03 -5.630262196063995361e-03 -3.107951022684574127e-03 -4.542210139334201813e-03 -4.886650014668703079e-03 -6.007149349898099899e-03
-7.298747543245553970e-03 -8.807728998363018036e-03 -8.228542283177375793e-03 -5.922523327171802521e-03 -8.552318438887596130e-03 -6.214634981006383896e-03 -2.058489015325903893e-03 -4.134666640311479568e-03 -4.616560414433479309e-03 -6.075153127312660217e-03
4.438856616616249084e-03 3.989242482930421829e-03 4.347227979451417923e-03 -1.430818904191255569e-02 4.846398252993822098e-03 -1.265320647507905960e-02 -1.111814472824335098e-02 -1.333128474652767181e-02 -1.408311910927295685e-02 -1.155519392341375351e-02
-8.584359660744667053e-03 -8.231060579419136047e-03 -7.883208803832530975e-03 -5.045974627137184143e-03 -8.949865587055683136e-03 -6.878774613142013550e-03 -2.694508293643593788e-03 -4.088319372385740280e-03 -5.510947667062282562e-03 -6.707073654979467392e-03
-7.131714839488267899e-03 -9.013452567160129547e-03 -8.367584086954593658e-03 -6.587814074009656906e-03 -8.613151498138904572e-03 -5.446407478302717209e-03 -3.092945087701082230e-03 -3.917865455150604248e-03 -4.479995463043451309e-03 -6.444509606808423996e-03
-8.248232305049896240e-03 -8.626467548310756683e-03 -8.432607166469097137e-03 -4.703399725258350372e-03 -9.169236756861209869e-03 -6.467115134000778198e-03 -2.434777095913887024e-03 -4.855902399867773056e-03 -4.782111383974552155e-03 -6.379075348377227783e-03
-8.722073398530483246e-03 -8.213394321501255035e-03 -7.956760004162788391e-03 -5.440637934952974319e-03 -9.209531359374523163e-03 -5.989237688481807709e-03 -2.758715534582734108e-03 -4.991170950233936310e-03 -3.889320185407996178e-03 -6.822649855166673660e-03
1.515955850481987000e-02 1.407206337898969650e-02 1.254821196198463440e-02 -1.970159634947776794e-02 1.392835471779108047e-02 -2.113011479377746582e-02 -1.536148786544799805e-02 -1.340774167329072952e-02 -1.586612313985824585e-02 -2.049419097602367401e-02
7.860864512622356415e-03 6.921963766217231750e-03 7.796898484230041504e-03 -1.290626637637615204e-02 7.563351653516292572e-03 -1.019154489040374756e-02 -1.640912517905235291e-02 1.282072858884930611e-03 -1.457297895103693008e-02 -1.199114788323640823e-02
-7.792279589921236038e-03 -7.657024078071117401e-03 -8.754453621804714203e-03 -4.769380670040845871e-03 -7.980063557624816895e-03 -5.780604202300310135e-03 -1.572384615428745747e-03 -4.267422482371330261e-03 -4.414646420627832413e-03 -7.253886200487613678e-03
-8.481011725962162018e-03 -8.285065181553363800e-03 -8.293300867080688477e-03 -4.871168639510869980e-03 -9.083523415029048920e-03 -6.742484401911497116e-03 -2.673985203728079796e-03 -4.195833578705787659e-03 -4.552507773041725159e-03 -5.918084643781185150e-03
2.346370834857225418e-03 2.509533893316984177e-03 3.266149200499057770e-03 -5.990509409457445145e-03 3.098792163655161858e-03 -2.724783960729837418e-03 -7.893373258411884308e-03 1.998977968469262123e-04 -5.399900954216718674e-03 -5.627792794257402420e-03
-8.524425327777862549e-03 -8.737777359783649445e-03 -8.191703818738460541e-03 -5.592434201389551163e-03 -7.885662838816642761e-03 -6.232878193259239197e-03 -2.617471385747194290e-03 -4.488564096391201019e-03 -4.938319325447082520e-03 -6.787892431020736694e-03
-8.157867006957530975e-03 -8.257763460278511047e-03 -8.656198158860206604e-03 -4.656752105802297592e-03 -8.872472681105136871e-03 -5.933498498052358627e-03 -2.222571521997451782e-03 -4.665306769311428070e-03 -4.954066127538681030e-03 -6.602994631975889206e-03
-9.350969456136226654e-03 -9.475339204072952271e-03 -8.197219111025333405e-03 -6.772656459361314774e-03 -8.140579797327518463e-03 -5.822501145303249359e-03 -3.364303382113575935e-03 -4.245840944349765778e-03 -5.103108473122119904e-03 -6.723694503307342529e-03
-8.531602099537849426e-03 -7.410711608827114105e-03 -8.019281551241874695e-03 -5.014008842408657074e-03 -8.966568857431411743e-03 -6.375535856932401657e-03 -3.228950547054409981e-03 -5.073958542197942734e-03 -4.388611298054456711e-03 -6.926245056092739105e-03
-8.524362929165363312e-03 -8.819377981126308441e-03 -6.958129815757274628e-03 -6.059443112462759018e-03 -8.487923070788383484e-03 -6.401994265615940094e-03 -2.635473618283867836e-03 -4.225552547723054886e-03 -4.500437062233686447e-03 -5.891277920454740524e-03
-8.595668710768222809e-03 -9.056250564754009247e-03 -7.945384830236434937e-03 -5.655644927173852921e-03 -9.138504974544048309e-03 -6.563954520970582962e-03 -1.775874407030642033e-03 -3.439704887568950653e-03 -4.387811291962862015e-03 -5.745396483689546585e-03
-8.392484858632087708e-03 -8.520941250026226044e-03 -9.124558418989181519e-03 -6.011035293340682983e-03 -7.937114685773849487e-03 -5.590173881500959396e-03 -1.951412763446569443e-03 -4.198304377496242523e-03 -4.711793735623359680e-03 -6.104707252234220505e-03
-1.379172317683696747e-04 4.912614822387695312e-04 2.186862984672188759e-04 -2.400815254077315331e-03 5.181080196052789688e-04 -4.487859550863504410e-03 -4.116515628993511200e-03 -2.673621103167533875e-02 -3.260279074311256409e-03 -3.426505718380212784e-03
-2.367329550907015800e-03 -3.905605757609009743e-03 -3.839762648567557335e-03 -5.560135468840599060e-03 -4.289169795811176300e-03 -2.869492396712303162e-03 -3.569260472431778908e-03 -1.923737116158008575e-02 -6.033523473888635635e-03 -3.858300391584634781e-03
-9.504008106887340546e-03 -8.222952485084533691e-03 -9.403364732861518860e-03 -6.195750087499618530e-03 -8.284301497042179108e-03 -6.965939421206712723e-03 -1.951632206328213215e-03 -5.282406229525804520e-03 -5.060740746557712555e-03 -5.718055646866559982e-03
3.218718571588397026e-03 2.630118280649185181e-03 2.858652267605066299e-03 -1.659455150365829468e-02 3.639545757323503494e-03 -1.412967126816511154e-02 -1.838034577667713165e-02 -3.027082420885562897e-03 -1.751167140901088715e-02 -1.690304465591907501e-02
7.622337900102138519e-03 6.532260216772556305e-03 6.756056100130081177e-03 -2.020159363746643066e-02 8.740559220314025879e-03 -1.828556321561336517e-02 -2.191348746418952942e-02 -7.799665443599224091e-03 -1.981625333428382874e-02 -1.773628033697605133e-02
-8.165811188519001007e-03 -8.503697812557220459e-03 -8.174382150173187256e-03 -4.515569657087326050e-03 -8.967860601842403412e-03 -6.765027996152639389e-03 -2.307403367012739182e-03 -3.870744258165359497e-03 -5.106393247842788696e-03 -7.398029323667287827e-03
-8.947534486651420593e-03 -8.320954628288745880e-03 -7.619793992489576340e-03 -6.496722809970378876e-03 -8.117888122797012329e-03 -5.827287212014198303e-03 -2.459048526361584663e-03 -5.087126977741718292e-03 -5.387142766267061234e-03 -6.400599610060453415e-03
-7.883455604314804077e-03 -8.577862754464149475e-03 -8.266547694802284241e-03 -4.917065147310495377e-03 -9.432150982320308685e-03 -6.812455598264932632e-03 -3.077019937336444855e-03 -4.140646196901798248e-03 -5.663036368787288666e-03 -7.384948898106813431e-03
-9.351487271487712860e-03 -8.339980617165565491e-03 -7.838671095669269562e-03 -5.164322908967733383e-03 -8.910600095987319946e-03 -5.928148049861192703e-03 -1.948128920048475266e-03 -3.850757144391536713e-03 -4.815855063498020172e-03 -7.515437435358762741e-03
-8.706686086952686310e-03 -8.430100977420806885e-03 -7.428520824760198593e-03 -4.676393233239650726e-03 -7.761713583022356033e-03 -7.013817783445119858e-03 -2.082027029246091843e-03 -4.126494284719228745e-03 -4.330654628574848175e-03 -7.278838660567998886e-03
-7.399285212159156799e-03 -8.524211123585700989e-03 -8.579017594456672668e-03 -5.608175415545701981e-03 -8.894409053027629852e-03 -5.522079765796661377e-03 -3.324040910229086876e-03 -3.476930316537618637e-03 -5.438073538243770599e-03 -7.369374390691518784e-03
-1.945941592566668987e-03 -2.051038667559623718e-03 -2.969683380797505379e-03 2.713397843763232231e-03 -3.181925509124994278e-03 -2.161151263862848282e-03 8.500671945512294769e-03 -1.204868871718645096e-02 9.434008039534091949e-03 1.757469144649803638e-03
-8.740654215216636658e-03 -8.185505867004394531e-03 -8.668064139783382416e-03 -4.650063347071409225e-03 -7.725581526756286621e-03 -6.833645049482584000e-03 -2.622863277792930603e-03 -4.135151393711566925e-03 -4.591956734657287598e-03 -6.780588533729314804e-03
-3.284203121438622475e-03 -3.285234095528721809e-03 -3.033463377505540848e-03 -4.309838172048330307e-03 -3.608933649957180023e-03 -5.680391099303960800e-03 -4.517216701060533524e-03 4.063068423420190811e-03 -4.954915959388017654e-03 -7.481724023818969727e-03
-7.387920282781124115e-03 -9.005833417177200317e-03 -7.609886582940816879e-03 -5.314689595252275467e-03 -9.218951687216758728e-03 -5.717289634048938751e-03 -2.029028488323092461e-03 -4.069173242896795273e-03 -5.115934181958436966e-03 -6.563039030879735947e-03
-5.283499602228403091e-03 -5.709822289645671844e-03 -6.213941611349582672e-03 -1.099294144660234451e-02 -4.683773498982191086e-03 -1.354102138429880142e-02 -7.618149742484092712e-03 5.950118415057659149e-03 -1.128836162388324738e-02 -1.401787530630826950e-02
-8.320545777678489685e-03 -9.120561182498931885e-03 -7.653313223272562027e-03 -5.928271915763616562e-03 -8.705865591764450073e-03 -6.973933428525924683e-03 -2.703596604987978935e-03 -4.708092194050550461e-03 -5.634946282953023911e-03 -6.340839434415102005e-03
3.023763129021972418e-04 -1.484588254243135452e-03 -1.287914114072918892e-03 -1.748087815940380096e-02 -8.206074708141386509e-04 -1.758515462279319763e-02 -1.471862010657787323e-02 5.627381056547164917e-02 -2.123593725264072418e-02 -1.781754568219184875e-02
-7.492993026971817017e-03 -8.996791206300258636e-03 -8.291583508253097534e-03 -4.622347652912139893e-03 -8.857789449393749237e-03 -5.986030679196119308e-03 -1.453951001167297363e-03 -3.331719664856791496e-03 -4.966552834957838058e-03 -6.565627641975879669e-03
-2.631971379742026329e-03 -3.805462270975112915e-03 -3.115461207926273346e-03 -1.099095027893781662e-02 -2.364874118939042091e-03 -9.663882665336132050e-03 -8.676622994244098663e-03 -1.098945830017328262e-02 -1.202378887683153152e-02 -1.087516453117132187e-02
-8.932346478104591370e-03 -7.472900208085775375e-03 -7.414455059915781021e-03 -5.658513866364955902e-03 -8.628519251942634583e-03 -5.834013223648071289e-03 -2.588991774246096611e-03 -3.637366928160190582e-03 -4.487045574933290482e-03 -7.249928545206785202e-03
-9.721999056637287140e-03 -9.330462664365768433e-03 -8.301943540573120117e-03 -4.890831187367439270e-03 -8.317803964018821716e-03 -6.275083869695663452e-03 -3.212117124348878860e-03 -4.635069053620100021e-03 -5.224661435931921005e-03 -6.591903511434793472e-03
1.081161783076822758e-03 -3.672886668937280774e-05 2.033625263720750809e-03 -7.469418924301862717e-03 1.536989584565162659e-03 -5.693474784493446350e-03 -9.355504065752029419e-03 -1.416411250829696655e-02 -7.789253722876310349e-03 -6.537337321788072586e-03
-8.718116208910942078e-03 -8.769031614065170288e-03 -7.204959169030189514e-03 -5.462407600134611130e-03 -8.452247828245162964e-03 -7.198462262749671936e-03 -2.612566342577338219e-03 -3.508050693199038506e-03 -4.999482072889804840e-03 -6.052503827959299088e-03
-7.574340328574180603e-03 -7.152817212045192719e-03 -8.552444167435169220e-03 -6.179270800203084946e-03 -8.518024347722530365e-03 -5.680644884705543518e-03 -3.260693745687603951e-03 -4.151841625571250916e-03 -5.095459520816802979e-03 -7.534155622124671936e-03
-8.068896830081939697e-03 -8.461203426122665405e-03 -8.237121626734733582e-03 -4.759614355862140656e-03 -7.699679117649793625e-03 -5.335239227861166000e-03 -2.173820743337273598e-03 -3.835000563412904739e-03 -4.799268208444118500e-03 -6.272771395742893219e-03
-2.925504231825470924e-04 -4.915716708637773991e-04 -1.822701888158917427e-04 -3.445596434175968170e-03 -3.608192782849073410e-04 -4.882156848907470703e-03 -1.767033478245139122e-03 6.743070203810930252e-03 -1.786527922376990318e-03 -2.330355113372206688e-03
-8.140053600072860718e-03 -7.208280730992555618e-03 -8.497049100697040558e-03 -5.624407436698675156e-03 -8.899955078959465027e-03 -5.129477940499782562e-03 -2.848738804459571838e-03 -3.450889838859438896e-03 -4.387058783322572708e-03 -6.583380047231912613e-03
-8.757358416914939880e-03 -8.218613453209400177e-03 -8.200068026781082153e-03 -5.460605956614017487e-03 -8.443521335721015930e-03 -5.351864732801914215e-03 -2.263923175632953644e-03 -4.965065978467464447e-03 -5.238241516053676605e-03 -5.821772851049900055e-03
-7.703057490289211273e-03 -7.759063970297574997e-03 -8.528348989784717560e-03 -5.129919387400150299e-03 -9.069509804248809814e-03 -5.725415889173746109e-03 -2.225081436336040497e-03 -3.992298617959022522e-03 -4.093380179256200790e-03 -7.099212147295475006e-03
9.701278759166598320e-05 9.452321100980043411e-04 -6.758148665539920330e-04 -4.545771051198244095e-03 -7.365672499872744083e-04 -9.728874079883098602e-03 3.146141301840543747e-03 -4.258675966411828995e-03 -1.722831046208739281e-03 -4.776252899318933487e-03
-8.409003727138042450e-03 -9.041363373398780823e-03 -8.544495329260826111e-03 -6.075739394873380661e-03 -8.946461603045463562e-03 -5.551648326218128204e-03 -3.061744151636958122e-03 -5.262489430606365204e-03 -5.300511606037616730e-03 -6.948444992303848267e-03
-7.749008480459451675e-03 -8.598816581070423126e-03 -9.415439330041408539e-03 -5.950362421572208405e-03 -9.278055280447006226e-03 -6.084722001105546951e-03 -3.062653820961713791e-03 -5.008416250348091125e-03 -4.810921382158994675e-03 -5.951651372015476227e-03
-8.563252165913581848e-03 -8.229894563555717468e-03 -8.801830001175403595e-03 -5.413005594164133072e-03 -8.430886082351207733e-03 -6.157576106488704681e-03 -2.304224763065576553e-03 -4.839946515858173370e-03 -5.175625439733266830e-03 -6.995473988354206085e-03
-8.408967405557632446e-03 -8.706463500857353210e-03 -8.362816646695137024e-03 -6.209238432347774506e-03 -9.197049774229526520e-03 -5.400438327342271805e-03 -2.441541757434606552e-03 -4.612550605088472366e-03 -5.678942427039146423e-03 -6.693951785564422607e-03
-7.736112456768751144e-03 -9.007221087813377380e-03 -8.535372093319892883e-03 -6.292847916483879089e-03 -8.176327683031558990e-03 -7.050245068967342377e-03 -2.965393243357539177e-03 -3.841800382360816002e-03 -4.366383887827396393e-03 -6.897587794810533524e-03
-8.728800341486930847e-03 -8.706274442374706268e-03 -8.507737889885902405e-03 -5.375707522034645081e-03 -8.540384471416473389e-03 -6.081801373511552811e-03 -2.326948335394263268e-03 -4.059233237057924271e-03 -5.295820999890565872e-03 -7.123331539332866669e-03
-7.145706564188003540e-03 -8.813770487904548645e-03 -8.318279869854450226e-03 -5.715905688703060150e-03 -9.207257069647312164e-03 -5.501143168658018112e-03 -2.372467191889882088e-03 -4.797894973307847977e-03 -4.814949352294206619e-03 -6.744355428963899612e-03
-7.798871025443077087e-03 -8.690002374351024628e-03 -8.300464600324630737e-03 -5.438162945210933685e-03 -1.003574207425117493e-02 -6.654203403741121292e-03 -2.282035071402788162e-03 -4.476362839341163635e-03 -5.372621119022369385e-03 -6.039015483111143112e-03
-9.092093445360660553e-03 -8.490603417158126831e-03 -7.878341712057590485e-03 -5.505786743015050888e-03 -9.236595593392848969e-03 -5.333009175956249237e-03 -3.421508474275469780e-03 -3.741893451660871506e-03 -3.943966235965490341e-03 -6.320608779788017273e-03
-8.185936138033866882e-03 -8.400752209126949310e-03 -8.840664289891719818e-03 -5.158762913197278976e-03 -9.167909622192382812e-03 -5.522637162357568741e-03 -1.676698564551770687e-03 -4.736485425382852554e-03 -4.208527039736509323e-03 -5.908585619181394577e-03
-1.870812149718403816e-03 -2.486422425135970116e-03 -2.878508996218442917e-03 -8.448908105492591858e-03 -2.752932952716946602e-03 -6.758658681064844131e-03 -6.656129378825426102e-03 -2.229232341051101685e-02 -7.596046198159456253e-03 -6.157252006232738495e-03
-9.279492311179637909e-03 -9.052385576069355011e-03 -7.556563243269920349e-03 -5.513283424079418182e-03 -7.988524623215198517e-03 -5.940692033618688583e-03 -2.637173049151897430e-03 -4.456409253180027008e-03 -3.947922959923744202e-03 -6.910088937729597092e-03
-7.987348362803459167e-03 -8.175963535904884338e-03 -7.174466736614704132e-03 -5.687923170626163483e-03 -8.769758045673370361e-03 -6.491756998002529144e-03 -2.627958077937364578e-03 -3.664159215986728668e-03 -4.630937241017818451e-03 -6.060792598873376846e-03
-7.783547509461641312e-03 -8.153403177857398987e-03 -9.055619128048419952e-03 -6.280629429966211319e-03 -9.035492315888404846e-03 -5.983592476695775986e-03 -2.901863772422075272e-03 -4.334243480116128922e-03 -4.690065514296293259e-03 -6.699124816805124283e-03
-9.181826375424861908e-03 -7.868766784667968750e-03 -7.887323386967182159e-03 -5.285097286105155945e-03 -8.016183041036128998e-03 -5.632062908262014389e-03 -1.981413923203945160e-03 -4.066967405378818512e-03 -5.099634174257516861e-03 -5.920952185988426208e-03
-8.557084016501903534e-03 -8.064219728112220764e-03 -7.809583563357591629e-03 -5.090660881251096725e-03 -9.206478483974933624e-03 -6.146145984530448914e-03 -1.875447807833552361e-03 -5.053285975009202957e-03 -4.965451080352067947e-03 -6.383540574461221695e-03
-7.321503479033708572e-03 -8.026352152228355408e-03 -8.617675863206386566e-03 -6.323588546365499496e-03 -8.357701823115348816e-03 -6.152004469186067581e-03 -2.742528216913342476e-03 -4.697872791439294815e-03 -5.218087229877710342e-03 -7.392584346234798431e-03
-7.923796772956848145e-03 -7.588743697851896286e-03 -9.030422195792198181e-03 -5.684959236532449722e-03 -9.282791987061500549e-03 -6.286715622991323471e-03 -2.989420900121331215e-03 -3.947803750634193420e-03 -4.384126979857683182e-03 -6.669906899333000183e-03
-9.050702676177024841e-03 -7.800802588462829590e-03 -8.820751681923866272e-03 -4.254590719938278198e-03 -7.923892699182033539e-03 -7.055192720144987106e-03 -1.835459377616643906e-03 -3.993182908743619919e-03 -5.197723861783742905e-03 -6.716017145663499832e-03
-5.226687644608318806e-04 -5.618709838017821312e-04 -4.550650482997298241e-04 -6.996972952038049698e-03 -1.386296644341200590e-04 -3.565977560356259346e-03 -6.863287650048732758e-03 -5.132942460477352142e-03 -4.807977471500635147e-03 -5.465107038617134094e-03
-4.537276457995176315e-03 -5.268438719213008881e-03 -5.017400253564119339e-03 -5.831577349454164505e-03 -6.618282292038202286e-03 -7.350980769842863083e-03 -4.380786325782537460e-03 -1.602377556264400482e-02 -7.132182363420724869e-03 -7.210601586848497391e-03
-9.912812151014804840e-03 -8.469703607261180878e-03 -8.258759044110774994e-03 -4.925067536532878876e-03 -9.818694554269313812e-03 -6.678623147308826447e-03 -2.959990873932838440e-03 -3.824533894658088684e-03 -5.957066547125577927e-03 -6.581173744052648544e-03
-3.093392355367541313e-03 -3.641479881480336189e-03 -3.799897152930498123e-03 -1.183424610644578934e-02 -3.644604235887527466e-03 -1.055208500474691391e-02 -9.445671923458576202e-03 -2.604019362479448318e-03 -1.334846392273902893e-02 -1.131339371204376221e-02
-8.558061905205249786e-03 -9.085092693567276001e-03 -8.920461870729923248e-03 -5.273671355098485947e-03 -8.025445975363254547e-03 -6.030813790857791901e-03 -2.211169106885790825e-03 -4.673303570598363876e-03 -5.066799465566873550e-03 -5.825879052281379700e-03
-7.742891553789377213e-03 -8.620831184089183807e-03 -9.146073833107948303e-03 -5.242662038654088974e-03 -9.079419076442718506e-03 -6.387048866599798203e-03 -2.855398925021290779e-03 -3.654815023764967918e-03 -5.025287624448537827e-03 -7.666860707104206085e-03
-7.882951758801937103e-03 -7.493637502193450928e-03 -8.860748261213302612e-03 -5.093949381262063980e-03 -8.449394255876541138e-03 -6.664576940238475800e-03 -3.279201919212937355e-03 -3.342474345117807388e-03 -4.268765915185213089e-03 -6.776889786124229431e-03
-1.233538147062063217e-03 -1.415504608303308487e-03 -1.661548274569213390e-03 -4.562597256153821945e-03 -1.552188419736921787e-03 -4.650702700018882751e-03 -6.017078645527362823e-03 -2.899121493101119995e-02 -4.859683569520711899e-03 -4.084801301360130310e-03
-7.848144508898258209e-03 -7.681339979171752930e-03 -8.183781057596206665e-03 -6.239953450858592987e-03 -8.952126838266849518e-03 -6.028882227838039398e-03 -2.301507163792848587e-03 -3.929417580366134644e-03 -4.424543585628271103e-03 -6.667595356702804565e-03
-8.311754092574119568e-03 -9.196701459586620331e-03 -8.300824090838432312e-03 -5.492102354764938354e-03 -9.712206199765205383e-03 -6.409824360162019730e-03 -2.398731186985969543e-03 -4.782471805810928345e-03 -4.410778172314167023e-03 -7.480793632566928864e-03
-8.009606041014194489e-03 -7.774902507662773132e-03 -8.608923293650150299e-03 -5.002547986805438995e-03 -8.022436872124671936e-03 -5.913333967328071594e-03 -2.841242589056491852e-03 -3.622077172622084618e-03 -4.523134324699640274e-03 -6.772867869585752487e-03
3.921393305063247681e-03 3.926220349967479706e-03 4.405982326716184616e-03 1.906531862914562225e-03 3.926901146769523621e-03 -2.027273643761873245e-03 4.084870219230651855e-03 -2.799972891807556152e-03 4.448588006198406219e-03 7.546906126663088799e-04
-8.616604842245578766e-03 -8.545133285224437714e-03 -7.940941490232944489e-03 -6.128972396254539490e-03 -8.128913119435310364e-03 -6.323951296508312225e-03 -2.301111351698637009e-03 -4.540871828794479370e-03 -5.424231756478548050e-03 -5.950919818133115768e-03
-8.660384453833103180e-03 -7.769622839987277985e-03 -8.911219425499439240e-03 -4.801777657121419907e-03 -8.082022890448570251e-03 -6.287926342338323593e-03 -2.015342470258474350e-03 -3.765682224184274673e-03 -4.244953393936157227e-03 -7.244098000228404999e-03
-8.850801736116409302e-03 -7.414931431412696838e-03 -7.322194054722785950e-03 -4.226468037813901901e-03 -9.189533069729804993e-03 -5.482836160808801651e-03 -2.617748454213142395e-03 -4.733890295028686523e-03 -4.235083702951669693e-03 -6.122180260717868805e-03
-8.116666227579116821e-03 -9.611710906028747559e-03 -9.123696945607662201e-03 -5.880312062799930573e-03 -8.674127049744129181e-03 -6.156546995043754578e-03 -2.960896585136651993e-03 -4.120384342968463898e-03 -4.287295974791049957e-03 -6.616085302084684372e-03
-7.857137359678745270e-03 -9.171089157462120056e-03 -7.586713880300521851e-03 -5.745208356529474258e-03 -8.809986524283885956e-03 -5.872359964996576309e-03 -2.100716810673475266e-03 -4.817225504666566849e-03 -5.393709987401962280e-03 -5.762865766882896423e-03
-8.354559540748596191e-03 -8.711450733244419098e-03 -8.097977377474308014e-03 -5.132821388542652130e-03 -8.320642635226249695e-03 -5.347083322703838348e-03 -2.844114089384675026e-03 -4.517293535172939301e-03 -3.399846609681844711e-03 -6.538705900311470032e-03
-8.431300520896911621e-03 -9.138718247413635254e-03 -8.710548281669616699e-03 -6.034517195075750351e-03 -8.736268617212772369e-03 -5.867972038686275482e-03 -2.482449170202016830e-03 -4.174887668341398239e-03 -5.146556999534368515e-03 -6.879345048218965530e-03
-8.471099659800529480e-03 -8.456120267510414124e-03 -8.122510276734828949e-03 -5.264991428703069687e-03 -8.789595216512680054e-03 -6.597346626222133636e-03 -2.409369219094514847e-03 -4.727281164377927780e-03 -4.205144476145505905e-03 -7.160744164139032364e-03
-2.706270664930343628e-03 -3.387037664651870728e-03 -3.298011841252446175e-03 -9.582961909472942352e-03 -3.952241037040948868e-03 -1.106875389814376831e-02 -7.395674474537372589e-03 -2.263828180730342865e-02 -1.062793657183647156e-02 -9.060528129339218140e-03
-8.687003515660762787e-03 -8.931928314268589020e-03 -7.563175167888402939e-03 -4.913398064672946930e-03 -8.684279397130012512e-03 -5.394438281655311584e-03 -2.875222591683268547e-03 -3.414796199649572372e-03 -4.454487003386020660e-03 -7.270553614944219589e-03
-8.017664775252342224e-03 -7.985637523233890533e-03 -7.907038554549217224e-03 -4.486573860049247742e-03 -8.177647367119789124e-03 -5.267415661364793777e-03 -2.482492011040449142e-03 -3.521848935633897781e-03 -5.143948365002870560e-03 -5.400536116212606430e-03
2.456286922097206116e-03 2.014684490859508514e-03 3.002658486366271973e-03 -3.579980228096246719e-03 2.714801114052534103e-03 -2.850928809493780136e-03 -4.389042034745216370e-03 -1.866404665634036064e-03 -4.542753100395202637e-03 -2.814516657963395119e-03
-8.625609800219535828e-03 -9.238271042704582214e-03 -8.575248531997203827e-03 -5.201400723308324814e-03 -8.417715318500995636e-03 -6.655940320342779160e-03 -2.906859386712312698e-03 -5.123931914567947388e-03 -4.626059904694557190e-03 -6.099153310060501099e-03
-8.073361590504646301e-03 -8.543833158910274506e-03 -8.267249912023544312e-03 -6.001248490065336227e-03 -8.828566409647464752e-03 -5.716723389923572540e-03 -2.465528668835759163e-03 -4.394801799207925797e-03 -4.426296800374984741e-03 -6.307424977421760559e-03
-8.807666599750518799e-04 -1.186631852760910988e-04 -2.524417359381914139e-04 -3.944952506572008133e-03 -1.261848490685224533e-03 -7.106868084520101547e-03 -4.044557921588420868e-03 1.991365570574998856e-04 -3.591640386730432510e-03 -4.858723375946283340e-03
-8.395822718739509583e-03 -8.282313123345375061e-03 -8.169365115463733673e-03 -5.844578146934509277e-03 -8.143178187310695648e-03 -6.556044332683086395e-03 -3.119398141279816628e-03 -3.462721826508641243e-03 -4.695892799645662308e-03 -7.028079591691493988e-03
-7.774138357490301132e-03 -8.424375206232070923e-03 -7.726239040493965149e-03 -5.255525000393390656e-03 -9.284803643822669983e-03 -7.012056652456521988e-03 -2.333956537768244743e-03 -4.507050849497318268e-03 -5.475359503179788589e-03 -7.198936771601438522e-03
-7.952728308737277985e-03 -8.263825438916683197e-03 -8.295322768390178680e-03 -5.833553150296211243e-03 -8.767973631620407104e-03 -6.163938902318477631e-03 -1.707013230770826340e-03 -3.090371843427419662e-03 -5.352162290364503860e-03 -6.208637263625860214e-03
-8.166435174643993378e-03 -8.732434362173080444e-03 -8.657851256430149078e-03 -5.328669678419828415e-03 -8.669754490256309509e-03 -6.928942166268825531e-03 -2.601478714495897293e-03 -3.512948052957653999e-03 -5.479123909026384354e-03 -6.089160218834877014e-03
-9.079308249056339264e-03 -8.360808715224266052e-03 -8.440138772130012512e-03 -6.538479123264551163e-03 -7.813239470124244690e-03 -7.025832310318946838e-03 -2.961235586553812027e-03 -4.395930096507072449e-03 -4.495535045862197876e-03 -6.692207418382167816e-03
-8.586780168116092682e-03 -8.569790050387382507e-03 -7.545428350567817688e-03 -5.091112572699785233e-03 -8.084224537014961243e-03 -6.892248056828975677e-03 -2.426255727186799049e-03 -3.892778884619474411e-03 -5.393180996179580688e-03 -5.982855334877967834e-03
-8.107502944767475128e-03 -8.384321816265583038e-03 -8.905350230634212494e-03 -5.157868377864360809e-03 -8.222526870667934418e-03 -6.908847950398921967e-03 -3.346992889419198036e-03 -3.843732643872499466e-03 -5.105911288410425186e-03 -6.377395708113908768e-03
-8.481988683342933655e-03 -8.793490938842296600e-03 -8.060370571911334991e-03 -5.867193453013896942e-03 -8.059494197368621826e-03 -6.775146815925836563e-03 -1.915255445055663586e-03 -5.176051054149866104e-03 -3.940452355891466141e-03 -6.557278335094451904e-03
-8.061322383582592010e-03 -8.468807674944400787e-03 -8.415837772190570831e-03 -5.321835167706012726e-03 -8.825262077152729034e-03 -5.652182735502719879e-03 -1.661111135035753250e-03 -4.323222208768129349e-03 -3.972347360104322433e-03 -5.921002943068742752e-03
-7.962746545672416687e-03 -9.335302747786045074e-03 -8.840904571115970612e-03 -5.428269505500793457e-03 -8.001339621841907501e-03 -5.968504119664430618e-03 -2.721755998209118843e-03 -4.769729450345039368e-03 -4.663140978664159775e-03 -6.878404878079891205e-03
-8.674949407577514648e-03 -9.092007763683795929e-03 -8.260424248874187469e-03 -5.476099438965320587e-03 -8.438001386821269989e-03 -6.430127192288637161e-03 -2.262402791529893875e-03 -5.425621755421161652e-03 -4.636286292225122452e-03 -6.699766032397747040e-03
3.657372668385505676e-03 2.876982558518648148e-03 3.231235081329941750e-03 -2.261372515931725502e-03 2.465991070494055748e-03 -4.779638838954269886e-04 -5.830510985106229782e-03 -1.248944178223609924e-02 -4.475942812860012054e-03 -1.691665849648416042e-03
-9.034999646246433258e-03 -8.196940645575523376e-03 -8.582844398915767670e-03 -5.370187573134899139e-03 -7.974498905241489410e-03 -5.416841711848974228e-03 -2.172846579924225807e-03 -4.296727944165468216e-03 -5.024322308599948883e-03 -6.824396550655364990e-03
-8.777260780334472656e-03 -7.607052102684974670e-03 -8.856981061398983002e-03 -4.865074530243873596e-03 -8.719865232706069946e-03 -6.203319877386093140e-03 -2.947415923699736595e-03 -3.546386258676648140e-03 -4.754370078444480896e-03 -6.910187657922506332e-03
-7.855903357267379761e-03 -8.111692965030670166e-03 -9.036091156303882599e-03 -5.860211793333292007e-03 -7.753096986562013626e-03 -5.552096292376518250e-03 -1.767591456882655621e-03 -5.484092980623245239e-03 -4.121484700590372086e-03 -6.066562607884407043e-03
-7.707653101533651352e-03 -8.996230550110340118e-03 -9.091152809560298920e-03 -5.156871397048234940e-03 -8.241009898483753204e-03 -6.335861049592494965e-03 -2.762896474450826645e-03 -4.397774580866098404e-03 -5.399808753281831741e-03 -6.436860654503107071e-03
-7.951297797262668610e-03 -8.011631667613983154e-03 -9.192537516355514526e-03 -6.232739891856908798e-03 -9.744059294462203979e-03 -5.950856488198041916e-03 -2.406073734164237976e-03 -4.438075236976146698e-03 -5.122169386595487595e-03 -6.714788265526294708e-03
-8.946067653596401215e-03 -8.061450906097888947e-03 -7.745351176708936691e-03 -6.649883929640054703e-03 -8.379138074815273285e-03 -6.091115996241569519e-03 -1.908733276650309563e-03 -4.056391306221485138e-03 -5.605909507721662521e-03 -6.164212245494127274e-03
-8.688135072588920593e-03 -8.050907403230667114e-03 -8.263263851404190063e-03 -5.392038729041814804e-03 -9.535328485071659088e-03 -6.013512611389160156e-03 -1.643675030209124088e-03 -4.355620127171278000e-03 -5.708227399736642838e-03 -6.295807193964719772e-03
-9.026479907333850861e-03 -8.017575368285179138e-03 -9.069463238120079041e-03 -5.913557484745979309e-03 -8.299550041556358337e-03 -5.777986254543066025e-03 -2.803052309900522232e-03 -4.069142974913120270e-03 -4.341549705713987350e-03 -6.857154425233602524e-03
-8.810532279312610626e-03 -9.047728031873703003e-03 -9.210646152496337891e-03 -5.462790373712778091e-03 -8.620306849479675293e-03 -5.874291062355041504e-03 -3.394087776541709900e-03 -3.809727029874920845e-03 -5.515637341886758804e-03 -7.010670844465494156e-03
-8.495970629155635834e-03 -8.717092685401439667e-03 -9.229562245309352875e-03 -4.151730798184871674e-03 -8.544635958969593048e-03 -5.754366517066955566e-03 -2.288793446496129036e-03 -4.818046931177377701e-03 -5.056629888713359833e-03 -6.750896573066711426e-03
-7.007625419646501541e-03 -8.692127652466297150e-03 -7.594740949571132660e-03 -5.370373371988534927e-03 -8.374548517167568207e-03 -5.661155562847852707e-03 -3.022710559889674187e-03 -4.448533058166503906e-03 -4.487642087042331696e-03 -7.082279305905103683e-03
-8.682181127369403839e-03 -8.440752513706684113e-03 -7.503672037273645401e-03 -5.095949862152338028e-03 -8.814261294901371002e-03 -6.977717392146587372e-03 -2.366182627156376839e-03 -3.685456933453679085e-03 -4.690372385084629059e-03 -5.798368714749813080e-03
-7.570160087198019028e-03 -9.270393289625644684e-03 -7.900157943367958069e-03 -5.961009301245212555e-03 -8.306260220706462860e-03 -6.564636714756488800e-03 -1.536917407065629959e-03 -4.385939333587884903e-03 -4.685096442699432373e-03 -7.166944444179534912e-03
-8.110991679131984711e-03 -8.415975607931613922e-03 -7.857987657189369202e-03 -5.047804675996303558e-03 -9.218981489539146423e-03 -5.729882046580314636e-03 -2.216632012277841568e-03 -4.093082156032323837e-03 -3.572175046429038048e-03 -6.622211541980504990e-03
4.275215324014425278e-03 3.433552803471684456e-03 3.469549817964434624e-03 -9.144975803792476654e-03 4.381537903100252151e-03 -7.297932170331478119e-03 -1.049128547310829163e-02 -1.697111688554286957e-02 -1.063385792076587677e-02 -5.905076395720243454e-03
-8.075268007814884186e-03 -8.047064766287803650e-03 -8.025812916457653046e-03 -4.997474141418933868e-03 -8.208834566175937653e-03 -6.456658709794282913e-03 -2.046828623861074448e-03 -4.487582948058843613e-03 -4.150089342147111893e-03 -6.869654636830091476e-03
-8.155792951583862305e-03 -8.697552606463432312e-03 -9.296439588069915771e-03 -6.327856332063674927e-03 -8.268025703728199005e-03 -6.985876243561506271e-03 -2.411854220554232597e-03 -3.924730699509382248e-03 -5.529912654310464859e-03 -7.017622701823711395e-03
-9.376812726259231567e-03 -8.475088514387607574e-03 -8.826501667499542236e-03 -5.745672620832920074e-03 -8.334613405168056488e-03 -5.763729102909564972e-03 -2.287222538143396378e-03 -4.259800538420677185e-03 -4.770308267325162888e-03 -7.231752853840589523e-03
-8.585222065448760986e-03 -8.340274915099143982e-03 -7.735905237495899200e-03 -4.873410332947969437e-03 -8.503043092787265778e-03 -6.301335059106349945e-03 -1.694545033387839794e-03 -3.920756746083498001e-03 -4.558463580906391144e-03 -6.615526042878627777e-03
-9.250286966562271118e-03 -8.524476550519466400e-03 -8.314048871397972107e-03 -5.134109873324632645e-03 -9.230385534465312958e-03 -5.844797007739543915e-03 -3.510192967951297760e-03 -4.118078853935003281e-03 -5.495049990713596344e-03 -6.863390095531940460e-03
-8.447174914181232452e-03 -8.683273568749427795e-03 -9.067812934517860413e-03 -5.926707759499549866e-03 -1.001292094588279724e-02 -7.470437791198492050e-03 -2.734119771048426628e-03 -4.647681023925542831e-03 -4.646970424801111221e-03 -6.210036110132932663e-03
-8.534525521099567413e-03 -8.169198408722877502e-03 -9.121518582105636597e-03 -4.972082562744617462e-03 -9.040554985404014587e-03 -5.660982336848974228e-03 -3.592344000935554504e-03 -3.632075153291225433e-03 -5.826693493872880936e-03 -6.628037430346012115e-03
-8.401351980865001678e-03 -8.062752895057201385e-03 -8.729103952646255493e-03 -6.182987708598375320e-03 -7.773621939122676849e-03 -5.608942359685897827e-03 -2.178298542276024818e-03 -2.937262412160634995e-03 -5.235851742327213287e-03 -6.657629739493131638e-03
-7.896827533841133118e-03 -8.175864815711975098e-03 -9.380914270877838135e-03 -5.666777491569519043e-03 -1.013828068971633911e-02 -6.596899125725030899e-03 -1.939055277034640312e-03 -4.699967801570892334e-03 -4.303418565541505814e-03 -6.557689048349857330e-03
-8.472423069179058075e-03 -7.814968936145305634e-03 -8.183909580111503601e-03 -5.686187651008367538e-03 -9.313704445958137512e-03 -5.923383869230747223e-03 -1.808758825063705444e-03 -4.672863055020570755e-03 -4.569626878947019577e-03 -7.241528481245040894e-03
-7.949611172080039978e-03 -9.512683376669883728e-03 -8.444734849035739899e-03 -4.897988401353359222e-03 -9.975954890251159668e-03 -5.563653539866209030e-03 -2.812398131936788559e-03 -4.683992359787225723e-03 -5.651827901601791382e-03 -6.102205719798803329e-03
-2.887720940634608269e-03 -3.872331697493791580e-03 -4.366333130747079849e-03 -4.291511140763759613e-03 -2.942136488854885101e-03 -5.381081718951463699e-03 -3.789333160966634750e-03 -1.794650964438915253e-02 -3.292584791779518127e-03 -5.386521108448505402e-03
-7.758243940770626068e-03 -9.070266969501972198e-03 -8.320412598550319672e-03 -6.164137274026870728e-03 -8.630154654383659363e-03 -6.956873461604118347e-03 -1.948048942722380161e-03 -3.598748473450541496e-03 -4.133786540478467941e-03 -6.779437884688377380e-03
-8.267686702311038971e-03 -8.790647611021995544e-03 -8.280940353870391846e-03 -5.470155272632837296e-03 -8.322136476635932922e-03 -6.130342371761798859e-03 -2.225243719294667244e-03 -4.341143649071455002e-03 -3.568260697647929192e-03 -6.484045647084712982e-03
-8.155586197972297668e-03 -9.063440375030040741e-03 -8.559333160519599915e-03 -5.450449418276548386e-03 -7.987191900610923767e-03 -5.436438135802745819e-03 -3.291043918579816818e-03 -4.714776761829853058e-03 -3.922169562429189682e-03 -6.811049301177263260e-03
-3.992405720055103302e-03 -2.994477283209562302e-03 -3.583905752748250961e-03 -1.466232351958751678e-03 -3.023967845365405083e-03 -2.826340030878782272e-03 -1.095163497666362673e-05 -2.440181560814380646e-02 2.772170546450070105e-06 -2.656867727637290955e-03
-8.739462122321128845e-03 -7.861625403165817261e-03 -8.898628875613212585e-03 -4.296663682907819748e-03 -8.518718183040618896e-03 -5.702262744307518005e-03 -2.915614983066916466e-03 -4.545876756310462952e-03 -4.259013570845127106e-03 -7.049786392599344254e-03
-3.115501487627625465e-03 -2.936702221632003784e-03 -3.045486286282539368e-03 -3.910372033715248108e-03 -3.762697102501988411e-03 -4.256294108927249908e-03 -4.240980371832847595e-03 -4.902211017906665802e-03 -3.281299024820327759e-03 -4.862551577389240265e-03
-9.103552438318729401e-03 -9.247478097677230835e-03 -8.006479591131210327e-03 -6.047090981155633926e-03 -8.344243280589580536e-03 -6.700305268168449402e-03 -1.721523236483335495e-03 -4.999078810214996338e-03 -4.493884742259979248e-03 -7.288438268005847931e-03
-7.834077812731266022e-03 -8.501139469444751740e-03 -8.663651533424854279e-03 -6.168430205434560776e-03 -8.361889980733394623e-03 -6.473019719123840332e-03 -2.216369612142443657e-03 -4.493184853345155716e-03 -4.588456358760595322e-03 -7.073264103382825851e-03
-8.384458720684051514e-03 -8.657957427203655243e-03 -9.583947248756885529e-03 -6.271206308156251907e-03 -8.583729155361652374e-03 -6.713177077472209930e-03 -3.221696242690086365e-03 -4.326678812503814697e-03 -4.803006071597337723e-03 -6.484372075647115707e-03
-9.046823717653751373e-03 -8.561166934669017792e-03 -9.766981936991214752e-03 -5.662436131387948990e-03 -9.782561101019382477e-03 -6.275782827287912369e-03 -2.983564278110861778e-03 -4.429112654179334641e-03 -6.152606103569269180e-03 -6.861696019768714905e-03
-8.951525203883647919e-03 -8.551368489861488342e-03 -8.199232630431652069e-03 -5.949300713837146759e-03 -8.569042198359966278e-03 -5.600041709840297699e-03 -1.772769959643483162e-03 -5.271514412015676498e-03 -4.760867450386285782e-03 -7.195321377366781235e-03
-7.582250051200389862e-03 -9.090768173336982727e-03 -9.125510230660438538e-03 -5.312645807862281799e-03 -8.168090134859085083e-03 -6.680550985038280487e-03 -2.520206151530146599e-03 -4.013585858047008514e-03 -4.427907057106494904e-03 -6.586213596165180206e-03
-7.808871101588010788e-03 -8.192219771444797516e-03 -9.062589146196842194e-03 -5.287175998091697693e-03 -8.858126588165760040e-03 -6.346704903990030289e-03 -3.002880141139030457e-03 -3.685378236696124077e-03 -5.561758764088153839e-03 -6.020933389663696289e-03
-8.491584099829196930e-03 -8.055702783167362213e-03 -7.846491411328315735e-03 -6.037112325429916382e-03 -9.073635563254356384e-03 -5.852446425706148148e-03 -1.633304054848849773e-03 -4.346889909356832504e-03 -4.863436333835124969e-03 -7.533735595643520355e-03
-8.211255073547363281e-03 -8.566812612116336823e-03 -8.046272210776805878e-03 -5.604372359812259674e-03 -9.234765544533729553e-03 -6.204670760780572891e-03 -2.547973766922950745e-03 -4.112321883440017700e-03 -4.870372358709573746e-03 -7.189788389950990677e-03
-8.631775155663490295e-03 -7.776143960654735565e-03 -7.291749585419893265e-03 -6.161249242722988129e-03 -8.612102828919887543e-03 -6.136828567832708359e-03 -3.110074670985341072e-03 -4.444997757673263550e-03 -4.519344307482242584e-03 -6.164344958961009979e-03
-8.632522076368331909e-03 -8.630660362541675568e-03 -9.362223558127880096e-03 -6.165864411741495132e-03 -9.171452373266220093e-03 -6.540291942656040192e-03 -2.700040815398097038e-03 -4.783823620527982712e-03 -5.526386667042970657e-03 -6.456184666603803635e-03
-9.113285690546035767e-03 -8.291904814541339874e-03 -8.872248232364654541e-03 -5.373633932322263718e-03 -8.303557522594928741e-03 -5.978292319923639297e-03 -2.879329724237322807e-03 -5.097701214253902435e-03 -4.483344964683055878e-03 -6.000036373734474182e-03
-8.200255222618579865e-03 -9.293437935411930084e-03 -8.554873988032341003e-03 -6.466561928391456604e-03 -8.241500705480575562e-03 -6.433746777474880219e-03 -2.753812354058027267e-03 -3.556960495188832283e-03 -4.901118110865354538e-03 -6.752310320734977722e-03
-7.780659478157758713e-03 -9.399154223501682281e-03 -7.799206301569938660e-03 -5.153029691427946091e-03 -8.020340465009212494e-03 -5.194747354835271835e-03 -2.097512362524867058e-03 -4.063718020915985107e-03 -5.369344726204872131e-03 -6.989581044763326645e-03
-7.555467076599597931e-03 -9.027650579810142517e-03 -8.002048358321189880e-03 -5.452708806842565536e-03 -7.986335083842277527e-03 -5.437717307358980179e-03 -2.433305839076638222e-03 -4.795220680534839630e-03 -6.206974852830171585e-03 -6.712485570460557938e-03
-8.421807549893856049e-03 -8.075588382780551910e-03 -8.446926251053810120e-03 -5.360183306038379669e-03 -9.037006646394729614e-03 -6.985071580857038498e-03 -2.486513694748282433e-03 -4.765830934047698975e-03 -5.171551369130611420e-03 -6.039351224899291992e-03
-7.341970223933458328e-03 -7.679211907088756561e-03 -8.806467987596988678e-03 -4.935225471854209900e-03 -8.444046601653099060e-03 -6.361276376992464066e-03 -2.845530165359377861e-03 -4.271070472896099091e-03 -4.257225431501865387e-03 -7.433047983795404434e-03
-7.364169228821992874e-03 -8.042471483349800110e-03 -9.005638770759105682e-03 -4.407764412462711334e-03 -7.719614077359437943e-03 -6.581699475646018982e-03 -1.816528616473078728e-03 -5.303282290697097778e-03 -4.807076416909694672e-03 -6.939650513231754303e-03
-8.538075722754001617e-03 -8.009340614080429077e-03 -9.014880284667015076e-03 -6.017840933054685593e-03 -8.245589211583137512e-03 -6.473328452557325363e-03 -2.797806169837713242e-03 -3.755212761461734772e-03 -5.219851620495319366e-03 -6.855804473161697388e-03
-2.384876366704702377e-03 -2.499914728105068207e-03 -2.099480247125029564e-03 -1.154916081577539444e-02 -1.989122712984681129e-03 -1.067760959267616272e-02 -9.306534193456172943e-03 5.624220240861177444e-03 -1.177378091961145401e-02 -1.249164622277021408e-02
-2.257245825603604317e-03 -2.097447402775287628e-03 -1.727156108245253563e-03 -9.502499364316463470e-03 -2.537694992497563362e-03 -8.061782456934452057e-03 -5.952817387878894806e-03 -2.314643748104572296e-02 -1.007958035916090012e-02 -6.447828840464353561e-03
-8.553805761039257050e-03 -9.490255266427993774e-03 -8.118616417050361633e-03 -5.379588808864355087e-03 -8.281794376671314240e-03 -6.926781963557004929e-03 -2.299337182193994522e-03 -3.966000396758317947e-03 -5.371124949306249619e-03 -7.092465646564960480e-03
-7.735322229564189911e-03 -8.292048238217830658e-03 -8.506631478667259216e-03 -5.036843940615653992e-03 -8.664071559906005859e-03 -6.959034595638513565e-03 -1.738207298330962658e-03 -4.851535893976688385e-03 -3.982086665928363800e-03 -5.796626210212707520e-03
-8.351778611540794373e-03 -9.403624571859836578e-03 -9.032839909195899963e-03 -4.694305360317230225e-03 -9.420231916010379791e-03 -6.215998902916908264e-03 -1.691881683655083179e-03 -3.996299579739570618e-03 -5.158384796231985092e-03 -6.000245921313762665e-03
-7.620546035468578339e-03 -8.464192040264606476e-03 -8.833682164549827576e-03 -5.278692580759525299e-03 -8.398017846047878265e-03 -6.200470495969057083e-03 -3.182407934218645096e-03 -4.133148118853569031e-03 -4.654718562960624695e-03 -6.267601624131202698e-03
-3.170354058966040611e-03 -4.445456899702548981e-03 -3.703022608533501625e-03 -6.588042248040437698e-03 -3.726903116330504417e-03 -6.241532042622566223e-03 -7.499566301703453064e-03 -5.039549898356199265e-03 -6.933058612048625946e-03 -7.109795697033405304e-03
-8.006864227354526520e-03 -8.031399920582771301e-03 -8.102301508188247681e-03 -6.240009330213069916e-03 -8.195295929908752441e-03 -6.195598747581243515e-03 -2.773509128019213676e-03 -4.598433151841163635e-03 -4.213377833366394043e-03 -6.399371195584535599e-03
-7.647713646292686462e-03 -8.900214917957782745e-03 -7.540319580584764481e-03 -4.685638938099145889e-03 -8.988875895738601685e-03 -5.677993409335613251e-03 -1.799260382540524006e-03 -4.472411703318357468e-03 -5.183900706470012665e-03 -7.039778865873813629e-03
-9.000028483569622040e-03 -8.459468372166156769e-03 -8.441686630249023438e-03 -6.858302280306816101e-03 -9.476699866354465485e-03 -6.664354819804430008e-03 -3.398543922230601311e-03 -4.140643868595361710e-03 -4.221487790346145630e-03 -6.611362099647521973e-03
-7.614297792315483093e-03 -7.216114550828933716e-03 -8.688543923199176788e-03 -5.155499093234539032e-03 -8.930297568440437317e-03 -6.409957539290189743e-03 -2.089538378641009331e-03 -4.562290385365486145e-03 -4.675994161516427994e-03 -6.789214443415403366e-03
-7.464575581252574921e-03 -8.482376113533973694e-03 -8.631686680018901825e-03 -5.551118869334459305e-03 -8.571055717766284943e-03 -5.285124294459819794e-03 -2.999244723469018936e-03 -3.943972755223512650e-03 -3.980488050729036331e-03 -7.135448511689901352e-03
9.077610448002815247e-04 -1.505376421846449375e-04 -7.184559945017099380e-05 -7.459240441676229239e-05 -1.160924672149121761e-03 -1.764549524523317814e-03 8.442193502560257912e-04 -6.243004929274320602e-03 1.221175421960651875e-03 1.070187772711506113e-05
-2.294729696586728096e-03 -3.001476172357797623e-03 -2.484248019754886627e-03 -1.186998840421438217e-02 -2.854613820090889931e-03 -1.086571812629699707e-02 -8.965475484728813171e-03 -1.093648001551628113e-02 -1.188195962458848953e-02 -1.151742227375507355e-02
-9.146398864686489105e-03 -8.798222057521343231e-03 -7.892476394772529602e-03 -5.739219021052122116e-03 -8.495450951159000397e-03 -6.360290106385946274e-03 -3.269967855885624886e-03 -3.337064059451222420e-03 -4.691367037594318390e-03 -7.086412981152534485e-03
4.776480142027139664e-03 4.320454318076372147e-03 4.706153180450201035e-03 -6.551682017743587494e-03 4.237805027514696121e-03 -3.146096598356962204e-03 -8.653065189719200134e-03 -3.466984257102012634e-03 -5.085567478090524673e-03 -2.470328705385327339e-03
-8.159117773175239563e-03 -8.096180856227874756e-03 -7.900577969849109650e-03 -4.984026774764060974e-03 -8.096645586192607880e-03 -5.651635117828845978e-03 -2.984877908602356911e-03 -3.358820220455527306e-03 -5.003154743462800980e-03 -6.958181038498878479e-03
-8.906638249754905701e-03 -8.715403266251087189e-03 -8.970996364951133728e-03 -5.290112458169460297e-03 -9.288535453379154205e-03 -5.852371919900178909e-03 -2.286835806444287300e-03 -4.133394453674554825e-03 -4.264768213033676147e-03 -6.272964179515838623e-03
-7.941029965877532959e-03 -8.736709132790565491e-03 -8.035340346395969391e-03 -5.633546970784664154e-03 -8.950077928602695465e-03 -6.838093977421522141e-03 -2.105024177581071854e-03 -4.077224526554346085e-03 -4.377877805382013321e-03 -6.435828749090433121e-03
-7.428168784826993942e-03 -8.913772180676460266e-03 -7.982608862221240997e-03 -4.712065681815147400e-03 -7.776813115924596786e-03 -6.220835261046886444e-03 -3.278064308688044548e-03 -3.400693181902170181e-03 -3.840317716822028160e-03 -5.942211020737886429e-03
-8.017230778932571411e-03 -9.179717861115932465e-03 -9.030061773955821991e-03 -4.659294616430997849e-03 -8.391352370381355286e-03 -6.705329287797212601e-03 -2.075510565191507339e-03 -4.239315167069435120e-03 -4.093637224286794662e-03 -6.759157869964838028e-03
-8.605478331446647644e-03 -9.236211888492107391e-03 -8.085111156105995178e-03 -6.191826425492763519e-03 -7.996539585292339325e-03 -6.380558945238590240e-03 -2.481002360582351685e-03 -4.264615010470151901e-03 -3.800678066909313202e-03 -6.350454874336719513e-03
-8.418773300945758820e-03 -9.436255320906639099e-03 -8.718093857169151306e-03 -5.818671081215143204e-03 -8.717009797692298889e-03 -6.757474504411220551e-03 -3.458086168393492699e-03 -3.719630884006619453e-03 -4.300140310078859329e-03 -6.605074740946292877e-03
3.136775456368923187e-03 3.364521078765392303e-03 2.874221652746200562e-03 -3.384308191016316414e-03 1.951813697814941406e-03 -4.784933757036924362e-03 -3.274204907938838005e-03 2.506803022697567940e-03 4.854553844779729843e-04 -2.602190477773547173e-03
-7.817454636096954346e-03 -9.106754325330257416e-03 -7.564872037619352341e-03 -5.391229875385761261e-03 -9.212592616677284241e-03 -6.324111483991146088e-03 -2.497879788279533386e-03 -4.160450771450996399e-03 -4.590661264955997467e-03 -6.348820868879556656e-03
-7.515325210988521576e-03 -8.868804201483726501e-03 -7.289078086614608765e-03 -4.774711094796657562e-03 -8.220631629228591919e-03 -5.597237497568130493e-03 -1.993941143155097961e-03 -4.741993732750415802e-03 -5.144019145518541336e-03 -6.456112954765558243e-03
-8.693302981555461884e-03 -8.050432428717613220e-03 -9.072959423065185547e-03 -6.529830861836671829e-03 -9.039080701768398285e-03 -7.041333243250846863e-03 -1.996913459151983261e-03 -4.478771239519119263e-03 -4.697984550148248672e-03 -6.450217217206954956e-03
-8.098593913018703461e-03 -8.228352293372154236e-03 -8.119626902043819427e-03 -6.403223145753145218e-03 -8.513118140399456024e-03 -6.302413064986467361e-03 -3.068601479753851891e-03 -3.274553222581744194e-03 -4.317294340580701828e-03 -7.143891882151365280e-03
-8.060077205300331116e-03 -8.781597018241882324e-03 -7.531044073402881622e-03 -5.954924039542675018e-03 -8.023189380764961243e-03 -5.942965392023324966e-03 -2.534860279411077499e-03 -4.172970540821552277e-03 -5.520530510693788528e-03 -7.316311355680227280e-03
-4.549575969576835632e-03 -6.285635754466056824e-03 -5.494691897183656693e-03 -6.949806585907936096e-03 -5.041036754846572876e-03 -8.905271999537944794e-03 -5.409861914813518524e-03 -2.021533250808715820e-02 -9.008456021547317505e-03 -9.406032972037792206e-03
-8.843204937875270844e-03 -8.267092518508434296e-03 -7.855842821300029755e-03 -5.959864705801010132e-03 -8.341053500771522522e-03 -6.198931485414505005e-03 -2.094805473461747169e-03 -4.644073545932769775e-03 -5.193761549890041351e-03 -6.777551025152206421e-03
-8.622980676591396332e-03 -9.403241798281669617e-03 -8.205097168684005737e-03 -4.563935566693544388e-03 -9.281149134039878845e-03 -5.837273318320512772e-03 -2.857733052223920822e-03 -3.676570486277341843e-03 -5.454124882817268372e-03 -5.721705965697765350e-03
-8.331858552992343903e-03 -8.223526179790496826e-03 -8.690028451383113861e-03 -5.941940937191247940e-03 -9.462082758545875549e-03 -5.980520509183406830e-03 -1.693397643975913525e-03 -5.006169434636831284e-03 -3.613098291680216789e-03 -7.081063464283943176e-03
7.599534001201391220e-04 1.048603095114231110e-03 -1.471260329708456993e-04 -6.504869088530540466e-03 9.627475519664585590e-04 -2.712159650400280952e-03 -7.039437536150217056e-03 -1.172553002834320068e-02 -7.662705145776271820e-03 -4.540168214589357376e-03
-7.517286576330661774e-03 -7.697049994021654129e-03 -9.131113998591899872e-03 -4.587373230606317520e-03 -8.945322595536708832e-03 -5.841607693582773209e-03 -3.094344865530729294e-03 -4.652030766010284424e-03 -4.028180614113807678e-03 -7.400184869766235352e-03
-7.858968339860439301e-03 -8.805363439023494720e-03 -8.613798767328262329e-03 -6.227589678019285202e-03 -8.380767889320850372e-03 -5.991739686578512192e-03 -3.183186752721667290e-03 -4.457200877368450165e-03 -5.023606587201356888e-03 -6.679255980998277664e-03
-7.976245135068893433e-03 -8.144886232912540436e-03 -7.474001497030258179e-03 -4.571691155433654785e-03 -7.154198363423347473e-03 -6.425477564334869385e-03 -2.180105075240135193e-03 -4.000634886324405670e-03 -4.339262843132019043e-03 -5.731649231165647507e-03
-8.043142035603523254e-03 -7.843309082090854645e-03 -7.213007193058729172e-03 -4.740572068840265274e-03 -8.934278972446918488e-03 -5.811819806694984436e-03 -2.852275036275386810e-03 -4.591994453221559525e-03 -4.878210835158824921e-03 -7.576333358883857727e-03
-1.344732823781669140e-03 -1.127852010540664196e-03 -2.155544701963663101e-03 -5.367269739508628845e-03 -2.031961455941200256e-03 -6.740895565599203110e-03 -4.353304859250783920e-03 2.414602087810635567e-03 -5.317510571330785751e-03 -6.677795667201280594e-03
-8.347006514668464661e-03 -8.909425698220729828e-03 -8.103810250759124756e-03 -5.384045653045177460e-03 -9.419302456080913544e-03 -6.601456087082624435e-03 -3.304379992187023163e-03 -3.746094647794961929e-03 -5.054685287177562714e-03 -6.826576776802539825e-03
-8.048624731600284576e-03 -8.570845238864421844e-03 -9.553393349051475525e-03 -5.291681736707687378e-03 -8.877533487975597382e-03 -6.794940680265426636e-03 -3.108003409579396248e-03 -5.088691599667072296e-03 -4.971424117684364319e-03 -6.646138150244951248e-03
-8.585510775446891785e-03 -8.094421587884426117e-03 -7.870387285947799683e-03 -4.948741756379604340e-03 -8.433512412011623383e-03 -6.530277431011199951e-03 -2.392424503341317177e-03 -4.740501288324594498e-03 -5.229432135820388794e-03 -6.898946594446897507e-03
-8.162096142768859863e-03 -8.254051208496093750e-03 -9.079074487090110779e-03 -5.671987775713205338e-03 -8.407179266214370728e-03 -7.030981592833995819e-03 -2.206680364906787872e-03 -4.424768034368753433e-03 -5.463703535497188568e-03 -6.746029946953058243e-03
-8.407016284763813019e-03 -7.827339693903923035e-03 -7.967063225805759430e-03 -5.618358496576547623e-03 -8.686365559697151184e-03 -5.954076070338487625e-03 -3.574590664356946945e-03 -4.056537989526987076e-03 -5.063473246991634369e-03 -5.990171805024147034e-03
-8.420523256063461304e-03 -9.453658014535903931e-03 -8.972359821200370789e-03 -5.415529478341341019e-03 -9.167709387838840485e-03 -6.000248715281486511e-03 -2.876066602766513824e-03 -4.378265701234340668e-03 -5.002519581466913223e-03 -6.643023341894149780e-03
-8.752981200814247131e-03 -9.016185998916625977e-03 -8.882010355591773987e-03 -6.110632792115211487e-03 -7.843315601348876953e-03 -5.621775984764099121e-03 -2.575115067884325981e-03 -4.964891821146011353e-03 -4.313479177653789520e-03 -6.021325942128896713e-03
-8.018649183213710785e-03 -8.599943481385707855e-03 -7.530220318585634232e-03 -6.062795408070087433e-03 -7.697322405874729156e-03 -6.574172060936689377e-03 -1.848421990871429443e-03 -3.908018581569194794e-03 -4.962149076163768768e-03 -6.573115009814500809e-03
-8.220729418098926544e-03 -9.043949656188488007e-03 -9.629715234041213989e-03 -6.313630379736423492e-03 -8.301828987896442413e-03 -5.747945513576269150e-03 -3.120883367955684662e-03 -3.619224065914750099e-03 -5.705927964299917221e-03 -6.370230112224817276e-03
-7.826105691492557526e-03 -8.383342064917087555e-03 -8.446474559605121613e-03 -5.351344123482704163e-03 -7.984914816915988922e-03 -6.288988981395959854e-03 -2.532829763367772102e-03 -5.081455223262310028e-03 -5.538180936127901077e-03 -6.492164451628923416e-03
-8.545101620256900787e-03 -8.052048273384571075e-03 -8.808711543679237366e-03 -6.829645950347185135e-03 -7.744174916297197342e-03 -6.066517438739538193e-03 -2.123172627761960030e-03 -3.904190147295594215e-03 -4.572061356157064438e-03 -6.230981554836034775e-03
-8.423492312431335449e-03 -8.159013465046882629e-03 -8.570096455514431000e-03 -4.735919646918773651e-03 -8.299905806779861450e-03 -6.069084629416465759e-03 -2.646592212840914726e-03 -3.365116892382502556e-03 -3.758340142667293549e-03 -5.950659513473510742e-03
-8.496137335896492004e-03 -8.771953172981739044e-03 -8.162610232830047607e-03 -5.112743936479091644e-03 -8.133266121149063110e-03 -6.306645926088094711e-03 -1.508822082541882992e-03 -3.663246519863605499e-03 -3.657687222585082054e-03 -5.599796306341886520e-03
-7.990359328687191010e-03 -8.320325054228305817e-03 -7.161975372582674026e-03 -5.777600221335887909e-03 -8.036557585000991821e-03 -5.207181908190250397e-03 -2.090621739625930786e-03 -3.784023225307464600e-03 -4.648477304726839066e-03 -6.169780623167753220e-03
-8.210392668843269348e-03 -8.040275424718856812e-03 -9.462299756705760956e-03 -5.608574021607637405e-03 -8.232479915022850037e-03 -6.859289016574621201e-03 -1.930265454575419426e-03 -4.286910407245159149e-03 -4.897686652839183807e-03 -7.192323915660381317e-03
-9.175413288176059723e-03 -8.505090139806270599e-03 -7.665020413696765900e-03 -4.823827184736728668e-03 -8.678012527525424957e-03 -5.880720447748899460e-03 -3.147795563563704491e-03 -3.754324279725551605e-03 -4.636387806385755539e-03 -7.842356339097023010e-03
-8.497064001858234406e-03 -8.637580089271068573e-03 -7.263244595378637314e-03 -5.044310819357633591e-03 -8.680101484060287476e-03 -6.031515542417764664e-03 -2.236133208498358727e-03 -4.097196273505687714e-03 -3.927452024072408676e-03 -7.075420580804347992e-03
-7.792797405272722244e-03 -8.235064335167407990e-03 -8.602530695497989655e-03 -5.933153908699750900e-03 -8.003302849829196930e-03 -5.667369347065687180e-03 -2.636760007590055466e-03 -4.419122356921434402e-03 -5.867264699190855026e-03 -6.715847179293632507e-03
-8.392333053052425385e-03 -8.148969151079654694e-03 -8.366046473383903503e-03 -4.975513089448213577e-03 -9.151941165328025818e-03 -6.204736419022083282e-03 -1.813878188841044903e-03 -4.336136858910322189e-03 -4.308317322283983231e-03 -6.254856009036302567e-03
-7.695134263485670090e-03 -8.211602456867694855e-03 -8.336178027093410492e-03 -6.443202029913663864e-03 -9.266134351491928101e-03 -6.123182829469442368e-03 -2.938054269179701805e-03 -3.237882861867547035e-03 -4.519717767834663391e-03 -7.180470041930675507e-03
