-2.467020042240619659e-02 -1.800579018890857697e-02 4.084549844264984131e-02 -3.445918112993240356e-02 -8.063534274697303772e-03 -1.518316194415092468e-02 -2.742357086390256882e-03 -4.196254909038543701e-02 -9.130011498928070068e-02 -2.781245671212673187e-02
-2.225508540868759155e-02 5.263657867908477783e-02 5.127818509936332703e-02 -5.738663673400878906e-02 1.088340766727924347e-02 -3.096590004861354828e-02 -5.616117268800735474e-02 -2.679252624511718750e-02 1.033745631575584412e-01 -6.475655734539031982e-02
-1.688626781105995178e-02 -4.619939625263214111e-02 5.703159794211387634e-02 -2.027434669435024261e-02 8.422014303505420685e-03 -3.301506489515304565e-02 -6.249471567571163177e-03 -3.331834822893142700e-02 -6.843531876802444458e-02 -7.077903300523757935e-02
-3.935864195227622986e-02 -6.099350377917289734e-02 -5.786377936601638794e-02 -4.222468659281730652e-02 -4.233830049633979797e-02 -4.501597955822944641e-02 -2.357423491775989532e-02 -3.546723723411560059e-02 -6.555260717868804932e-02 5.528343375772237778e-03
-2.376862987875938416e-02 -7.634822279214859009e-02 6.945703178644180298e-03 4.985459521412849426e-02 -4.547652229666709900e-02 -3.977876901626586914e-02 2.674647979438304901e-02 -2.472776733338832855e-02 3.200128907337784767e-03 -4.848151654005050659e-02
6.286639720201492310e-03 -5.865791067481040955e-02 1.259171217679977417e-01 7.076412439346313477e-04 3.761136438697576523e-03 -2.321095950901508331e-02 -1.327187940478324890e-02 -2.580801956355571747e-02 1.077760662883520126e-02 -1.222350075840950012e-01
-4.375849664211273193e-02 -7.997002452611923218e-03 -7.912389934062957764e-02 -2.234371192753314972e-02 -6.924892216920852661e-02 -5.443245638161897659e-03 4.145244602113962173e-03 -2.451178990304470062e-02 -2.659613732248544693e-03 5.850376188755035400e-02
-1.066280994564294815e-02 1.287588290870189667e-02 6.668940186500549316e-02 -6.192592531442642212e-02 4.368248209357261658e-02 -2.357765100896358490e-02 -6.389292329549789429e-02 -3.732693567872047424e-02 -3.463735058903694153e-02 -8.506792038679122925e-02
-3.029620274901390076e-02 -4.790540039539337158e-02 7.162659894675016403e-03 -3.198576346039772034e-02 -2.274795994162559509e-02 -4.370647668838500977e-02 1.524909120053052902e-02 -3.387509658932685852e-02 -4.239087924361228943e-02 -6.992305815219879150e-02
-3.266081213951110840e-02 4.833652172237634659e-03 -4.872701317071914673e-02 1.954781357198953629e-03 -6.105232983827590942e-02 1.144496630877256393e-02 2.999122627079486847e-02 -3.892150521278381348e-02 7.633811980485916138e-02 2.309994027018547058e-02
-3.275406081229448318e-03 7.703931629657745361e-02 -1.344458572566509247e-02 -4.306919500231742859e-02 7.901436835527420044e-02 -4.497085697948932648e-03 -8.403490483760833740e-02 1.818044809624552727e-03 -6.089299917221069336e-02 -2.928294241428375244e-02
-1.684499718248844147e-02 3.934356383979320526e-03 6.929484754800796509e-02 -4.716496542096138000e-02 8.618070743978023529e-03 1.834025979042053223e-02 4.635468125343322754e-03 -5.415677651762962341e-02 -4.664407670497894287e-02 -4.397580772638320923e-02
-4.066956415772438049e-02 1.222844887524843216e-02 -6.835396587848663330e-02 -5.641916021704673767e-02 -2.681815251708030701e-02 -5.676320940256118774e-02 -9.094213694334030151e-02 -1.927931234240531921e-02 1.438205409795045853e-02 -1.241908129304647446e-02
-3.938873112201690674e-02 4.851277917623519897e-02 -6.561894714832305908e-02 -6.356146186590194702e-02 2.380462549626827240e-02 -4.389082267880439758e-02 -8.344013243913650513e-02 -2.283200807869434357e-02 -6.391508132219314575e-02 -2.942992560565471649e-02
-3.909842669963836670e-02 -6.983952969312667847e-02 -6.392839550971984863e-02 -2.848545648157596588e-02 -4.402388632297515869e-02 -4.540537297725677490e-02 8.408336900174617767e-03 -3.646116331219673157e-02 -7.113113254308700562e-02 -1.789673790335655212e-02
-1.381397433578968048e-02 -7.893783040344715118e-03 4.808517638593912125e-03 -3.183230012655258179e-02 7.292280904948711395e-03 -8.280639536678791046e-03 -4.278177022933959961e-02 -3.336217999458312988e-02 2.985438331961631775e-02 -5.075448192656040192e-03
4.220548085868358612e-03 1.201520487666130066e-02 6.150970607995986938e-02 -1.666246971581131220e-04 1.889424584805965424e-02 4.362794384360313416e-02 -1.023128069937229156e-02 -4.385932162404060364e-02 -2.308613853529095650e-03 -7.389167696237564087e-02
-1.490639243274927139e-02 -1.653131470084190369e-02 5.265354365110397339e-02 -4.048616066575050354e-02 -1.584655977785587311e-02 7.966912351548671722e-03 7.534463424235582352e-03 -4.141797125339508057e-02 -7.225672900676727295e-02 1.424900139681994915e-03
-2.921151928603649139e-02 -3.896435722708702087e-02 2.842910774052143097e-02 -5.638812109827995300e-02 -2.463719435036182404e-02 -4.531704261898994446e-02 -1.959635876119136810e-02 -3.865511715412139893e-02 -1.480786595493555069e-02 -5.791419744491577148e-02
-4.354621842503547668e-02 3.920572996139526367e-02 -5.753942951560020447e-02 -6.192499026656150818e-02 -3.174389479681849480e-03 -2.925781160593032837e-02 -5.650675669312477112e-02 -3.922194242477416992e-02 -7.907198369503021240e-02 -1.055424753576517105e-02
-3.815668448805809021e-02 -7.517014443874359131e-02 -5.673778802156448364e-02 1.061069220304489136e-02 -5.439089983701705933e-02 -2.502285689115524292e-02 6.458398699760437012e-02 -3.925528004765510559e-02 -8.076849579811096191e-02 -8.685366250574588776e-03
-3.861782327294349670e-02 -8.564275503158569336e-02 -6.792719662189483643e-02 -6.876389961689710617e-04 -4.862673953175544739e-02 -4.096078872680664062e-02 4.956278577446937561e-02 -3.693318367004394531e-02 -6.686670333147048950e-02 -8.748000487685203552e-03
-4.078279435634613037e-02 -3.590384870767593384e-02 -6.992144882678985596e-02 -3.223102167248725891e-02 -6.206498667597770691e-02 -5.269167013466358185e-05 2.043423242866992950e-02 -4.634661972522735596e-02 -7.586205750703811646e-02 5.282509699463844299e-02
1.615939736366271973e-01 -4.333598166704177856e-02 -1.891905441880226135e-02 1.351726800203323364e-01 5.956357344985008240e-02 1.800771206617355347e-01 -4.674596711993217468e-02 1.398057490587234497e-01 -2.184883691370487213e-02 9.249881654977798462e-02
-4.048484191298484802e-02 -5.392882227897644043e-02 -1.360628660768270493e-02 -2.399087697267532349e-02 -4.589913785457611084e-02 -5.262530967593193054e-02 3.576370701193809509e-02 -3.792911767959594727e-02 -4.013848677277565002e-02 -7.386728376150131226e-02
-3.167466446757316589e-02 2.822597324848175049e-02 -4.805122502148151398e-03 -6.392275542020797729e-02 1.087858108803629875e-03 -3.699352219700813293e-02 -5.750561505556106567e-02 -3.798087686300277710e-02 -1.141022425144910812e-02 -8.610844612121582031e-02
-3.963093832135200500e-02 -1.147755701094865799e-02 -6.097966432571411133e-02 -2.353618107736110687e-02 -5.700901895761489868e-02 1.017031446099281311e-02 6.261477619409561157e-02 -5.228121578693389893e-02 -4.201664403080940247e-02 6.165671162307262421e-03
-2.137309685349464417e-02 -1.758622564375400543e-02 4.755082726478576660e-02 1.541988644748926163e-02 -2.898762002587318420e-02 -4.612109810113906860e-02 -3.780984319746494293e-03 -1.406246796250343323e-02 7.407089322805404663e-02 -7.594247907400131226e-02
-4.041286930441856384e-02 -1.813222095370292664e-02 -7.354931533336639404e-02 -2.806248888373374939e-02 -5.162884294986724854e-02 -6.070111412554979324e-04 -4.331402853131294250e-02 -2.985917776823043823e-02 -5.240024533122777939e-03 9.553229063749313354e-02
-2.608405984938144684e-02 4.416954703629016876e-03 3.862352296710014343e-02 2.107813023030757904e-02 -5.517783015966415405e-02 3.573870658874511719e-02 8.744882047176361084e-02 -5.181538313627243042e-02 4.901047330349683762e-03 -2.271464839577674866e-02
-3.235419839620590210e-02 -5.602515861392021179e-02 -8.543218486011028290e-03 2.933991700410842896e-02 -6.266585737466812134e-02 -4.627866297960281372e-02 1.017028372734785080e-02 -2.216029725968837738e-02 8.782441914081573486e-02 -4.464086517691612244e-02
-3.582724556326866150e-02 -7.801124453544616699e-02 -2.419000677764415741e-02 2.692900411784648895e-02 -5.066842585802078247e-02 -3.992891684174537659e-02 6.163938716053962708e-02 -3.685941174626350403e-02 -5.774750933051109314e-02 -5.460468307137489319e-02
-3.893926367163658142e-02 -1.729878038167953491e-02 -7.791144400835037231e-02 -4.882801696658134460e-02 -5.860431864857673645e-02 -3.939997032284736633e-02 -6.049662083387374878e-02 -1.330903638154268265e-02 3.522208705544471741e-02 6.446564197540283203e-02
-2.933763340115547180e-02 1.208831556141376495e-02 -7.830407470464706421e-02 1.986205577850341797e-02 1.547854114323854446e-02 -3.782267123460769653e-02 -3.309035440906882286e-03 9.485417976975440979e-03 -2.090275660157203674e-02 1.957207173109054565e-02
-3.744636848568916321e-02 -7.363109290599822998e-02 -6.147187575697898865e-02 -3.426881879568099976e-02 -4.202755168080329895e-02 -4.796715825796127319e-02 -1.318890508264303207e-02 -3.355840966105461121e-02 -5.798543244600296021e-02 -2.045437134802341461e-02
-3.591434657573699951e-02 1.327815372496843338e-02 -4.765245690941810608e-02 -5.617041885852813721e-02 -3.648107126355171204e-02 -4.206943884491920471e-02 -5.766203626990318298e-02 -3.434612974524497986e-02 -5.047954618930816650e-03 -2.637623064219951630e-02
-3.903447464108467102e-02 3.405927494168281555e-02 -4.890435189008712769e-02 -5.414018407464027405e-02 -7.199073676019906998e-03 -5.902921035885810852e-02 -8.931996673345565796e-02 -9.379466064274311066e-03 5.689900740981101990e-02 -2.406886592507362366e-02
5.258480459451675415e-02 -2.940361574292182922e-02 -8.006433397531509399e-02 3.745929896831512451e-02 6.407336890697479248e-02 1.907876110635697842e-03 -9.228575974702835083e-02 9.578803181648254395e-02 -8.066305518150329590e-02 1.561854779720306396e-02
-3.656852245330810547e-02 -6.924564391374588013e-02 -6.537354737520217896e-02 -3.329558297991752625e-02 -4.377754777669906616e-02 -4.049343988299369812e-02 -1.689077541232109070e-02 -3.142588213086128235e-02 -3.854626044631004333e-02 3.770466148853302002e-02
-4.615660384297370911e-02 3.198110684752464294e-02 -6.666767597198486328e-02 -1.471930742263793945e-02 -1.710330322384834290e-02 1.445874664932489395e-02 3.301469981670379639e-02 -4.850880801677703857e-02 -6.560354679822921753e-02 -2.062610350549221039e-03
-3.960210457444190979e-02 5.650354921817779541e-02 -1.584735512733459473e-02 -6.026342138648033142e-02 -1.496874820441007614e-02 -1.720303483307361603e-02 -3.965888544917106628e-02 -2.600033953785896301e-02 7.345248758792877197e-02 -1.368195377290248871e-02
-3.855682909488677979e-02 -2.817189879715442657e-02 -3.227272257208824158e-02 -3.512795316055417061e-03 -2.334298938512802124e-02 -6.438346952199935913e-02 -2.985606156289577484e-02 -1.562873460352420807e-02 5.141340568661689758e-02 -1.575220748782157898e-02
-3.892910853028297424e-02 -4.665083065629005432e-02 -2.336681447923183441e-02 2.392027340829372406e-02 -7.245329767465591431e-02 1.363549474626779556e-02 1.131746843457221985e-01 -4.974479973316192627e-02 -3.877859562635421753e-02 1.885917410254478455e-02
-1.524278707802295685e-02 7.005168125033378601e-03 -3.038372471928596497e-02 -5.826708860695362091e-03 3.621806949377059937e-02 -1.137854158878326416e-02 -1.318502984941005707e-02 -1.358138211071491241e-02 -3.707498311996459961e-02 -7.293457631021738052e-03
-5.143000558018684387e-02 5.539393052458763123e-02 -6.905432045459747314e-02 -6.487627327442169189e-02 -3.603427484631538391e-02 -5.547969602048397064e-03 -4.770181328058242798e-02 -3.520444035530090332e-02 -3.496184945106506348e-02 3.635367006063461304e-02
-3.764079138636589050e-02 6.871148198843002319e-02 -8.606454730033874512e-02 -4.972330480813980103e-02 1.169446855783462524e-02 -9.905857965350151062e-03 -7.867175340652465820e-02 -5.342083983123302460e-03 -4.651663079857826233e-02 6.316557526588439941e-02
-3.801577165722846985e-02 -3.478890284895896912e-02 -6.312752515077590942e-02 -5.095718801021575928e-02 -4.987923055887222290e-02 -5.025579035282135010e-02 -5.083712562918663025e-02 -3.259629756212234497e-02 2.429566811770200729e-03 -1.727752014994621277e-02
-3.603500500321388245e-02 2.560688881203532219e-03 -3.072822652757167816e-02 -4.624652862548828125e-02 -3.914654371328651905e-04 -5.101483315229415894e-02 -3.537257760763168335e-02 -3.213229402899742126e-02 -3.332054615020751953e-02 -6.915926188230514526e-02
-3.739169985055923462e-02 -2.075487561523914337e-02 -6.549537181854248047e-02 -1.720228791236877441e-02 -4.384815692901611328e-02 -3.117801621556282043e-02 3.057657182216644287e-02 -3.039947152137756348e-02 6.019428744912147522e-02 -4.931634757667779922e-03
