-1.824307022616267204e-03 -2.682407153770327568e-03 9.237651247531175613e-04 -3.471657866612076759e-03 -8.339327760040760040e-03 -3.357511479407548904e-03 -9.073246270418167114e-03 3.519264049828052521e-03 -7.633371278643608093e-03 -5.452840123325586319e-04
4.987954162061214447e-03 -1.150313764810562134e-03 -5.692657083272933960e-03 -1.270792912691831589e-03 4.979721270501613617e-03 -9.806718677282333374e-03 1.816769945435225964e-03 -1.346417423337697983e-02 -1.437904778867959976e-02 -3.582607023417949677e-04
1.081350375898182392e-03 -1.337416702881455421e-03 4.959742072969675064e-03 -3.401855705305933952e-03 -1.932735205627977848e-03 -6.913148332387208939e-03 -3.056128742173314095e-03 -3.673043567687273026e-03 -1.249683089554309845e-02 -3.867560008075088263e-04
1.890925224870443344e-03 -4.279616288840770721e-03 -8.016610518097877502e-03 4.157410934567451477e-03 3.111936151981353760e-03 1.639861147850751877e-03 4.793899133801460266e-03 -3.236601362004876137e-03 -2.114511094987392426e-03 -1.936471089720726013e-03
-3.842638980131596327e-04 -1.370896026492118835e-02 4.057934973388910294e-03 2.760724397376179695e-03 -1.275693066418170929e-02 5.514981690794229507e-03 -6.116355303674936295e-03 -7.329677231609821320e-03 -1.960336696356534958e-03 -8.373986929655075073e-04
-6.853632628917694092e-03 -5.778692662715911865e-03 -6.147141102701425552e-03 -4.243805073201656342e-03 -4.327880218625068665e-03 -2.766861347481608391e-03 -6.249313708394765854e-03 -5.924474913626909256e-03 -3.731207922101020813e-03 -1.579858129844069481e-03
-6.655458826571702957e-03 4.467063117772340775e-03 1.679272099863737822e-04 -2.218875568360090256e-03 1.316523924469947815e-02 -9.261664934456348419e-03 1.005448214709758759e-02 -1.430370146408677101e-03 3.370668273419141769e-03 -2.304044086486101151e-03
-6.853932049125432968e-03 -6.223632022738456726e-03 -6.539214868098497391e-03 -4.354281350970268250e-03 -3.766253124922513962e-03 -3.721273737028241158e-03 -5.372362677007913589e-03 -6.671715527772903442e-03 -4.389433655887842178e-03 -8.369736024178564548e-04
-6.948573049157857895e-03 -5.492293741554021835e-03 -6.508535239845514297e-03 -5.704142618924379349e-03 -4.468660335987806320e-03 -3.057913389056921005e-03 -5.998960696160793304e-03 -6.651103496551513672e-03 -3.786080982536077499e-03 2.088202163577079773e-04
-1.373951230198144913e-02 -3.075506538152694702e-03 6.660083308815956116e-03 5.935379769653081894e-03 -1.073697349056601524e-03 6.264623720198869705e-03 -4.844103241339325905e-04 1.031920127570629120e-02 -4.968266934156417847e-03 -2.881221938878297806e-03
1.573030254803597927e-03 2.574719954282045364e-03 6.836217828094959259e-03 -1.415144745260477066e-02 -3.578741103410720825e-03 -9.287185035645961761e-03 -7.804650813341140747e-03 3.236611606553196907e-03 -4.096922464668750763e-03 -1.628896803595125675e-03
-7.733845617622137070e-03 -5.330808460712432861e-03 -6.601556204259395599e-03 -5.299457814544439316e-03 -4.324054811149835587e-03 -2.665209583938121796e-03 -5.828898400068283081e-03 -6.113036535680294037e-03 -3.988069016486406326e-03 -4.900201456621289253e-04
-2.756370464339852333e-03 -1.498888712376356125e-02 -1.154551655054092407e-02 6.545502692461013794e-04 -1.423905370756983757e-03 1.469872985035181046e-02 2.721115597523748875e-04 2.359765348955988884e-03 6.367299705743789673e-03 -1.458022976294159889e-03
-1.258808281272649765e-02 5.384320858865976334e-03 -5.030306638218462467e-04 -3.165809903293848038e-03 -4.616084974259138107e-03 4.613678436726331711e-03 -3.635150846093893051e-03 -2.367000095546245575e-03 -6.635846104472875595e-03 -6.778837996535003185e-04
-6.205854937434196472e-03 -4.992556292563676834e-03 -6.903882604092359543e-03 -3.894992172718048096e-03 -5.092350300401449203e-03 -3.333401633426547050e-03 -5.872025154531002045e-03 -5.576164927333593369e-03 -4.604461137205362320e-03 -9.624203084968030453e-04
-3.937704954296350479e-03 4.527685232460498810e-03 -1.281956443563103676e-03 -8.052688091993331909e-03 -6.594417151063680649e-03 -3.799143712967634201e-03 -1.213460788130760193e-02 6.446154438890516758e-04 -6.706032902002334595e-03 1.244096201844513416e-04
7.007346954196691513e-03 8.808160200715065002e-03 3.318201517686247826e-03 7.155796047300100327e-03 7.691045291721820831e-03 6.739107426255941391e-03 1.426364202052354813e-02 4.461502656340599060e-03 8.755651302635669708e-03 -3.808846464380621910e-03
-1.867290236987173557e-03 -5.376014392822980881e-03 -5.567015614360570908e-04 1.231014728546142578e-02 4.352428484708070755e-03 3.942629322409629822e-03 6.736865034326910973e-04 -6.667435169219970703e-03 -8.054433390498161316e-03 -2.627702662721276283e-03
-7.279387675225734711e-03 -5.048505030572414398e-03 -5.988878197968006134e-03 -4.995582159608602524e-03 -4.146710503846406937e-03 -2.777280751615762711e-03 -6.472021341323852539e-03 -6.741234567016363144e-03 -3.648841055110096931e-03 -5.508676986210048199e-04
-7.702082861214876175e-03 -6.215881556272506714e-03 -6.572786718606948853e-03 -4.874749574810266495e-03 -4.749015439301729202e-03 -3.231881419196724892e-03 -5.435199476778507233e-03 -5.854014307260513306e-03 -3.572003683075308800e-03 -1.515510026365518570e-03
1.803470426239073277e-03 -1.242827996611595154e-02 1.833682297728955746e-03 -7.787450216710567474e-03 -6.048841401934623718e-03 -4.348871763795614243e-03 -1.141583640128374100e-02 -1.188106485642492771e-03 -6.288789212703704834e-03 -1.066265511326491833e-03
-7.610406726598739624e-03 -6.074327044188976288e-03 -6.193701177835464478e-03 -5.535557866096496582e-03 -4.173735156655311584e-03 -2.185068326070904732e-03 -5.763009190559387207e-03 -6.768666207790374756e-03 -3.855507820844650269e-03 8.346111280843615532e-05
4.826044663786888123e-03 -4.413776565343141556e-03 -7.305181585252285004e-03 2.678988268598914146e-03 1.721787615679204464e-03 -1.547683682292699814e-02 6.612224970012903214e-03 1.563622266985476017e-03 7.123719900846481323e-03 -2.294457517564296722e-03
-1.134962309151887894e-02 6.214487366378307343e-03 1.992000732570886612e-03 -1.229626405984163284e-02 4.521864932030439377e-03 8.459267206490039825e-03 7.712225196883082390e-04 1.114249974489212036e-02 4.720020573586225510e-03 -1.922650495544075966e-03
4.227739758789539337e-03 -5.283249076455831528e-03 -4.109053872525691986e-03 2.956551732495427132e-03 -9.793156757950782776e-03 -3.863947233185172081e-03 -2.030197065323591232e-03 -1.273631397634744644e-02 7.145997369661927223e-04 -1.269973232410848141e-03
5.004549864679574966e-03 -1.354113500565290451e-02 -1.117940805852413177e-02 -7.801820989698171616e-03 -2.037230646237730980e-03 6.045699585229158401e-03 -4.659185186028480530e-03 -9.369631879962980747e-05 5.616951733827590942e-03 -2.430071617709472775e-04
-3.243417246267199516e-03 -1.967642223462462425e-03 1.014211773872375488e-02 -1.355749089270830154e-03 -8.486872538924217224e-03 1.510081905871629715e-02 8.132242946885526180e-04 9.985399432480335236e-03 1.417810562998056412e-03 -4.107380751520395279e-03
4.412720445543527603e-03 -1.890478655695915222e-03 7.668554317206144333e-03 -9.500450687482953072e-04 -1.282676868140697479e-02 -1.672321232035756111e-03 -9.988403879106044769e-03 5.251251277513802052e-04 -7.106369826942682266e-03 -5.662760231643915176e-04
-6.682698149234056473e-03 -5.716458428651094437e-03 -6.073879543691873550e-03 -5.024548154324293137e-03 -4.016395192593336105e-03 -3.337015630677342415e-03 -5.812201648950576782e-03 -6.303867790848016739e-03 -3.239736659452319145e-03 -5.570404464378952980e-04
-4.775390028953552246e-03 1.486516906879842281e-03 4.241896327584981918e-03 -1.036266330629587173e-02 -4.965397994965314865e-03 -5.045803263783454895e-03 7.078844588249921799e-03 -2.231172984465956688e-03 6.384972948580980301e-04 -4.790207603946328163e-04
-6.993791088461875916e-03 -5.238633602857589722e-03 -6.275976076722145081e-03 -4.972489085048437119e-03 -5.162687040865421295e-03 -3.405957249924540520e-03 -5.856130272150039673e-03 -6.389871239662170410e-03 -4.221897106617689133e-03 -1.243071747012436390e-03
-6.908800918608903885e-03 -5.585722625255584717e-03 -6.592733785510063171e-03 -5.664152093231678009e-03 -3.762044012546539307e-03 -2.709972206503152847e-03 -5.987790878862142563e-03 -6.039204075932502747e-03 -3.506030421704053879e-03 -8.981964201666414738e-04
-6.414187606424093246e-03 -5.328362341970205307e-03 -5.940762348473072052e-03 -5.030930507928133011e-03 -4.065352492034435272e-03 -2.504988107830286026e-03 -5.949256010353565216e-03 -5.874400492757558823e-03 -3.673027968034148216e-03 -1.036830130033195019e-03
4.924642271362245083e-04 -5.231956019997596741e-03 -4.509244114160537720e-03 -4.127251668251119554e-05 -1.749246730469167233e-03 -1.293194200843572617e-02 2.161183860152959824e-03 -3.660434624180197716e-03 2.298127627000212669e-03 -5.339620984159410000e-04
-6.823640782386064529e-03 -6.345855072140693665e-03 -6.804664153605699539e-03 -4.816449712961912155e-03 -4.170100670307874680e-03 -3.101252485066652298e-03 -5.932407919317483902e-03 -6.210024002939462662e-03 -4.582839086651802063e-03 1.910210412461310625e-04
-6.342970300465822220e-03 -5.621165037155151367e-03 -6.226989440619945526e-03 -5.815442185848951340e-03 -4.016966093331575394e-03 -2.677283482626080513e-03 -6.170958280563354492e-03 -6.287632510066032410e-03 -3.678537206724286079e-03 -8.411036105826497078e-04
-3.697148931678384542e-04 -1.013097167015075684e-02 -8.650392410345375538e-04 -6.609229836612939835e-03 -5.409169010818004608e-03 -4.334019962698221207e-03 -1.036471500992774963e-02 -1.656603883020579815e-03 -6.023536436259746552e-03 -1.384281786158680916e-03
-3.524263156577944756e-03 5.040070973336696625e-03 1.882233300420921296e-05 -8.445092476904392242e-03 -7.161634974181652069e-03 -4.503742791712284088e-03 -1.341368723660707474e-02 2.131989225745201111e-03 -7.357742637395858765e-03 -1.606884761713445187e-03
6.505534052848815918e-03 5.925551056861877441e-03 6.035286933183670044e-03 -3.876572940498590469e-03 -5.739432759582996368e-03 -6.659260485321283340e-03 -1.412716694176197052e-03 -2.619183855131268501e-03 -1.618944108486175537e-02 -1.730278832837939262e-03
-7.144520524889230728e-03 -5.452937446534633636e-03 -5.726255942136049271e-03 -5.844962783157825470e-03 -4.578376654535531998e-03 -2.699705539271235466e-03 -5.877179559320211411e-03 -6.319103296846151352e-03 -3.426433075219392776e-03 2.514186198823153973e-04
-7.014690432697534561e-03 -5.909635685384273529e-03 -6.196546833962202072e-03 -4.653363022953271866e-03 -4.286467097699642181e-03 -3.662582021206617355e-03 -5.378136876970529556e-03 -6.566201336681842804e-03 -4.072569776326417923e-03 7.923178782220929861e-05
-1.006309781223535538e-02 -1.606713421642780304e-02 -5.087480880320072174e-03 -3.351383842527866364e-03 2.534146187826991081e-03 -4.812303930521011353e-03 1.996550941839814186e-03 1.217216439545154572e-02 1.273238658905029297e-02 -1.447154209017753601e-03
5.474692210555076599e-03 -9.644191712141036987e-03 -2.688179956749081612e-04 3.894961206242442131e-03 3.416434337850660086e-04 -6.447499617934226990e-03 4.665352404117584229e-03 -4.653309471905231476e-03 -6.745443679392337799e-03 -2.359637990593910217e-03
-1.268837018869817257e-03 4.231135826557874680e-03 -3.750324016436934471e-03 7.159425411373376846e-03 4.974061739630997181e-04 1.171206682920455933e-02 8.576212450861930847e-03 -1.793166063725948334e-02 -2.878903876990079880e-03 -3.312798449769616127e-03
-6.376374978572130203e-03 6.740059703588485718e-03 -4.114684124942868948e-04 -8.219418115913867950e-03 -7.493912242352962494e-03 -4.372298251837491989e-03 -1.314483210444450378e-02 1.819659606553614140e-03 -7.532833609730005264e-03 -4.707492480520159006e-04
-7.316363044083118439e-03 -5.951541010290384293e-03 -6.369245704263448715e-03 -4.987659398466348648e-03 -4.217347130179405212e-03 -2.953215502202510834e-03 -5.734066478908061981e-03 -6.414173636585474014e-03 -3.560375422239303589e-03 -1.272770110517740250e-03
-9.256795980036258698e-03 4.131247289478778839e-03 -2.843920374289155006e-03 -1.750085270032286644e-03 -5.578043870627880096e-03 1.205177232623100281e-02 -5.259881145320832729e-04 -8.638434112071990967e-03 -4.187196027487516403e-03 -1.300033647567033768e-03
1.995485508814454079e-03 -6.843203213065862656e-03 8.678517770022153854e-04 -8.034659549593925476e-03 -6.832900457084178925e-03 -4.592874553054571152e-03 -1.257056463509798050e-02 2.217898610979318619e-03 -7.520613726228475571e-03 -1.018566894344985485e-03
4.806521348655223846e-03 1.507301814854145050e-03 -3.550068940967321396e-03 -3.861363977193832397e-03 -1.277448423206806183e-02 6.112560513429343700e-04 -4.965113475918769836e-03 -5.953987594693899155e-03 -1.834022346884012222e-03 -1.067714882083237171e-03
-1.394934952259063721e-03 -2.158429473638534546e-03 8.750570006668567657e-03 -1.374515891075134277e-02 -5.802488420158624649e-03 -9.314168244600296021e-03 -9.764104150235652924e-03 7.167343981564044952e-03 7.485362584702670574e-04 -7.871515117585659027e-04
-1.146712061017751694e-02 7.480090949684381485e-03 -3.389175981283187866e-03 -2.906481968238949776e-03 5.396049935370683670e-03 1.044981274753808975e-02 -9.952073742169886827e-05 -2.614387078210711479e-03 -5.650760605931282043e-03 -1.466706744395196438e-03
-7.732272148132324219e-03 -5.800105165690183640e-03 -5.260888021439313889e-03 -5.524851847440004349e-03 -4.380720201879739761e-03 -2.990928012877702713e-03 -5.943652708083391190e-03 -5.852549336850643158e-03 -3.349368926137685776e-03 -2.280497865285724401e-04
-7.559683173894882202e-03 -5.879899952560663223e-03 -6.381816230714321136e-03 -5.262780468910932541e-03 -3.965365234762430191e-03 -4.141543991863727570e-03 -5.365757271647453308e-03 -6.054430734366178513e-03 -3.915328998118638992e-03 -5.656254361383616924e-04
-7.761086802929639816e-03 -5.330109037458896637e-03 -6.521222647279500961e-03 -4.355644807219505310e-03 -4.988675937056541443e-03 -3.883397439494729042e-03 -5.142298992723226547e-03 -6.555201020091772079e-03 -4.476191475987434387e-03 -4.112716487725265324e-05
-6.453745532780885696e-03 -4.912865348160266876e-03 -5.886664148420095444e-03 -5.375831853598356247e-03 -4.863515030592679977e-03 -2.786830766126513481e-03 -6.490381434559822083e-03 -6.054050754755735397e-03 -4.475117195397615433e-03 -9.814251679927110672e-04
-7.482474204152822495e-03 -5.715146660804748535e-03 -6.915486417710781097e-03 -4.130087792873382568e-03 -5.072717554867267609e-03 -3.171002725139260292e-03 -5.818488076329231262e-03 -6.057021208107471466e-03 -4.052852746099233627e-03 -1.435755402781069279e-03
-2.475800924003124237e-03 -7.977977395057678223e-03 6.431987974792718887e-03 -3.174088196828961372e-03 -1.519037503749132156e-02 1.314296294003725052e-02 -3.706901799887418747e-03 -8.265610667876899242e-04 4.646480549126863480e-03 -2.090861555188894272e-03
6.193160661496222019e-04 -1.117989514023065567e-02 7.596450159326195717e-04 -6.631077732890844345e-03 -6.069710478186607361e-03 -3.971346653997898102e-03 -1.058769971132278442e-02 -1.765604014508426189e-03 -6.475198548287153244e-03 -2.806636912282556295e-04
5.510312039405107498e-03 9.167220443487167358e-03 1.252071838825941086e-02 2.217664616182446480e-03 -2.898309612646698952e-03 -5.206064786761999130e-03 1.092453021556138992e-02 -2.278938656672835350e-03 -8.637687424197793007e-04 -3.373779589310288429e-03
-7.114359643310308456e-03 -6.252596154808998108e-03 -6.206971593201160431e-03 -5.546757951378822327e-03 -3.913788124918937683e-03 -3.128350246697664261e-03 -5.906529724597930908e-03 -5.836603697389364243e-03 -3.628426929935812950e-03 -1.177223282866179943e-03
-7.809293456375598907e-03 4.440777469426393509e-03 -1.893972628749907017e-03 -8.377713151276111603e-03 -6.373954936861991882e-03 -4.373921547085046768e-03 -1.018940471112728119e-02 2.245860960101708770e-04 -6.812360603362321854e-03 -1.196660450659692287e-03
2.126794075593352318e-03 -8.801886811852455139e-03 9.742720052599906921e-03 5.365432705730199814e-03 -4.470962099730968475e-03 -8.457131683826446533e-03 5.686802323907613754e-03 3.689312608912587166e-03 -4.293647361919283867e-05 -1.919539528898894787e-03
3.510864917188882828e-03 1.878421608125790954e-04 -1.037384569644927979e-02 2.172549720853567123e-03 6.381744984537363052e-03 -1.015461888164281845e-02 2.470112172886729240e-03 -1.502794958651065826e-02 -7.360457908362150192e-03 -8.821718511171638966e-04
-7.203527260571718216e-03 -4.952752497047185898e-03 -7.010862696915864944e-03 -5.167795345187187195e-03 -4.986193962395191193e-03 -3.162637352943420410e-03 -6.176333408802747726e-03 -6.142897997051477432e-03 -3.786398097872734070e-03 -1.048651640303432941e-03
-6.716513540595769882e-03 -5.115634296089410782e-03 -6.604665424674749374e-03 -5.337268114089965820e-03 -4.268663469702005386e-03 -3.820308251306414604e-03 -5.576953757554292679e-03 -6.353288423269987106e-03 -4.260944668203592300e-03 -1.425289548933506012e-03
-7.860424928367137909e-03 -5.648395512253046036e-03 -5.912689957767724991e-03 -4.937005229294300079e-03 -5.060263909399509430e-03 -2.595354104414582253e-03 -5.015140864998102188e-03 -5.916059948503971100e-03 -4.184836056083440781e-03 -1.331363571807742119e-03
1.802653190679848194e-03 4.751128610223531723e-03 4.443519748747348785e-03 -8.201288059353828430e-03 -4.764271900057792664e-03 -9.929415769875049591e-03 -1.005667075514793396e-02 2.308886265382170677e-03 -7.872865535318851471e-03 -6.128582754172384739e-04
-7.314708083868026733e-03 -5.299930460751056671e-03 -6.254913285374641418e-03 -5.488792899996042252e-03 -4.271877463907003403e-03 -3.677319735288619995e-03 -5.915552377700805664e-03 -6.652783602476119995e-03 -4.548381082713603973e-03 -1.230490743182599545e-04
-6.777938921004533768e-03 -5.631095264106988907e-03 -6.797253619879484177e-03 -5.240629427134990692e-03 -4.519155248999595642e-03 -3.633980872109532356e-03 -5.765270907431840897e-03 -6.212637294083833694e-03 -3.285155165940523148e-03 -9.047698695212602615e-04
-6.993969436734914780e-03 -5.990416277199983597e-03 -6.373957730829715729e-03 -5.327089689671993256e-03 -3.787606256082653999e-03 -3.002511337399482727e-03 -5.728373304009437561e-03 -5.920600611716508865e-03 -4.633902572095394135e-03 -1.574275549501180649e-03
1.873289467766880989e-03 -1.293646357953548431e-02 2.025329275056719780e-03 -7.894845679402351379e-03 -6.088977213948965073e-03 -5.202662199735641479e-03 -1.209374424070119858e-02 -9.826174937188625336e-04 -6.733839400112628937e-03 -4.734679823741316795e-04
3.038610331714153290e-03 -1.042383140884339809e-03 1.049002050422132015e-03 6.794279906898736954e-04 4.756383132189512253e-03 -1.386740943416953087e-03 2.890268340706825256e-03 6.829837802797555923e-03 -5.436705425381660461e-03 -3.844489576295018196e-03
-8.662103791721165180e-04 -1.024774648249149323e-02 8.642443572171032429e-05 -6.124478764832019806e-03 -5.602930672466754913e-03 -4.314117599278688431e-03 -9.251814335584640503e-03 -4.454522859305143356e-03 -6.090469658374786377e-03 -7.240863633342087269e-04
1.566999126225709915e-03 -3.972574137151241302e-03 3.216755576431751251e-04 -2.344773616641759872e-03 4.693211812991648912e-04 -3.418114967644214630e-03 1.268709357827901840e-02 -2.856063656508922577e-03 2.591197378933429718e-03 -3.200049512088298798e-03
-2.948143053799867630e-03 3.244551829993724823e-03 1.631478808121755719e-04 -8.451588451862335205e-03 -7.897133007645606995e-03 -5.830524954944849014e-03 -1.321217417716979980e-02 3.134675556793808937e-03 -8.092483505606651306e-03 -5.207275971770286560e-04
-6.884903647005558014e-03 -5.159101914614439011e-03 -5.859919358044862747e-03 -5.080505274236202240e-03 -4.828745964914560318e-03 -2.826860407367348671e-03 -6.034235004335641861e-03 -7.061626296490430832e-03 -4.500049166381359100e-03 3.067707293666899204e-04
-8.017673157155513763e-03 -1.152660697698593140e-03 5.249219946563243866e-03 4.488302511163055897e-04 -1.245646458119153976e-02 -9.823237778618931770e-04 1.324771903455257416e-03 -5.468864459544420242e-03 -4.150226595811545849e-04 -1.232809037901461124e-03
-4.717905248980969191e-04 -4.205007106065750122e-03 -7.178339001256972551e-05 -7.226682268083095551e-03 -6.519940216094255447e-03 -4.347658716142177582e-03 -1.111989188939332962e-02 1.665918156504631042e-03 -5.720486398786306381e-03 -1.138900872319936752e-03
-1.934571773745119572e-03 -2.870265627279877663e-03 -5.869017448276281357e-03 9.253275580704212189e-03 6.703905295580625534e-03 -1.180329266935586929e-02 1.027795951813459396e-02 3.085332689806818962e-03 -6.399558042176067829e-04 -2.674300922080874443e-03
-7.660700473934412003e-03 -5.492771044373512268e-03 -6.178345065563917160e-03 -4.552831407636404037e-03 -4.318905994296073914e-03 -3.578880103304982185e-03 -5.112237296998500824e-03 -6.198394112288951874e-03 -4.090050235390663147e-03 1.016793394228443503e-04
-1.263965759426355362e-02 -1.607231423258781433e-02 2.256359206512570381e-03 5.350701045244932175e-03 1.374759012833237648e-04 4.868977703154087067e-04 2.455473178997635841e-03 6.452660541981458664e-03 -1.476534642279148102e-03 -2.022219356149435043e-03
-1.141407177783548832e-03 -8.386716945096850395e-05 -6.998814642429351807e-03 3.519190358929336071e-04 -4.649185575544834137e-03 -5.748075433075428009e-03 -2.813440747559070587e-03 -8.093183860182762146e-03 -5.398217123001813889e-03 -4.722297308035194874e-05
-3.782828105613589287e-03 -7.654235814698040485e-04 -9.367848397232592106e-04 8.749298867769539356e-04 3.631452564150094986e-03 5.384997464716434479e-03 5.771074211224913597e-04 -1.011441182345151901e-02 2.251683268696069717e-03 -6.212111911736428738e-04
-7.166410796344280243e-03 -5.742368288338184357e-03 -5.738151259720325470e-03 -4.146495368331670761e-03 -4.274607170373201370e-03 -2.569311298429965973e-03 -5.740731488913297653e-03 -6.943519227206707001e-03 -3.958328627049922943e-03 1.921026851050555706e-04
-2.456512767821550369e-03 -1.060363650321960449e-02 4.383911378681659698e-03 -3.620029892772436142e-04 -9.024525061249732971e-03 -9.941063821315765381e-03 -2.830998739227652550e-03 8.476683433400467038e-05 1.434488920494914055e-03 -5.888480227440595627e-04
-6.549894344061613083e-03 -5.296660587191581726e-03 -6.012853700667619705e-03 -5.512003786861896515e-03 -4.800060298293828964e-03 -2.988206688314676285e-03 -5.226972047239542007e-03 -6.681239698082208633e-03 -3.598315874114632607e-03 -1.280317083001136780e-03
-2.339026890695095062e-03 -1.201283838599920273e-02 -2.113053807988762856e-03 -1.716718310490250587e-03 5.213424097746610641e-03 -4.991511814296245575e-03 2.901007188484072685e-03 -1.478258403949439526e-03 -2.445681719109416008e-03 -1.392135629430413246e-03
1.092357197194360197e-04 3.181726206094026566e-03 -1.629303395748138428e-02 4.041885025799274445e-03 1.418760977685451508e-03 -7.333635818213224411e-03 2.615415723994374275e-04 -1.464149076491594315e-02 3.446512273512780666e-04 -2.021872351178899407e-04
-7.801146712154150009e-03 -4.780784249305725098e-03 -6.974592339247465134e-03 -4.936840850859880447e-03 -4.197459667921066284e-03 -2.742796437814831734e-03 -6.354257464408874512e-03 -5.709262099117040634e-03 -4.242479801177978516e-03 -8.691225957591086626e-05
2.149610081687569618e-03 8.180334232747554779e-03 -2.481575123965740204e-03 -6.204922683537006378e-03 -1.599286915734410286e-03 -1.105224061757326126e-02 -4.721608944237232208e-03 -9.729732410050928593e-04 -7.317785639315843582e-03 -2.077572746202349663e-03
3.473177552223205566e-03 -5.518792662769556046e-03 -7.358584087342023849e-03 -1.410554815083742142e-02 6.787559483200311661e-03 -7.107921410351991653e-03 7.780027575790882111e-03 -4.461641423404216766e-03 -1.120444620028138161e-03 -4.523381358012557030e-04
-7.204867899417877197e-03 -5.990691017359495163e-03 -5.456279963254928589e-03 -4.685294814407825470e-03 -4.022482316941022873e-03 -3.361328272148966789e-03 -6.154097151011228561e-03 -6.529317237436771393e-03 -3.810227382928133011e-03 -1.176839228719472885e-03
-3.748696064576506615e-03 1.654203399084508419e-03 4.067332949489355087e-03 7.879842072725296021e-03 -1.311134546995162964e-03 1.510412432253360748e-03 -7.386627141386270523e-03 5.162068642675876617e-03 -1.657266728579998016e-02 -2.603881759569048882e-03
-7.742833811789751053e-03 -6.180419586598873138e-03 -6.268392782658338547e-03 -4.099491052329540253e-03 -3.817517310380935669e-03 -3.947996068745851517e-03 -6.533971987664699554e-03 -5.691697821021080017e-03 -3.446420887485146523e-03 -1.254705945029854774e-03
1.494730007834732533e-03 5.947729572653770447e-03 -5.118411500006914139e-03 5.432309582829475403e-03 -2.168284961953759193e-03 -5.500820407178252935e-05 -5.178905092179775238e-03 5.982058588415384293e-03 4.343698266893625259e-03 -3.555994946509599686e-03
-7.520870305597782135e-03 -4.804863128811120987e-03 -5.734102334827184677e-03 -4.556449595838785172e-03 -5.146217066794633865e-03 -2.877705264836549759e-03 -5.769361276179552078e-03 -6.577969528734683990e-03 -4.728187341243028641e-03 5.709429751732386649e-05
-7.039017509669065475e-03 -4.925563931465148926e-03 -6.162338890135288239e-03 -5.430969875305891037e-03 -4.391186404973268509e-03 -3.043288365006446838e-03 -5.384510383009910583e-03 -6.173366215080022812e-03 -4.131058230996131897e-03 -5.784819950349628925e-04
-7.847133092582225800e-03 -1.377478428184986115e-02 -1.201396249234676361e-02 -2.160251373425126076e-03 1.056500710546970367e-02 9.366418235003948212e-03 -3.393353894352912903e-03 2.915932564064860344e-03 -3.680744441226124763e-03 -4.709645872935652733e-04
-2.519555389881134033e-03 -8.465026039630174637e-04 -1.592743955552577972e-02 1.788230030797421932e-03 8.075119927525520325e-03 2.918353769928216934e-03 7.865403313189744949e-04 -4.905222915112972260e-03 -1.498681609518826008e-03 -7.234072545543313026e-04
-1.134552410803735256e-03 -1.746685302350670099e-05 6.813838612288236618e-03 -7.304834201931953430e-03 1.827006461098790169e-03 -6.275514606386423111e-03 4.800711292773485184e-03 1.540577225387096405e-02 3.395714564248919487e-03 -3.727478208020329475e-03
-1.294832862913608551e-02 7.406409829854965210e-03 2.889000810682773590e-03 -5.436415085569024086e-04 -6.557591259479522705e-04 2.366004046052694321e-03 -5.512068048119544983e-03 2.239323686808347702e-03 -1.602330431342124939e-02 -1.059229602105915546e-03
-7.095384411513805389e-03 -5.321845877915620804e-03 -6.088830530643463135e-03 -4.480033647269010544e-03 -3.902690019458532333e-03 -2.841679612174630165e-03 -6.336904596537351608e-03 -6.444942206144332886e-03 -4.510439932346343994e-03 -7.679861737415194511e-04
-1.632857322692871094e-02 -3.028465202078223228e-03 6.475914269685745239e-03 2.123137528542429209e-05 -4.036372527480125427e-03 7.840590551495552063e-03 6.952792755328118801e-04 2.850739052519202232e-03 -7.577661424875259399e-03 -1.994787715375423431e-03
-5.652887281030416489e-03 -4.153866320848464966e-03 -1.807898515835404396e-03 -2.314614830538630486e-03 1.536289695650339127e-02 -4.268035292625427246e-03 2.000905340537428856e-03 -3.783334250329062343e-06 -1.017876435071229935e-02 -1.037687761709094048e-03
-3.627170575782656670e-03 1.181387249380350113e-02 6.480346200987696648e-04 -2.902816981077194214e-03 1.061078743077814579e-03 -4.846169613301753998e-03 -8.264365606009960175e-03 -5.697363521903753281e-03 -1.070627011358737946e-02 -2.598318969830870628e-04
1.324665063293650746e-04 -5.466396920382976532e-03 6.026432383805513382e-03 -5.842480342835187912e-03 -1.212249416857957840e-02 -4.169458523392677307e-03 -9.851397946476936340e-03 4.459609277546405792e-03 -6.612467113882303238e-03 -7.085718680173158646e-04
9.530794341117143631e-04 -7.978164590895175934e-03 4.075196338817477226e-04 -7.593587506562471390e-03 -6.372358649969100952e-03 -4.519785288721323013e-03 -1.175204198807477951e-02 1.754310796968638897e-03 -6.598337553441524506e-03 2.531320205889642239e-04
-6.485705729573965073e-03 -5.443342961370944977e-03 -6.404104176908731461e-03 -4.812670405954122543e-03 -4.770357627421617508e-03 -2.345818793401122093e-03 -5.243666470050811768e-03 -6.221249233931303024e-03 -4.221745301038026810e-03 -1.205890672281384468e-03
-6.819250527769327164e-03 4.775912035256624222e-03 -9.323230478912591934e-04 -8.039178326725959778e-03 -6.219151895493268967e-03 -4.525134339928627014e-03 -1.160929910838603973e-02 2.473056374583393335e-04 -6.213451735675334930e-03 -4.664453736040741205e-04
-4.648600704967975616e-03 8.269910700619220734e-03 4.097499419003725052e-03 -6.935481913387775421e-03 4.410135094076395035e-03 -6.775927729904651642e-03 -6.062292493879795074e-03 -5.566874518990516663e-03 -1.381509099155664444e-02 -1.798541634343564510e-03
-7.993080653250217438e-03 3.000027034431695938e-03 -1.982859103009104729e-03 -7.160941604524850845e-03 -5.572370253503322601e-03 -4.033804871141910553e-03 -9.898123331367969513e-03 -9.135437430813908577e-04 -5.410449113696813583e-03 9.883991879178211093e-05
-6.769062951207160950e-03 -5.530007183551788330e-03 -6.354670505970716476e-03 -5.148752592504024506e-03 -4.706320352852344513e-03 -3.114442108199000359e-03 -5.727542098611593246e-03 -5.899200215935707092e-03 -3.697608597576618195e-03 -1.495490199886262417e-03
-5.425114650279283524e-03 6.033905316144227982e-03 3.935824614018201828e-03 1.556615694426000118e-03 7.704356685280799866e-03 -1.059766951948404312e-02 1.763593056239187717e-03 -6.515549030154943466e-04 -7.560072001069784164e-03 -2.482305048033595085e-03
3.967069089412689209e-03 9.551796130836009979e-03 7.074489258229732513e-03 1.799900201149284840e-03 -8.241628296673297882e-03 1.702905166894197464e-03 -6.439365446567535400e-03 -3.602080978453159332e-03 -4.969706293195486069e-03 -1.861926866695284843e-03
-6.985836196690797806e-03 -6.291105411946773529e-03 -6.156615912914276123e-03 -4.788900259882211685e-03 -4.235519561916589737e-03 -3.151376266032457352e-03 -5.465282592922449112e-03 -7.362800184637308121e-03 -3.956241533160209656e-03 -3.686496347654610872e-04
-7.877025753259658813e-03 -5.415847525000572205e-03 -5.737859290093183517e-03 -4.470407497137784958e-03 -4.100825637578964233e-03 -3.499825019389390945e-03 -5.984527524560689926e-03 -6.469180341809988022e-03 -4.649925976991653442e-03 -1.176536388811655343e-04
-6.273836828768253326e-03 -5.369006190448999405e-03 -6.234402302652597427e-03 -4.526929464191198349e-03 -4.979089833796024323e-03 -2.920676721259951591e-03 -5.004212725907564163e-03 -6.399646867066621780e-03 -4.636463709175586700e-03 2.006357972277328372e-04
8.047145674936473370e-04 -7.927045226097106934e-03 -4.461237695068120956e-03 -3.349622013047337532e-03 -7.845708169043064117e-03 -1.144448574632406235e-02 -8.363455417566001415e-04 -6.111940019764006138e-04 3.879337338730692863e-03 -7.563288090750575066e-04
-7.104101590812206268e-03 -5.956202279776334763e-03 -5.991194862872362137e-03 -5.074375774711370468e-03 -4.144265782088041306e-03 -3.058402799069881439e-03 -5.932368803769350052e-03 -6.509243976324796677e-03 -3.494900651276111603e-03 -9.055831469595432281e-04
2.844142029061913490e-03 3.290570341050624847e-03 -7.856122683733701706e-04 -6.319202017039060593e-03 -1.258844230324029922e-02 -6.753837224096059799e-03 -1.362690818496048450e-03 -2.769410843029618263e-03 -7.145194686017930508e-04 -4.907641559839248657e-04
-6.535395979881286621e-03 -5.464379210025072098e-03 -6.832602899521589279e-03 -4.184061195701360703e-03 -5.141673143953084946e-03 -3.755872370675206184e-03 -5.709114018827676773e-03 -6.745651829987764359e-03 -4.424612037837505341e-03 -9.464066242799162865e-04
-4.178144969046115875e-03 1.988581614568829536e-03 -2.479490591213107109e-03 3.362526185810565948e-03 -7.963474839925765991e-03 -1.424815133213996887e-02 -1.775843556970357895e-03 1.013434608466923237e-03 8.248002850450575352e-04 -4.673284711316227913e-04
-6.408337969332933426e-03 -5.154519341886043549e-03 -6.148985121399164200e-03 -4.903744440525770187e-03 -3.660259535536170006e-03 -3.172857686877250671e-03 -6.355249788612127304e-03 -6.701426580548286438e-03 -3.866004990413784981e-03 -6.891492521390318871e-04
4.970831330865621567e-03 2.882475091610103846e-04 3.204481676220893860e-03 -3.963102586567401886e-03 5.263558123260736465e-03 -8.453566581010818481e-03 -5.377742461860179901e-03 -8.405922912061214447e-03 -1.554062590003013611e-02 -1.600361778400838375e-03
-2.812671300489455462e-04 -9.660139679908752441e-03 4.915141835226677358e-05 -7.578511256724596024e-03 -5.953575018793344498e-03 -3.800870617851614952e-03 -9.722920134663581848e-03 -3.823431674391031265e-03 -6.060917861759662628e-03 1.460214843973517418e-04
-5.663491785526275635e-03 2.176688984036445618e-03 2.185323042795062065e-03 -2.988189691677689552e-03 4.937640856951475143e-03 -4.713627975434064865e-03 -1.672114478424191475e-03 -7.168630138039588928e-03 -1.376332249492406845e-02 -1.467407098971307278e-03
-8.083174936473369598e-03 6.526743993163108826e-03 -1.655420754104852676e-03 -8.806302212178707123e-03 -7.239090744405984879e-03 -4.981838632375001907e-03 -1.176649704575538635e-02 3.095829451922327280e-04 -7.179191336035728455e-03 3.150308912154287100e-04
-7.423990406095981598e-03 -1.359725184738636017e-02 -9.234098717570304871e-03 -5.767566617578268051e-03 -4.194989742245525122e-04 -2.854252234101295471e-03 -3.344512369949370623e-04 6.915203295648097992e-03 9.160450659692287445e-03 -6.747738807462155819e-04
2.862369408831000328e-03 -8.505112491548061371e-03 2.208145800977945328e-03 -9.611425921320915222e-03 4.325350746512413025e-03 -8.885666728019714355e-03 -1.748541253618896008e-03 -1.239464152604341507e-03 -2.600007923319935799e-03 -7.482991204597055912e-04
-7.349146064370870590e-03 3.519854741171002388e-03 -2.322523621842265129e-03 -7.217079866677522659e-03 -6.430003326386213303e-03 -4.302388057112693787e-03 -1.025387551635503769e-02 -3.729760355781763792e-04 -5.867434199899435043e-03 -5.029860185459256172e-04
-7.189745083451271057e-03 -5.606203339993953705e-03 -5.851287394762039185e-03 -4.401937592774629593e-03 -4.271249752491712570e-03 -3.615970257669687271e-03 -5.374995525926351547e-03 -6.789447739720344543e-03 -3.842274425551295280e-03 2.216504653915762901e-04
1.267560292035341263e-04 -1.132806576788425446e-02 7.788454531691968441e-04 -1.441825996153056622e-03 -4.069053567945957184e-03 1.177565939724445343e-02 -5.512742325663566589e-03 9.468798525631427765e-03 -6.754738744348287582e-03 -2.856406383216381073e-03
-7.183089386671781540e-03 -6.008981261402368546e-03 -6.349082570523023605e-03 -4.774332046508789062e-03 -3.551534377038478851e-03 -3.491473617032170296e-03 -5.727719515562057495e-03 -6.401392165571451187e-03 -3.576399525627493858e-03 -5.950782215222716331e-04
-6.999095436185598373e-03 -5.178624298423528671e-03 -6.050788331776857376e-03 -4.773703403770923615e-03 -5.192275159060955048e-03 -3.826251020655035973e-03 -6.348147056996822357e-03 -6.628847215324640274e-03 -3.321932163089513779e-03 -1.007088925689458847e-03
2.976923016831278801e-03 -1.347064785659313202e-02 2.249667653813958168e-03 -8.418969810009002686e-03 -6.170745939016342163e-03 -5.209470633417367935e-03 -1.264604926109313965e-02 -9.915807750076055527e-04 -6.761444732546806335e-03 -6.543385097756981850e-04
-3.336390713229775429e-03 -8.487227605655789375e-04 9.052852168679237366e-03 9.416077518835663795e-04 -8.576544001698493958e-03 2.327744616195559502e-03 -1.321636256761848927e-03 -1.013962272554636002e-02 -5.831660237163305283e-03 -4.359195299912244081e-04
-9.927999228239059448e-03 -3.184184432029724121e-03 5.807053763419389725e-03 7.482579094357788563e-04 -4.183878190815448761e-03 -5.047322250902652740e-03 2.364933316130191088e-04 2.751978347077965736e-03 -5.840443540364503860e-03 -1.747283677104860544e-04
1.473732758313417435e-03 1.003483496606349945e-02 -1.778511912561953068e-03 -7.168611511588096619e-03 -6.453797686845064163e-03 -5.610266700387001038e-03 -7.515969919040799141e-04 -8.857743814587593079e-03 -4.552194382995367050e-03 -1.943038543686270714e-03
2.716438379138708115e-03 -7.914697751402854919e-03 2.937461715191602707e-03 -7.031433284282684326e-03 -7.846768014132976532e-03 -4.381807986646890640e-03 -1.351277623325586319e-02 3.747395006939768791e-03 -8.915359154343605042e-03 -1.060032285749912262e-03
3.756273770704865456e-03 -4.581518471240997314e-03 1.194628654047846794e-03 -1.432228327757911757e-05 3.999665495939552784e-04 -1.503036823123693466e-02 2.258886117488145828e-03 2.519937930628657341e-03 -8.403665386140346527e-03 -1.937324530445039272e-03
-2.406030427664518356e-03 -6.685859989374876022e-03 -4.108509048819541931e-03 -5.932473577558994293e-03 -8.082794956862926483e-03 1.310252957046031952e-02 -1.422660774551331997e-03 -1.910772989504039288e-03 8.200217969715595245e-03 -1.039925264194607735e-03
1.991289202123880386e-03 -8.388357236981391907e-03 1.706348848529160023e-03 -4.071585368365049362e-03 -5.639254115521907806e-03 -6.060102023184299469e-03 3.654689760878682137e-03 -9.524660184979438782e-03 -2.652417868375778198e-03 -6.134734139777719975e-04
-6.634902674704790115e-03 1.090577151626348495e-02 -4.531716927886009216e-03 -9.367450140416622162e-03 -4.457947798073291779e-03 4.223141819238662720e-03 -3.148611169308423996e-03 -7.763256318867206573e-03 9.826096706092357635e-03 -9.480921435169875622e-04
-1.283111050724983215e-03 4.683505743741989136e-03 4.149843007326126099e-03 -1.396390260197222233e-03 2.511368133127689362e-03 -8.636018261313438416e-03 -1.835625385865569115e-03 -4.884785506874322891e-03 -1.503468677401542664e-02 -2.633582917042076588e-04
-7.206212729215621948e-03 -5.019342061132192612e-03 -7.361090276390314102e-03 -5.405860487371683121e-03 -3.725030459463596344e-03 -2.738514682278037071e-03 -6.500286981463432312e-03 -6.173638626933097839e-03 -3.987319301813840866e-03 -4.306509217713028193e-04
-3.854108741506934166e-03 5.425271578133106232e-03 5.395660409703850746e-04 -9.473282843828201294e-03 -7.729900069534778595e-03 -5.266474559903144836e-03 -1.417469233274459839e-02 3.219647333025932312e-03 -7.966578938066959381e-03 -6.750083994120359421e-04
-6.923832930624485016e-03 -5.635625682771205902e-03 -7.120783906430006027e-03 -4.535626154392957687e-03 -4.377130884677171707e-03 -3.775842022150754929e-03 -6.414510309696197510e-03 -6.537664216011762619e-03 -3.028154605999588966e-03 -1.202868181280791759e-03
-6.942260544747114182e-03 -5.796762183308601379e-03 -6.910828873515129089e-03 -4.050342366099357605e-03 -3.641257062554359436e-03 -3.291107248514890671e-03 -6.491990294307470322e-03 -6.319512613117694855e-03 -3.909869585186243057e-03 -5.172625533305108547e-04
-6.795427761971950531e-03 -5.570219364017248154e-03 -6.651468109339475632e-03 -4.386480897665023804e-03 -4.588512238115072250e-03 -3.498108824715018272e-03 -5.704532377421855927e-03 -6.290262565016746521e-03 -3.998251166194677353e-03 -9.982341434806585312e-04
-6.458777002990245819e-03 -5.097243934869766235e-03 -5.704124923795461655e-03 -5.368942860513925552e-03 -4.521604627370834351e-03 -2.304951893165707588e-03 -6.338912062346935272e-03 -6.905543152242898941e-03 -4.415496718138456345e-03 -5.040440591983497143e-04
3.025182522833347321e-03 -1.359655801206827164e-02 3.020134754478931427e-03 -8.595333434641361237e-03 -6.294304970651865005e-03 -4.704182036221027374e-03 -1.249001454561948776e-02 -1.350905047729611397e-03 -7.881963625550270081e-03 -2.977777039632201195e-04
-6.934053264558315277e-03 -5.965603981167078018e-03 -5.390855949372053146e-03 -3.959025721997022629e-03 -3.914866130799055099e-03 -3.787575755268335342e-03 -6.170504726469516754e-03 -6.883644033223390579e-03 -4.197744186967611313e-03 -9.695477201603353024e-04
-7.529363036155700684e-03 -4.938624333590269089e-03 -6.566768046468496323e-03 -4.171557258814573288e-03 -5.144940689206123352e-03 -2.538316883146762848e-03 -5.735370330512523651e-03 -5.859849974513053894e-03 -4.531906917691230774e-03 -2.271594858029857278e-04
-7.186108268797397614e-03 -5.907723680138587952e-03 -5.815374664962291718e-03 -4.786112345755100250e-03 -3.534757765009999275e-03 -3.233217168599367142e-03 -6.509505212306976318e-03 -6.213605869561433792e-03 -3.539367113262414932e-03 -7.790746167302131653e-04
5.052104126662015915e-03 -2.373166353208944201e-04 4.668079316616058350e-03 -6.023760419338941574e-03 -5.211588460952043533e-03 -1.405737269669771194e-02 -1.912443898618221283e-03 1.954719191417098045e-03 -2.691396744921803474e-03 -1.049306942149996758e-03
2.064461354166269302e-03 -3.113805316388607025e-03 3.227066947147250175e-03 -2.407753840088844299e-03 5.103089381009340286e-03 -1.163878943771123886e-02 4.998644581064581871e-04 -5.780466366559267044e-03 -1.733868941664695740e-02 -7.245331071317195892e-04
7.840388454496860504e-03 -1.698296051472425461e-03 -8.223771117627620697e-03 6.730193854309618473e-04 -3.363402560353279114e-03 -1.163602247834205627e-02 -7.765952032059431076e-04 -1.320018339902162552e-02 -5.209068767726421356e-03 -1.624728436581790447e-03
-3.202569205313920975e-03 -2.012443495914340019e-03 -5.053337197750806808e-03 2.056957455351948738e-03 4.152928944677114487e-03 -7.988710887730121613e-03 3.447260241955518723e-03 -3.844909660983830690e-04 2.865549176931381226e-03 -1.469167997129261494e-03
-7.353541906923055649e-03 -5.745329894125461578e-03 -6.808981765061616898e-03 -5.149608012288808823e-03 -4.849242512136697769e-03 -2.751451684162020683e-03 -5.404682364314794540e-03 -5.785848014056682587e-03 -4.313426092267036438e-03 -8.009723387658596039e-04
-6.607569288462400436e-03 -5.414795130491256714e-03 -5.949005018919706345e-03 -5.398278124630451202e-03 -3.942980896681547165e-03 -2.522630384191870689e-03 -5.450471304357051849e-03 -6.451405584812164307e-03 -4.559132270514965057e-03 -1.268421765416860580e-04
-6.856570951640605927e-03 -4.387297667562961578e-03 -6.614645477384328842e-03 -4.890519194304943085e-03 -4.804044030606746674e-03 -2.663480117917060852e-03 -5.803452804684638977e-03 -6.697379052639007568e-03 -4.316672217100858688e-03 4.165887075942009687e-04
-7.609322201460599899e-03 -5.269687157124280930e-03 -6.126661784946918488e-03 -5.055122543126344681e-03 -4.437771625816822052e-03 -2.592977369204163551e-03 -5.740616004914045334e-03 -5.856955423951148987e-03 -4.935422446578741074e-03 -3.792945935856550932e-04
-7.501185871660709381e-03 3.446527756750583649e-03 -2.717187395319342613e-03 1.379913417622447014e-03 3.442928194999694824e-03 -4.435107694007456303e-04 2.851224504411220551e-03 -2.425885992124676704e-03 8.043777197599411011e-03 -2.149329520761966705e-03
2.020655898377299309e-03 5.680129397660493851e-03 -1.610540226101875305e-02 2.496996195986866951e-03 -4.313959274441003799e-03 -6.458246614784002304e-03 3.955085412599146366e-04 -1.566764898598194122e-02 5.310916807502508163e-03 -9.476499981246888638e-04
5.967938923276960850e-04 -5.147138610482215881e-03 -4.050088115036487579e-03 -1.225729193538427353e-02 9.423497132956981659e-03 9.647936560213565826e-03 2.651749877259135246e-03 -4.915233701467514038e-03 -4.801813978701829910e-03 -2.156698144972324371e-03
-9.067404083907604218e-03 8.998439647257328033e-03 2.566525945439934731e-04 -4.487139638513326645e-03 -6.992614828050136566e-03 -1.981755718588829041e-03 -9.088618680834770203e-03 1.193888136185705662e-03 -9.972255676984786987e-03 -1.329722581431269646e-03
-2.266528550535440445e-03 3.995885141193866730e-03 1.508897752501070499e-03 -1.028380822390317917e-02 -8.599866181612014771e-03 -4.748242441564798355e-03 -1.530730631202459335e-02 4.511670675128698349e-03 -8.094551041722297668e-03 -1.130512027884833515e-04
5.890850443392992020e-03 -1.490214723162353039e-03 -5.015220027416944504e-03 -5.835508462041616440e-03 -8.585722185671329498e-03 2.250819234177470207e-03 -2.359549282118678093e-03 -1.373721100389957428e-02 2.473403466865420341e-03 -1.095007290132343769e-03
8.083145366981625557e-04 2.885928144678473473e-03 -1.489772112108767033e-03 1.480911509133875370e-03 -1.475005224347114563e-02 3.181897336617112160e-03 -4.037395585328340530e-03 8.272788254544138908e-04 8.606830611824989319e-03 -1.478098216466605663e-03
-7.286240346729755402e-03 -5.730189848691225052e-03 -6.649740505963563919e-03 -4.643018357455730438e-03 -4.044427070766687393e-03 -2.937987446784973145e-03 -6.846202537417411804e-03 -6.258156616240739822e-03 -3.556928364560008049e-03 -6.579263717867434025e-04
-2.780838403850793839e-03 7.381940959021449089e-04 -9.070791420526802540e-04 1.499018631875514984e-03 -2.492753555998206139e-03 -7.302367128431797028e-03 5.520275444723665714e-04 -7.230966351926326752e-03 3.328267717733979225e-03 -7.774777477607131004e-04
-6.238659843802452087e-03 -2.051581861451268196e-03 2.884625457227230072e-03 9.973034262657165527e-03 2.098750090226531029e-03 -4.590495082084089518e-04 3.107844153419137001e-03 -3.295660018920898438e-03 -4.313430283218622208e-03 -2.593233715742826462e-03
7.290111854672431946e-03 8.234730921685695648e-03 9.358614683151245117e-03 6.668653804808855057e-05 -5.304152611643075943e-03 -9.783942252397537231e-03 8.659569546580314636e-03 -1.623533549718558788e-03 -4.975281190127134323e-03 -3.661043941974639893e-03
-5.686187068931758404e-05 1.939033856615424156e-03 -1.001325435936450958e-02 -4.640052560716867447e-03 -6.556405685842037201e-03 -4.467475228011608124e-03 2.044332912191748619e-03 -8.494811481796205044e-06 1.860130950808525085e-02 -1.552261528559029102e-03
6.363195367157459259e-03 7.396995555609464645e-03 9.215314872562885284e-03 -2.360887359827756882e-03 -4.676202777773141861e-03 -4.758425056934356689e-03 5.484737921506166458e-03 -6.161720491945743561e-03 -3.615679452195763588e-03 -2.931532217189669609e-03
-6.925907451659440994e-03 -6.050575990229845047e-03 -6.735935807228088379e-03 -4.521559458225965500e-03 -5.234060343354940414e-03 -2.714511938393115997e-03 -5.524900741875171661e-03 -5.569793749600648880e-03 -3.667588345706462860e-03 -5.840652156621217728e-04
4.884012159891426563e-04 -2.619762439280748367e-03 -9.126486256718635559e-03 -1.019172486849129200e-03 1.155815087258815765e-02 1.113835256546735764e-02 4.057639278471469879e-03 -9.861666709184646606e-03 -4.583789501339197159e-03 -1.062032883055508137e-03
-2.777421381324529648e-03 3.108490724116563797e-03 -9.376761503517627716e-03 1.307416125200688839e-03 -7.286809850484132767e-03 1.144557911902666092e-02 1.100950976251624525e-04 -9.221379645168781281e-03 4.558884538710117340e-03 -1.602943229954689741e-04
-6.963715422898530960e-03 -5.854003131389617920e-03 -6.596256513148546219e-03 -5.130254663527011871e-03 -4.610120784491300583e-03 -3.574145259335637093e-03 -5.164543166756629944e-03 -5.893834400922060013e-03 -3.913384396582841873e-03 -7.434492581523954868e-04
-7.680023554712533951e-03 4.090244881808757782e-03 1.565792248584330082e-03 -1.264879386872053146e-02 8.406374836340546608e-04 1.246127765625715256e-02 -8.692564442753791809e-03 9.814377874135971069e-03 6.282919785007834435e-04 -7.426908123306930065e-04
2.636656863614916801e-03 -6.124413106590509415e-03 -4.838571418076753616e-03 2.733823144808411598e-03 -2.827441086992621422e-03 -8.940731175243854523e-03 -1.168159360531717539e-05 -8.550659753382205963e-03 4.583900794386863708e-03 -1.359182875603437424e-03
-7.344461046159267426e-03 -4.963473416864871979e-03 -6.712233182042837143e-03 -5.738683044910430908e-03 -4.566861782222986221e-03 -2.599508035928010941e-03 -5.157304462045431137e-03 -6.345010828226804733e-03 -4.360741935670375824e-03 -4.507153353188186884e-04
1.539066899567842484e-03 3.317850409075617790e-03 6.399438716471195221e-03 -4.522659350186586380e-03 7.981923408806324005e-03 -8.527861908078193665e-03 -6.833194755017757416e-03 -2.808149205520749092e-03 -1.875191740691661835e-02 -1.240247162058949471e-03
-6.871702149510383606e-03 -5.280739627778530121e-03 -7.337784860283136368e-03 -5.558104719966650009e-03 -4.978420212864875793e-03 -2.961558755487203598e-03 -5.841033067554235458e-03 -6.101434119045734406e-03 -3.486381843686103821e-03 -1.262190169654786587e-03
-7.034225855022668839e-03 -5.456432700157165527e-03 -6.075680721551179886e-03 -4.652290605008602142e-03 -3.994857426732778549e-03 -3.730192314833402634e-03 -5.905845202505588531e-03 -6.248561665415763855e-03 -4.190909676253795624e-03 -1.635921653360128403e-03
3.898810362443327904e-03 -1.355072576552629471e-02 5.484928842633962631e-03 -5.480982363224029541e-03 -1.034483592957258224e-02 -5.983662791550159454e-03 -8.897399529814720154e-03 9.750120807439088821e-04 -7.056546397507190704e-03 -1.247438602149486542e-03
-8.860050700604915619e-03 2.496690256521105766e-03 6.543328054249286652e-03 6.195618771016597748e-03 1.675631152465939522e-03 -2.006002236157655716e-03 7.215541321784257889e-03 2.218519512098282576e-04 5.225790664553642273e-03 -3.813632065430283546e-03
8.779665222391486168e-04 -1.030242815613746643e-02 1.028940198011696339e-03 -7.233886979520320892e-03 -6.441360339522361755e-03 -4.880624357610940933e-03 -9.173297323286533356e-03 -3.302566707134246826e-03 -6.277280859649181366e-03 -3.357939131092280149e-04
-9.042267687618732452e-03 3.290808992460370064e-03 9.693348780274391174e-03 -1.701307017356157303e-03 -1.904931967146694660e-03 1.228597131557762623e-03 -1.723492052406072617e-03 -3.924942284356802702e-04 -1.005992386490106583e-02 -2.270396100357174873e-03
1.348003861494362354e-04 -4.550459329038858414e-03 7.911317050457000732e-03 -1.584450714290142059e-02 -1.120894402265548706e-02 -4.917343612760305405e-03 -8.263075724244117737e-03 5.747798364609479904e-03 5.727594718337059021e-03 -2.033141354331746697e-04
-7.113299798220396042e-03 -5.063203163444995880e-03 -5.983395036309957504e-03 -5.623461678624153137e-03 -4.148381296545267105e-03 -2.711244393140077591e-03 -5.482175387442111969e-03 -6.512959487736225128e-03 -3.239910118281841278e-03 2.994214810314588249e-05
9.431311860680580139e-03 -5.857801996171474457e-03 -5.279455799609422684e-03 -3.265495412051677704e-03 -5.666527431458234787e-03 -1.184129994362592697e-02 -3.614812856540083885e-03 -9.265404194593429565e-03 -1.733950455673038960e-03 -6.713455659337341785e-04
-7.128074765205383301e-03 -4.553127568215131760e-03 -6.976046599447727203e-03 -4.920229315757751465e-03 -4.608356859534978867e-03 -3.373124869540333748e-03 -6.111368536949157715e-03 -5.689858458936214447e-03 -3.231197129935026169e-03 -5.710942205041646957e-04
7.840638980269432068e-03 -1.986552262678742409e-03 3.038829891011118889e-03 -6.664691027253866196e-03 1.434733974747359753e-03 6.123536732047796249e-03 2.672550268471240997e-03 -3.414659295231103897e-03 -7.245752494782209396e-03 -2.646852750331163406e-03
4.568196833133697510e-03 -2.630459377542138100e-03 8.678633719682693481e-03 -7.595585659146308899e-03 -5.318985204212367535e-04 -1.263027731329202652e-02 -4.631816875189542770e-03 -2.165275858715176582e-03 -5.096224602311849594e-03 -1.483481260947883129e-03
2.116925083100795746e-03 -1.261961832642555237e-02 -4.443224985152482986e-03 4.355190321803092957e-03 -1.031805295497179031e-03 2.757141366600990295e-03 6.369994021952152252e-03 -3.586119972169399261e-03 2.075231401249766350e-03 -2.931883092969655991e-03
-1.261549443006515503e-02 -4.031731747090816498e-03 1.535013085231184959e-03 6.238031666725873947e-03 -1.594142988324165344e-03 9.332730434834957123e-03 1.238300465047359467e-03 -2.846073592081665993e-03 -1.362435705959796906e-02 -1.836685463786125183e-03
-8.010967634618282318e-03 -4.956312477588653564e-03 -6.551286671310663223e-03 -4.382396116852760315e-03 -4.530403297394514084e-03 -3.782210638746619225e-03 -5.319130141288042068e-03 -5.728594493120908737e-03 -4.482336342334747314e-03 4.086715762241510674e-06
-6.935517303645610809e-03 -5.805674009025096893e-03 -6.821668241173028946e-03 -5.571524612605571747e-03 -4.175433423370122910e-03 -3.721524728462100029e-03 -4.993511363863945007e-03 -6.088309921324253082e-03 -3.986123483628034592e-03 -9.042723104357719421e-05
-7.017592433840036392e-03 -6.155519280582666397e-03 -5.779078230261802673e-03 -5.620600190013647079e-03 -4.406742751598358154e-03 -2.809639554470777512e-03 -5.173054989427328110e-03 -6.568618584424257278e-03 -3.698920598253607750e-03 3.563012287486344576e-04
-1.568448264151811600e-03 -3.228491870686411858e-03 2.665539039298892021e-03 1.588831469416618347e-02 -6.059926236048340797e-04 1.926476834341883659e-03 7.752490229904651642e-03 -2.247592667117714882e-03 -2.290294505655765533e-03 -3.163702087476849556e-03
4.185599274933338165e-03 -1.100311707705259323e-02 2.079990925267338753e-03 -8.780755102634429932e-03 -7.288138382136821747e-03 -4.243738017976284027e-03 -1.337192486971616745e-02 1.190566923469305038e-03 -7.617637980729341507e-03 -1.270999433472752571e-03
-6.111744791269302368e-03 2.464942866936326027e-03 3.360609989613294601e-03 6.636256584897637367e-04 1.311829779297113419e-03 -2.789773134281858802e-06 -5.094660911709070206e-03 4.545988515019416809e-03 -1.575993932783603668e-02 -2.070805057883262634e-03
-7.237588521093130112e-03 -5.290495697408914566e-03 -7.038452662527561188e-03 -4.710118286311626434e-03 -4.490300081670284271e-03 -2.458457136526703835e-03 -5.295340903103351593e-03 -5.751593038439750671e-03 -4.772457759827375412e-03 9.394067456014454365e-05
4.640906117856502533e-03 -2.457418711856007576e-03 -2.293610712513327599e-03 -3.945038653910160065e-03 -2.988232765346765518e-03 9.351237677037715912e-04 3.742844564840197563e-04 -9.246084839105606079e-03 -5.668438039720058441e-03 -1.717411912977695465e-03
-7.223703432828187943e-03 -5.027815233916044235e-03 -7.006797939538955688e-03 -4.551516845822334290e-03 -5.410798825323581696e-03 -2.750729676336050034e-03 -5.698987282812595367e-03 -6.119972560554742813e-03 -3.742769593372941017e-03 -3.318983071949332952e-04
-7.232670206576585770e-03 -3.280937671661376953e-03 2.027648035436868668e-03 3.207744332030415535e-03 -4.784634336829185486e-03 -5.206928122788667679e-03 3.377913730219006538e-03 1.508550718426704407e-03 2.458802191540598869e-03 -9.682069648988544941e-04
-6.848678924143314362e-03 -5.183269269764423370e-03 -6.902378518134355545e-03 -4.714077804237604141e-03 -4.398592747747898102e-03 -3.843233687803149223e-03 -5.950504448264837265e-03 -6.813488435000181198e-03 -4.175158683210611343e-03 -1.010281383059918880e-03
-4.762580152601003647e-03 2.136085182428359985e-03 -3.675559069961309433e-03 -6.553103215992450714e-03 4.266209434717893600e-03 -5.627180449664592743e-03 -9.046189370565116405e-04 -5.557307507842779160e-03 -1.194013282656669617e-02 -8.785455720499157906e-04
-1.971909776329994202e-03 -5.648852325975894928e-03 1.967351417988538742e-03 8.887082221917808056e-04 -1.340282335877418518e-02 -5.862357560545206070e-03 5.011510569602251053e-03 -2.053953474387526512e-03 3.570043918443843722e-05 -1.786466804333031178e-03
-7.181148510426282883e-03 -5.918962880969047546e-03 -6.718222517520189285e-03 -5.702947266399860382e-03 -4.119120072573423386e-03 -3.525997744873166084e-03 -5.396582186222076416e-03 -5.503103137016296387e-03 -3.563981270417571068e-03 -4.791995743289589882e-04
6.569928023964166641e-03 3.238372271880507469e-03 -7.395420223474502563e-03 -4.847235977649688721e-03 -2.878641011193394661e-03 -1.177657861262559891e-02 -1.422033179551362991e-03 4.879570333287119865e-04 5.136995576322078705e-03 -2.355255419388413429e-03
-5.219711922109127045e-03 2.856055740267038345e-03 -1.512266811914741993e-03 9.425187483429908752e-03 -7.954617030918598175e-03 3.450941527262330055e-03 1.801952836103737354e-03 -1.330586522817611694e-02 -2.779880771413445473e-03 -1.875991933047771454e-03
-1.196832672576420009e-04 -1.776961144059896469e-04 -9.377569891512393951e-03 -8.914684876799583435e-03 7.758613210171461105e-03 -8.096659556031227112e-03 4.985281266272068024e-03 -5.474465433508157730e-04 1.062782108783721924e-02 -2.386017236858606339e-03
-7.149982266128063202e-04 -8.285650052130222321e-03 6.814002525061368942e-03 2.844341797754168510e-03 -1.479593338444828987e-03 -9.163545444607734680e-03 -2.532991347834467888e-04 1.176534499973058701e-02 -6.332720164209604263e-03 -1.815053401514887810e-03
-6.811669096350669861e-03 -4.618261940777301788e-03 -6.377720739692449570e-03 -4.547100979834794998e-03 -4.626545123755931854e-03 -3.758795326575636864e-03 -5.532527342438697815e-03 -6.842799019068479538e-03 -4.016379360109567642e-03 -3.829633642453700304e-04
-2.385124564170837402e-03 2.692729001864790916e-03 -5.003820406273007393e-04 -8.242486044764518738e-03 -7.253994699567556381e-03 -4.528054967522621155e-03 -1.275778841227293015e-02 2.036407357081770897e-03 -7.777047809213399887e-03 -1.595891546458005905e-03
-7.323254365473985672e-03 5.896869581192731857e-03 -2.606163267046213150e-03 1.121640671044588089e-03 -6.253924220800399780e-04 1.168671995401382446e-03 -1.176389749161899090e-03 -4.445861093699932098e-03 6.384858861565589905e-03 -3.933197003789246082e-04
-6.667552050203084946e-03 -5.628194194287061691e-03 -6.577538792043924332e-03 -4.360291175544261932e-03 -4.510398954153060913e-03 -3.053818363696336746e-03 -6.102998740971088409e-03 -5.900638643652200699e-03 -4.312347155064344406e-03 2.702337515074759722e-04
-1.645744428969919682e-03 3.535844385623931885e-03 -6.809626938775181770e-04 8.494726498611271381e-04 -4.965778440237045288e-03 6.201706710271537304e-04 -3.548470325767993927e-03 2.601930173113942146e-03 -2.533744846004992723e-04 -9.252196177840232849e-04
-7.458177395164966583e-03 -5.301425699144601822e-03 -6.105431821197271347e-03 -4.413095768541097641e-03 -4.552318714559078217e-03 -3.563890932127833366e-03 -5.889832507818937302e-03 -6.619246210902929306e-03 -4.211527761071920395e-03 -2.093906077789142728e-04
-7.738988380879163742e-03 -5.570094566792249680e-03 -6.041714921593666077e-03 -5.219490732997655869e-03 -4.613180179148912430e-03 -2.867250703275203705e-03 -5.704728420823812485e-03 -5.826707929372787476e-03 -4.217381589114665985e-03 -1.745802874211221933e-04
-6.634538527578115463e-03 -4.868953954428434372e-03 -6.819085218012332916e-03 -4.966985899955034256e-03 -4.816274158656597137e-03 -3.722433932125568390e-03 -5.370325874537229538e-03 -5.972656421363353729e-03 -3.559058532118797302e-03 -1.408116513630375266e-04
8.308950811624526978e-03 -1.009044796228408813e-02 -1.835142611525952816e-04 4.015429876744747162e-04 -1.785213500261306763e-02 6.050123833119869232e-03 -4.234338644891977310e-03 -3.042021766304969788e-03 2.068982459604740143e-03 -1.159099861979484558e-03
-4.188250284641981125e-03 -4.794314736500382423e-04 1.125644054263830185e-02 -3.297003451734781265e-03 -6.431922782212495804e-03 -3.365478245541453362e-03 4.086380824446678162e-03 -1.508599147200584412e-03 2.894584322348237038e-03 -2.430331194773316383e-03
