1.670796424150466919e-02 5.082614719867706299e-02 4.217109829187393188e-02 1.595102995634078979e-02 1.925891451537609100e-02 2.067739330232143402e-02 4.889998957514762878e-02 2.165955677628517151e-02 6.404980272054672241e-02 4.647378996014595032e-02
7.848462089896202087e-03 -6.936427205801010132e-02 -5.965664610266685486e-02 -3.909064084291458130e-02 -2.992853708565235138e-02 8.783056400716304779e-03 -5.938098952174186707e-02 -6.859758868813514709e-03 -8.883931487798690796e-02 -6.230011954903602600e-02
1.802132725715637207e-01 2.798430807888507843e-02 4.520290344953536987e-02 9.000145643949508667e-02 1.108096688985824585e-01 1.769258379936218262e-01 4.280572384595870972e-02 1.436653137207031250e-01 2.518984954804182053e-03 4.289317503571510315e-02
-2.609722316265106201e-01 -2.331333756446838379e-01 -2.372307628393173218e-01 -2.453859150409698486e-01 -2.488500326871871948e-01 -2.609478533267974854e-01 -2.351143658161163330e-01 -2.511664330959320068e-01 -2.277429848909378052e-01 -2.385803908109664917e-01
8.747086673974990845e-02 -4.797490313649177551e-02 -3.989658877253532410e-02 5.158592015504837036e-03 2.710018120706081390e-02 8.335813879966735840e-02 -4.301762208342552185e-02 5.536027997732162476e-02 -6.462674587965011597e-02 -3.872342035174369812e-02
-2.595935761928558350e-01 -2.321684509515762329e-01 -2.371562272310256958e-01 -2.442845851182937622e-01 -2.463866472244262695e-01 -2.592715620994567871e-01 -2.340208142995834351e-01 -2.485932707786560059e-01 -2.269234061241149902e-01 -2.397229224443435669e-01
-7.255716621875762939e-02 1.759065873920917511e-02 -4.954378586262464523e-03 -4.157011210918426514e-02 -5.331565812230110168e-02 -7.469183206558227539e-02 5.267924629151821136e-03 -5.298293009400367737e-02 4.671584069728851318e-02 3.401753026992082596e-03
-2.625013589859008789e-01 -2.336019426584243774e-01 -2.381739169359207153e-01 -2.466423362493515015e-01 -2.489074766635894775e-01 -2.621570825576782227e-01 -2.372161298990249634e-01 -2.520162463188171387e-01 -2.297041714191436768e-01 -2.394298464059829712e-01
-2.578903436660766602e-01 -2.317864596843719482e-01 -2.371176481246948242e-01 -2.453870475292205811e-01 -2.460327893495559692e-01 -2.580986917018890381e-01 -2.347678691148757935e-01 -2.494226843118667603e-01 -2.274839431047439575e-01 -2.382695227861404419e-01
3.218518495559692383e-01 2.520807385444641113e-01 2.530834078788757324e-01 2.573797702789306641e-01 2.716000676155090332e-01 3.186658918857574463e-01 2.512431442737579346e-01 2.966669797897338867e-01 2.522017061710357666e-01 2.526791393756866455e-01
-2.584868073463439941e-01 -2.316868603229522705e-01 -2.350668311119079590e-01 -2.429520934820175171e-01 -2.459657490253448486e-01 -2.579866349697113037e-01 -2.328739613294601440e-01 -2.492295056581497192e-01 -2.272226810455322266e-01 -2.379161417484283447e-01
-2.497118115425109863e-01 -2.342474013566970825e-01 -2.382140457630157471e-01 -2.438925951719284058e-01 -2.439804077148437500e-01 -2.517357170581817627e-01 -2.337656468152999878e-01 -2.436572313308715820e-01 -2.273236364126205444e-01 -2.387070208787918091e-01
1.057714596390724182e-01 -1.419512331485748291e-01 -1.148693636059761047e-01 -2.504211105406284332e-02 8.038923144340515137e-03 9.604470431804656982e-02 -1.091804653406143188e-01 5.161898955702781677e-02 -1.835948973894119263e-01 -1.130821630358695984e-01
1.224969625473022461e-01 -5.357460305094718933e-02 -3.119546920061111450e-02 2.137663215398788452e-02 4.848456010222434998e-02 1.156360357999801636e-01 -3.257515281438827515e-02 8.201221376657485962e-02 -7.937693595886230469e-02 -3.698965162038803101e-02
-4.266818985342979431e-02 -2.697174847126007080e-01 -2.537604868412017822e-01 -1.901753693819046021e-01 -1.503107547760009766e-01 -4.766635969281196594e-02 -2.574866116046905518e-01 -1.031745150685310364e-01 -2.830941975116729736e-01 -2.566258013248443604e-01
-2.630771882832050323e-02 -9.954608231782913208e-02 -9.069391340017318726e-02 -6.600368022918701172e-02 -5.542463064193725586e-02 -2.309525199234485626e-02 -8.959481865167617798e-02 -4.073309525847434998e-02 -1.186005622148513794e-01 -9.175188094377517700e-02
-1.192540153861045837e-01 -2.492315620183944702e-01 -2.444693148136138916e-01 -2.192906737327575684e-01 -1.948948055505752563e-01 -1.243478432297706604e-01 -2.457615286111831665e-01 -1.642652601003646851e-01 -2.518232464790344238e-01 -2.474487125873565674e-01
-2.603831291198730469e-01 -2.343752533197402954e-01 -2.370652705430984497e-01 -2.454868704080581665e-01 -2.471625357866287231e-01 -2.601706087589263916e-01 -2.360786497592926025e-01 -2.509846389293670654e-01 -2.288856655359268188e-01 -2.385417670011520386e-01
-2.564312815666198730e-01 -2.325658053159713745e-01 -2.363542169332504272e-01 -2.435503751039505005e-01 -2.444234788417816162e-01 -2.572083771228790283e-01 -2.331097573041915894e-01 -2.472657412290573120e-01 -2.273678332567214966e-01 -2.382586151361465454e-01
-5.394145846366882324e-02 -2.615606784820556641e-01 -2.510087490081787109e-01 -1.911630481481552124e-01 -1.592439264059066772e-01 -6.161825358867645264e-02 -2.530662715435028076e-01 -1.106966435909271240e-01 -2.758139967918395996e-01 -2.510620057582855225e-01
-1.115401983261108398e-01 -2.293326407670974731e-01 -2.259616106748580933e-01 -1.950585395097732544e-01 -1.724807173013687134e-01 -1.160336062312126160e-01 -2.212612181901931763e-01 -1.447455734014511108e-01 -2.358876466751098633e-01 -2.219664305448532104e-01
-7.898820564150810242e-03 -2.745897173881530762e-01 -2.513996660709381104e-01 -1.628446429967880249e-01 -1.231520175933837891e-01 -1.650284230709075928e-02 -2.548021078109741211e-01 -7.279332727193832397e-02 -2.946810722351074219e-01 -2.523068487644195557e-01
1.363399475812911987e-01 -6.661372631788253784e-02 -4.224773868918418884e-02 2.698577754199504852e-02 5.696301907300949097e-02 1.295220553874969482e-01 -4.128530248999595642e-02 9.239741414785385132e-02 -1.006686016917228699e-01 -4.209384694695472717e-02
1.154859811067581177e-01 -4.797765240073204041e-02 -2.673497423529624939e-02 3.084907680749893188e-02 5.274533480405807495e-02 1.148207932710647583e-01 -3.144464269280433655e-02 8.413778245449066162e-02 -8.248715847730636597e-02 -3.108991868793964386e-02
-8.188116550445556641e-02 6.681486964225769043e-02 4.457849636673927307e-02 -2.045006677508354187e-02 -3.816003352403640747e-02 -7.850504666566848755e-02 4.262584447860717773e-02 -5.280597507953643799e-02 1.029272899031639099e-01 4.121996834874153137e-02
-2.561617493629455566e-01 -2.317946106195449829e-01 -2.365935444831848145e-01 -2.441204190254211426e-01 -2.452162355184555054e-01 -2.569140493869781494e-01 -2.334684282541275024e-01 -2.482438385486602783e-01 -2.281284928321838379e-01 -2.378660887479782104e-01
-8.329887688159942627e-02 2.233457565307617188e-02 8.171883411705493927e-03 -3.772770985960960388e-02 -4.732392728328704834e-02 -8.053314685821533203e-02 8.941674605011940002e-03 -5.880706012248992920e-02 4.862895980477333069e-02 8.570652455091476440e-03
-2.548911273479461670e-01 -2.317081689834594727e-01 -2.353543192148208618e-01 -2.434885501861572266e-01 -2.440962642431259155e-01 -2.553144991397857666e-01 -2.320159524679183960e-01 -2.457064539194107056e-01 -2.253801375627517700e-01 -2.361405342817306519e-01
-2.549135982990264893e-01 -2.325803041458129883e-01 -2.385992258787155151e-01 -2.443488687276840210e-01 -2.467020899057388306e-01 -2.553068995475769043e-01 -2.351681739091873169e-01 -2.478705346584320068e-01 -2.296678572893142700e-01 -2.400426119565963745e-01
-3.812429308891296387e-02 -2.642523944377899170e-01 -2.474527806043624878e-01 -1.782507747411727905e-01 -1.403243392705917358e-01 -4.574030265212059021e-02 -2.472587227821350098e-01 -9.679947048425674438e-02 -2.770328223705291748e-01 -2.502383887767791748e-01
9.224775433540344238e-02 -1.617280244827270508e-01 -1.307125836610794067e-01 -3.635074943304061890e-02 -5.229138303548097610e-03 8.694136142730712891e-02 -1.293520778417587280e-01 4.041966050863265991e-02 -2.084347456693649292e-01 -1.300954222679138184e-01
-6.579993665218353271e-02 -2.604437172412872314e-01 -2.513946294784545898e-01 -2.022842168807983398e-01 -1.687909215688705444e-01 -7.420059293508529663e-02 -2.517870068550109863e-01 -1.233555451035499573e-01 -2.696744203567504883e-01 -2.519754767417907715e-01
-2.596454024314880371e-01 -2.336086779832839966e-01 -2.382177263498306274e-01 -2.453566789627075195e-01 -2.471851855516433716e-01 -2.594470083713531494e-01 -2.354397624731063843e-01 -2.512102723121643066e-01 -2.297270148992538452e-01 -2.390987575054168701e-01
6.564014125615358353e-03 -7.018250972032546997e-02 -5.863228812813758850e-02 -3.104189224541187286e-02 -2.398247085511684418e-02 7.656283676624298096e-03 -6.227818503975868225e-02 -6.881388835608959198e-03 -9.009803831577301025e-02 -6.312260031700134277e-02
-2.582090497016906738e-01 -2.310344278812408447e-01 -2.367239594459533691e-01 -2.443002462387084961e-01 -2.451512515544891357e-01 -2.579540610313415527e-01 -2.335589081048965454e-01 -2.490211129188537598e-01 -2.264249026775360107e-01 -2.372462749481201172e-01
-2.601233422756195068e-01 -2.321553379297256470e-01 -2.362800240516662598e-01 -2.445426732301712036e-01 -2.464976459741592407e-01 -2.612637579441070557e-01 -2.345222234725952148e-01 -2.503073215484619141e-01 -2.271753996610641479e-01 -2.383294552564620972e-01
-2.608608901500701904e-01 -2.328371405601501465e-01 -2.359967976808547974e-01 -2.453579604625701904e-01 -2.470272332429885864e-01 -2.599070370197296143e-01 -2.334068566560745239e-01 -2.514872252941131592e-01 -2.271666526794433594e-01 -2.378412038087844849e-01
-2.892841771245002747e-02 -2.642045021057128906e-01 -2.503557205200195312e-01 -1.787120848894119263e-01 -1.412028223276138306e-01 -3.693576529622077942e-02 -2.510156929492950439e-01 -9.143901616334915161e-02 -2.801857888698577881e-01 -2.524296939373016357e-01
7.895360887050628662e-02 -1.225346624851226807e-01 -1.095822826027870178e-01 -4.352607205510139465e-02 -1.449326612055301666e-02 6.984338164329528809e-02 -1.024953573942184448e-01 2.944471873342990875e-02 -1.400963962078094482e-01 -1.057051867246627808e-01
-2.593748569488525391e-01 -2.325689345598220825e-01 -2.367126792669296265e-01 -2.442115545272827148e-01 -2.461036443710327148e-01 -2.578169405460357666e-01 -2.350804507732391357e-01 -2.489928156137466431e-01 -2.277062237262725830e-01 -2.385366857051849365e-01
6.423077546060085297e-03 -2.624582052230834961e-01 -2.362243682146072388e-01 -1.441395133733749390e-01 -1.046223416924476624e-01 -2.190687227994203568e-03 -2.410282939672470093e-01 -5.551456660032272339e-02 -2.912160158157348633e-01 -2.390376031398773193e-01
-2.595514357089996338e-01 -2.340942770242691040e-01 -2.381828576326370239e-01 -2.465953826904296875e-01 -2.494386881589889526e-01 -2.591740190982818604e-01 -2.364612370729446411e-01 -2.505019605159759521e-01 -2.282272279262542725e-01 -2.406586706638336182e-01
-9.860119223594665527e-02 -2.548092305660247803e-01 -2.480382770299911499e-01 -2.106037437915802002e-01 -1.831035315990447998e-01 -1.052150204777717590e-01 -2.488863468170166016e-01 -1.475038081407546997e-01 -2.609329819679260254e-01 -2.504066228866577148e-01
-1.223662309348583221e-02 -2.721509635448455811e-01 -2.496930211782455444e-01 -1.657283902168273926e-01 -1.265922188758850098e-01 -2.051035128533840179e-02 -2.543410360813140869e-01 -7.773182541131973267e-02 -2.943207919597625732e-01 -2.517485022544860840e-01
-3.391696512699127197e-02 -2.660245299339294434e-01 -2.455900311470031738e-01 -1.707632541656494141e-01 -1.344917863607406616e-01 -4.099659621715545654e-02 -2.487028986215591431e-01 -9.293260425329208374e-02 -2.860959172248840332e-01 -2.479429692029953003e-01
-2.043925784528255463e-02 -2.711741328239440918e-01 -2.513560652732849121e-01 -1.690230518579483032e-01 -1.314885765314102173e-01 -3.062249533832073212e-02 -2.538906633853912354e-01 -8.353163301944732666e-02 -2.881212234497070312e-01 -2.534554898738861084e-01
1.264058947563171387e-01 -1.265550106763839722e-01 -8.923728018999099731e-02 7.276592310518026352e-03 3.859743475914001465e-02 1.204395219683647156e-01 -8.838490396738052368e-02 7.668674737215042114e-02 -1.824587583541870117e-01 -9.199918806552886963e-02
-2.563579082489013672e-01 -2.306807786226272583e-01 -2.353402972221374512e-01 -2.433911561965942383e-01 -2.450127154588699341e-01 -2.577002942562103271e-01 -2.332103699445724487e-01 -2.470697015523910522e-01 -2.263975143432617188e-01 -2.366960048675537109e-01
1.030099689960479736e-01 -7.235196232795715332e-02 -5.429343879222869873e-02 8.531988598406314850e-03 3.012399189174175262e-02 9.952598810195922852e-02 -5.078332126140594482e-02 6.665243953466415405e-02 -1.009320616722106934e-01 -5.134020373225212097e-02
-1.152331158518791199e-01 -6.761753931641578674e-03 -2.776784263551235199e-02 -7.451520115137100220e-02 -8.494337648153305054e-02 -1.148985475301742554e-01 -2.409473061561584473e-02 -9.216812252998352051e-02 2.597756870090961456e-02 -2.558462508022785187e-02
-2.581671774387359619e-01 -2.334542423486709595e-01 -2.381157875061035156e-01 -2.458039224147796631e-01 -2.464725971221923828e-01 -2.575713396072387695e-01 -2.350682616233825684e-01 -2.498127222061157227e-01 -2.278912961483001709e-01 -2.386402934789657593e-01
-8.752346038818359375e-02 7.404039800167083740e-02 4.886545240879058838e-02 -2.252444997429847717e-02 -4.020389169454574585e-02 -8.376236259937286377e-02 4.560124501585960388e-02 -5.529136955738067627e-02 1.174987033009529114e-01 4.343148693442344666e-02
-2.587150633335113525e-01 -2.317894548177719116e-01 -2.367432117462158203e-01 -2.441238611936569214e-01 -2.470274418592453003e-01 -2.586344480514526367e-01 -2.342919409275054932e-01 -2.493748664855957031e-01 -2.265337407588958740e-01 -2.372946441173553467e-01
1.294449418783187866e-01 -2.258747816085815430e-02 -1.135877612978219986e-02 3.626305609941482544e-02 5.779266357421875000e-02 1.220259070396423340e-01 -1.389820221811532974e-02 9.064098447561264038e-02 -4.171572998166084290e-02 -9.320047684013843536e-03
-2.600419223308563232e-01 -2.329004555940628052e-01 -2.370938658714294434e-01 -2.457039952278137207e-01 -2.477780282497406006e-01 -2.601853311061859131e-01 -2.353471517562866211e-01 -2.503820955753326416e-01 -2.268947958946228027e-01 -2.383829355239868164e-01
-1.181813403964042664e-01 2.321105217561125755e-03 -1.973480358719825745e-02 -7.505218684673309326e-02 -8.444689959287643433e-02 -1.174000427126884460e-01 -1.784949190914630890e-02 -9.784770011901855469e-02 3.966934233903884888e-02 -1.966914720833301544e-02
-2.598094940185546875e-01 -2.313611060380935669e-01 -2.366607040166854858e-01 -2.450604885816574097e-01 -2.458953112363815308e-01 -2.597373723983764648e-01 -2.344914227724075317e-01 -2.493523508310317993e-01 -2.259510457515716553e-01 -2.383635044097900391e-01
-2.574419379234313965e-01 -2.322702705860137939e-01 -2.377381324768066406e-01 -2.448133975267410278e-01 -2.458263188600540161e-01 -2.580451071262359619e-01 -2.343810200691223145e-01 -2.488456070423126221e-01 -2.283564954996109009e-01 -2.375997155904769897e-01
1.644774675369262695e-01 2.547695301473140717e-02 3.729868680238723755e-02 7.045957446098327637e-02 9.513586759567260742e-02 1.572175621986389160e-01 3.502579033374786377e-02 1.250725835561752319e-01 7.889409549534320831e-03 3.407107666134834290e-02
-2.614405751228332520e-01 -2.324070930480957031e-01 -2.372143566608428955e-01 -2.446050792932510376e-01 -2.478178143501281738e-01 -2.605833709239959717e-01 -2.333275824785232544e-01 -2.508300542831420898e-01 -2.263556718826293945e-01 -2.381011694669723511e-01
2.391648292541503906e-02 -1.220221631228923798e-02 -1.914889179170131683e-02 -2.503062970936298370e-02 -1.350580062717199326e-02 1.678488589823246002e-02 -2.380678057670593262e-02 4.548043478280305862e-03 5.849310196936130524e-03 -1.913816109299659729e-02
-3.672026470303535461e-02 -2.694791555404663086e-01 -2.542178928852081299e-01 -1.866749823093414307e-01 -1.474357247352600098e-01 -4.457392171025276184e-02 -2.560864686965942383e-01 -9.938339143991470337e-02 -2.803463041782379150e-01 -2.530988454818725586e-01
-2.603958845138549805e-01 -2.346410453319549561e-01 -2.393453270196914673e-01 -2.456651031970977783e-01 -2.478827536106109619e-01 -2.621419131755828857e-01 -2.352441996335983276e-01 -2.514193654060363770e-01 -2.286022156476974487e-01 -2.389521598815917969e-01
-2.574438452720642090e-01 -2.306574434041976929e-01 -2.351398020982742310e-01 -2.435897439718246460e-01 -2.459467649459838867e-01 -2.586420476436614990e-01 -2.326181977987289429e-01 -2.471443116664886475e-01 -2.264550328254699707e-01 -2.378896325826644897e-01
6.706568598747253418e-02 -1.708245724439620972e-01 -1.353103965520858765e-01 -4.821139201521873474e-02 -1.521909795701503754e-02 6.140202283859252930e-02 -1.388756781816482544e-01 1.848861016333103180e-02 -2.207895666360855103e-01 -1.436146646738052368e-01
-2.558358013629913330e-01 -2.295038700103759766e-01 -2.343943417072296143e-01 -2.422272562980651855e-01 -2.440115064382553101e-01 -2.570083141326904297e-01 -2.314366102218627930e-01 -2.467606663703918457e-01 -2.254170477390289307e-01 -2.364061176776885986e-01
-4.873339086771011353e-02 9.036297351121902466e-02 6.846197694540023804e-02 7.501026615500450134e-03 -9.127643890678882599e-03 -4.274564236402511597e-02 7.298716902732849121e-02 -2.134971693158149719e-02 1.283705830574035645e-01 7.308407127857208252e-02
-2.925305813550949097e-02 -9.782442450523376465e-02 -9.362109005451202393e-02 -7.119270414113998413e-02 -6.019585579633712769e-02 -2.827090956270694733e-02 -9.198571741580963135e-02 -4.524907842278480530e-02 -1.108149439096450806e-01 -9.166052937507629395e-02
3.188769519329071045e-01 2.440252304077148438e-01 2.477162033319473267e-01 2.527429461479187012e-01 2.684840261936187744e-01 3.155703544616699219e-01 2.441428303718566895e-01 2.925823032855987549e-01 2.429312914609909058e-01 2.439627498388290405e-01
-2.540023922920227051e-01 -2.312871217727661133e-01 -2.359639257192611694e-01 -2.432082593441009521e-01 -2.443536520004272461e-01 -2.538267672061920166e-01 -2.336566597223281860e-01 -2.451610565185546875e-01 -2.276136279106140137e-01 -2.377698421478271484e-01
-2.580035030841827393e-01 -2.326191961765289307e-01 -2.384208589792251587e-01 -2.458258718252182007e-01 -2.472701221704483032e-01 -2.592945694923400879e-01 -2.350100427865982056e-01 -2.491202354431152344e-01 -2.283737063407897949e-01 -2.378737926483154297e-01
-2.595859467983245850e-01 -2.314587533473968506e-01 -2.373030632734298706e-01 -2.449225038290023804e-01 -2.474404871463775635e-01 -2.616273164749145508e-01 -2.330143600702285767e-01 -2.512505650520324707e-01 -2.270045578479766846e-01 -2.374656051397323608e-01
1.118808016180992126e-01 -6.198331341147422791e-02 -4.006433486938476562e-02 1.129123196005821228e-02 3.587090596556663513e-02 1.044424921274185181e-01 -4.067951440811157227e-02 7.173317670822143555e-02 -7.463516294956207275e-02 -4.179867729544639587e-02
-8.014623075723648071e-02 -2.537856101989746094e-01 -2.461394071578979492e-01 -2.050921916961669922e-01 -1.753121763467788696e-01 -8.738342672586441040e-02 -2.472044378519058228e-01 -1.342862099409103394e-01 -2.633808255195617676e-01 -2.461630403995513916e-01
-2.609280347824096680e-01 -2.346037179231643677e-01 -2.380486130714416504e-01 -2.466607838869094849e-01 -2.478053420782089233e-01 -2.602617144584655762e-01 -2.356872856616973877e-01 -2.524440884590148926e-01 -2.289361655712127686e-01 -2.394859939813613892e-01
-2.501910626888275146e-01 -2.326507121324539185e-01 -2.372051626443862915e-01 -2.437423914670944214e-01 -2.437810599803924561e-01 -2.515461146831512451e-01 -2.341963946819305420e-01 -2.451070845127105713e-01 -2.291495054960250854e-01 -2.390416264533996582e-01
1.297234147787094116e-01 -1.040406152606010437e-01 -7.115055620670318604e-02 1.840871758759021759e-02 4.870817065238952637e-02 1.267984658479690552e-01 -7.059697061777114868e-02 8.552440255880355835e-02 -1.560001671314239502e-01 -7.186567038297653198e-02
7.094497326761484146e-03 -1.399400681257247925e-01 -1.235306411981582642e-01 -8.176948130130767822e-02 -5.661078169941902161e-02 3.898289287462830544e-03 -1.238860562443733215e-01 -2.795416861772537231e-02 -1.647023260593414307e-01 -1.273640394210815430e-01
-2.965532988309860229e-02 -2.721584141254425049e-01 -2.549611628055572510e-01 -1.817196011543273926e-01 -1.446563154458999634e-01 -4.036212339997291565e-02 -2.591497898101806641e-01 -9.377051889896392822e-02 -2.874019742012023926e-01 -2.562737762928009033e-01
-2.404815852642059326e-01 -2.338798940181732178e-01 -2.370335906744003296e-01 -2.431513369083404541e-01 -2.420705258846282959e-01 -2.414273470640182495e-01 -2.359424829483032227e-01 -2.398088276386260986e-01 -2.304940670728683472e-01 -2.388648986816406250e-01
-2.603442668914794922e-01 -2.347161918878555298e-01 -2.390228062868118286e-01 -2.459947317838668823e-01 -2.482067495584487915e-01 -2.602826952934265137e-01 -2.354501932859420776e-01 -2.525848746299743652e-01 -2.295175343751907349e-01 -2.404455244541168213e-01
-2.575949728488922119e-01 -2.307250797748565674e-01 -2.349358499050140381e-01 -2.443552911281585693e-01 -2.444406747817993164e-01 -2.579168677330017090e-01 -2.334668040275573730e-01 -2.477834969758987427e-01 -2.266419529914855957e-01 -2.369095683097839355e-01
-2.602792084217071533e-01 -2.327826768159866333e-01 -2.368777692317962646e-01 -2.457478493452072144e-01 -2.485202997922897339e-01 -2.607769966125488281e-01 -2.345493137836456299e-01 -2.510190308094024658e-01 -2.268567234277725220e-01 -2.383720874786376953e-01
-2.624499201774597168e-01 -2.334633320569992065e-01 -2.386914491653442383e-01 -2.462452054023742676e-01 -2.479494661092758179e-01 -2.623626887798309326e-01 -2.364461123943328857e-01 -2.525146901607513428e-01 -2.289553731679916382e-01 -2.395408153533935547e-01
-2.632587552070617676e-01 -2.336885482072830200e-01 -2.394459843635559082e-01 -2.463973760604858398e-01 -2.496533542871475220e-01 -2.619557976722717285e-01 -2.366016358137130737e-01 -2.530114650726318359e-01 -2.288205921649932861e-01 -2.412259727716445923e-01
-2.610007524490356445e-01 -2.344620674848556519e-01 -2.399319410324096680e-01 -2.471650838851928711e-01 -2.497193366289138794e-01 -2.607831358909606934e-01 -2.360929548740386963e-01 -2.518829703330993652e-01 -2.291435301303863525e-01 -2.398150861263275146e-01
-2.591256797313690186e-01 -2.335178405046463013e-01 -2.381802201271057129e-01 -2.452140301465988159e-01 -2.467415630817413330e-01 -2.600446045398712158e-01 -2.350308299064636230e-01 -2.509645819664001465e-01 -2.271907031536102295e-01 -2.387558668851852417e-01
-2.589088380336761475e-01 -2.323990911245346069e-01 -2.354490756988525391e-01 -2.455021888017654419e-01 -2.458142787218093872e-01 -2.594039440155029297e-01 -2.335759103298187256e-01 -2.501671612262725830e-01 -2.268432378768920898e-01 -2.365454882383346558e-01
9.289559721946716309e-02 -3.185648843646049500e-02 -3.232042863965034485e-02 2.687310567125678062e-03 2.272116020321846008e-02 8.671314269304275513e-02 -3.461889922618865967e-02 5.486876145005226135e-02 -4.483319446444511414e-02 -2.785989455878734589e-02
-2.579858303070068359e-01 -2.338478863239288330e-01 -2.365338653326034546e-01 -2.452948391437530518e-01 -2.477182149887084961e-01 -2.584811151027679443e-01 -2.351525574922561646e-01 -2.496417462825775146e-01 -2.288572341203689575e-01 -2.395308464765548706e-01
7.697682082653045654e-02 -1.067661643028259277e-01 -7.793138921260833740e-02 -1.199472509324550629e-02 1.223218254745006561e-02 7.558643817901611328e-02 -8.055538684129714966e-02 4.248855262994766235e-02 -1.544001996517181396e-01 -8.480076491832733154e-02
-2.633804082870483398e-01 -2.344459593296051025e-01 -2.394197881221771240e-01 -2.474428266286849976e-01 -2.500054538249969482e-01 -2.622780501842498779e-01 -2.366478145122528076e-01 -2.519312202930450439e-01 -2.300531715154647827e-01 -2.403856813907623291e-01
-2.597104609012603760e-01 -2.326832115650177002e-01 -2.368111312389373779e-01 -2.448836416006088257e-01 -2.468919754028320312e-01 -2.593195140361785889e-01 -2.346728891134262085e-01 -2.496310919523239136e-01 -2.284915298223495483e-01 -2.383708208799362183e-01
-2.608467340469360352e-01 -2.319788485765457153e-01 -2.378739565610885620e-01 -2.458229660987854004e-01 -2.479516863822937012e-01 -2.607182860374450684e-01 -2.346732616424560547e-01 -2.512444853782653809e-01 -2.271095514297485352e-01 -2.386623769998550415e-01
1.468054205179214478e-01 -7.950654253363609314e-03 1.065556239336729050e-02 5.580377951264381409e-02 7.843381166458129883e-02 1.413598060607910156e-01 1.538228616118431091e-02 1.086164042353630066e-01 -2.170163206756114960e-02 1.001247484236955643e-02
1.476221084594726562e-01 -4.738117009401321411e-02 -2.556674182415008545e-02 4.553811252117156982e-02 6.958572566509246826e-02 1.421372741460800171e-01 -2.655118145048618317e-02 1.058640703558921814e-01 -9.239961206912994385e-02 -2.518289908766746521e-02
-6.078517436981201172e-02 -2.620735168457031250e-01 -2.517943680286407471e-01 -1.992765367031097412e-01 -1.668490171432495117e-01 -7.002840936183929443e-02 -2.543414235115051270e-01 -1.209507286548614502e-01 -2.720451951026916504e-01 -2.531997263431549072e-01
-2.597592771053314209e-01 -2.334647476673126221e-01 -2.378347963094711304e-01 -2.453963011503219604e-01 -2.474426776170730591e-01 -2.602643668651580811e-01 -2.345777601003646851e-01 -2.515676617622375488e-01 -2.291166037321090698e-01 -2.387631386518478394e-01
-2.607430517673492432e-01 -2.328581809997558594e-01 -2.380915433168411255e-01 -2.468323707580566406e-01 -2.468924820423126221e-01 -2.590571641921997070e-01 -2.352425158023834229e-01 -2.506240308284759521e-01 -2.291731685400009155e-01 -2.389599829912185669e-01
-2.405595779418945312e-01 -2.334884107112884521e-01 -2.372170388698577881e-01 -2.409611493349075317e-01 -2.417708784341812134e-01 -2.424422651529312134e-01 -2.343527078628540039e-01 -2.396392226219177246e-01 -2.293070852756500244e-01 -2.377306669950485229e-01
8.465716242790222168e-02 -6.586556136608123779e-02 -4.185207933187484741e-02 6.680990918539464474e-04 2.395218424499034882e-02 8.133210986852645874e-02 -4.702687263488769531e-02 5.165864899754524231e-02 -8.217556774616241455e-02 -5.054789409041404724e-02
3.251603245735168457e-01 2.522934079170227051e-01 2.561686336994171143e-01 2.606114149093627930e-01 2.766820192337036133e-01 3.236173391342163086e-01 2.522700130939483643e-01 3.001056611537933350e-01 2.521565556526184082e-01 2.534820437431335449e-01
8.578203618526458740e-02 -5.856193229556083679e-02 -5.457285791635513306e-02 -8.429186418652534485e-03 1.164116431027650833e-02 7.958930730819702148e-02 -5.201569572091102600e-02 4.722853004932403564e-02 -7.393492758274078369e-02 -4.682188108563423157e-02
3.274389207363128662e-01 2.618178129196166992e-01 2.636397480964660645e-01 2.677172422409057617e-01 2.808985710144042969e-01 3.247638642787933350e-01 2.644597887992858887e-01 3.055937588214874268e-01 2.635398507118225098e-01 2.633825540542602539e-01
-2.627048492431640625e-01 -2.326953262090682983e-01 -2.379673570394515991e-01 -2.458004951477050781e-01 -2.479712516069412231e-01 -2.633088827133178711e-01 -2.356911301612854004e-01 -2.527385652065277100e-01 -2.292091995477676392e-01 -2.387642115354537964e-01
-2.580210566520690918e-01 -2.310301959514617920e-01 -2.362409085035324097e-01 -2.440995126962661743e-01 -2.464971393346786499e-01 -2.586158514022827148e-01 -2.335588932037353516e-01 -2.496274709701538086e-01 -2.272755205631256104e-01 -2.366488873958587646e-01
-2.600474655628204346e-01 -2.335257232189178467e-01 -2.377338111400604248e-01 -2.466242164373397827e-01 -2.477333992719650269e-01 -2.612937688827514648e-01 -2.358455657958984375e-01 -2.508899569511413574e-01 -2.273652255535125732e-01 -2.377896010875701904e-01
5.722456425428390503e-02 -1.263494938611984253e-01 -1.021888628602027893e-01 -4.083328321576118469e-02 -1.749120093882083893e-02 5.519269779324531555e-02 -1.064639016985893250e-01 1.683605276048183441e-02 -1.665573716163635254e-01 -1.062472537159919739e-01
-2.608160376548767090e-01 -2.315085977315902710e-01 -2.360122352838516235e-01 -2.458365112543106079e-01 -2.473693341016769409e-01 -2.598927319049835205e-01 -2.341336756944656372e-01 -2.509413957595825195e-01 -2.265827357769012451e-01 -2.370823472738265991e-01
8.326102048158645630e-02 -2.038981616497039795e-01 -1.610934287309646606e-01 -5.354887247085571289e-02 -1.406729873269796371e-02 7.474515587091445923e-02 -1.634067445993423462e-01 2.742532268166542053e-02 -2.674576938152313232e-01 -1.689135432243347168e-01
3.869591280817985535e-02 -6.089749187231063843e-02 -4.557692632079124451e-02 -1.365165971219539642e-02 7.880209013819694519e-04 3.305178880691528320e-02 -5.135646089911460876e-02 1.848505437374114990e-02 -7.418587058782577515e-02 -5.416091904044151306e-02
-2.604736089706420898e-01 -2.349585145711898804e-01 -2.382354587316513062e-01 -2.459359467029571533e-01 -2.498366981744766235e-01 -2.605271041393280029e-01 -2.370035350322723389e-01 -2.520031929016113281e-01 -2.282773107290267944e-01 -2.392505258321762085e-01
-2.597967982292175293e-01 -2.311672866344451904e-01 -2.366576194763183594e-01 -2.437801510095596313e-01 -2.471483051776885986e-01 -2.601068317890167236e-01 -2.336101979017257690e-01 -2.492973506450653076e-01 -2.263181060552597046e-01 -2.375830858945846558e-01
-2.611507773399353027e-01 -2.331636548042297363e-01 -2.381792068481445312e-01 -2.466157525777816772e-01 -2.489101886749267578e-01 -2.604123651981353760e-01 -2.351549565792083740e-01 -2.514581084251403809e-01 -2.288095057010650635e-01 -2.390704303979873657e-01
3.377931714057922363e-01 2.616051733493804932e-01 2.666157484054565430e-01 2.732121348381042480e-01 2.866525352001190186e-01 3.357746303081512451e-01 2.651331424713134766e-01 3.131950795650482178e-01 2.615307569503784180e-01 2.648148238658905029e-01
8.748172223567962646e-02 3.039163351058959961e-02 3.349260985851287842e-02 3.559102863073348999e-02 4.889549314975738525e-02 7.989945262670516968e-02 3.092750720679759979e-02 6.356564164161682129e-02 3.616454452276229858e-02 3.035257942974567413e-02
-2.610427141189575195e-01 -2.322347164154052734e-01 -2.382357865571975708e-01 -2.446309626102447510e-01 -2.462687343358993530e-01 -2.594388723373413086e-01 -2.352738976478576660e-01 -2.497043460607528687e-01 -2.276339083909988403e-01 -2.375692129135131836e-01
-7.566162850707769394e-03 1.104403473436832428e-02 1.656868867576122284e-02 1.450152718462049961e-03 -4.861049819737672806e-05 -4.335913807153701782e-03 1.525737997144460678e-02 2.292653312906622887e-03 5.682836752384901047e-03 1.292580831795930862e-02
-2.624886929988861084e-01 -2.351543605327606201e-01 -2.405250370502471924e-01 -2.469521015882492065e-01 -2.507723867893218994e-01 -2.618607580661773682e-01 -2.372174263000488281e-01 -2.529276609420776367e-01 -2.302677184343338013e-01 -2.413264811038970947e-01
-2.607528567314147949e-01 -2.359715402126312256e-01 -2.405013740062713623e-01 -2.475980222225189209e-01 -2.487495094537734985e-01 -2.615969777107238770e-01 -2.376767396926879883e-01 -2.527394294738769531e-01 -2.295708209276199341e-01 -2.402497529983520508e-01
-4.862438887357711792e-02 1.133333668112754822e-01 8.697841316461563110e-02 1.709334179759025574e-02 -3.392885671928524971e-03 -4.636716097593307495e-02 9.490841627120971680e-02 -1.641974039375782013e-02 1.528233885765075684e-01 9.115610271692276001e-02
-5.559814721345901489e-02 -2.675760388374328613e-01 -2.540720999240875244e-01 -1.982368677854537964e-01 -1.600624024868011475e-01 -6.261915713548660278e-02 -2.570851445198059082e-01 -1.160652860999107361e-01 -2.772410213947296143e-01 -2.558745145797729492e-01
-1.150897070765495300e-01 -2.489369660615921021e-01 -2.434769719839096069e-01 -2.155033200979232788e-01 -1.898067146539688110e-01 -1.181167215108871460e-01 -2.454600334167480469e-01 -1.596531271934509277e-01 -2.541878223419189453e-01 -2.474693506956100464e-01
-2.588487565517425537e-01 -2.337364256381988525e-01 -2.371119111776351929e-01 -2.454109042882919312e-01 -2.467788904905319214e-01 -2.594306468963623047e-01 -2.357228100299835205e-01 -2.499144971370697021e-01 -2.294325977563858032e-01 -2.381804138422012329e-01
1.267744600772857666e-01 -6.523510068655014038e-02 -4.402601718902587891e-02 2.143581211566925049e-02 4.730137810111045837e-02 1.203526481986045837e-01 -5.064977332949638367e-02 8.202660083770751953e-02 -1.056083962321281433e-01 -4.875397682189941406e-02
-5.189213156700134277e-02 -2.667742371559143066e-01 -2.539500296115875244e-01 -1.903562843799591064e-01 -1.558601856231689453e-01 -5.793946236371994019e-02 -2.536475956439971924e-01 -1.121077612042427063e-01 -2.782934904098510742e-01 -2.542683184146881104e-01
3.786743059754371643e-02 -8.720325306057929993e-03 -5.141566973179578781e-03 9.333410300314426422e-03 1.926945708692073822e-02 3.950206562876701355e-02 6.445639883168041706e-04 3.047421574592590332e-02 -2.074749581515789032e-02 -1.198386657051742077e-03
-1.935284957289695740e-02 -2.607714533805847168e-01 -2.377966493368148804e-01 -1.565630435943603516e-01 -1.225605458021163940e-01 -2.658240869641304016e-02 -2.406349331140518188e-01 -7.651530951261520386e-02 -2.835444509983062744e-01 -2.394989281892776489e-01
-8.398706465959548950e-02 -1.380415633320808411e-02 -1.879898458719253540e-02 -3.854070231318473816e-02 -5.154293403029441833e-02 -7.814935594797134399e-02 -1.725154556334018707e-02 -6.012343615293502808e-02 -1.494400855153799057e-02 -1.945196464657783508e-02
-2.568639218807220459e-01 -2.324629873037338257e-01 -2.351692616939544678e-01 -2.435562461614608765e-01 -2.454146444797515869e-01 -2.561296224594116211e-01 -2.329791784286499023e-01 -2.470546960830688477e-01 -2.269699126482009888e-01 -2.362720370292663574e-01
7.632242143154144287e-02 -4.122590646147727966e-02 -3.341396898031234741e-02 -1.388527173548936844e-02 1.074423734098672867e-02 6.649070233106613159e-02 -3.350676968693733215e-02 3.809151053428649902e-02 -3.218805789947509766e-02 -3.341538459062576294e-02
-2.591836154460906982e-01 -2.306625396013259888e-01 -2.367158681154251099e-01 -2.448361963033676147e-01 -2.453883290290832520e-01 -2.585726678371429443e-01 -2.337937504053115845e-01 -2.492807805538177490e-01 -2.261742055416107178e-01 -2.379968017339706421e-01
1.112846508622169495e-01 -1.132882237434387207e-01 -9.064867347478866577e-02 -7.411549799144268036e-03 2.211357094347476959e-02 1.043976321816444397e-01 -9.094849228858947754e-02 6.196771562099456787e-02 -1.557786762714385986e-01 -9.006579220294952393e-02
-2.599413692951202393e-01 -2.328546345233917236e-01 -2.376227974891662598e-01 -2.447022944688796997e-01 -2.478648126125335693e-01 -2.594633102416992188e-01 -2.340107858180999756e-01 -2.492862045764923096e-01 -2.281666100025177002e-01 -2.380210906267166138e-01
-2.568286359310150146e-01 -2.308322787284851074e-01 -2.359744161367416382e-01 -2.441947758197784424e-01 -2.462455481290817261e-01 -2.574977576732635498e-01 -2.332740873098373413e-01 -2.481611967086791992e-01 -2.264942526817321777e-01 -2.360325604677200317e-01
-2.481059869751334190e-03 1.572990119457244873e-01 1.310497522354125977e-01 5.612552538514137268e-02 4.099363088607788086e-02 7.918086485005915165e-04 1.334676593542098999e-01 2.685173228383064270e-02 1.994490623474121094e-01 1.354914307594299316e-01
-7.220701873302459717e-02 -2.594188451766967773e-01 -2.495064437389373779e-01 -2.048057764768600464e-01 -1.720160692930221558e-01 -8.104158192873001099e-02 -2.512836158275604248e-01 -1.294627785682678223e-01 -2.668591439723968506e-01 -2.518145442008972168e-01
9.217508882284164429e-02 -5.759045481681823730e-02 -5.615349858999252319e-02 -1.819993928074836731e-02 7.206639740616083145e-03 8.231984823942184448e-02 -5.620222538709640503e-02 4.561861231923103333e-02 -6.427641212940216064e-02 -5.016436800360679626e-02
-7.770171761512756348e-02 7.711327075958251953e-02 5.049359798431396484e-02 -1.509688701480627060e-02 -3.176741302013397217e-02 -7.286022603511810303e-02 5.206406116485595703e-02 -4.499416798353195190e-02 1.148498207330703735e-01 5.452872812747955322e-02
-6.461291760206222534e-02 -2.552025020122528076e-01 -2.465433180332183838e-01 -2.001755088567733765e-01 -1.673431694507598877e-01 -7.341337949037551880e-02 -2.479226291179656982e-01 -1.215091496706008911e-01 -2.671167254447937012e-01 -2.472859472036361694e-01
9.280204027891159058e-02 -8.502701669931411743e-02 -6.454689800739288330e-02 -1.100203022360801697e-02 1.580141857266426086e-02 8.627148717641830444e-02 -6.074604392051696777e-02 4.832683876156806946e-02 -9.651872515678405762e-02 -6.328681111335754395e-02
-2.595339119434356689e-01 -2.318502068519592285e-01 -2.379482537508010864e-01 -2.451104670763015747e-01 -2.482453733682632446e-01 -2.603975236415863037e-01 -2.337741404771804810e-01 -2.504343986511230469e-01 -2.279350161552429199e-01 -2.383037507534027100e-01
-2.601940035820007324e-01 -2.330315560102462769e-01 -2.373321652412414551e-01 -2.445089370012283325e-01 -2.470037639141082764e-01 -2.588726580142974854e-01 -2.339851260185241699e-01 -2.502410113811492920e-01 -2.274868041276931763e-01 -2.390097826719284058e-01
-2.698958665132522583e-02 6.516463309526443481e-02 4.134584590792655945e-02 -5.948450416326522827e-03 -1.644658483564853668e-02 -2.715468034148216248e-02 4.725706577301025391e-02 -1.734118163585662842e-02 1.028321757912635803e-01 4.768997803330421448e-02
-2.616886198520660400e-01 -2.347416430711746216e-01 -2.398672997951507568e-01 -2.472720295190811157e-01 -2.490743845701217651e-01 -2.621627449989318848e-01 -2.364261001348495483e-01 -2.519592940807342529e-01 -2.296593785285949707e-01 -2.394583076238632202e-01
3.348886668682098389e-01 2.579585909843444824e-01 2.628124654293060303e-01 2.702709138393402100e-01 2.846958935260772705e-01 3.308477997779846191e-01 2.594197988510131836e-01 3.091833293437957764e-01 2.558214068412780762e-01 2.599973976612091064e-01
-1.538636684417724609e-01 -2.414714097976684570e-01 -2.390471547842025757e-01 -2.259424775838851929e-01 -2.097383439540863037e-01 -1.562477052211761475e-01 -2.397466897964477539e-01 -1.843385249376296997e-01 -2.421891093254089355e-01 -2.420388907194137573e-01
3.306559622287750244e-01 2.574026882648468018e-01 2.607724070549011230e-01 2.656414210796356201e-01 2.819096744060516357e-01 3.274274766445159912e-01 2.588946223258972168e-01 3.063296675682067871e-01 2.572747766971588135e-01 2.588293552398681641e-01
-2.623792886734008789e-01 -2.351932227611541748e-01 -2.391519844532012939e-01 -2.484210580587387085e-01 -2.489927262067794800e-01 -2.627240419387817383e-01 -2.365159988403320312e-01 -2.525326907634735107e-01 -2.306795269250869751e-01 -2.406799495220184326e-01
-2.876264415681362152e-02 -2.690486907958984375e-01 -2.531226575374603271e-01 -1.781334429979324341e-01 -1.398712992668151855e-01 -3.662062063813209534e-02 -2.545286715030670166e-01 -9.279476106166839600e-02 -2.857734858989715576e-01 -2.551761865615844727e-01
6.940586864948272705e-02 -4.354228824377059937e-02 -3.600425273180007935e-02 -8.494134992361068726e-03 1.031061448156833649e-02 6.372746825218200684e-02 -3.278703987598419189e-02 3.513470664620399475e-02 -4.861482605338096619e-02 -3.859380260109901428e-02
1.001800298690795898e-01 -1.389061659574508667e-01 -1.120916679501533508e-01 -2.585500665009021759e-02 7.203496061265468597e-03 9.282448142766952515e-02 -1.091629564762115479e-01 4.863781481981277466e-02 -1.812492758035659790e-01 -1.103136613965034485e-01
-2.594858407974243164e-01 -2.319964319467544556e-01 -2.358082681894302368e-01 -2.441232651472091675e-01 -2.466029077768325806e-01 -2.598642408847808838e-01 -2.348888963460922241e-01 -2.494176477193832397e-01 -2.268756628036499023e-01 -2.379785627126693726e-01
-2.844309620559215546e-02 -2.695239782333374023e-01 -2.490820735692977905e-01 -1.740601509809494019e-01 -1.354501694440841675e-01 -3.686060383915901184e-02 -2.526660561561584473e-01 -8.978359401226043701e-02 -2.861933708190917969e-01 -2.527364790439605713e-01
6.088726967573165894e-02 -1.969953440129756927e-02 -1.581573486328125000e-02 9.210195392370223999e-03 1.947554573416709900e-02 5.917109549045562744e-02 -1.531536038964986801e-02 4.114200919866561890e-02 -3.445004671812057495e-02 -1.206848677247762680e-02
-2.587119042873382568e-01 -2.310019731521606445e-01 -2.365541011095046997e-01 -2.442374527454376221e-01 -2.450450807809829712e-01 -2.578871250152587891e-01 -2.338177561759948730e-01 -2.491284012794494629e-01 -2.271786332130432129e-01 -2.377103418111801147e-01
8.999306708574295044e-02 -6.805706769227981567e-02 -4.871208593249320984e-02 5.743904039263725281e-03 2.845780923962593079e-02 9.071047604084014893e-02 -4.691574722528457642e-02 5.910729989409446716e-02 -1.002121567726135254e-01 -4.710344597697257996e-02
3.357811272144317627e-01 2.657856345176696777e-01 2.687913477420806885e-01 2.732206583023071289e-01 2.863025069236755371e-01 3.334227502346038818e-01 2.666727900505065918e-01 3.138268589973449707e-01 2.659011185169219971e-01 2.674349248409271240e-01
-8.956313878297805786e-02 4.559475556015968323e-02 1.608678698539733887e-02 -3.883551061153411865e-02 -5.284775793552398682e-02 -8.938339352607727051e-02 2.303203381597995758e-02 -6.331207603216171265e-02 7.861322909593582153e-02 2.381209656596183777e-02
-1.120290756225585938e-01 1.409219205379486084e-02 -1.044684369117021561e-02 -6.633299589157104492e-02 -7.824072986841201782e-02 -1.099793612957000732e-01 -8.331117220222949982e-03 -9.065850079059600830e-02 5.282841622829437256e-02 -7.989250123500823975e-03
7.478437572717666626e-02 -7.689890265464782715e-02 -5.077698081731796265e-02 1.215257099829614162e-03 2.047547698020935059e-02 7.204442471265792847e-02 -5.629525333642959595e-02 4.445605725049972534e-02 -1.102429106831550598e-01 -5.945926532149314880e-02
-2.562614977359771729e-01 -2.305440157651901245e-01 -2.349935322999954224e-01 -2.430529445409774780e-01 -2.450745701789855957e-01 -2.575711309909820557e-01 -2.337531000375747681e-01 -2.488760203123092651e-01 -2.267421036958694458e-01 -2.359598577022552490e-01
-2.603139579296112061e-01 -2.338286042213439941e-01 -2.370973378419876099e-01 -2.447986900806427002e-01 -2.478562742471694946e-01 -2.620231509208679199e-01 -2.344112694263458252e-01 -2.509940862655639648e-01 -2.290000021457672119e-01 -2.385353446006774902e-01
1.425144523382186890e-01 -1.590820774435997009e-02 -3.629435086622834206e-03 4.849644750356674194e-02 7.083720713853836060e-02 1.376200169324874878e-01 -3.480379935353994370e-03 1.060143783688545227e-01 -4.180484265089035034e-02 1.433728728443384171e-03
2.783394753932952881e-01 1.972192227840423584e-01 2.005736529827117920e-01 2.098740041255950928e-01 2.263697236776351929e-01 2.743815183639526367e-01 1.994069963693618774e-01 2.511922717094421387e-01 1.948842257261276245e-01 2.015164643526077271e-01
3.153110742568969727e-01 2.357068806886672974e-01 2.385405302047729492e-01 2.482562810182571411e-01 2.638797760009765625e-01 3.138946592807769775e-01 2.371843755245208740e-01 2.894205749034881592e-01 2.327500432729721069e-01 2.385238558053970337e-01
-2.604983448982238770e-01 -2.318968474864959717e-01 -2.377640157938003540e-01 -2.457963079214096069e-01 -2.475789040327072144e-01 -2.611535191535949707e-01 -2.337987571954727173e-01 -2.514353394508361816e-01 -2.266475856304168701e-01 -2.374199926853179932e-01
-4.124464839696884155e-02 -2.634421885013580322e-01 -2.486065775156021118e-01 -1.789142638444900513e-01 -1.446242630481719971e-01 -4.773530736565589905e-02 -2.509514987468719482e-01 -1.003550812602043152e-01 -2.798586785793304443e-01 -2.495041191577911377e-01
-4.352601617574691772e-02 -2.703467011451721191e-01 -2.561590969562530518e-01 -1.872271448373794556e-01 -1.500775814056396484e-01 -5.004934966564178467e-02 -2.584118545055389404e-01 -1.053868532180786133e-01 -2.828850150108337402e-01 -2.568414807319641113e-01
-2.596712112426757812e-01 -2.329050749540328979e-01 -2.381820231676101685e-01 -2.445599287748336792e-01 -2.466535568237304688e-01 -2.600013017654418945e-01 -2.355932593345642090e-01 -2.492352575063705444e-01 -2.267219424247741699e-01 -2.374622672796249390e-01
8.224795013666152954e-02 -1.845959424972534180e-01 -1.560958027839660645e-01 -5.793561786413192749e-02 -2.154143340885639191e-02 7.180310040712356567e-02 -1.555860787630081177e-01 2.258391678333282471e-02 -2.239264547824859619e-01 -1.516347080469131470e-01
-2.614419162273406982e-01 -2.327774763107299805e-01 -2.378249764442443848e-01 -2.461134791374206543e-01 -2.484018951654434204e-01 -2.624410092830657959e-01 -2.361577749252319336e-01 -2.517884671688079834e-01 -2.277305275201797485e-01 -2.395654320716857910e-01
-2.610036134719848633e-01 -2.325831502676010132e-01 -2.385493963956832886e-01 -2.450361698865890503e-01 -2.469459176063537598e-01 -2.600004673004150391e-01 -2.350994348526000977e-01 -2.511612474918365479e-01 -2.279504686594009399e-01 -2.389588505029678345e-01
-1.371902972459793091e-01 -4.455946013331413269e-02 -6.035726517438888550e-02 -9.926891326904296875e-02 -1.087670996785163879e-01 -1.354496479034423828e-01 -5.878834053874015808e-02 -1.193196699023246765e-01 -2.018033154308795929e-02 -6.128868088126182556e-02
-1.099296361207962036e-01 2.464661840349435806e-03 -1.746796816587448120e-02 -6.457065045833587646e-02 -7.553822547197341919e-02 -1.105061173439025879e-01 -1.082765404134988785e-02 -8.790719509124755859e-02 3.469621762633323669e-02 -1.428536139428615570e-02
-2.600738704204559326e-01 -2.329295277595520020e-01 -2.374517470598220825e-01 -2.452940791845321655e-01 -2.466016560792922974e-01 -2.603095173835754395e-01 -2.334487140178680420e-01 -2.502438724040985107e-01 -2.285312265157699585e-01 -2.381031364202499390e-01
1.973603516817092896e-01 8.033754676580429077e-02 9.217192232608795166e-02 1.159495562314987183e-01 1.352796107530593872e-01 1.924059540033340454e-01 8.800817281007766724e-02 1.648168712854385376e-01 7.049082964658737183e-02 8.673215657472610474e-02
-2.563111186027526855e-01 -2.299460023641586304e-01 -2.350315302610397339e-01 -2.427062094211578369e-01 -2.454876601696014404e-01 -2.574237585067749023e-01 -2.321160584688186646e-01 -2.485053688287734985e-01 -2.263495177030563354e-01 -2.373211979866027832e-01
-6.264093518257141113e-02 8.493508398532867432e-02 6.654593348503112793e-02 2.084840089082717896e-03 -1.369199994951486588e-02 -5.916902050375938416e-02 6.748713552951812744e-02 -3.115644119679927826e-02 1.134961619973182678e-01 6.475613266229629517e-02
1.199938580393791199e-01 -1.398640871047973633e-01 -1.004505231976509094e-01 3.135814913548529148e-04 3.175389766693115234e-02 1.157792136073112488e-01 -1.025118976831436157e-01 7.185913622379302979e-02 -2.057235389947891235e-01 -1.040360182523727417e-01
-6.575415842235088348e-03 -1.179563254117965698e-01 -1.080589145421981812e-01 -7.608128339052200317e-02 -6.221919506788253784e-02 -7.622108794748783112e-03 -1.060790047049522400e-01 -3.570712730288505554e-02 -1.372626125812530518e-01 -1.071228161454200745e-01
9.478855133056640625e-02 -1.536601483821868896e-01 -1.220281049609184265e-01 -2.800310775637626648e-02 4.075012169778347015e-03 9.070948511362075806e-02 -1.239880993962287903e-01 4.611960798501968384e-02 -2.124240547418594360e-01 -1.265143156051635742e-01
-8.189272135496139526e-02 -2.399674206972122192e-01 -2.331613153219223022e-01 -1.924261897802352905e-01 -1.640180647373199463e-01 -8.863204717636108398e-02 -2.317368984222412109e-01 -1.297652721405029297e-01 -2.516205310821533203e-01 -2.332319468259811401e-01
-7.265961915254592896e-02 6.593530625104904175e-02 4.287513718008995056e-02 -1.584218628704547882e-02 -3.288390114903450012e-02 -6.996243447065353394e-02 4.967326298356056213e-02 -4.338258132338523865e-02 1.064716801047325134e-01 4.715955629944801331e-02
-2.621236443519592285e-01 -2.350213229656219482e-01 -2.400424927473068237e-01 -2.478961646556854248e-01 -2.503456771373748779e-01 -2.616630196571350098e-01 -2.376615554094314575e-01 -2.527436017990112305e-01 -2.292569279670715332e-01 -2.405023276805877686e-01
8.065539598464965820e-02 -1.718958914279937744e-01 -1.353291422128677368e-01 -4.324999451637268066e-02 -5.506514105945825577e-03 7.641850411891937256e-02 -1.362680047750473022e-01 3.444365411996841431e-02 -2.283775508403778076e-01 -1.414502561092376709e-01
-5.687639489769935608e-02 -2.637666463851928711e-01 -2.511762976646423340e-01 -1.938349306583404541e-01 -1.618654578924179077e-01 -6.721951812505722046e-02 -2.541673779487609863e-01 -1.161110252141952515e-01 -2.751991748809814453e-01 -2.513879239559173584e-01
-2.584416270256042480e-01 -2.319615185260772705e-01 -2.371401339769363403e-01 -2.447194010019302368e-01 -2.473999410867691040e-01 -2.584539949893951416e-01 -2.351577728986740112e-01 -2.483986020088195801e-01 -2.277579605579376221e-01 -2.381292134523391724e-01
-1.118526533246040344e-01 7.401607464998960495e-03 -1.670319773256778717e-02 -6.726344674825668335e-02 -7.641524821519851685e-02 -1.087685227394104004e-01 -1.277907099574804306e-02 -8.860105276107788086e-02 3.956964612007141113e-02 -1.446959935128688812e-02
5.807140097022056580e-02 -2.166616767644882202e-01 -1.813867688179016113e-01 -8.095099776983261108e-02 -4.171279445290565491e-02 5.292132496833801270e-02 -1.831374317407608032e-01 1.157711376436054707e-03 -2.666520774364471436e-01 -1.864846348762512207e-01
-2.607179582118988037e-01 -2.347662299871444702e-01 -2.374016046524047852e-01 -2.470697164535522461e-01 -2.482152581214904785e-01 -2.608374953269958496e-01 -2.351778894662857056e-01 -2.516839504241943359e-01 -2.285277694463729858e-01 -2.406056970357894897e-01
8.516803383827209473e-02 -5.006229132413864136e-02 -2.698385529220104218e-02 2.159387245774269104e-02 3.737908974289894104e-02 8.490759134292602539e-02 -2.881568856537342072e-02 6.456246972084045410e-02 -8.195519447326660156e-02 -3.297506272792816162e-02
-2.619591057300567627e-01 -2.339629530906677246e-01 -2.384546101093292236e-01 -2.467812299728393555e-01 -2.484433352947235107e-01 -2.629567384719848633e-01 -2.351829707622528076e-01 -2.514377236366271973e-01 -2.288063019514083862e-01 -2.401212751865386963e-01
-1.001886501908302307e-01 -2.515765726566314697e-01 -2.444088757038116455e-01 -2.153766900300979614e-01 -1.862645894289016724e-01 -1.081181243062019348e-01 -2.442664951086044312e-01 -1.498686820268630981e-01 -2.575549483299255371e-01 -2.468780875205993652e-01
1.384249031543731689e-01 -8.660661429166793823e-02 -5.779556185007095337e-02 2.736714296042919159e-02 5.569270998239517212e-02 1.362563669681549072e-01 -5.389979109168052673e-02 9.490124136209487915e-02 -1.367717832326889038e-01 -5.729123577475547791e-02
1.240648180246353149e-01 -5.006022006273269653e-02 -3.654494509100914001e-02 2.180027775466442108e-02 4.552503675222396851e-02 1.168777272105216980e-01 -3.484703972935676575e-02 8.129970729351043701e-02 -7.555115967988967896e-02 -3.328507766127586365e-02
-8.296396583318710327e-02 -4.954106174409389496e-03 -1.142118405550718307e-02 -3.597564622759819031e-02 -4.948105663061141968e-02 -7.740887999534606934e-02 -1.117354910820722580e-02 -5.811666697263717651e-02 -2.793718362227082253e-03 -1.000508572906255722e-02
-2.551233768463134766e-01 -2.334991693496704102e-01 -2.384002357721328735e-01 -2.438448518514633179e-01 -2.475235611200332642e-01 -2.554334104061126709e-01 -2.351614683866500854e-01 -2.478418797254562378e-01 -2.288512438535690308e-01 -2.393080890178680420e-01
1.961552351713180542e-01 7.626329362392425537e-02 8.816096186637878418e-02 1.141950115561485291e-01 1.343888342380523682e-01 1.928552538156509399e-01 8.847303688526153564e-02 1.628983318805694580e-01 6.568902730941772461e-02 8.440262079238891602e-02
-2.138973958790302277e-02 -2.688772678375244141e-01 -2.510101199150085449e-01 -1.716563254594802856e-01 -1.335454136133193970e-01 -2.929027937352657318e-02 -2.530004382133483887e-01 -8.504704385995864868e-02 -2.867852449417114258e-01 -2.509140074253082275e-01
8.737240917980670929e-03 -2.590656578540802002e-01 -2.324821650981903076e-01 -1.379456967115402222e-01 -9.960079193115234375e-02 -1.342119794571772218e-04 -2.349364757537841797e-01 -5.294620245695114136e-02 -2.884380519390106201e-01 -2.355136424303054810e-01
2.789196670055389404e-01 2.306385934352874756e-01 2.347921878099441528e-01 2.326729148626327515e-01 2.442494481801986694e-01 2.750237584114074707e-01 2.302556037902832031e-01 2.620569169521331787e-01 2.347121238708496094e-01 2.300726473331451416e-01
-2.587523162364959717e-01 -2.333864569664001465e-01 -2.368567287921905518e-01 -2.439497709274291992e-01 -2.463552504777908325e-01 -2.603683471679687500e-01 -2.347727864980697632e-01 -2.497189044952392578e-01 -2.282973378896713257e-01 -2.378569245338439941e-01
-2.592130899429321289e-01 -2.316410541534423828e-01 -2.367591410875320435e-01 -2.450622469186782837e-01 -2.458417713642120361e-01 -2.588575482368469238e-01 -2.329401075839996338e-01 -2.491528838872909546e-01 -2.279671430587768555e-01 -2.378141582012176514e-01
-2.543344795703887939e-01 -2.327357083559036255e-01 -2.360316812992095947e-01 -2.439908832311630249e-01 -2.470074445009231567e-01 -2.558775842189788818e-01 -2.339846193790435791e-01 -2.467762827873229980e-01 -2.285523712635040283e-01 -2.367869019508361816e-01
-3.759537264704704285e-02 4.677132144570350647e-02 2.505713514983654022e-02 -1.413538586348295212e-02 -2.481349371373653412e-02 -3.662808611989021301e-02 2.898892387747764587e-02 -2.332007512450218201e-02 7.210299372673034668e-02 3.015588968992233276e-02
-2.593240141868591309e-01 -2.317384183406829834e-01 -2.368792593479156494e-01 -2.449180483818054199e-01 -2.470859289169311523e-01 -2.604551017284393311e-01 -2.349053323268890381e-01 -2.499070465564727783e-01 -2.280202805995941162e-01 -2.370561659336090088e-01
2.032747864723205566e-02 4.070249386131763458e-03 1.213136501610279083e-02 3.006866201758384705e-02 2.893753163516521454e-02 2.714630030095577240e-02 1.937159150838851929e-02 3.422361984848976135e-02 -2.026080340147018433e-02 1.265754643827676773e-02
6.467571109533309937e-02 -1.589581370353698730e-01 -1.286894828081130981e-01 -5.189141258597373962e-02 -2.183579839766025543e-02 5.917881056666374207e-02 -1.286826878786087036e-01 1.869740337133407593e-02 -2.017938494682312012e-01 -1.316868960857391357e-01
-2.593680322170257568e-01 -2.330314069986343384e-01 -2.365648150444030762e-01 -2.458340823650360107e-01 -2.478263974189758301e-01 -2.600032687187194824e-01 -2.334496825933456421e-01 -2.489240616559982300e-01 -2.277899533510208130e-01 -2.387889176607131958e-01
-2.600175440311431885e-01 -2.310668379068374634e-01 -2.357117682695388794e-01 -2.438786327838897705e-01 -2.472708523273468018e-01 -2.586061954498291016e-01 -2.341332137584686279e-01 -2.504229247570037842e-01 -2.268108129501342773e-01 -2.374675869941711426e-01
-2.461373358964920044e-01 -2.334499061107635498e-01 -2.374146282672882080e-01 -2.448695302009582520e-01 -2.439133077859878540e-01 -2.452958971261978149e-01 -2.347510010004043579e-01 -2.408525347709655762e-01 -2.294928282499313354e-01 -2.394909858703613281e-01
-8.180578798055648804e-02 -2.585991919040679932e-01 -2.508093416690826416e-01 -2.085334211587905884e-01 -1.785431653261184692e-01 -9.069736301898956299e-02 -2.531303167343139648e-01 -1.369503885507583618e-01 -2.650816440582275391e-01 -2.529783546924591064e-01
3.241537883877754211e-02 -2.260886430740356445e-01 -1.912386268377304077e-01 -9.615693986415863037e-02 -6.106856465339660645e-02 2.575468644499778748e-02 -1.951587498188018799e-01 -1.999060809612274170e-02 -2.672135531902313232e-01 -1.966591179370880127e-01
-2.524551451206207275e-01 -2.342280894517898560e-01 -2.386453300714492798e-01 -2.436694651842117310e-01 -2.449131309986114502e-01 -2.520476877689361572e-01 -2.350571453571319580e-01 -2.459146380424499512e-01 -2.291907519102096558e-01 -2.376306802034378052e-01
3.321148157119750977e-01 2.537116408348083496e-01 2.592369019985198975e-01 2.657277882099151611e-01 2.815185785293579102e-01 3.293425142765045166e-01 2.589565813541412354e-01 3.077678084373474121e-01 2.554041445255279541e-01 2.581735253334045410e-01
-2.602893672883510590e-02 -2.694528400897979736e-01 -2.525981366634368896e-01 -1.813365966081619263e-01 -1.416054368019104004e-01 -3.414857015013694763e-02 -2.566765546798706055e-01 -9.064967185258865356e-02 -2.867533564567565918e-01 -2.556734979152679443e-01
1.146112009882926941e-01 -3.674981370568275452e-02 -2.462915144860744476e-02 8.732538670301437378e-03 3.523038327693939209e-02 1.060483530163764954e-01 -2.756224386394023895e-02 7.005304843187332153e-02 -4.242814704775810242e-02 -2.769269421696662903e-02
-2.572459578514099121e-01 -2.319549173116683960e-01 -2.360616773366928101e-01 -2.439196854829788208e-01 -2.447668612003326416e-01 -2.573623657226562500e-01 -2.330138534307479858e-01 -2.477789223194122314e-01 -2.260848283767700195e-01 -2.364253997802734375e-01
1.762060672044754028e-01 5.945694446563720703e-02 7.140943408012390137e-02 9.258975088596343994e-02 1.174015924334526062e-01 1.716360002756118774e-01 6.738487631082534790e-02 1.424275934696197510e-01 4.775111004710197449e-02 6.597798317670822144e-02
1.685785800218582153e-01 4.715536162257194519e-02 5.968479812145233154e-02 8.311185240745544434e-02 1.057020798325538635e-01 1.646739393472671509e-01 5.657577142119407654e-02 1.350177973508834839e-01 3.629256784915924072e-02 5.312365666031837463e-02
-2.595362961292266846e-01 -2.318922728300094604e-01 -2.378403395414352417e-01 -2.448570430278778076e-01 -2.464520633220672607e-01 -2.611806690692901611e-01 -2.331854552030563354e-01 -2.508250176906585693e-01 -2.277868837118148804e-01 -2.383928000926971436e-01
-5.959187820553779602e-02 3.941712155938148499e-02 3.519513830542564392e-02 -3.688831580802798271e-03 -1.594105735421180725e-02 -5.296519771218299866e-02 3.411667048931121826e-02 -2.907517924904823303e-02 4.486012086272239685e-02 2.875752747058868408e-02
-2.618910074234008789e-01 -2.343871295452117920e-01 -2.389374971389770508e-01 -2.464901506900787354e-01 -2.479973435401916504e-01 -2.608890235424041748e-01 -2.365588247776031494e-01 -2.517139911651611328e-01 -2.299595624208450317e-01 -2.386416643857955933e-01
-2.601779103279113770e-01 -2.330152690410614014e-01 -2.381074130535125732e-01 -2.461013644933700562e-01 -2.468707114458084106e-01 -2.593538165092468262e-01 -2.361730933189392090e-01 -2.512128949165344238e-01 -2.286861985921859741e-01 -2.389628738164901733e-01
