6.000000000000000000e+00
3.300000000000000000e+01
4.600000000000000000e+01
8.900000000000000000e+01
9.500000000000000000e+01
1.040000000000000000e+02
1.150000000000000000e+02
1.160000000000000000e+02
1.210000000000000000e+02
1.510000000000000000e+02
1.710000000000000000e+02
1.750000000000000000e+02
1.840000000000000000e+02
1.950000000000000000e+02
2.270000000000000000e+02
2.410000000000000000e+02
2.470000000000000000e+02
2.510000000000000000e+02
2.590000000000000000e+02
2.660000000000000000e+02
2.890000000000000000e+02
3.200000000000000000e+02
3.210000000000000000e+02
3.250000000000000000e+02
3.330000000000000000e+02
3.400000000000000000e+02
3.580000000000000000e+02
3.590000000000000000e+02
3.810000000000000000e+02
3.970000000000000000e+02
4.000000000000000000e+02
4.060000000000000000e+02
4.200000000000000000e+02
4.440000000000000000e+02
4.450000000000000000e+02
4.570000000000000000e+02
4.650000000000000000e+02
4.690000000000000000e+02
4.780000000000000000e+02
4.790000000000000000e+02
4.910000000000000000e+02
4.950000000000000000e+02
4.970000000000000000e+02
5.080000000000000000e+02
5.150000000000000000e+02
5.310000000000000000e+02
5.500000000000000000e+02
5.510000000000000000e+02
5.570000000000000000e+02
5.780000000000000000e+02
5.820000000000000000e+02
5.910000000000000000e+02
6.130000000000000000e+02
6.190000000000000000e+02
6.590000000000000000e+02
6.910000000000000000e+02
7.050000000000000000e+02
7.070000000000000000e+02
7.170000000000000000e+02
7.200000000000000000e+02
7.260000000000000000e+02
7.370000000000000000e+02
7.400000000000000000e+02
7.460000000000000000e+02
7.610000000000000000e+02
7.740000000000000000e+02
7.860000000000000000e+02
8.100000000000000000e+02
8.500000000000000000e+02
8.760000000000000000e+02
8.770000000000000000e+02
8.810000000000000000e+02
8.820000000000000000e+02
9.550000000000000000e+02
9.590000000000000000e+02
9.650000000000000000e+02
9.690000000000000000e+02
9.760000000000000000e+02
1.003000000000000000e+03
1.012000000000000000e+03
1.014000000000000000e+03
1.015000000000000000e+03
1.024000000000000000e+03
1.027000000000000000e+03
1.039000000000000000e+03
1.096000000000000000e+03
1.112000000000000000e+03
1.126000000000000000e+03
1.153000000000000000e+03
1.156000000000000000e+03
1.157000000000000000e+03
1.164000000000000000e+03
1.178000000000000000e+03
1.204000000000000000e+03
1.216000000000000000e+03
1.226000000000000000e+03
1.228000000000000000e+03
1.230000000000000000e+03
1.232000000000000000e+03
1.242000000000000000e+03
1.243000000000000000e+03
1.247000000000000000e+03
1.256000000000000000e+03
1.260000000000000000e+03
1.263000000000000000e+03
1.264000000000000000e+03
1.279000000000000000e+03
1.289000000000000000e+03
1.299000000000000000e+03
1.316000000000000000e+03
1.318000000000000000e+03
1.319000000000000000e+03
1.326000000000000000e+03
1.328000000000000000e+03
1.331000000000000000e+03
1.339000000000000000e+03
1.351000000000000000e+03
1.352000000000000000e+03
1.357000000000000000e+03
1.378000000000000000e+03
1.403000000000000000e+03
1.414000000000000000e+03
1.425000000000000000e+03
1.440000000000000000e+03
1.444000000000000000e+03
1.464000000000000000e+03
1.465000000000000000e+03
1.492000000000000000e+03
1.494000000000000000e+03
1.522000000000000000e+03
1.549000000000000000e+03
1.552000000000000000e+03
1.559000000000000000e+03
1.569000000000000000e+03
1.609000000000000000e+03
1.617000000000000000e+03
1.621000000000000000e+03
1.673000000000000000e+03
1.691000000000000000e+03
1.701000000000000000e+03
1.709000000000000000e+03
1.717000000000000000e+03
1.729000000000000000e+03
1.732000000000000000e+03
1.735000000000000000e+03
1.737000000000000000e+03
1.751000000000000000e+03
1.760000000000000000e+03
1.773000000000000000e+03
1.782000000000000000e+03
1.790000000000000000e+03
1.800000000000000000e+03
1.834000000000000000e+03
1.838000000000000000e+03
1.839000000000000000e+03
1.849000000000000000e+03
1.862000000000000000e+03
1.865000000000000000e+03
1.868000000000000000e+03
1.878000000000000000e+03
1.879000000000000000e+03
1.880000000000000000e+03
1.901000000000000000e+03
1.903000000000000000e+03
1.910000000000000000e+03
1.924000000000000000e+03
1.938000000000000000e+03
1.941000000000000000e+03
1.954000000000000000e+03
1.956000000000000000e+03
1.963000000000000000e+03
1.988000000000000000e+03
1.989000000000000000e+03
1.999000000000000000e+03
2.017000000000000000e+03
2.043000000000000000e+03
2.048000000000000000e+03
2.053000000000000000e+03
2.070000000000000000e+03
2.074000000000000000e+03
2.084000000000000000e+03
2.093000000000000000e+03
2.104000000000000000e+03
2.109000000000000000e+03
2.125000000000000000e+03
2.129000000000000000e+03
2.130000000000000000e+03
2.135000000000000000e+03
2.136000000000000000e+03
2.148000000000000000e+03
2.161000000000000000e+03
2.162000000000000000e+03
2.166000000000000000e+03
2.182000000000000000e+03
2.185000000000000000e+03
2.186000000000000000e+03
2.189000000000000000e+03
2.224000000000000000e+03
2.258000000000000000e+03
2.266000000000000000e+03
2.279000000000000000e+03
2.280000000000000000e+03
2.282000000000000000e+03
2.293000000000000000e+03
2.299000000000000000e+03
2.320000000000000000e+03
2.338000000000000000e+03
2.343000000000000000e+03
2.355000000000000000e+03
2.357000000000000000e+03
2.369000000000000000e+03
2.372000000000000000e+03
2.380000000000000000e+03
2.387000000000000000e+03
2.394000000000000000e+03
2.398000000000000000e+03
2.400000000000000000e+03
2.406000000000000000e+03
2.454000000000000000e+03
2.462000000000000000e+03
2.488000000000000000e+03
2.526000000000000000e+03
2.573000000000000000e+03
2.582000000000000000e+03
2.598000000000000000e+03
2.599000000000000000e+03
2.629000000000000000e+03
2.630000000000000000e+03
2.648000000000000000e+03
2.668000000000000000e+03
2.670000000000000000e+03
2.689000000000000000e+03
2.705000000000000000e+03
2.750000000000000000e+03
2.758000000000000000e+03
2.760000000000000000e+03
2.769000000000000000e+03
2.770000000000000000e+03
2.771000000000000000e+03
2.780000000000000000e+03
2.810000000000000000e+03
2.814000000000000000e+03
2.823000000000000000e+03
2.836000000000000000e+03
2.843000000000000000e+03
2.847000000000000000e+03
2.850000000000000000e+03
2.863000000000000000e+03
2.877000000000000000e+03
2.896000000000000000e+03
2.921000000000000000e+03
2.927000000000000000e+03
2.930000000000000000e+03
2.939000000000000000e+03
2.950000000000000000e+03
2.952000000000000000e+03
2.975000000000000000e+03
2.979000000000000000e+03
2.990000000000000000e+03
3.005000000000000000e+03
3.021000000000000000e+03
3.023000000000000000e+03
3.054000000000000000e+03
3.060000000000000000e+03
3.062000000000000000e+03
3.073000000000000000e+03
3.084000000000000000e+03
3.085000000000000000e+03
3.092000000000000000e+03
3.100000000000000000e+03
3.117000000000000000e+03
3.120000000000000000e+03
3.136000000000000000e+03
3.151000000000000000e+03
3.171000000000000000e+03
3.172000000000000000e+03
3.225000000000000000e+03
3.240000000000000000e+03
3.282000000000000000e+03
3.288000000000000000e+03
3.289000000000000000e+03
3.323000000000000000e+03
3.330000000000000000e+03
3.333000000000000000e+03
3.361000000000000000e+03
3.364000000000000000e+03
3.367000000000000000e+03
3.373000000000000000e+03
3.405000000000000000e+03
3.422000000000000000e+03
3.429000000000000000e+03
3.457000000000000000e+03
3.503000000000000000e+03
3.520000000000000000e+03
3.533000000000000000e+03
3.534000000000000000e+03
3.549000000000000000e+03
3.550000000000000000e+03
3.558000000000000000e+03
3.559000000000000000e+03
3.561000000000000000e+03
3.565000000000000000e+03
3.577000000000000000e+03
3.586000000000000000e+03
3.597000000000000000e+03
3.604000000000000000e+03
3.605000000000000000e+03
3.606000000000000000e+03
3.654000000000000000e+03
3.662000000000000000e+03
3.678000000000000000e+03
3.686000000000000000e+03
3.702000000000000000e+03
3.705000000000000000e+03
3.718000000000000000e+03
3.726000000000000000e+03
3.727000000000000000e+03
3.728000000000000000e+03
3.730000000000000000e+03
3.742000000000000000e+03
3.751000000000000000e+03
3.756000000000000000e+03
3.757000000000000000e+03
3.766000000000000000e+03
3.776000000000000000e+03
3.808000000000000000e+03
3.811000000000000000e+03
3.815000000000000000e+03
3.817000000000000000e+03
3.893000000000000000e+03
3.906000000000000000e+03
3.918000000000000000e+03
3.925000000000000000e+03
3.926000000000000000e+03
3.929000000000000000e+03
3.941000000000000000e+03
3.951000000000000000e+03
3.967000000000000000e+03
3.968000000000000000e+03
4.007000000000000000e+03
4.013000000000000000e+03
4.018000000000000000e+03
4.056000000000000000e+03
4.059000000000000000e+03
4.068000000000000000e+03
4.075000000000000000e+03
4.076000000000000000e+03
4.078000000000000000e+03
4.089000000000000000e+03
4.102000000000000000e+03
4.140000000000000000e+03
4.154000000000000000e+03
4.163000000000000000e+03
4.168000000000000000e+03
4.170000000000000000e+03
4.171000000000000000e+03
4.205000000000000000e+03
4.212000000000000000e+03
4.224000000000000000e+03
4.261000000000000000e+03
4.262000000000000000e+03
4.268000000000000000e+03
4.269000000000000000e+03
4.271000000000000000e+03
4.289000000000000000e+03
4.291000000000000000e+03
4.299000000000000000e+03
4.300000000000000000e+03
4.306000000000000000e+03
4.313000000000000000e+03
4.315000000000000000e+03
4.321000000000000000e+03
4.330000000000000000e+03
4.349000000000000000e+03
4.359000000000000000e+03
4.360000000000000000e+03
4.369000000000000000e+03
4.393000000000000000e+03
4.435000000000000000e+03
4.438000000000000000e+03
4.443000000000000000e+03
4.450000000000000000e+03
4.451000000000000000e+03
4.497000000000000000e+03
4.500000000000000000e+03
4.505000000000000000e+03
4.507000000000000000e+03
4.509000000000000000e+03
4.536000000000000000e+03
4.547000000000000000e+03
4.548000000000000000e+03
4.567000000000000000e+03
4.568000000000000000e+03
4.575000000000000000e+03
4.606000000000000000e+03
4.609000000000000000e+03
4.657000000000000000e+03
4.690000000000000000e+03
4.691000000000000000e+03
4.731000000000000000e+03
4.740000000000000000e+03
4.743000000000000000e+03
4.771000000000000000e+03
4.785000000000000000e+03
4.798000000000000000e+03
4.807000000000000000e+03
4.826000000000000000e+03
4.828000000000000000e+03
4.842000000000000000e+03
4.859000000000000000e+03
4.874000000000000000e+03
4.876000000000000000e+03
4.879000000000000000e+03
4.888000000000000000e+03
4.943000000000000000e+03
4.974000000000000000e+03
4.990000000000000000e+03
5.054000000000000000e+03
5.068000000000000000e+03
5.089000000000000000e+03
5.159000000000000000e+03
5.165000000000000000e+03
5.194000000000000000e+03
5.201000000000000000e+03
5.210000000000000000e+03
5.221000000000000000e+03
5.228000000000000000e+03
5.246000000000000000e+03
5.260000000000000000e+03
5.261000000000000000e+03
5.297000000000000000e+03
5.331000000000000000e+03
5.457000000000000000e+03
5.564000000000000000e+03
5.594000000000000000e+03
5.597000000000000000e+03
5.623000000000000000e+03
5.634000000000000000e+03
5.642000000000000000e+03
5.655000000000000000e+03
5.676000000000000000e+03
5.688000000000000000e+03
5.714000000000000000e+03
5.726000000000000000e+03
5.734000000000000000e+03
5.735000000000000000e+03
5.752000000000000000e+03
5.802000000000000000e+03
5.821000000000000000e+03
5.835000000000000000e+03
5.841000000000000000e+03
5.843000000000000000e+03
5.887000000000000000e+03
5.888000000000000000e+03
5.891000000000000000e+03
5.902000000000000000e+03
5.926000000000000000e+03
5.936000000000000000e+03
5.947000000000000000e+03
5.955000000000000000e+03
5.957000000000000000e+03
5.962000000000000000e+03
5.964000000000000000e+03
5.972000000000000000e+03
5.973000000000000000e+03
5.981000000000000000e+03
5.985000000000000000e+03
5.997000000000000000e+03
6.019000000000000000e+03
6.023000000000000000e+03
6.035000000000000000e+03
6.042000000000000000e+03
6.063000000000000000e+03
6.070000000000000000e+03
6.081000000000000000e+03
6.085000000000000000e+03
6.091000000000000000e+03
6.093000000000000000e+03
6.101000000000000000e+03
6.110000000000000000e+03
6.135000000000000000e+03
6.145000000000000000e+03
6.161000000000000000e+03
6.165000000000000000e+03
6.166000000000000000e+03
6.173000000000000000e+03
6.174000000000000000e+03
6.178000000000000000e+03
6.253000000000000000e+03
6.291000000000000000e+03
6.391000000000000000e+03
6.421000000000000000e+03
6.430000000000000000e+03
6.460000000000000000e+03
6.480000000000000000e+03
6.532000000000000000e+03
6.533000000000000000e+03
6.540000000000000000e+03
6.555000000000000000e+03
6.568000000000000000e+03
6.569000000000000000e+03
6.574000000000000000e+03
6.576000000000000000e+03
6.597000000000000000e+03
6.610000000000000000e+03
6.619000000000000000e+03
6.632000000000000000e+03
6.636000000000000000e+03
6.651000000000000000e+03
6.688000000000000000e+03
6.725000000000000000e+03
6.730000000000000000e+03
6.737000000000000000e+03
6.741000000000000000e+03
6.743000000000000000e+03
6.755000000000000000e+03
6.765000000000000000e+03
6.783000000000000000e+03
6.886000000000000000e+03
6.899000000000000000e+03
6.909000000000000000e+03
6.914000000000000000e+03
6.931000000000000000e+03
6.948000000000000000e+03
6.954000000000000000e+03
7.005000000000000000e+03
7.053000000000000000e+03
7.090000000000000000e+03
7.198000000000000000e+03
7.216000000000000000e+03
7.252000000000000000e+03
7.284000000000000000e+03
7.304000000000000000e+03
7.340000000000000000e+03
7.370000000000000000e+03
7.379000000000000000e+03
7.394000000000000000e+03
7.423000000000000000e+03
7.430000000000000000e+03
7.432000000000000000e+03
7.434000000000000000e+03
7.511000000000000000e+03
7.524000000000000000e+03
7.603000000000000000e+03
7.643000000000000000e+03
7.665000000000000000e+03
7.673000000000000000e+03
7.734000000000000000e+03
7.735000000000000000e+03
7.784000000000000000e+03
7.788000000000000000e+03
7.800000000000000000e+03
7.803000000000000000e+03
7.812000000000000000e+03
7.844000000000000000e+03
7.851000000000000000e+03
7.852000000000000000e+03
7.853000000000000000e+03
7.856000000000000000e+03
7.862000000000000000e+03
7.871000000000000000e+03
7.896000000000000000e+03
7.903000000000000000e+03
7.905000000000000000e+03
7.918000000000000000e+03
7.919000000000000000e+03
7.921000000000000000e+03
7.923000000000000000e+03
7.926000000000000000e+03
7.927000000000000000e+03
7.928000000000000000e+03
7.934000000000000000e+03
7.954000000000000000e+03
7.990000000000000000e+03
8.020000000000000000e+03
8.030000000000000000e+03
8.048000000000000000e+03
8.061000000000000000e+03
8.062000000000000000e+03
8.068000000000000000e+03
8.081000000000000000e+03
8.092000000000000000e+03
8.095000000000000000e+03
8.097000000000000000e+03
8.109000000000000000e+03
8.128000000000000000e+03
8.159000000000000000e+03
8.164000000000000000e+03
8.175000000000000000e+03
8.196000000000000000e+03
8.202000000000000000e+03
8.203000000000000000e+03
8.239000000000000000e+03
8.246000000000000000e+03
8.255000000000000000e+03
8.286000000000000000e+03
8.311000000000000000e+03
8.316000000000000000e+03
8.324000000000000000e+03
8.375000000000000000e+03
8.376000000000000000e+03
8.391000000000000000e+03
8.406000000000000000e+03
8.408000000000000000e+03
8.410000000000000000e+03
8.418000000000000000e+03
8.475000000000000000e+03
8.497000000000000000e+03
8.509000000000000000e+03
8.519000000000000000e+03
8.520000000000000000e+03
8.524000000000000000e+03
8.527000000000000000e+03
8.745000000000000000e+03
8.863000000000000000e+03
9.015000000000000000e+03
9.024000000000000000e+03
9.046000000000000000e+03
9.051000000000000000e+03
9.071000000000000000e+03
9.103000000000000000e+03
9.110000000000000000e+03
9.128000000000000000e+03
9.315000000000000000e+03
9.337000000000000000e+03
9.347000000000000000e+03
9.422000000000000000e+03
9.427000000000000000e+03
9.495000000000000000e+03
9.503000000000000000e+03
9.509000000000000000e+03
9.538000000000000000e+03
9.540000000000000000e+03
9.544000000000000000e+03
9.587000000000000000e+03
9.594000000000000000e+03
9.596000000000000000e+03
9.599000000000000000e+03
9.607000000000000000e+03
9.612000000000000000e+03
9.624000000000000000e+03
9.625000000000000000e+03
9.634000000000000000e+03
9.636000000000000000e+03
9.642000000000000000e+03
9.653000000000000000e+03
9.669000000000000000e+03
9.679000000000000000e+03
9.692000000000000000e+03
9.699000000000000000e+03
9.700000000000000000e+03
9.716000000000000000e+03
9.719000000000000000e+03
9.726000000000000000e+03
9.729000000000000000e+03
9.735000000000000000e+03
9.737000000000000000e+03
9.745000000000000000e+03
9.755000000000000000e+03
9.762000000000000000e+03
9.765000000000000000e+03
9.770000000000000000e+03
9.781000000000000000e+03
9.792000000000000000e+03
9.839000000000000000e+03
9.855000000000000000e+03
9.873000000000000000e+03
9.874000000000000000e+03
9.883000000000000000e+03
9.893000000000000000e+03
9.905000000000000000e+03
9.912000000000000000e+03
9.919000000000000000e+03
9.922000000000000000e+03
9.924000000000000000e+03
9.944000000000000000e+03
9.947000000000000000e+03
9.970000000000000000e+03
9.978000000000000000e+03
